  0.00302079946894972  0.01636360746787936  0.03009702840349314  0.04276638698011054
  0.05505258682615079  0.06676918821361190  0.07815191020358324  0.08971631883136506
  0.10155610768109302  0.11343083843789588  0.12513445623296016  0.13686035748625119
  0.14846345009799131  0.15998023131023312  0.17138688263385013  0.18271896655274217
  0.19428781343668697  0.20586298664502889  0.21724419110333096  0.22805540418139172
  0.23885202558217328  0.24959700862801937  0.25956291314281599  0.26878559892862902
  0.27760333820183358  0.28655995801305001  0.29628578979249959  0.30673996043111346
  0.31763719809510160  0.32857515700431567  0.33928014452280830  0.34989211770508050
  0.36072820962905683  0.37194641513499066  0.38318787737527277  0.39430928805506327
  0.40542242121801553  0.41619332777183571  0.42669289850634468  0.43729045570377462
  0.44830575824084201  0.45933489778123809  0.47007463980308839  0.48046333642549210
  0.49041422726930073  0.50046165773846762  0.51071384592416447  0.52103282703266451
  0.53111932662227979  0.54134516942791155  0.55227722265171852  0.56335377803990760
  0.57411191308221909  0.58459554721334117  0.59498938126762646  0.60530783984572378
  0.61608114657658530  0.62747195804254097  0.63918844723400481  0.65064983364683204
  0.66170651702941963  0.67250371991804292  0.68306022905044483  0.69324935684232902
  0.70321196869738822  0.71307932681633490  0.72277078535713635  0.73238777091904794
  0.74206055448232711  0.75216432815532630  0.76243401178937620  0.77267872625628575
  0.78263361428124811  0.79241627022641847  0.80219310602339111  0.81237421296059986
  0.82309668146945969  0.83398228456924917  0.84469012956984091  0.85499313079887995
  0.86508632479387870  0.87531158034574053  0.88594270278645371  0.89664022126885112
  0.90679989511642156  0.91640208290767744  0.92574232355514086  0.93513004492118401
  0.94453813590595836  0.95368694179129865  0.96240365016522911  0.97052495437689879
  0.97812915730865257  0.98531784306747316  0.99264675854870399  1.00000000000000000
  0.00000283776916916  0.00000297949868373  0.00000311059473380  0.00000325004595556
  0.00000340267208665  0.00000357259112085  0.00000375315896879  0.00000394435356057
  0.00000414822097411  0.00000436634473020  0.00000459893001034  0.00000483864273440
  0.00000507991374133  0.00000533586996874  0.00000559620132641  0.00000586393359158
  0.00000615364213252  0.00000646253114749  0.00000676761605587  0.00000711104734392
  0.00000745750947051  0.00000781409147629  0.00000821853820527  0.00000865380071006
  0.00000910471281603  0.00000957859965067  0.00001008067288416  0.00001060536843210
  0.00001114941009140  0.00001172047525697  0.00001231076923809  0.00001296328508850
  0.00001369502573730  0.00001442694163136  0.00001522331439967  0.00001605814676871
  0.00001693535414214  0.00001787913783510  0.00001888907471915  0.00001995030664031
  0.00002105886367939  0.00002222173014817  0.00002346948350282  0.00002484975067677
  0.00002639089325150  0.00002812437590450  0.00003007226542446  0.00003216123149826
  0.00003435769831935  0.00003661858082516  0.00003914374242455  0.00004193323570616
  0.00004510066908805  0.00004845452602402  0.00005207472371410  0.00005604679111911
  0.00006043070975985  0.00006520466847847  0.00007054134741916  0.00007672412970172
  0.00008360487705779  0.00009080086181880  0.00009857977584866  0.00010710894837074
  0.00011747262570818  0.00012963542921214  0.00014248332333435  0.00015596878442120
  0.00017031964517148  0.00018601510030230  0.00020454172549272  0.00022601998626762
  0.00024995062388552  0.00027639605096887  0.00030655434991475  0.00034327030220471
  0.00039385491942984  0.00044271735896258  0.00049110694596756  0.00054249331378890
  0.00060250343680497  0.00067532552184688  0.00075759366785299  0.00086867352158709
  0.00101835791645515  0.00115451489333005  0.00130699317847692  0.00147226483656416
  0.00162986578476238  0.00182271562427289  0.00203182747261164  0.00228454783024752
  0.00261140678038958  0.00318118650551643  0.02232032305276211  1.00000000000000000
  0.00000227206945649  0.00000250365261734  0.00000262039515068  0.00000273209825166
  0.00000286901593474  0.00000300770721058  0.00000314939479944  0.00000332114403747
  0.00000352126617280  0.00000372126810990  0.00000392518706332  0.00000413608731492
  0.00000435725454589  0.00000459044329276  0.00000483109411437  0.00000507867310443
  0.00000533259747159  0.00000559842063074  0.00000587663282827  0.00000618933521002
  0.00000651562543415  0.00000685931563745  0.00000722020488432  0.00000759209973216
  0.00000796938678195  0.00000837873749281  0.00000880688811099  0.00000925015982216
  0.00000972709550168  0.00001022749162452  0.00001073941303381  0.00001128748872128
  0.00001185825490763  0.00001246643368988  0.00001310056736077  0.00001383488782949
  0.00001455677715618  0.00001531388273900  0.00001611828452424  0.00001693248069899
  0.00001792389795146  0.00001896892725760  0.00002004810757914  0.00002119248625386
  0.00002241381178544  0.00002377518487452  0.00002521586172320  0.00002674333678259
  0.00002842451968103  0.00003028621779633  0.00003241581683543  0.00003475589831040
  0.00003726654705682  0.00004000267740321  0.00004294911503728  0.00004615818034275
  0.00004974526644083  0.00005364315186669  0.00005822360523812  0.00006362882743745
  0.00006968262251661  0.00007659118661525  0.00008415902708737  0.00009225070356188
  0.00010104590018176  0.00011094070740862  0.00012181841774834  0.00013414878194170
  0.00014873121062759  0.00016682098622376  0.00018837510264860  0.00021218601621030
  0.00023813215719109  0.00026491169633075  0.00028988444981613  0.00031620503131001
  0.00034461718262967  0.00039105035154841  0.00045365495049398  0.00051550586388273
  0.00057977256500435  0.00065633406908903  0.00076084419685593  0.00086438787048027
  0.00095230128432104  0.00103149998594786  0.00115291649832840  0.00131224040955410
  0.00149132582920613  0.00178845353488109  0.00209097674401428  0.00243922940990465
  0.00289712784817739  0.00422907844565401  0.00651955170368174  1.00000000000000000
 -0.00722278249192220  0.06320901983455925  0.11628673065820619  0.15634181432021960
  0.19055841029987172  0.21810482996123498  0.24263968015017970  0.26604671871040353
  0.28789719640552008  0.30739451935833639  0.32595113267460246  0.34391056650963953
  0.36093276700080706  0.37651849429192097  0.39146622182364449  0.40637629987767543
  0.42097258915155300  0.43546440950263704  0.44895111031998286  0.46197331372146483
  0.47452244809627786  0.48664359750924352  0.49823382927329063  0.50952284262746139
  0.52059749232184427  0.53144642032427347  0.54210049679418459  0.55233664402208760
  0.56220236728884965  0.57149820023873632  0.58084793598846318  0.59005495117634033
  0.59924646137846260  0.60800653458251741  0.61679694628503767  0.62556089492086164
  0.63434176007689069  0.64299821424049630  0.65181198131255935  0.66050006691622964
  0.66883602487902938  0.67668954827606109  0.68450119244071761  0.69234062167622490
  0.70041422809287279  0.70840379809959553  0.71589251148755018  0.72293490852201103
  0.72977081409168110  0.73631005708701125  0.74296087648135833  0.74972407718325795
  0.75635652829109234  0.76280540944130160  0.76919243150188932  0.77551865177611079
  0.78187203863607402  0.78833400211690408  0.79483274292451023  0.80125261387443913
  0.80755908305412061  0.81381828026213954  0.82013023358063053  0.82650040512646583
  0.83274333440582682  0.83902896059541110  0.84539819052692944  0.85181692086408689
  0.85810327951910836  0.86432668929393575  0.87040337446382887  0.87632956574963861
  0.88213879275407969  0.88779031503290773  0.89321921727242115  0.89834398408886162
  0.90340090352716029  0.90847374398362946  0.91387458634257634  0.91929966553482201
  0.92452355908814177  0.92956972714580244  0.93453044013725639  0.93970639038941839
  0.94506042470017115  0.95034159934314544  0.95547029841789377  0.96038797545299703
  0.96526610685786429  0.97039828270396744  0.97575861824625232  0.98125480008020027
  0.98649388474110189  0.99119105880040193  0.99564264376698719  1.00000000000000000
 -0.00247692995516687  0.01051464503935519  0.02121621458740805  0.03179515020879293
  0.04212101017637032  0.05323809773439536  0.06448814500262007  0.07530843324554680
  0.08596723602756903  0.09561885233732972  0.10540793924135634  0.11477415069938804
  0.12514185310191633  0.13420965481442990  0.14332755810219311  0.15269568970970301
  0.16273674944378050  0.17330786315959185  0.18380252228929786  0.19441290418446178
  0.20479743395359815  0.21511841558777234  0.22537413792696068  0.23555827682908936
  0.24590681762143868  0.25666969243184418  0.26778513501113255  0.27883845206140018
  0.28976600656515616  0.30057990921384026  0.31147954322740778  0.32254839990425543
  0.33351620354778350  0.34435699488510685  0.35511841152659185  0.36581142851953075
  0.37653887676591913  0.38763962322483658  0.39872109393781835  0.40928753513901567
  0.41978080826078967  0.43040244340027078  0.44110046853078105  0.45113546405111227
  0.46088296607277207  0.47078426930717743  0.48087409289753946  0.49108457558514557
  0.50112858308039399  0.51129862216244670  0.52191123671963580  0.53290388088576957
  0.54416663400731624  0.55513774494747115  0.56557110676221378  0.57563694992720793
  0.58582722638198081  0.59627925198352116  0.60643965574976211  0.61678984549654603
  0.62733752605759596  0.63824268286184527  0.64894250033778322  0.65933268074603335
  0.66961397451874760  0.68014564026877000  0.69049239963965958  0.70110009260273554
  0.71156325880897831  0.72240527238663821  0.73329342315442470  0.74424433741515938
  0.75502117483934261  0.76579856917093492  0.77666530532121991  0.78757425970239203
  0.79863202722936422  0.81030009664794111  0.82202516199117692  0.83317412549753156
  0.84352002792771386  0.85399821989977376  0.86518003891584805  0.87689182516842479
  0.88815178956057184  0.89921090325692599  0.91015958008372466  0.92077275886199716
  0.93084482599642326  0.94097833389317231  0.95130070213930862  0.96205000982454902
  0.97239582463431173  0.98203679553502188  0.99142627464565036  1.00000000000000000
 -0.00203199609729729  0.00999954842030559  0.02021112503781958  0.02962031344918393
  0.03793135115361141  0.04669104162047952  0.05609570157237898  0.06570210141879049
  0.07512691911365585  0.08496777849891654  0.09568002398583840  0.10659097881743215
  0.11716442034650026  0.12803034620563772  0.13906051689187673  0.14977579813323583
  0.15979097256109506  0.16953931638375971  0.17943615220312717  0.18951145703789848
  0.19988348590845811  0.21072014934729941  0.22179182785100371  0.23247991760948347
  0.24288385142299410  0.25324081849724922  0.26359933916066769  0.27410068682262412
  0.28493696365961668  0.29610613601865937  0.30707591123922928  0.31796368752067772
  0.32860721273655197  0.33949285037908888  0.35044768251707864  0.36160336472628801
  0.37298838096918324  0.38386463256253905  0.39397384051522266  0.40394937494190969
  0.41442322893627692  0.42540427781662188  0.43616363275329312  0.44650832806817886
  0.45708068609729319  0.46750173430732056  0.47771124591331987  0.48777993272869319
  0.49801383027456386  0.50871062580113335  0.51933723058570902  0.53014212423350338
  0.54092309048745779  0.55154996879281426  0.56196208007463833  0.57199813338133831
  0.58199362070084693  0.59181316774580262  0.60145796155738551  0.61189440450617139
  0.62294355570041771  0.63473084998543183  0.64596283927223108  0.65709008348812581
  0.66829158680144274  0.67991789539008096  0.69155446062987391  0.70296600243343121
  0.71379096873173797  0.72459434962386260  0.73525924203050319  0.74576889450530126
  0.75618680742889943  0.76623696181192369  0.77720164571328021  0.78793287122441236
  0.79883857716370821  0.80924665692533115  0.81994209498379778  0.83097267061511704
  0.84180749499131680  0.85269859446064600  0.86336913834408280  0.87403102036080282
  0.88505852985011657  0.89612043982288347  0.90697790069620632  0.91744131285386388
  0.92738783363350086  0.93704275135449577  0.94651429477390436  0.95638729117913190
  0.96743046980531511  0.97829124873286666  0.98918898411422407  1.00000000000000000
 -0.00001331866929260  0.00001270036092603  0.00003871939114467  0.00008279083901260
  0.00017272374631292  0.00026265665361325  0.00035592361526050  0.00045093244109250
  0.00052576228879211  0.00056904546072054  0.00061357815563450  0.00066057987438267
  0.00070698660958496  0.00075264961179766  0.00079805114660874  0.00084318848678477
  0.00088830509652349  0.00093340315171579  0.00097904802185736  0.00102512908755952
  0.00107195265285413  0.00111957180390304  0.00116732923947060  0.00121532629562206
  0.00126413077671817  0.00131516587063146  0.00136429816066643  0.00140878627646070
  0.00145336668533562  0.00150157033977209  0.00154977399420856  0.00159683383100978
  0.00164373309502513  0.00169886248226953  0.00175871014483574  0.00180517856635009
  0.00184980934690482  0.00189393961840014  0.00193761528020505  0.00198164759695384
  0.00202836341310230  0.00207507922925076  0.00212662586578675  0.00218050451055678
  0.00223776017336954  0.00229788864078579  0.00235325053462118  0.00240578972857813
  0.00246279102643426  0.00252548130754817  0.00259247240914947  0.00266472897959354
  0.00274309472038504  0.00282528699559005  0.00291653136219788  0.00299647583928266
  0.00306851051101184  0.00314373941849953  0.00321196405729039  0.00326865459450631
  0.00332656924829386  0.00338699511807006  0.00344844718243769  0.00351145770312905
  0.00359278813699099  0.00369433672505440  0.00380215781819674  0.00392896794189317
  0.00404220475638505  0.00423813707864555  0.00435563041761678  0.00446577894993266
  0.00455620047178392  0.00463262817833933  0.00470905588489475  0.00478737016023836
  0.00490688926349948  0.00506761815219597  0.00515786044670076  0.00524763474282331
  0.00533579519165245  0.00544111015714826  0.00560321747162418  0.00581091059254423
  0.00619810167114339  0.00673757336447973  0.00695319554399486  0.00755344289160721
  0.00790419815935709  0.00966043899257939  0.01285072902481107  0.01833000256163383
  0.01951310216429252  0.02047179575669485  0.06424412523525391  1.00000000000000000
 -0.00163351987225564  0.01024579612401409  0.01924566145546752  0.02869375269791818
  0.03811401430201567  0.04733577075947024  0.05663495737767173  0.06574478147426407
  0.07460227042321001  0.08379128121936781  0.09293973660475231  0.10228498321041747
  0.11128350029348537  0.12047745214559270  0.12997568516971578  0.13989859946648758
  0.15041710470521172  0.16059905359678572  0.17072465335127815  0.18091056291326038
  0.19162109923423737  0.20266031002658214  0.21351692826219373  0.22442413768407549
  0.23511374025423898  0.24574215715930395  0.25627813070268812  0.26639397916783969
  0.27620984396290410  0.28595257627502779  0.29646812474164580  0.30685429072202225
  0.31705921686360006  0.32763080503479480  0.33900624094003362  0.35055144254644516
  0.36163271745049352  0.37267741922151743  0.38399625024146716  0.39517779268630904
  0.40587417647141683  0.41636365580378526  0.42706399227670344  0.43771997041969640
  0.44844963371417990  0.45932728198600670  0.47046181368554663  0.48157390664491956
  0.49242327129971786  0.50331571442434642  0.51411395988229414  0.52521069319536595
  0.53595633573330548  0.54668137184493759  0.55703166891034361  0.56748976105574911
  0.57861711647732950  0.59029272613911610  0.60235222965932134  0.61419776333368015
  0.62575771906615019  0.63705407401085290  0.64832599302911997  0.65979680850704991
  0.67182373180688160  0.68372801054547316  0.69570476435747797  0.70709784237520223
  0.71765796612236366  0.72780768103326776  0.73797323868132869  0.74823403478797257
  0.75858592581875617  0.76919442349232225  0.78026204892610440  0.79152908314597736
  0.80310395881675489  0.81498814345952320  0.82691555813605100  0.83885141279792341
  0.85060853568051420  0.86215514615394784  0.87347045821041114  0.88421394864251002
  0.89433728318170835  0.90407499130260516  0.91354938258343421  0.92303735499210837
  0.93275897355828452  0.94225603127132129  0.95137611272533018  0.96090405971366177
  0.97027033412364405  0.98019508698413971  0.98987562106941984  1.00000000000000000
  0.43053030499883654  0.50600177021712978  0.51386220664854942  0.52378099483032126
  0.53312934572989523  0.54010602265798180  0.54571124949376404  0.55113353664337961
  0.55684098484495270  0.56242545071375427  0.56782415692135968  0.57307910635303383
  0.57827637818262079  0.58320391036715125  0.58784581999839070  0.59241135140409762
  0.59713397181855821  0.60185521558421584  0.60661358558401490  0.61147512465693166
  0.61644800494554441  0.62144921019658339  0.62629926493864030  0.63107317911928718
  0.63573733023725343  0.64038021217784369  0.64496164099039477  0.64963849548992991
  0.65438020805409913  0.65928138526012270  0.66428838293124692  0.66909372666157740
  0.67373614449540808  0.67821565210555323  0.68269501601894256  0.68724853823659660
  0.69177212557727541  0.69624096016014736  0.70070705386891585  0.70509411437197511
  0.70952312360777792  0.71388799628369259  0.71837439697419714  0.72283079240054049
  0.72742662334674490  0.73211365048106414  0.73677677593420654  0.74142615178008675
  0.74601938758471142  0.75058374572533648  0.75517939068156892  0.75984264061868390
  0.76449071278287006  0.76911378027069233  0.77375580066241456  0.77851012689764765
  0.78336103268218149  0.78822257209672697  0.79307837681292270  0.79790523437999394
  0.80275157602164815  0.80761801337806083  0.81250840258428569  0.81743678760363969
  0.82227894850862671  0.82722582099552777  0.83193662040267902  0.83686497187569897
  0.84186645982514696  0.84700064709331357  0.85225740272534989  0.85770609715458579
  0.86316611785657082  0.86857527443472471  0.87392150289112025  0.87926254854451535
  0.88480095952345161  0.89052361947467784  0.89631292407463137  0.90207446853618944
  0.90769591627146107  0.91329343319727085  0.91884137230474972  0.92433089384860878
  0.92945159873770544  0.93419074664495794  0.93865077210818160  0.94326651799824401
  0.94818533075786693  0.95320729608124410  0.95910334967907318  0.96539759912304757
  0.97237652319087753  0.98008501995361874  0.98919655171606247  1.00000000000000000
  0.03415338847671708  0.17755438389207540  0.22280201620098519  0.24840074383602381
  0.26673616636854147  0.28238758024207244  0.29636649018620159  0.30928648742517112
  0.32104997029889365  0.33206127238997335  0.34234130603205215  0.35195854583127772
  0.36129123313574585  0.37069900416627427  0.37972543512179618  0.38798161798987957
  0.39616330154964519  0.40460160074762991  0.41305100632425640  0.42096395961271932
  0.42841371361286001  0.43578419287858833  0.44328558081214653  0.45091823874295683
  0.45838620337032410  0.46554582686026813  0.47261308644019118  0.47966458874236373
  0.48668161674087690  0.49366822772829067  0.50083158729305077  0.50793405978401907
  0.51486649617499691  0.52164107395922032  0.52828569474020926  0.53483591729474755
  0.54110517936416480  0.54700798824094976  0.55276044090525100  0.55851779843189087
  0.56448382335881409  0.57022559985672594  0.57612893904612439  0.58179983155215564
  0.58734163387001592  0.59282585721786418  0.59849595194673277  0.60416946926446580
  0.60963931603111721  0.61499312818818919  0.62031043567455524  0.62563975439524355
  0.63092555851355347  0.63620317575324936  0.64157694045235392  0.64689692600380078
  0.65210295427315079  0.65719493588159628  0.66227079666019495  0.66733885777833257
  0.67239745837083309  0.67722983495820144  0.68195562935524001  0.68665700057255719
  0.69138256859316793  0.69620954298254634  0.70111043938059170  0.70601640978770064
  0.71079924289048024  0.71539954208073520  0.71990500391189116  0.72431718632631181
  0.72880292719061024  0.73334499515284235  0.73780165739314907  0.74230608120348918
  0.74679275403175371  0.75144593778561108  0.75626563958105275  0.76091705832357526
  0.76545554035180097  0.77007484906180179  0.77495352574059173  0.78005029968644124
  0.78509540569562153  0.79014650810448761  0.79574973598467924  0.80149406231144171
  0.80707249643469325  0.81211196501473426  0.81768287246477900  0.82325811705790986
  0.82847252219575163  0.83410112394013525  0.84192126581654669  1.00000000000000000
   3.1901966753714923E-004  -1.0000000000000000     
 F F F F F F F F F F F F F F F F F F F F F F F F F F F F F F F F F F F F F F F F F F F F F F F F F F F F F F F F F F F F F F F F F F F F F F F F F F F F F F F F F F F F F F F F F F F F F F F F F F F F F F F F F F F F F F F F F F F F F F F F F F F F F F F F
  <DiscreteSampler_grid>
  grouped_processes
  1 # 1 for a reference and 2 for a running grid.
  10 # Attribute 'min_bin_probing_points' of the grid.
  1 # Attribute 'grid_mode' of the grid. 1=='default',2=='initialization'
  0.0000000000000000 # Attribute 'small_contrib_threshold' of the grid.
  0.5000000000000000 # Attribute 'damping_power' of the grid.
 # binID   n_entries weight   weight_sqr   abs_weight
    10   10   1.004990261091509E+005   4.362868203898643E+010   1.004990261091509E+005
    11   10   1.004990261091509E+005   4.362868203898643E+010   1.004990261091509E+005
    16   10   1.004990261091509E+005   4.362868203898643E+010   1.004990261091509E+005
    17   10   1.004990261091509E+005   4.362868203898643E+010   1.004990261091509E+005
  </DiscreteSampler_grid>
