  0.00300380574185682  0.01306576071113753  0.02409618954828335  0.03461034332872049
  0.04499808093315798  0.05558853582628881  0.06631879670755339  0.07683059549758119
  0.08669059653861835  0.09638742110464754  0.10633778251503620  0.11701297483163769
  0.12759090719434998  0.13822355666835973  0.14897444677694494  0.15971720115521462
  0.17067113930487007  0.18156739551987572  0.19256308357188334  0.20307569539476292
  0.21359491168873521  0.22410843871592168  0.23465992524387735  0.24526734156936644
  0.25572052902080017  0.26623797781318082  0.27675542739379372  0.28761375642246767
  0.29821356214146727  0.30826596327134720  0.31839340613492373  0.32864829897037945
  0.33874466010907955  0.34878302713653314  0.35910136623757549  0.36981210463134612
  0.38038525459675465  0.39112595208899348  0.40217388907718871  0.41331663202324642
  0.42413188945255015  0.43468710304061969  0.44530912706881298  0.45559849603281127
  0.46573882044497050  0.47601283586144599  0.48636583849925435  0.49698184279312196
  0.50744285146503065  0.51810478859853837  0.52840622587174391  0.53868301299931087
  0.54925604653937166  0.55987758737554760  0.57056000689666631  0.58068050183596864
  0.59113400921001613  0.60141362175998780  0.61173179009778589  0.62223796527714448
  0.63292577721150090  0.64336408444707949  0.65358346305023030  0.66389011633326944
  0.67434970327423815  0.68502375158725026  0.69571241127783456  0.70695187096945422
  0.71809548032277615  0.72905619859665349  0.73971182256038692  0.75042900222064601
  0.76135156445122765  0.77215728006997875  0.78277428905408775  0.79307248480785708
  0.80327396629828118  0.81338665920333897  0.82365220549839446  0.83418481534720101
  0.84471297283803226  0.85512155038931370  0.86517540034251539  0.87537186930981969
  0.88520545481089707  0.89505208470531650  0.90504942488460149  0.91541073823750996
  0.92606641911021514  0.93669877015664116  0.94727421985567295  0.95805246098593222
  0.96850692786350867  0.97845051874845257  0.98901987346694953  1.00000000000000000
  0.00004651821118644  0.00007130679630603  0.00008753595274899  0.00010099850729387
  0.00011374327323356  0.00012632305295233  0.00013905574203240  0.00015214049703493
  0.00016582036471329  0.00017989517107114  0.00019414186393973  0.00020869258139696
  0.00022362393510047  0.00023904337466746  0.00025487607579725  0.00027143901363679
  0.00028856448962360  0.00030625547377482  0.00032447007653837  0.00034362120160834
  0.00036368669665816  0.00038497006945550  0.00040719163768444  0.00043057830333737
  0.00045523039437395  0.00048138476203199  0.00050860123228427  0.00053674887118632
  0.00056568394574174  0.00059519483555275  0.00062624043412062  0.00065917532455244
  0.00069407543780752  0.00073020111651229  0.00076824916536610  0.00080763152362700
  0.00084836365821155  0.00088978600443554  0.00093307062683274  0.00097845467934946
  0.00102554600984241  0.00107405408282815  0.00112451314262462  0.00117813138816291
  0.00123517413075448  0.00129206352477240  0.00134912524060645  0.00140948341427212
  0.00147132403186458  0.00153522576544153  0.00159908246301561  0.00166406653318877
  0.00173103135531801  0.00180289409012499  0.00187826648701949  0.00195703835813789
  0.00203599622010253  0.00212022635616971  0.00220140374910154  0.00228749840577624
  0.00237902033688265  0.00247926941323222  0.00259347034211257  0.00272176997907369
  0.00285225507665218  0.00298447203939362  0.00312419909967975  0.00327432446108899
  0.00342889658864600  0.00358437120502434  0.00371522712047423  0.00387788603944235
  0.00404089912191396  0.00421180226594294  0.00440294335117095  0.00461527975059611
  0.00485379130575170  0.00513334729577820  0.00541501587059467  0.00567521680702131
  0.00594337412731687  0.00625146759175098  0.00662666004692640  0.00703041297441219
  0.00754920032883039  0.00820085592314989  0.00884882495537877  0.00940514249285266
  0.01001550951656422  0.01040910917969904  0.01065714194781593  0.01129205631475622
  0.01470209104175644  0.01811212576875666  0.02269979874570311  1.00000000000000000
 -0.00142104325384676  0.03494440664709548  0.05586318691210958  0.07082913472106105
  0.08373401819777432  0.09551107505014951  0.10669732474438039  0.11769442267802523
  0.12891905811521320  0.14011043160533329  0.15095464050038795  0.16143991531371971
  0.17195605550151671  0.18273881434584041  0.19345480715455751  0.20403371732656336
  0.21440902715747412  0.22456739548810420  0.23466983836092364  0.24476476871427713
  0.25473169392842987  0.26466906815809527  0.27473121864139710  0.28513517490274642
  0.29531988089057748  0.30518165195289820  0.31484216053969516  0.32475727032351220
  0.33505690062978938  0.34557958394972504  0.35598569498153576  0.36607680824177707
  0.37609833961961053  0.38611584441404134  0.39614949751023582  0.40619779735434525
  0.41627938309871065  0.42656332063850888  0.43695117832504876  0.44745002954159419
  0.45799021744272805  0.46856391378809237  0.47907964278082693  0.48945916691176450
  0.49968574878173105  0.50976359562179541  0.51975344501106979  0.52955532278701523
  0.53927631847001234  0.54900438088446168  0.55866484872960132  0.56824801938017211
  0.57778496946927893  0.58749461070342623  0.59738958985389590  0.60709921009878798
  0.61651222542627759  0.62593880540610791  0.63577445360562268  0.64603025307239603
  0.65621492604088139  0.66617541305016226  0.67607034253337006  0.68595119981757469
  0.69579953446890297  0.70567446075943807  0.71545451339623245  0.72510776638796726
  0.73480444969234726  0.74468040284808523  0.75484868487140455  0.76515417772395211
  0.77539486850905448  0.78559808478397442  0.79561020010338224  0.80555039086996949
  0.81509245993633217  0.82454911517433827  0.83414195994068774  0.84414271804830865
  0.85431247316008796  0.86444636670300035  0.87448588854351339  0.88369594530599294
  0.89291735419627138  0.90215867619696444  0.91130170769461549  0.92081237354100676
  0.92971627133738322  0.93872408697819565  0.94811145723589851  0.95779317154629562
  0.96743973062470245  0.97654129155984115  0.98594726031819857  1.00000000000000000
  0.00000403996865491  0.00000529404715559  0.00000650373074118  0.00000779294023532
  0.00000913612882773  0.00001045773740929  0.00001175071930754  0.00001303414626379
  0.00001432690697718  0.00001565147404525  0.00001698073932848  0.00001836418629551
  0.00001978832383878  0.00002130643684811  0.00002291387876551  0.00002470006079135
  0.00002656021285756  0.00002855777004201  0.00003067682718490  0.00003294723054031
  0.00003537031760645  0.00003804705633289  0.00004092857080287  0.00004402800981774
  0.00004743352574125  0.00005117468107394  0.00005534750664163  0.00006010124104070
  0.00006552096817730  0.00007153070720519  0.00007811328596941  0.00008530070713611
  0.00009313125583642  0.00010166676524012  0.00011067909469166  0.00012004780140879
  0.00012966862891857  0.00013969712777051  0.00015016854520385  0.00016111460285209
  0.00017284781732335  0.00018534142810126  0.00019865942018812  0.00021260213770462
  0.00022735516406129  0.00024271595414294  0.00025848347453568  0.00027467998903329
  0.00029172392205150  0.00030990804887970  0.00032890127486423  0.00034864334174037
  0.00036918353024948  0.00039098396696389  0.00041459915909880  0.00044022207202692
  0.00046841759472354  0.00049769840820024  0.00052967346133013  0.00056344132314065
  0.00060044078205937  0.00063794853033176  0.00067696360919550  0.00071837789145395
  0.00076458951814407  0.00081434281884228  0.00086965525652003  0.00092951739772878
  0.00099887911634316  0.00107604041675077  0.00115904052117534  0.00124671983955676
  0.00133484464904808  0.00142977826483087  0.00154011438953893  0.00166279274320772
  0.00178439549482125  0.00189807653652441  0.00202221147339137  0.00216148625478260
  0.00229835070551111  0.00244095079369219  0.00261048299074226  0.00283071191776350
  0.00308910892048809  0.00336932602768786  0.00368471087753570  0.00404230516137554
  0.00437804139125247  0.00473415060275105  0.00518014495944989  0.00595341027475097
  0.00719696030349859  0.00826844697315866  0.03428822190126440  1.00000000000000000
 -0.00305771579941305  0.01351090989150933  0.02776798396719224  0.04293604929232828
  0.05731698915994082  0.07082389098276685  0.08365996710839663  0.09595604147899742
  0.10802219619006916  0.12013352372072537  0.13231650836708059  0.14447085409140445
  0.15651639631751074  0.16825399277662498  0.17978389648424714  0.19113288091666358
  0.20233405321552178  0.21357931492432350  0.22490923550482278  0.23568711108640208
  0.24634409068669361  0.25682446532212549  0.26716012633472436  0.27736982094334117
  0.28751592663582354  0.29783083154136070  0.30822603189022835  0.31828945145330001
  0.32808884621880180  0.33750484603482916  0.34672803843141503  0.35580310694045042
  0.36486870417348904  0.37405172171817569  0.38326192929004121  0.39233476142402673
  0.40154325555335568  0.41102809270205182  0.42067631318599780  0.43033066388269037
  0.43967314500165711  0.44860772742554145  0.45731449013111097  0.46585920862483415
  0.47423473039947073  0.48256121549924569  0.49101523784407786  0.49974591806697061
  0.50900512092694417  0.51841479293116832  0.52761853036210327  0.53676380919982103
  0.54579541880415394  0.55484805229120226  0.56404187951624463  0.57326628557758508
  0.58198977183053413  0.59065736907442412  0.59915168296642940  0.60778815310353596
  0.61670725385300929  0.62582038072253776  0.63508607416545149  0.64424471338092137
  0.65309255425516655  0.66178170821861526  0.67060529347904163  0.67995756106343919
  0.68965108793274388  0.69923650241195412  0.70867330499903691  0.71807250812020018
  0.72767629603435091  0.73767686689113987  0.74798384339485846  0.75830660668637861
  0.76851448660761101  0.77894907631682608  0.78969530099861507  0.80058196991437580
  0.81136763994506289  0.82232523998557117  0.83344708125369538  0.84452451368218762
  0.85584671073127616  0.86773927447909505  0.87991647506444082  0.89213667380360440
  0.90454037209507365  0.91720405601798216  0.92997578304682371  0.94314309321694478
  0.95682000522383392  0.97071041360176824  0.98518177610173086  1.00000000000000000
 -0.00277091461440180  0.01028468949421311  0.02071574846895651  0.03131886668248542
  0.04168344872175527  0.05198486825274860  0.06254148233857003  0.07354511750453835
  0.08463128105945972  0.09525912394649121  0.10555298743709732  0.11587522554178670
  0.12578648951689922  0.13580691446295085  0.14590498593637047  0.15641192867186804
  0.16688878320550374  0.17722448366749838  0.18743703311684651  0.19751687033413584
  0.20757303049228476  0.21788231129920618  0.22840929070589508  0.23874310653342296
  0.24896570342223642  0.25930655889049903  0.26982275750121848  0.28038750380281136
  0.29104086654063249  0.30213837757093698  0.31275149733513574  0.32297814498440502
  0.33315837320143205  0.34392775853162760  0.35418019204230045  0.36412845672558836
  0.37362852865061108  0.38444257964107131  0.39505909764217817  0.40609594179913161
  0.41665721240999914  0.42705937812164768  0.43737310482946018  0.44732588914480009
  0.45767849861029036  0.46795610408969085  0.47881840114396274  0.48964050182990693
  0.50051529878928425  0.51133314723000023  0.52225294379340548  0.53299183368784775
  0.54353552550745488  0.55386441808682929  0.56428104596386564  0.57498996415805370
  0.58578017793454795  0.59635934684591430  0.60687352672256678  0.61766561337813253
  0.62844613296760798  0.63887349225605106  0.64931237780673634  0.66026451118857865
  0.67127840258080085  0.68185447803238486  0.69225418126598504  0.70294334540246783
  0.71347991555049695  0.72425379789922573  0.73488854046969765  0.74565393570231786
  0.75620875139675270  0.76669210965751722  0.77730354745971331  0.78801932075163172
  0.79868268260801778  0.80908679039720288  0.81948966633469189  0.82992364898512982
  0.84047910654009783  0.85113773271588733  0.86192090560596102  0.87266685665438670
  0.88328994709058684  0.89395744648741526  0.90511074419871373  0.91638688165325444
  0.92737795725593108  0.93808652929304626  0.94822082553672793  0.95857057255918543
  0.96877855271447033  0.97924226208430243  0.98962427348004212  1.00000000000000000
 -0.00607196997317918  0.02964753048973154  0.05770402239913536  0.08257641617748231
  0.10564983421126976  0.12777081065247006  0.14876383503706359  0.16867693822533966
  0.18798107375902834  0.20650790970081848  0.22505242959721805  0.24326655702842909
  0.26107565736284549  0.27855251476597476  0.29551187223537706  0.31205671644175087
  0.32827071312039952  0.34405359021628840  0.35958535134322039  0.37475011312065082
  0.38945007553367095  0.40358454577593778  0.41740623407090094  0.43137270707968201
  0.44522385897567462  0.45914291060186274  0.47282311493542950  0.48622216311471883
  0.49897994239809851  0.51130354091756836  0.52337039710655964  0.53558753544786930
  0.54771757860705328  0.55968121299440610  0.57152506094368749  0.58311470780161756
  0.59436060054357953  0.60528803616569715  0.61608339713591664  0.62675672325076992
  0.63730816764596887  0.64783386368820028  0.65856696906169077  0.66920773094756014
  0.67946020251854933  0.68954530883688570  0.69950821760154958  0.70923971827319676
  0.71844664049935159  0.72727884234929763  0.73593461777086266  0.74434987117009732
  0.75273540549965023  0.76109322009025249  0.76944329596090699  0.77767298024189935
  0.78580768470060347  0.79394171053989648  0.80213142932907477  0.81011665552780454
  0.81774839038042357  0.82520166255918603  0.83269282409922185  0.84021906042757832
  0.84755579820955262  0.85459014610571860  0.86138313952845458  0.86798001266016211
  0.87437511566438819  0.88057838029091817  0.88660893546707575  0.89254245175200542
  0.89844628709679075  0.90427840849621755  0.91002210039935338  0.91560985461879962
  0.92094519197373348  0.92634011108704140  0.93145548762561958  0.93636384794782634
  0.94083687013586603  0.94513372590033151  0.94942804783368584  0.95380582085636123
  0.95824826329702772  0.96263747490550977  0.96693558789660083  0.97106239022919993
  0.97505556433732921  0.97892842278474035  0.98262803354483963  0.98629455141556899
  0.98975257131645067  0.99323077683519012  0.99666467136298220  1.00000000000000000
 -0.00235331031796059  0.00957382823533221  0.01890652196263771  0.02941316885491630
  0.03968414739198423  0.05068609933510643  0.06147242851526543  0.07259080473206742
  0.08407761367711078  0.09501796311631172  0.10586102706083082  0.11686804037737136
  0.12832071581679186  0.13980393315941816  0.15111655215477249  0.16211975909172335
  0.17278245657392069  0.18329367337622540  0.19421797610505970  0.20520301292324941
  0.21605855929860268  0.22685013719526953  0.23781748736318142  0.24856401934910088
  0.25918106037827116  0.26962267881513330  0.28029367803506089  0.29093231470785080
  0.30139319607310716  0.31177523769433158  0.32262683219586541  0.33373982810373792
  0.34459855822097557  0.35505870174293691  0.36533856830450329  0.37579621011452408
  0.38584278837417496  0.39603769317251625  0.40584905797391219  0.41564663945972041
  0.42566349847616719  0.43599589927221194  0.44651652288582266  0.45700346241425394
  0.46749645572627374  0.47800179073820553  0.48829135045425520  0.49807517461459244
  0.50771466072365212  0.51766103862905299  0.52839960186768342  0.53960350600954854
  0.55058042394055073  0.56122998907913679  0.57148019244444614  0.58161273543420933
  0.59160325360731181  0.60191201599749511  0.61222496843431873  0.62276285985389102
  0.63305560669975680  0.64390105554915478  0.65439986718880250  0.66534651238385611
  0.67538296608126813  0.68579547811119401  0.69594373443412250  0.70634122829814594
  0.71683009136657105  0.72742463285988823  0.73818055612836786  0.74927839673750507
  0.76003477843928169  0.77076019159658493  0.78111213641845401  0.79172511205491092
  0.80204008210981936  0.81280309632326031  0.82340291211615890  0.83397472927966387
  0.84427536714431239  0.85467710354822790  0.86524632359008136  0.87571370845372642
  0.88604971650862574  0.89607527212880578  0.90634482788580040  0.91670120457149695
  0.92716503549740192  0.93786675235973327  0.94821414524873804  0.95870304184385158
  0.96871139960316033  0.97866756384021503  0.98895923189486956  1.00000000000000000
 -0.00257890149960178  0.01022902269176272  0.02119663810031595  0.03239260417241429
  0.04359210491749889  0.05488550440961734  0.06616885693031890  0.07690827343221576
  0.08745999176592358  0.09827953859589550  0.10913519813241136  0.12030967053120652
  0.13189602614392418  0.14356129440079016  0.15471831345435250  0.16564231431247153
  0.17634404850916277  0.18717825213886852  0.19798656631802408  0.20831222177542585
  0.21817082732924631  0.22786651226658466  0.23787929124475951  0.24811694587222335
  0.25831834880581045  0.26849477734971999  0.27845511189932071  0.28840583382193213
  0.29818847299805318  0.30771523304987580  0.31734405147655126  0.32723747198049880
  0.33729579694879397  0.34731465897800601  0.35718488344499910  0.36703571045217848
  0.37705188353087266  0.38708386169435255  0.39725991624420592  0.40730478486851968
  0.41725603214274870  0.42709498804811685  0.43678551981125835  0.44640545978483787
  0.45602274637969531  0.46570669778677870  0.47539539204081943  0.48510322378651693
  0.49481781864617530  0.50466318174387170  0.51472879481439560  0.52484913555940671
  0.53498583942693323  0.54503166037656126  0.55487227774758230  0.56450045339826527
  0.57397814344827736  0.58360314981643513  0.59347183249964119  0.60360499215480790
  0.61383210293218227  0.62411191045869763  0.63425657843251237  0.64449286823034302
  0.65469570210022621  0.66469986510727797  0.67446447116095931  0.68410262188806847
  0.69386438176826037  0.70382559151840840  0.71424152825635590  0.72489073853965780
  0.73562269320050677  0.74656028308303068  0.75764887456418117  0.76860395855338437
  0.77943940287443791  0.79017099809683555  0.80078947104901022  0.81155308926112624
  0.82248751512713059  0.83372916265512498  0.84492526184666561  0.85640522798259666
  0.86834344119344320  0.88049177250098398  0.89262959380474127  0.90475069278105735
  0.91701873036158488  0.92933727470813143  0.94136026583354282  0.95279302470008798
  0.96416411980204975  0.97552587690330961  0.98718534086473630  1.00000000000000000
 -0.00205457684643301  0.00832861860308806  0.01767057569837350  0.02769776781449911
  0.03853686310014391  0.04953942511128093  0.06019129902082769  0.07089053701902705
  0.08152577809791192  0.09183789664933872  0.10220684533788844  0.11242995651908307
  0.12316931977761984  0.13375200609843146  0.14454492973353983  0.15528747731964976
  0.16631439763896641  0.17725435525167202  0.18806670929884095  0.19833601272030782
  0.20852217812821963  0.21866793285733888  0.22868106862107490  0.23896644042013807
  0.24927501383521261  0.25980132464478278  0.27026812454891502  0.28059666291790969
  0.29098962350119006  0.30149290431996095  0.31219323548135669  0.32303209919248538
  0.33391799764930119  0.34468393796544133  0.35537653005905379  0.36627954973258325
  0.37691915302714946  0.38724839815549628  0.39781426254738839  0.40873105675716559
  0.41966974614709368  0.43026946573522779  0.44086035681039604  0.45158336529192167
  0.46245987082518958  0.47316432221424015  0.48354343768664299  0.49401772091047158
  0.50467639486557059  0.51541613268919451  0.52595281433817753  0.53655408879132394
  0.54733083109292113  0.55800890827147509  0.56861476970355929  0.57914165972063103
  0.58968534225218572  0.60036813517775922  0.61114492697111011  0.62195010055037625
  0.63251354757478317  0.64279113098408069  0.65307944184135391  0.66356346172398240
  0.67425565750421979  0.68507255780326826  0.69591375992152604  0.70679969844065405
  0.71754472213078380  0.72825768187961282  0.73908782213896940  0.75006987697148275
  0.76115052817173134  0.77226530416714134  0.78329162027306487  0.79409946979149404
  0.80470264785860546  0.81520171619882276  0.82520129325280500  0.83481637813157805
  0.84416927708618339  0.85400506108650143  0.86388596104046689  0.87378950144313483
  0.88388731844562041  0.89400860520661296  0.90476336012773417  0.91527576029768876
  0.92573900577705204  0.93612642274967550  0.94671239636223425  0.95733780051768091
  0.96817906041940893  0.97875230369211275  0.98950773779926227  1.00000000000000000
 -0.00263070600592571  0.00996853613045490  0.02054886354238322  0.03178771229597113
  0.04254006605668020  0.05320210101760307  0.06353654883256032  0.07405524891335044
  0.08480694898866650  0.09581256365345447  0.10660510835149341  0.11715116421272601
  0.12785647549246193  0.13867941813476489  0.14950111201424415  0.16029804600912315
  0.17116657623788936  0.18208899985642876  0.19248120486009165  0.20273275043386815
  0.21299229035265366  0.22347534795614532  0.23406844332085808  0.24480283804896444
  0.25548447874790264  0.26598318482069661  0.27659432261858019  0.28725191303451525
  0.29788724241321340  0.30806392670700056  0.31858476600460089  0.32891414576009737
  0.33923803479441272  0.34929852410371981  0.35966432132568205  0.37031038474093930
  0.38092541588433271  0.39129706344191462  0.40154405369537594  0.41216017526955556
  0.42332757518739855  0.43461659228509381  0.44515586939268043  0.45554534928357970
  0.46624607791502809  0.47756996509794514  0.48830113621308208  0.49883970925287391
  0.50902524253654535  0.51941823066756132  0.52974719594252084  0.54089588972583802
  0.55173783552415556  0.56226245555016308  0.57212280230161716  0.58204239440769934
  0.59217372026746096  0.60250340747231834  0.61269668848636960  0.62276024812101116
  0.63283166475109121  0.64296128315343448  0.65310320176008296  0.66358061769979892
  0.67393623760776888  0.68443491984090910  0.69443016415337055  0.70461586661398612
  0.71497479433920319  0.72569782376244008  0.73642480442059333  0.74715894797269577
  0.75784771389880068  0.76854787682641001  0.77921694281553777  0.79018971210461675
  0.80064066229271547  0.81106239606600417  0.82098406462951612  0.83119277381551127
  0.84144238454489673  0.85175139425610247  0.86235694728749157  0.87303343576779102
  0.88417183143586919  0.89472129776599152  0.90536425018707956  0.91602872964757409
  0.92695625241104995  0.93805560393076048  0.94942173022398302  0.96029692144335865
  0.97031972163035840  0.97993894310041563  0.98983140376964551  1.00000000000000000
  0.42828224316538005  0.58818508943319725  0.63433691588225338  0.65509418208864956
  0.67009408060908371  0.68180365863885573  0.69208607331789529  0.70141356313421488
  0.71025447144234310  0.71819293692318720  0.72560114345191362  0.73245845520150776
  0.73893714696216972  0.74530124824429589  0.75145548180314714  0.75721333903187704
  0.76262958564647032  0.76780514937494804  0.77279847668705171  0.77765474870986628
  0.78246670100500959  0.78715279897866963  0.79164268580593178  0.79586817240099805
  0.80003968474298204  0.80417467088270278  0.80837297229367278  0.81257509617909762
  0.81654705200470212  0.82044294622751579  0.82420470237065346  0.82791067409545649
  0.83153964866039243  0.83503848489743282  0.83841771326805026  0.84175718664001686
  0.84506483941781052  0.84837059278548843  0.85167255860491842  0.85489276229290379
  0.85797560137899620  0.86100149386921598  0.86400771919394714  0.86699449199861067
  0.86996256444494413  0.87285219998725494  0.87562745935002140  0.87833722210320631
  0.88101093814152753  0.88365149622291728  0.88626812408887368  0.88888032775411685
  0.89151584592581679  0.89416259891159378  0.89678626631626079  0.89938529885401886
  0.90197370542188082  0.90449607053670877  0.90690610199865163  0.90927051021907912
  0.91163147513570697  0.91399854967781247  0.91635649039476341  0.91863273884317709
  0.92088385478159496  0.92314064760782744  0.92542006632623286  0.92769927934865792
  0.92998776827892460  0.93223410444367694  0.93450346298530507  0.93674583432511704
  0.93899259493958875  0.94127135345899204  0.94358259923067689  0.94588292584469502
  0.94816460375913958  0.95044609559426829  0.95272136659949536  0.95497771277330290
  0.95723162929612338  0.95949569352367381  0.96176530330578636  0.96403702058627938
  0.96626796561019734  0.96855013303279058  0.97091631073888907  0.97336011763323815
  0.97583511344187646  0.97840557253274107  0.98108794312577663  0.98393804286442843
  0.98695749688680245  0.99018331441229701  0.99434130383408836  1.00000000000000000
 -0.01775901696495305  0.07175825978953448  0.12335498436047732  0.13529960019362416
  0.15018024589651466  0.16201890046694939  0.17237579824743565  0.18155723852520975
  0.18993467107003281  0.19806894177535356  0.20630164097145656  0.21345019077166155
  0.21998650308198367  0.22619194070978252  0.23236513482177854  0.23805896438127486
  0.24345301124591689  0.24875698733694573  0.25392082130182209  0.25900344806231090
  0.26403485804333654  0.26904327262034966  0.27408041500143060  0.27919826448938290
  0.28423291994847844  0.28910525785441882  0.29395809596972644  0.29872744614663743
  0.30358409844617357  0.30840595735385740  0.31323270145472387  0.31809948090430390
  0.32298278820046450  0.32782664993428462  0.33248279020052762  0.33713584223491372
  0.34185043569400164  0.34671769975423117  0.35180856962785090  0.35703316680489144
  0.36229227148919263  0.36733925818603008  0.37238753267435776  0.37746418436618517
  0.38256292257616137  0.38776763688928922  0.39307309729335260  0.39842045320425318
  0.40379017263105321  0.40918585594502077  0.41463560696276763  0.42015473271479914
  0.42569277994435573  0.43119924959865363  0.43673898069948441  0.44236667868704499
  0.44813256349763381  0.45379810645269986  0.45948405527429059  0.46526761864240301
  0.47110917619022319  0.47695834642807505  0.48288905950653233  0.48893086734600888
  0.49506764556694138  0.50119586183334008  0.50748392130995490  0.51402886136133896
  0.52068501774678688  0.52748139682994022  0.53443318041357823  0.54165137445204914
  0.54916038094204100  0.55678914101038446  0.56462950326129835  0.57244916993506667
  0.58025174639879518  0.58818472968704649  0.59660454573782506  0.60548981554569914
  0.61477170705828588  0.62395846767926455  0.63332597830303250  0.64308600528897608
  0.65358523225079845  0.66466815044887617  0.67636644423237269  0.68863734499583262
  0.70139753781143921  0.71499594721002546  0.73037011747644598  0.74808079962920382
  0.76899512586704000  0.79384960473278410  0.82981973813077303  1.00000000000000000
   1.8593996477765667E-009  -1.0000000000000000     
 F F F F F F F F F F F F F F F F F F F F F F F F F F F F F F F F F F F F F F F F F F F F F F F F F F F F F F F F F F F F F F F F F F F F F F F F F F F F F F F F F F F F F F F F F F F F F F F F F F F F F F F F F F F F F F F F F F F F F F F F F F F F F F F F F F F F F F F F F F F F F F F F F F F F F F F F F F F F F F F F F F F F F F F F F F F F F F F F F F F F F F F F F F F F F F F F F F F F F F F F F F F F F F F F F F F F F F F F F F F F F F F F F F F F F F F F F F F F F F F F F F F F F F F F F F F F F F F F
  <DiscreteSampler_grid>
  grouped_processes
  1 # 1 for a reference and 2 for a running grid.
  10 # Attribute 'min_bin_probing_points' of the grid.
  1 # Attribute 'grid_mode' of the grid. 1=='default',2=='initialization'
  0.0000000000000000 # Attribute 'small_contrib_threshold' of the grid.
  0.5000000000000000 # Attribute 'damping_power' of the grid.
 # binID   n_entries weight   weight_sqr   abs_weight
    31   10   1.129757677056230E-003   3.381671173177117E-006   1.129757677056230E-003
    32   10   1.129757677056236E-003   3.381671173177139E-006   1.129757677056236E-003
    34   10   2.259515354112461E-003   1.352668469270847E-005   2.259515354112461E-003
    35   10   2.259515354112473E-003   1.352668469270856E-005   2.259515354112473E-003
    37   10   2.364635035124801E-003   1.489514770514223E-005   2.364635035124801E-003
    38   10   2.364635035124814E-003   1.489514770514233E-005   2.364635035124814E-003
    40   10   4.729270070249602E-003   5.958059082056893E-005   4.729270070249602E-003
    41   10   4.729270070249628E-003   5.958059082056932E-005   4.729270070249628E-003
    43   10   9.633028624326438E-004   2.106406047570500E-006   9.633028624326438E-004
    44   10   9.633028624326497E-004   2.106406047570518E-006   9.633028624326497E-004
    46   10   1.926605724865288E-003   8.425624190282001E-006   1.926605724865288E-003
    47   10   1.926605724865299E-003   8.425624190282074E-006   1.926605724865299E-003
    49   10   1.995866725961042E-003   9.006782706301156E-006   1.995866725961042E-003
    50   10   1.995866725961055E-003   9.006782706301232E-006   1.995866725961055E-003
    52   10   3.991733451922084E-003   3.602713082520463E-005   3.991733451922084E-003
    53   10   3.991733451922109E-003   3.602713082520493E-005   3.991733451922109E-003
    58   10   1.129757677056230E-003   3.381671173177116E-006   1.129757677056230E-003
    59   10   1.129757677056236E-003   3.381671173177139E-006   1.129757677056236E-003
    61   10   2.259515354112461E-003   1.352668469270847E-005   2.259515354112461E-003
    62   10   2.259515354112473E-003   1.352668469270856E-005   2.259515354112473E-003
    64   10   2.364635035124800E-003   1.489514770514222E-005   2.364635035124800E-003
    65   10   2.364635035124814E-003   1.489514770514232E-005   2.364635035124814E-003
    67   10   4.729270070249600E-003   5.958059082056890E-005   4.729270070249600E-003
    68   10   4.729270070249627E-003   5.958059082056929E-005   4.729270070249627E-003
    70   10   9.633028624326436E-004   2.106406047570500E-006   9.633028624326436E-004
    71   10   9.633028624326495E-004   2.106406047570518E-006   9.633028624326495E-004
    73   10   1.926605724865287E-003   8.425624190282001E-006   1.926605724865287E-003
    74   10   1.926605724865299E-003   8.425624190282074E-006   1.926605724865299E-003
    76   10   1.995866725961042E-003   9.006782706301156E-006   1.995866725961042E-003
    77   10   1.995866725961055E-003   9.006782706301238E-006   1.995866725961055E-003
    79   10   3.991733451922084E-003   3.602713082520463E-005   3.991733451922084E-003
    80   10   3.991733451922109E-003   3.602713082520495E-005   3.991733451922109E-003
  </DiscreteSampler_grid>
