  0.00383877641995317  0.01260772622697518  0.02304264608844137  0.03345195810312403
  0.04399222050829400  0.05479629854781970  0.06578148868514376  0.07721659751466387
  0.08822645481857652  0.09843588021538441  0.10828883344164053  0.11810904903727779
  0.12822658480796853  0.13959416171916425  0.15069898977835339  0.16220866413999974
  0.17312198503617202  0.18446323498057698  0.19589173914960240  0.20670577222512726
  0.21788142368206986  0.22751151763119160  0.23830388213850628  0.24766400659602941
  0.25943393269433362  0.27120213693138523  0.28316790688870735  0.29388082006212185
  0.30363513630213718  0.31344432432859370  0.32393762021570549  0.33508145486469676
  0.34576251800510882  0.35657280083777759  0.36731620868044712  0.37870752264002944
  0.39012488463172301  0.40202256593253632  0.41418700617454224  0.42541590415729647
  0.43660851668739814  0.44804286883928679  0.45894379696686544  0.46945575196599276
  0.47827842241191654  0.48693949625758970  0.49544144737215612  0.50477622685889845
  0.51407087793175399  0.52323430886466904  0.53250985368504122  0.54220657476176826
  0.55269917493047127  0.56322682441906979  0.57375719993684260  0.58438971468267276
  0.59585095637632246  0.60773675700864949  0.61981335043389008  0.63130512155470675
  0.64194975590751513  0.65218739911873291  0.66244936505723606  0.67335886489917507
  0.68483242721236759  0.69558015919424054  0.70555547980517785  0.71578295419127114
  0.72565179181450090  0.73665432064925274  0.74695587614341941  0.75737609436726494
  0.76711374878227900  0.77684196097026259  0.78694921031075449  0.79766186280922180
  0.80963592010395136  0.82181220825623802  0.83384999908389190  0.84507304195837929
  0.85588283847415547  0.86634628813467662  0.87700075749860318  0.88750974357821377
  0.89828949085495391  0.90967018454429383  0.92045036448367035  0.93057360135009648
  0.94056065207475736  0.95081455151494099  0.96076952065261934  0.96938532440356595
  0.97733562317500700  0.98532038597444815  0.99226986792095151  1.00000000000000000
  0.00000201495374028  0.00000229463272393  0.00000250872370554  0.00000269552733852
  0.00000291282114139  0.00000314387427974  0.00000337863094976  0.00000361891686758
  0.00000387540633904  0.00000416303423686  0.00000446281379343  0.00000475431101909
  0.00000508637792319  0.00000546353888926  0.00000588779161828  0.00000634189831126
  0.00000681004565119  0.00000729368606617  0.00000780585979059  0.00000831756241677
  0.00000892187534856  0.00000955096493231  0.00001020916302050  0.00001094831362591
  0.00001177886435760  0.00001268042329508  0.00001364179377405  0.00001461215879625
  0.00001566241124442  0.00001682661705920  0.00001808518696255  0.00001947933582896
  0.00002102318441262  0.00002268398940430  0.00002451542977294  0.00002633226236634
  0.00002821139717605  0.00003014853927720  0.00003232430111019  0.00003498230912304
  0.00003790034333523  0.00004124219721347  0.00004468988989202  0.00004825819828308
  0.00005213569534772  0.00005642466868197  0.00006157155000995  0.00006693076574101
  0.00007332011432535  0.00008009018812335  0.00008779005315770  0.00009601744889607
  0.00010477654724384  0.00011446105212074  0.00012544445888762  0.00013752023905770
  0.00014986278293773  0.00016315602790056  0.00017739975927037  0.00019385456492165
  0.00021175444886785  0.00023044506483496  0.00024939999807313  0.00026980119901691
  0.00029180078286425  0.00031538329894223  0.00034228869544086  0.00037822451951036
  0.00042094804389006  0.00046514780680878  0.00050849361189132  0.00055361071312852
  0.00060140141629404  0.00064926755285843  0.00070513842977296  0.00076458309980923
  0.00082932838266147  0.00089878281678787  0.00100675901718832  0.00110686206152834
  0.00121973168663876  0.00134499882186639  0.00145092728922189  0.00159861674999611
  0.00177675864838254  0.00198941992336748  0.00223429910429667  0.00245285129081392
  0.00266957704189354  0.00292500855094858  0.00334632311180010  0.00416014408455725
  0.00538304764965778  0.00697655492022464  0.01017194531784092  1.00000000000000000
  0.00000267410011447  0.00000280089740651  0.00000291128870722  0.00000301688731395
  0.00000314435897244  0.00000328288462431  0.00000342945434025  0.00000358403452275
  0.00000373970393892  0.00000389593579513  0.00000405183183518  0.00000421127122019
  0.00000438390937961  0.00000455409414474  0.00000472860373121  0.00000486940569372
  0.00000502412578065  0.00000519665063956  0.00000539437862813  0.00000561732088694
  0.00000586278874320  0.00000612388125330  0.00000640442577401  0.00000670583843570
  0.00000704259814407  0.00000742234726357  0.00000782486705318  0.00000824769503201
  0.00000869559138624  0.00000915133146828  0.00000963722277317  0.00001013574777056
  0.00001063330180404  0.00001115349233262  0.00001170566613069  0.00001227588898052
  0.00001289051820023  0.00001356150613037  0.00001422079587346  0.00001497197097642
  0.00001582502685112  0.00001676837754289  0.00001775560352928  0.00001873691887365
  0.00001972627822052  0.00002082751544391  0.00002211133161290  0.00002349792383598
  0.00002494684653416  0.00002641191843477  0.00002797848256880  0.00002970577433933
  0.00003168001779448  0.00003401277561825  0.00003661083897714  0.00003942200942960
  0.00004242382677548  0.00004575045975738  0.00004938610105800  0.00005322414186396
  0.00005745669011263  0.00006209789961265  0.00006731882406460  0.00007313224793724
  0.00007978980808240  0.00008676500085197  0.00009387380097722  0.00010229622149955
  0.00011170338195567  0.00012362579950708  0.00013845255635338  0.00015468210625216
  0.00017293094243876  0.00019211909632571  0.00021361298650972  0.00023780536788581
  0.00026386904850106  0.00029357072834323  0.00032749248443917  0.00037270471182527
  0.00042795506965387  0.00048848619997394  0.00055990168601770  0.00065140611204438
  0.00076979040439084  0.00093592079278173  0.00112950806901068  0.00129946709130484
  0.00152014812333549  0.00176607053261481  0.00209330558292507  0.00262538274709472
  0.00352368336245974  0.00490312749744739  0.28816352608008339  1.00000000000000000
  0.00000317699305092  0.00000427414496647  0.00000543090857474  0.00000627973532039
  0.00000697361072894  0.00000764047197329  0.00000832283625628  0.00000907184412801
  0.00001012702214332  0.00001153108766871  0.00001303151964618  0.00001464854597161
  0.00001646026579518  0.00001849608805768  0.00002064828105456  0.00002297820466162
  0.00002562674755421  0.00002868837630111  0.00003215920993417  0.00003585607624839
  0.00003986268137222  0.00004420859969604  0.00004875170121894  0.00005352563103395
  0.00005867171183199  0.00006426092854775  0.00007019076991600  0.00007659044132127
  0.00008320511384784  0.00009001647855059  0.00009706342380256  0.00010445889476859
  0.00011234916464242  0.00012068388430654  0.00012971402916295  0.00013927581698233
  0.00014882030024222  0.00015876449650420  0.00016907401916860  0.00017998885830779
  0.00019102624859647  0.00020216214755281  0.00021428136088337  0.00022780870278558
  0.00024419774774603  0.00026292645572298  0.00028333324481169  0.00030374330691077
  0.00032301561382797  0.00034120400522236  0.00036053946207802  0.00038118882463132
  0.00040214794388616  0.00042406288076202  0.00044809976048133  0.00047601665754011
  0.00050532858436247  0.00053414580754882  0.00056355184107952  0.00059481860631235
  0.00062762889865890  0.00066381609737945  0.00070490892684228  0.00074891156565289
  0.00079792092862101  0.00085037310900670  0.00090277689602766  0.00094671410737864
  0.00099163308554141  0.00104046071311899  0.00108876175733165  0.00113637751519228
  0.00119536278708066  0.00126300990445853  0.00133092304144744  0.00139239396425857
  0.00145134565957247  0.00153002738801256  0.00160171948311346  0.00170484298823005
  0.00185409172553173  0.00201328412065512  0.00217252947593555  0.00236532518716659
  0.00254804435563505  0.00273946999449267  0.00295692343020863  0.00320029535056180
  0.00343468440132147  0.00366262116781982  0.00389495200084674  0.00415065260222676
  0.00453292608105091  0.00547458649603396  0.04013071272807998  1.00000000000000000
 -0.00150089147159812  0.00560742958466261  0.01179523165755126  0.01783463779941335
  0.02382334942507492  0.02977772222742122  0.03557420506206410  0.04119990840386505
  0.04704515441546048  0.05374310349115894  0.06054998751635764  0.06698789348795679
  0.07335457540994055  0.07995515576440061  0.08700113669395680  0.09434028647976389
  0.10156389401693192  0.10882921346286153  0.11610332856924882  0.12398624625659740
  0.13181387646144191  0.13867979627875765  0.14554367034028323  0.15267953151154701
  0.16051523097353598  0.16860771995085891  0.17636292141623669  0.18393980983326938
  0.19118161303656561  0.19828042585282130  0.20548790372557393  0.21262142099034109
  0.21966345024889120  0.22654587309974869  0.23386687403417916  0.24179084314420601
  0.25029019573617728  0.25938573376684287  0.26843722781318347  0.27708468582065887
  0.28580660217754733  0.29463978783864198  0.30321683204763994  0.31170267423029185
  0.31985292705354340  0.32846453611655257  0.33761142107179970  0.34732921820492668
  0.35602028419331955  0.36429122462680341  0.37265319421057275  0.38158218514451137
  0.39096142435159931  0.40021709518132392  0.41006136882818439  0.42003346477775189
  0.42929207139774761  0.43802460361871665  0.44659556804878886  0.45546742398417295
  0.46396155067668848  0.47189437500188697  0.48060868955982938  0.49031142566309871
  0.50081092061322763  0.51123701985061409  0.52205152791199483  0.53343137011821107
  0.54555101024919983  0.55822803876705973  0.57152582326229662  0.58415758716289523
  0.59609583155709767  0.60687848915840525  0.61800405679099124  0.63042090219577873
  0.64471965800554831  0.66093922747143008  0.67650158163131946  0.69167381715821818
  0.70637855721405673  0.72069186687579900  0.73558630895991950  0.74968031358754594
  0.76318458372824516  0.77796232166984269  0.79564253023383380  0.81533678501347340
  0.83661137851143541  0.85738060481103406  0.87878449478850207  0.90095932301692605
  0.92640504834555359  0.95046729102112759  0.97478860139389656  1.00000000000000000
 -0.00226599180323791  0.00849062742753128  0.01851496002008998  0.02944809913083705
  0.04075535631485396  0.05170388856636712  0.06292602764258734  0.07325677721798467
  0.08346451694184077  0.09320059665025812  0.10366799466107675  0.11517322549234539
  0.12562853631252827  0.13639019316526707  0.14738224707197714  0.15892086478322737
  0.16986694064542091  0.18054680503943751  0.19027943539230696  0.19985724418694828
  0.20995875492734009  0.22076184240122387  0.23129376189353359  0.24174528383870816
  0.25229994877812828  0.26294159717897336  0.27409606925727276  0.28486952180781905
  0.29548339112357180  0.30537250132058513  0.31585269024802376  0.32678321153585915
  0.33734697694597227  0.34717967893648993  0.35766061051492770  0.36798896845287016
  0.37835313386393532  0.38717225052476489  0.39664263110041753  0.40634974594820966
  0.41646709459993286  0.42612237041587936  0.43657064591432376  0.44750178423556791
  0.45791370593084674  0.46771025698952234  0.47756633561556833  0.48777410186299602
  0.49867634751474327  0.50980379378003970  0.52112993925265361  0.53280494922684773
  0.54459028349650873  0.55615689256491552  0.56678198648154787  0.57675563026697496
  0.58663342320019674  0.59580340357343309  0.60492008932716601  0.61356424656600683
  0.62394353018437865  0.63542466530823882  0.64677323946307574  0.65779008648957316
  0.66885539783689674  0.67909342869063150  0.68954684267826483  0.69968482816276778
  0.70951757798319492  0.71910186229764694  0.72887079550977285  0.73896684010404923
  0.74930264734177188  0.75963972874609953  0.77020846187468039  0.78155527185119578
  0.79231964123086385  0.80249623328780673  0.81269334064406551  0.82406304043749712
  0.83625458822194210  0.84690788318819310  0.85712217004991531  0.86770945449146186
  0.87881715923287163  0.89002306551297805  0.90132055642617870  0.91297141543668969
  0.92416507588872165  0.93553086198476432  0.94711421727555822  0.95877382630823660
  0.96927762025751052  0.97986566683732457  0.99014252997973218  1.00000000000000000
 -0.00327667279434514  0.01352826681194550  0.02842890977745377  0.04551310307411858
  0.06252588964219563  0.07683639912410981  0.08965145094449146  0.10057388732570546
  0.11158976162301132  0.12253716217103604  0.13442153381702715  0.14589395355270829
  0.15732878696208544  0.16823601580368985  0.17888370452712185  0.19008646726077416
  0.20154326357416261  0.21299178479370268  0.22339613698797187  0.23477046008469515
  0.24669405967567459  0.25908414694840431  0.27212062139806725  0.28521890184878446
  0.29739172927133950  0.30887243320123048  0.32016721654656161  0.33108020970239271
  0.34166537392672519  0.35234827066552082  0.36325491101832813  0.37463292531616998
  0.38599496391983656  0.39777979996630186  0.40963612191564436  0.42081410232660726
  0.43197868549746776  0.44388233017365253  0.45604840758280979  0.46734460302294351
  0.47803536912799255  0.48873155577981586  0.49932589013599160  0.51014672791603255
  0.52092941763975809  0.53151273442918112  0.54296361927953773  0.55342757938369169
  0.56280293535667225  0.57123664759328807  0.57971077516455283  0.58857439137579060
  0.59819744794001450  0.60794003805126473  0.61729362232982488  0.62619226965164787
  0.63517543473943616  0.64486625476596360  0.65525025749618104  0.66567748143946837
  0.67590469982202106  0.68566051019930319  0.69509919346562021  0.70440335071187965
  0.71445859981723181  0.72494286529976470  0.73528991216394890  0.74566058970146187
  0.75609444388097158  0.76617240486692273  0.77538059227984768  0.78345119299915977
  0.79111684193788034  0.79911075259110687  0.80792141564131481  0.81776070013270741
  0.82767951227675962  0.83732066981905284  0.84695731166264476  0.85689606509535221
  0.86706303883872216  0.87680507742373681  0.88593181719629599  0.89486563204302538
  0.90361821631256256  0.91301498372610723  0.92161104956741635  0.92967738672759781
  0.93776313656894950  0.94598570967697249  0.95463298972668520  0.96325632869359357
  0.97167510543115521  0.98057420444751398  0.98967610467166101  1.00000000000000000
 -0.00221351875019907  0.00950085353384782  0.01967224122547285  0.03050012054758118
  0.04087863801910498  0.05055395174413368  0.06016227229328863  0.07033188220193073
  0.08066611467076792  0.09111345623484572  0.10082900179396244  0.11058594984618278
  0.11994505286641007  0.12975206352163068  0.13970902758242393  0.15031205400720443
  0.16160573412615931  0.17250131874037350  0.18280841386014010  0.19261988833550231
  0.20178396563561934  0.21107115595568571  0.22048978775058983  0.23103446140939290
  0.24162305649567692  0.25216043331900151  0.26304110536153774  0.27522414157617514
  0.28731085400057937  0.29855208482000134  0.30947404842979470  0.32052721208132323
  0.33256485653208728  0.34443091592294911  0.35565638100023950  0.36586009437165573
  0.37603209899587448  0.38617866123092731  0.39620191184888437  0.40703777209148967
  0.41705781078121051  0.42863223477381596  0.43966321841220274  0.45119471286607205
  0.46195005586450116  0.47275380706249698  0.48500630917213661  0.49712983566754487
  0.50674548300181688  0.51644095371587440  0.52681867088237655  0.53851769420636098
  0.54950301810410096  0.56038985028998434  0.57078962290993673  0.58073003042338800
  0.59053940829173823  0.60075595414627059  0.61119368524160578  0.62105718691638434
  0.63078219582861839  0.64094823161036352  0.65144775492836182  0.66191792903996305
  0.67249158936968356  0.68335262971076727  0.69389755296748545  0.70455484774176436
  0.71566486346448754  0.72668747927222510  0.73724221630566245  0.74766481161379694
  0.75850140980501868  0.76932653179395627  0.78051585260685696  0.79239316553051931
  0.80500136768208630  0.81729297416607150  0.82865566859109419  0.83895603793379736
  0.84868306345791644  0.85819188955342618  0.86808363898370389  0.87913616139141093
  0.89061912371806118  0.90172883894192490  0.91198559895959408  0.92170250332107984
  0.93183682845078686  0.94258754280018342  0.95325382504719958  0.96298870527785307
  0.97212016108737553  0.98109710103582437  0.99057907660863509  1.00000000000000000
 -0.00166053693500608  0.00908016026123878  0.01846162515083526  0.02900304780409251
  0.03959811578698452  0.04973919277014597  0.06010689758030770  0.07067998063688179
  0.08152355452847797  0.09171968590132065  0.10185487894990655  0.11246514281389290
  0.12360870930716325  0.13396517595349100  0.14398157271499976  0.15422943073018408
  0.16466564802564346  0.17499808741615852  0.18544660667927304  0.19629883486800526
  0.20725973068028233  0.21800950578124739  0.22861129104687994  0.23958872200834605
  0.25096556175194351  0.26208711177326732  0.27296910016600812  0.28374763729748770
  0.29449811227489037  0.30529368346959396  0.31646929970998411  0.32816531272085947
  0.33869267091060973  0.34793041480909948  0.35711798325546262  0.36704290764541320
  0.37758611384232005  0.38841950795045732  0.39931606661835867  0.41060513136737281
  0.42222430570440339  0.43400602094027357  0.44625206370756743  0.45917079556886903
  0.47257825952831484  0.48486592389326116  0.49530709801218192  0.50537173605065555
  0.51509412476501559  0.52419586287345954  0.53334563015934477  0.54272820319163773
  0.55222805308950107  0.56167413152245649  0.57122770530762579  0.58151782958293918
  0.59183806215467905  0.60185639999161344  0.61159100547661072  0.62179927922412770
  0.63173772487715840  0.64160602359021146  0.65129327987447982  0.66128030060684018
  0.67181497770165333  0.68251462213484770  0.69273342725807885  0.70303604824991017
  0.71374524566270081  0.72567414867639579  0.73747555465155901  0.74899839233898968
  0.76060838485546467  0.77140291385333881  0.78121711933915972  0.79120483283966248
  0.80188021917800467  0.81301994053498428  0.82321552384987795  0.83267741184966870
  0.84200981914192674  0.85198843743688746  0.86204085482076664  0.87207193667344485
  0.88209608285048835  0.89253747194917077  0.90362754791010902  0.91515504284937876
  0.92524714494243721  0.93460405572565208  0.94359686076727434  0.95375898217795962
  0.96533020053107055  0.97709057367972918  0.98862467585652902  1.00000000000000000
 -0.00003433180113400  0.00026170514142741  0.00049429477988509  0.00067123200943805
  0.00078552381366745  0.00089290295001648  0.00099538802146546  0.00109700200816157
  0.00119782525579677  0.00129628288534530  0.00139766507126414  0.00150142996606406
  0.00160337989034664  0.00170558263811964  0.00180828900504434  0.00191631034775392
  0.00202689659642219  0.00214013705463701  0.00225903376688706  0.00238240847032235
  0.00250978512149662  0.00263771172688457  0.00276888053887883  0.00290607925745668
  0.00305095404595035  0.00318495506664813  0.00330992043706088  0.00342844372235537
  0.00353466333084479  0.00364798948752471  0.00377013790719992  0.00390851620141543
  0.00401779728870917  0.00411084123770168  0.00419174828633801  0.00426636113092619
  0.00434576468346365  0.00443331865150895  0.00451921119358173  0.00461211090921905
  0.00470812986909444  0.00479155928481963  0.00488271555685553  0.00497551032427266
  0.00506589384451536  0.00513877576664496  0.00521121935601396  0.00528472233866669
  0.00535827723678680  0.00543208949967704  0.00551074281031557  0.00561250601894822
  0.00572207602419834  0.00583907793016263  0.00596367404747594  0.00609809566063958
  0.00621571966754567  0.00632068944097504  0.00640222830009596  0.00648324830090598
  0.00656227596829042  0.00664292823932430  0.00673412476388655  0.00684523393797151
  0.00699973872476498  0.00718485734517668  0.00739074770447462  0.00760165621550156
  0.00775236306808037  0.00789547835661367  0.00804235151664484  0.00817381989086370
  0.00830607686905188  0.00847133968257382  0.00863561701828216  0.00882058293115532
  0.00909487284705555  0.00935223272521420  0.00961180064930889  0.00993101979748678
  0.01041714987723426  0.01102199779571473  0.01291687551006052  0.01393939980511118
  0.01546756181997620  0.01615381853835280  0.01672595334375908  0.01715228415130033
  0.01749056538522832  0.01780497928208599  0.01859057678045474  0.01929789070099801
  0.02596424134118902  0.02660059109823293  0.74243565092944575  1.00000000000000000
 -0.00264986796812345  0.01074862067973718  0.02199356002674290  0.03324176826571458
  0.04399740960655159  0.05498071404474283  0.06564425206587755  0.07642526196842410
  0.08779129483638071  0.10014513949559466  0.11062201764598348  0.12001803048588661
  0.12920121366984855  0.13786765416239688  0.14702886262530229  0.15667129879662856
  0.16744955463907821  0.17910848942961621  0.19040543440576144  0.20162634240245494
  0.21247346554203556  0.22254625055384014  0.23183089266380613  0.24018780324778799
  0.24830510891923141  0.25648164271869883  0.26589438632741219  0.27638501639199420
  0.28740884765632702  0.29881536409804427  0.31027953864857971  0.32142491147429381
  0.33301766695767848  0.34497261760983111  0.35694417194794281  0.36773917100909748
  0.37857603492321112  0.39042907713570901  0.40209298019796685  0.41288341385434102
  0.42352724855438539  0.43382072072357708  0.44388473449404364  0.45392703028762804
  0.46431139802323274  0.47506373589804518  0.48575970193344387  0.49628719785517000
  0.50692715467850857  0.51756273026089850  0.52748408349965359  0.53782638272542505
  0.54871497280534898  0.56009946265872879  0.57098154695501224  0.58119166246191378
  0.59142305865556477  0.60148204255399507  0.61124316528406075  0.62148365448398235
  0.63214519605181585  0.64482046405412019  0.65655996081440171  0.66799071431237411
  0.67868291990328344  0.69000474771980647  0.70152912733518014  0.71353844756793616
  0.72531117112146548  0.73634976229560634  0.74720851269547328  0.75839341063978993
  0.76949376418397142  0.78048600352178010  0.79119136161335391  0.80170526781442231
  0.81209257651742706  0.82201584432566122  0.83151280152090246  0.84100141030656128
  0.85005419741419874  0.85957224492004225  0.86824692795400860  0.87781668262753187
  0.88794850548696302  0.89842758546716273  0.90929354540770979  0.91930285759497121
  0.92945242405827966  0.93985363185243587  0.95043662918944627  0.96041733311214683
  0.96977591229699145  0.97919137353236474  0.98925536483532517  1.00000000000000000
  0.45417701908938124  0.53129363900646875  0.54895132385557488  0.56049457110212719
  0.56890736896585736  0.57568665449993728  0.58293576708692718  0.59059006092645694
  0.59787895741463404  0.60438614381852396  0.61091476744679585  0.61839147520158966
  0.62573441515314943  0.63202359349955872  0.63597406108792209  0.64006782200772505
  0.64430576476251200  0.64882165181164164  0.65537869042550756  0.66176301420332118
  0.66791149941556172  0.67305305828701145  0.67820951666543716  0.68276022497419731
  0.68838569962540375  0.69406585332008930  0.70023793956411029  0.70607872899777402
  0.71176887989941351  0.71709337221680047  0.72263505781379622  0.72794029995851706
  0.73266520643753041  0.73720382358477743  0.74195527013302998  0.74671951740532805
  0.75142307495666327  0.75630123062999322  0.76170817012987813  0.76770852683024693
  0.77350731977898812  0.77882993187138483  0.78392025318399206  0.78900345909628222
  0.79406437850959743  0.79916383049100903  0.80407314257966211  0.80884061155196352
  0.81324926067842496  0.81729018082329963  0.82133711277079124  0.82543489247884139
  0.82965920879044464  0.83379098677136021  0.83798192131248872  0.84230413084388234
  0.84673073675877542  0.85113633594259175  0.85537658346956980  0.85954818813692713
  0.86372097308153173  0.86785901128570919  0.87194252009726958  0.87597621715937379
  0.87992927598707227  0.88385506015918536  0.88776346792388228  0.89165056151243505
  0.89553108033462880  0.89929523605274697  0.90290883665089194  0.90638681688770373
  0.90979583942651865  0.91320541887469375  0.91675749922550009  0.92017996876157326
  0.92355789315490389  0.92693280994241389  0.93026909171914796  0.93348172534202067
  0.93668689858579735  0.93996579615287845  0.94325011186209573  0.94673955480470906
  0.95031162885576426  0.95381143625077214  0.95746037114737625  0.96162774768584769
  0.96578895964765299  0.96985292817685209  0.97394418172101860  0.97831040849796103
  0.98311481056919059  0.98811739522111908  0.99345943054407426  1.00000000000000000
  0.04826968955847848  0.15992880407008814  0.20354107176174396  0.22817677406087822
  0.24879313545619408  0.26840820126795750  0.28460258368781283  0.29764989819147197
  0.30984180170225056  0.32226151353861809  0.33393593690549794  0.34490247025445497
  0.35546630985569838  0.36574019068873487  0.37559381099133915  0.38479198295063866
  0.39336435907637102  0.40140744402325423  0.40909048796872138  0.41661189510818808
  0.42392250890788385  0.43155823455768205  0.43927642779041459  0.44662930087183622
  0.45363946716226722  0.46037689925574299  0.46748864725195383  0.47444679719529625
  0.48163404796242226  0.48807775101888329  0.49456081409951974  0.50059146059951676
  0.50639085849670595  0.51210018723975681  0.51769686600546949  0.52353660150886683
  0.52941364309599415  0.53509092946275982  0.54044365374633130  0.54569521989688763
  0.55098140800538831  0.55629546460080626  0.56143665973934331  0.56631915359671869
  0.57101343918939873  0.57571272729681544  0.58042819165658444  0.58493226516429975
  0.58937687617336298  0.59404302543336629  0.59889105433867706  0.60392109439590780
  0.60870428771357565  0.61338380990635755  0.61786899304217568  0.62240096340686824
  0.62699229050382865  0.63155699828504153  0.63614490346383945  0.64067972802152773
  0.64535777880785650  0.65038776779272445  0.65541043119809705  0.66050469777892151
  0.66589481949463669  0.67134054186627823  0.67643951987401607  0.68137468121793410
  0.68623545276006714  0.69083431713012422  0.69618574580393666  0.70140796149758167
  0.70648348244994974  0.71188951027601288  0.71730683312526922  0.72308352817742372
  0.72905278188605160  0.73448245212278185  0.73971079904479164  0.74488680910283633
  0.75028024808972693  0.75646462896009059  0.76299654244000148  0.76955524162775801
  0.77524628798239537  0.78137686404995110  0.78727237288822560  0.79462451199923922
  0.80287413385611084  0.81169883249187957  0.82202707865864255  0.83324257125887724
  0.84767386364370645  0.86730987487376043  0.89798957467830698  1.00000000000000000
   3.2657661440962862E-006  -1.0000000000000000     
 F F F F F F F F F F F F F F F F F F F F F F F F F F F F F F F F F F F F F F F F F F F F F F F F F F F F F F F F F F F F F F F F F F F F F F F F F F F F F F F F F F F F F F F F F F F F F F F F F F F F F F F F F F F F F F F F F F F F F F F F F F F F F F F F F F F F F F F F F F F F F F F F F F F F F F F F F F F F F F F F F F F F F F F F F F F F F F F F F F F F F F F F F F F F F F F F F F F F F F F F F F F F F F F F F F F F F F F F F F F F F F F F F F F F F F F F F F F F F F F F F F F F F F F F F F F F F F F F
  <DiscreteSampler_grid>
  grouped_processes
  1 # 1 for a reference and 2 for a running grid.
  10 # Attribute 'min_bin_probing_points' of the grid.
  1 # Attribute 'grid_mode' of the grid. 1=='default',2=='initialization'
  0.0000000000000000 # Attribute 'small_contrib_threshold' of the grid.
  0.5000000000000000 # Attribute 'damping_power' of the grid.
 # binID   n_entries weight   weight_sqr   abs_weight
    76   10   2.102023597557340E+001   2.542411379691432E+003   2.102023597557340E+001
    77   10   2.102023597557341E+001   2.542411379691436E+003   2.102023597557341E+001
    79   10   2.602896045385449E+001   4.425669542710552E+003   2.602896045385449E+001
    80   10   2.602896045385450E+001   4.425669542710555E+003   2.602896045385450E+001
    82   10   2.246385394049823E+001   3.573346815330750E+003   2.246385394049823E+001
    83   10   2.246385394049824E+001   3.573346815330754E+003   2.246385394049824E+001
  </DiscreteSampler_grid>
