  0.00365098556256124  0.01190333482183346  0.02220585870355889  0.03206665927533006
  0.04235849088868469  0.05323778791785661  0.06398830967317079  0.07536971225556643
  0.08661616679107778  0.09816626012609353  0.10860808282095462  0.11890526739263327
  0.12881426777081634  0.13925202464803854  0.14985538028019132  0.16004553278692429
  0.16944104506968258  0.17892747239318726  0.18889319011488609  0.19927038014407059
  0.20926629069825772  0.22031227239981641  0.23289801979503894  0.24645457486989916
  0.25775766886910806  0.26764881600562818  0.27815667248870518  0.28901380254026959
  0.30031822811835834  0.31124466319567273  0.32179000411319225  0.33276854015333357
  0.34403626690090766  0.35503082904538408  0.36579734019526838  0.37704943032301041
  0.38949213730697496  0.40127641093197991  0.41183457687792180  0.42195949994005100
  0.43224039194100367  0.44284868106707603  0.45302020831453510  0.46265844852793214
  0.47086440172686622  0.47928867792003982  0.48838381941351228  0.49747320205038165
  0.50618701277398259  0.51416169851008320  0.52255685520765072  0.53186063387313376
  0.54139339163553513  0.55010499233871835  0.55882533898927611  0.56754820348075852
  0.57763177889757888  0.58758867296718686  0.59756251982891551  0.60677328446348666
  0.61669475909694660  0.62698888975846689  0.63747363039667049  0.64871087407907602
  0.65909369574015197  0.66924241369060633  0.67995875499387914  0.69103470781222487
  0.70122516214851227  0.71097763312262852  0.72141684404658191  0.73230694220323056
  0.74354267994468992  0.75502377897286210  0.76655262907358390  0.77786166087691844
  0.78852666711590269  0.79898513013846384  0.80919479009847772  0.81936258064385670
  0.82906873703293138  0.83819519583095814  0.84766384310761667  0.85729807408070302
  0.86866390218152201  0.87976005141864566  0.89055272504873917  0.90177266719669602
  0.91293456443556975  0.92476404610869134  0.93518340877815387  0.94750579395447387
  0.95904567268245755  0.97047271813206104  0.98166259270617484  1.00000000000000000
  0.00002167388519963  0.00005101443042012  0.00006113293880999  0.00006908144521934
  0.00007607901303858  0.00008345849061364  0.00009077959322376  0.00009870230425581
  0.00010680066640975  0.00011465658966389  0.00012204434540339  0.00012909175824010
  0.00013674128960437  0.00014493553322144  0.00015378113972436  0.00016226499946986
  0.00017089137686227  0.00018047806426862  0.00019051009570958  0.00020119610510688
  0.00021176251058434  0.00022165308080229  0.00023111928864844  0.00024049960059440
  0.00024984778958231  0.00026059366119895  0.00027180918855383  0.00028244137104161
  0.00029403035047373  0.00030649171081547  0.00031907321575880  0.00033386007134866
  0.00034873929632068  0.00036434336194081  0.00038143520253875  0.00039993602535490
  0.00042085499193673  0.00044225096532267  0.00046337654758890  0.00048658721950254
  0.00051240564789592  0.00053923543460767  0.00056773532776256  0.00059473408396083
  0.00062104628536886  0.00064968281940315  0.00067940558545260  0.00070875302185483
  0.00074084050054469  0.00077468718001066  0.00081430681882498  0.00086188100145420
  0.00090989145907504  0.00095362918342019  0.00099814505267371  0.00104061790919455
  0.00108773803241348  0.00113985138686923  0.00119447137948896  0.00124618180547981
  0.00129148189324637  0.00134242535822655  0.00140895134376719  0.00148598639136385
  0.00157135161535688  0.00166062426688317  0.00175741055427211  0.00185803841726062
  0.00196275468050214  0.00208272324230631  0.00220104166223244  0.00232088722234053
  0.00244009865948415  0.00257435279351442  0.00273006492373962  0.00294395271706787
  0.00320894277597304  0.00347645684839558  0.00372416496114178  0.00403866470299861
  0.00445020851033552  0.00481531782236140  0.00511153192524548  0.00536109422430383
  0.00567324641211153  0.00603025138727381  0.00650380367357782  0.00732822102096584
  0.00843391625540508  0.00971280407354873  0.01100648881224658  0.01201458042683580
  0.01297393288821559  0.01499619653314378  0.15928526157266007  1.00000000000000000
  0.00248947209974782  0.01555564109355226  0.02845272013529998  0.04133771726582850
  0.05353406615353378  0.06516002815239788  0.07604125782756173  0.08511717292239727
  0.09395991619804121  0.10312237127225762  0.11289500775783610  0.12360235754514412
  0.13508362787794220  0.14678321714348377  0.15838289040204626  0.16883971690366301
  0.17881378247322036  0.18926078359349385  0.19982650948525579  0.21083818489786615
  0.22154150242087176  0.23189210424154660  0.24103395298669178  0.24951654306754775
  0.25812245841285941  0.26726043609813083  0.27697887689765016  0.28710325624809591
  0.29682770770860389  0.30546032187823108  0.31374191212394897  0.32191267196403178
  0.33055545156341354  0.33954839487704491  0.34837673848546880  0.35868670723606794
  0.37127223779126178  0.38272423343729201  0.39235080648459303  0.40113437018429693
  0.40929613624882105  0.41791255572025482  0.42778556540396784  0.43795675766743197
  0.44918139081555514  0.46027306116195249  0.47164116652119126  0.48397580382479677
  0.49663736504843592  0.50767614947668960  0.51752944232511455  0.52768323077798396
  0.53836120618722316  0.54867006906672355  0.55886558382611928  0.56991749112104828
  0.58166531671924682  0.59311289595343919  0.60442576380715018  0.61496758638538995
  0.62471666954814242  0.63422370732627253  0.64491592345065452  0.65689680082633839
  0.66860671945528083  0.67899436536636992  0.68906786974890089  0.69966344820434567
  0.71092522496847088  0.72120445770960984  0.73026578559591571  0.73895204670022430
  0.74744061761981495  0.75673443674551666  0.76523776944334565  0.77356382821886027
  0.78244951628456194  0.79200115405427063  0.80240070045260770  0.81288353253357626
  0.82425026263064916  0.83606580817556897  0.84800898571370820  0.86039729991976521
  0.87448593303665945  0.88845848766743751  0.90137765158396765  0.91385828799957780
  0.92499678110674333  0.93593431549799666  0.94594108743308158  0.95631116057096177
  0.96681025362805417  0.97748584410749506  0.98834577262550694  1.00000000000000000
  0.00004050279645021  0.00006431179445959  0.00008027331286351  0.00009312604505139
  0.00010521484674170  0.00011728624388227  0.00012890939286470  0.00013993315974227
  0.00015065494038850  0.00016122206725439  0.00017242907901067  0.00018406202637308
  0.00019570581080508  0.00020645048727929  0.00021661624765062  0.00022682333073493
  0.00023706319742184  0.00024748409802305  0.00025819194907106  0.00026929618819710
  0.00027997024994915  0.00029106702420813  0.00030395917129809  0.00031837637534218
  0.00033316214964349  0.00034781499285017  0.00036220386328127  0.00037712055557221
  0.00039397400412155  0.00041032548518687  0.00042699593855691  0.00044430841779895
  0.00046210561007131  0.00048094116419157  0.00050137263687268  0.00051872032489081
  0.00053505799352097  0.00055291337373676  0.00057273897971581  0.00059401646951137
  0.00061758160722362  0.00064302617992921  0.00066815042191606  0.00069283983190538
  0.00072030313133741  0.00075120462012349  0.00078445599685008  0.00081931381476790
  0.00085478670598799  0.00089127740595034  0.00093034879091920  0.00096935058467978
  0.00100406897437488  0.00103378651022469  0.00106682675388896  0.00110006144691568
  0.00113669689306740  0.00118305441326166  0.00123419447419179  0.00128753320780275
  0.00134253291380392  0.00139952387242485  0.00145031314905490  0.00150220550870937
  0.00155724308225342  0.00161673195554573  0.00170168771981541  0.00178407033681644
  0.00185141266961510  0.00190894510025851  0.00197331370666811  0.00205817134934211
  0.00215207197201979  0.00224557652242445  0.00231983100220908  0.00239718816916192
  0.00246457588371269  0.00257647712384578  0.00274702290824705  0.00294852151298002
  0.00321697179709417  0.00347274953956828  0.00371712680514366  0.00401949098795967
  0.00445673568190277  0.00518712821529488  0.00592432917210377  0.00653227391764166
  0.00697527155340085  0.00725693479372962  0.00752916431010768  0.00780758071236563
  0.00810998974528331  0.00874162865583704  0.03456212585565605  1.00000000000000000
  0.00000478859533073  0.00001232815629609  0.00001317667509205  0.00001399696179481
  0.00001513592710758  0.00001624249755532  0.00001730522387196  0.00001841135407842
  0.00001962897125434  0.00002100447034231  0.00002255254074511  0.00002408488298068
  0.00002619492013272  0.00002810031187394  0.00003019643619347  0.00003234189089475
  0.00003453866501673  0.00003685462358297  0.00003901440564657  0.00004140312825274
  0.00004440092384822  0.00004751446734381  0.00005065436576076  0.00005390365103145
  0.00005740912462601  0.00006152591597460  0.00006571199557392  0.00007009312177944
  0.00007502555684363  0.00008024094802535  0.00008552549405176  0.00009126850802533
  0.00009770356073637  0.00010538127355327  0.00011369836469729  0.00012265426811167
  0.00013134076233429  0.00014010854249311  0.00014983937899826  0.00016066692319006
  0.00017254672463954  0.00018446908113168  0.00019681414953738  0.00021025475084049
  0.00022534318997700  0.00024268437789626  0.00025917844685691  0.00027754225647942
  0.00029602440994838  0.00031454753330139  0.00033262911144990  0.00035133264364295
  0.00037076873084617  0.00039220859623603  0.00041555152534225  0.00044322430733382
  0.00047426104560855  0.00050572331471283  0.00053661484380449  0.00056633428643757
  0.00059594722352205  0.00062669765290451  0.00066038196077891  0.00069802527634949
  0.00074193710747179  0.00078953934536129  0.00084056572467808  0.00089378164695055
  0.00095172061633995  0.00101290984011967  0.00107789718401292  0.00114763988701515
  0.00121413166170882  0.00128353134616405  0.00135397130216025  0.00143939329654573
  0.00154650682561144  0.00168100467278585  0.00187113236121903  0.00208797600298700
  0.00227725532812264  0.00244971733877948  0.00264660537220207  0.00285585547290962
  0.00310275348248980  0.00340324518908366  0.00371785899437492  0.00408871197465678
  0.00452114745794327  0.00505482134542664  0.00569055473385407  0.00663466830026612
  0.00791237870345432  0.01166180411636871  0.05021020421541893  1.00000000000000000
 -0.00363496601753146  0.01218534396333291  0.02396983654681041  0.03444015270803428
  0.04458123021437653  0.05503843471465879  0.06671073474143349  0.07992753450503071
  0.09350188467593669  0.10565999786752879  0.11590229677109577  0.12526792967486280
  0.13441474453213190  0.14293224422912934  0.15119221164455088  0.15936163292500558
  0.16779645759949485  0.17733340054429425  0.18750053829025184  0.19789712897842796
  0.20825961776490184  0.21782473786720707  0.22743551318432048  0.23689401502523136
  0.24634500023607700  0.25677578739880996  0.26700118757264518  0.27510816003911281
  0.28287041667003343  0.29145142258153123  0.30102199911743627  0.31314882247441794
  0.32394384989085978  0.33555959030789317  0.34729614585393670  0.35846092268231078
  0.36826891560618885  0.37810351365841816  0.38811413007445522  0.39780089941602331
  0.40679085276565591  0.41556994285619642  0.42520127290092663  0.43466794448755253
  0.44440662686406152  0.45473900122077149  0.46465847359184287  0.47493335364931755
  0.48391314530981139  0.49319609931497110  0.50227707332916782  0.51189316255224404
  0.52224357955612488  0.53347053650541054  0.54507279140174625  0.55714509143566082
  0.56874569025414679  0.57987122129173629  0.59035072132396060  0.60103932080399658
  0.61244564001404656  0.62446776887745215  0.63532941707153934  0.64585838983099964
  0.65670473488517611  0.66712008082568386  0.67718990372733390  0.68682025431953520
  0.69672195977603191  0.70748566629198406  0.71877119686669766  0.72928217658214056
  0.73927886730776782  0.74909516610186555  0.75934475348262587  0.76999504690676857
  0.78087429414566423  0.79235114727764455  0.80457707729331140  0.81744022115143700
  0.83014173671456515  0.84238580012422204  0.85415190675438446  0.86547932071197820
  0.87611506471588119  0.88712506543189396  0.89827924367489176  0.90900422640409206
  0.91964528154762371  0.92962441434133536  0.93944159140796568  0.94989577458462415
  0.96128275369014482  0.97454873820490096  0.98733007899461245  1.00000000000000000
 -0.00268049592252148  0.01197696092721158  0.02426446029787806  0.03693597245710358
  0.04829629628554835  0.05971381765270199  0.06917908894302952  0.08005849700394112
  0.08866331087941451  0.09743818164316934  0.10659365547090877  0.11594674192297819
  0.12515668472774921  0.13356916432106283  0.14078026255976336  0.14816040998076321
  0.15595115751130215  0.16456110299733143  0.17427693768370753  0.18482570362882370
  0.19526768228766581  0.20593519363373747  0.21622487938071175  0.22560628568938340
  0.23355106176312135  0.24125695784092085  0.25070209765962476  0.26142188335405819
  0.27071209599140950  0.27966981929632045  0.28840701756804660  0.29962111006352110
  0.31170288965408427  0.32372056282528233  0.33558746614377777  0.34676416186240061
  0.35790665047243175  0.36763175715979829  0.37846799856569535  0.38839587680922744
  0.39909252103468379  0.40911900687147962  0.41912907204344191  0.42978909710820673
  0.44053470098120129  0.45184688652988653  0.46307018360483809  0.47342516744566626
  0.48331114294631522  0.49395040050657379  0.50609521882266262  0.51893376427445659
  0.53090976224147268  0.54088931646386096  0.55047622217176362  0.55926677934845448
  0.56938347368754105  0.57905091475654114  0.58926849379006563  0.59845576684882096
  0.60855875598832532  0.61846256715906200  0.62991054166649441  0.64150721200980287
  0.65316815931375327  0.66401851373572174  0.67349290663360983  0.68300468611231713
  0.69360461242359384  0.70594414089321000  0.71825083729896400  0.72997205066310644
  0.74179177307116473  0.75431307737940412  0.76759729599925464  0.78036142926708330
  0.79233947074884259  0.80363769735572976  0.81418278441276926  0.82394291790742769
  0.83331951399741044  0.84326634193497552  0.85474624090397355  0.86700632301474134
  0.87758244444336664  0.88670375323902817  0.89593207932636809  0.90595851243925540
  0.91844108055975959  0.93094387764292996  0.94353214416130171  0.95451226415139279
  0.96516754625402479  0.97581527139774848  0.98819451588526586  1.00000000000000000
  0.00351305878119999  0.01479604757052047  0.02375371686114417  0.03462211987991065
  0.04507619991184036  0.05476176715325660  0.06264504989667542  0.07011616034616423
  0.07811522430737798  0.08706781526991099  0.09711619597288898  0.10732204239321631
  0.11810025500523809  0.13104600374626307  0.14296104015233882  0.15527003624302779
  0.16783170582691109  0.18030189465646673  0.19310925599314191  0.20705843330137308
  0.22208833658991420  0.23588557197814880  0.24816636595736452  0.26053475292472161
  0.27395929367211758  0.28882842215901239  0.30209183351874508  0.31427982936900262
  0.32568785012931056  0.33780016639134963  0.34981525884241066  0.36157484304574955
  0.37397420017391814  0.38577927158689912  0.39672429319510288  0.40664780562980779
  0.41696585102489975  0.42786061922926294  0.43876972347521204  0.45008726748677513
  0.46123640603259553  0.47282433474357044  0.48393887871540553  0.49564823077828046
  0.50818475183238565  0.52112466982734384  0.53454397809186027  0.54781253327848256
  0.56053148420463583  0.57302219823368172  0.58540647337284846  0.59697427886063559
  0.60710925508988156  0.61663440746701637  0.62651720489718110  0.63749521951097154
  0.64941572706033135  0.66196366290302344  0.67470336556639599  0.68709654831835842
  0.69953301386736699  0.71100792351274367  0.71966883250818781  0.72712041033713071
  0.73433105152359401  0.74172146364634683  0.75025812069943398  0.75917204063377119
  0.76867150168879395  0.77773956302809910  0.78651739370563867  0.79515148549549097
  0.80445896849755660  0.81411385642996648  0.82433535695189175  0.83432453392561601
  0.84436225622525130  0.85391618703972416  0.86337191341151942  0.87272872197027762
  0.88129183653780685  0.88982075187206366  0.89827156814333919  0.90699074433951243
  0.91589752963252025  0.92438849786345823  0.93252312934921355  0.94078500103314522
  0.94929700679858331  0.95807088208950686  0.96589160273645358  0.97366461011559569
  0.98029955855183215  0.98689207068089257  0.99329376751608622  1.00000000000000000
 -0.00266688467696757  0.01188619070266320  0.02509924792849558  0.04037515796470377
  0.05115729143399856  0.06180867772010734  0.07195554455623394  0.08162516149360655
  0.09069229406982940  0.09980660859211887  0.10960943628723012  0.11998433233547602
  0.13055809403152666  0.14049381264140795  0.15039059531926649  0.16100187569057473
  0.17275614066240350  0.18469562753024371  0.19615711591588234  0.20705251934868169
  0.21763397556054001  0.22750732704347526  0.23628725489335303  0.24437711261705958
  0.25292445754589532  0.26222093485662679  0.27217879063438249  0.28202806309094647
  0.29156972929219388  0.30188139172390049  0.31261685793528915  0.32556180507875748
  0.33698557941973362  0.34761127261283986  0.35819930986926657  0.36686106604930435
  0.37686421398437014  0.38693066931039982  0.39727290477614907  0.40736741136730870
  0.41750014118921763  0.42819532404255434  0.43962794624841872  0.45157300300845032
  0.46343790776344429  0.47436300914487117  0.48443327935861946  0.49427421169944757
  0.50481897950302823  0.51598488708795531  0.52707304589150772  0.53717727437473062
  0.54827000013089666  0.55977249504375648  0.57123028054063041  0.58181756271890928
  0.59231034343288957  0.60216086342381769  0.61221100096546854  0.62283433733718208
  0.63539142043694341  0.64798763560095574  0.66024391887409861  0.67195376541395024
  0.68318425960662044  0.69277373188707347  0.70309420286688873  0.71354799634014199
  0.72441348501067793  0.73434937051542937  0.74415020897324313  0.75418418961578504
  0.76467584994003013  0.77523489159648151  0.78549716751705623  0.79543546054923264
  0.80555244993405029  0.81584775074491256  0.82540637521356097  0.83429636753325498
  0.84318417466501927  0.85241162497313949  0.86228505750459505  0.87330806250094517
  0.88532735826378983  0.89726973498678553  0.90772910197737156  0.91822901258562417
  0.92839012077227323  0.93888617463083002  0.94934055846303178  0.95974231984413216
  0.97040200581815450  0.98047310296218693  0.99015604733183971  1.00000000000000000
 -0.00201672132541276  0.00925395881499388  0.01971828727740427  0.03171430789598065
  0.04323585567382525  0.05419955965269904  0.06605826194551881  0.07933798357969971
  0.09252116838791972  0.10564468266701482  0.11917777212113520  0.13170719845818529
  0.14387879977350512  0.15467219663068024  0.16603768606692704  0.17798607021215274
  0.18857160297104142  0.19821830095891776  0.20723369446934448  0.21697952754669023
  0.22727050813653002  0.23681551800835920  0.24666951487618419  0.25647255436183380
  0.26605396280470067  0.27624296910133456  0.28597403152410555  0.29634457055313818
  0.30486934325310117  0.31301706839694166  0.32110406332876734  0.33007230748087291
  0.34002259502774784  0.35029778289837726  0.36069791718192190  0.37137792367553613
  0.38260192158538847  0.39367437704080771  0.40522376089928325  0.41584663204509792
  0.42470958756517552  0.43285353578628694  0.44146966389979603  0.45079156151661748
  0.45978610573939993  0.46836789480448815  0.47795893329002970  0.48971596030164849
  0.50207961161847525  0.51285969699312872  0.52209915523879946  0.53069434946433425
  0.53926420298781330  0.54886881229910611  0.55991295753676085  0.57123557936291858
  0.58241533701983661  0.59394892920248410  0.60558434730347455  0.61591601651739558
  0.62478164430105765  0.63307014393470973  0.64134166365472856  0.65051170448791718
  0.65996399138386141  0.66988579586351960  0.68023199111754828  0.69174139594271655
  0.70389044111885968  0.71408574631849764  0.72405904095558160  0.73267737604782845
  0.74114745600271825  0.74951998003694187  0.75762750184840277  0.76629034981840582
  0.77565484967562681  0.78520127579408727  0.79514230798353547  0.80459260953722789
  0.81423676800680700  0.82420023836170719  0.83409148967037328  0.84386576218624132
  0.85368427328886365  0.86448160857914036  0.87640769683642650  0.88818274709682066
  0.89996095217570615  0.91321192814379115  0.92711464529395393  0.94165447548662096
  0.95617187920108793  0.97159019158754401  0.98642844907083149  1.00000000000000000
 -0.00285008507260885  0.01171406458490399  0.02350526952669535  0.03508561740437731
  0.04623800830192362  0.05771881675127041  0.07098106401746232  0.08462611254707308
  0.09741359549746717  0.10814278731360243  0.11741407219617286  0.12677439381074884
  0.13598391302197355  0.14576770694376812  0.15616645268899554  0.16752491712971290
  0.17865802731029842  0.18812362133802368  0.19702319277222721  0.20540699116726216
  0.21543572121470783  0.22586995251850198  0.23699134920247103  0.24856777572136557
  0.25903625480791359  0.26717269428114160  0.27503502002438890  0.28252499612664556
  0.29191940520188564  0.30161952586440272  0.31176663860599119  0.32230669100120790
  0.33162362375343446  0.34086873861985428  0.35034230403996475  0.36027318014377524
  0.36902254242736748  0.37710933314211476  0.38513075989021350  0.39428051412314002
  0.40454190206802171  0.41437393218823421  0.42383402335248627  0.43413161012090828
  0.44498217316741817  0.45747474150051748  0.46988749525395146  0.48302640827676602
  0.49723412722571020  0.51042820891890006  0.52253835654718916  0.53377563122863059
  0.54459162830096985  0.55492729133002405  0.56521615163556072  0.57549433260132343
  0.58478156517573587  0.59386981302785835  0.60413231031852166  0.61573727876381179
  0.62835226046702664  0.64052033339070791  0.65213466753576421  0.66274186609211894
  0.67276351810521051  0.68195234796616533  0.69199216095447924  0.70256599203830050
  0.71312907625134747  0.72324606104226929  0.73310743826725189  0.74357282485931864
  0.75457034944867296  0.76605004193306026  0.77767425833878867  0.78932101381739295
  0.79999522297109460  0.81073208410728259  0.82184135570190575  0.83344081052386620
  0.84414921668924814  0.85415474782438849  0.86394471315723009  0.87395920318287457
  0.88445221731731816  0.89468288750576619  0.90597773044113805  0.91752922001692638
  0.92918823745445367  0.93934519176733267  0.94958448504103121  0.95994146375594713
  0.96998218304980699  0.97949560884726339  0.98977898180809787  1.00000000000000000
 -0.00099649727641265  0.00539616277506314  0.01169819788498795  0.01748385193738605
  0.02304501797453569  0.02865863224113932  0.03420446963857576  0.04080997746068952
  0.04897005373982301  0.05812579605707231  0.06762774893810658  0.07669453944409566
  0.08469593968198949  0.09250969703977327  0.09991890817566000  0.10698368308572212
  0.11302774273685509  0.11997476586464556  0.12700041073523596  0.13477238789821541
  0.14300534216179370  0.15219724429050763  0.16109616977960392  0.17033357131899707
  0.18056617829284818  0.19007437938163366  0.19902975341834589  0.20778147921042484
  0.21683752293040814  0.22567382356403903  0.23409160273453578  0.24248552759664552
  0.25100164336386810  0.26030262353852823  0.27104747566781656  0.28218187725428900
  0.29333465558032867  0.30424588289085253  0.31602497672739921  0.32910710830184653
  0.34192252160568293  0.35382626977238663  0.36456989955066815  0.37548136956294409
  0.38686745337972817  0.39843044737569067  0.40989193583962347  0.42170898677474533
  0.43442978456498743  0.44789307615549728  0.46176072465280371  0.47540517493025580
  0.48870141270320394  0.50128078464213521  0.51331978412309875  0.52450287552527497
  0.53567253111162394  0.54661649071251228  0.55803623861761709  0.56995882977530754
  0.58268059455478849  0.59540719044034185  0.60785454145155937  0.62107731097268115
  0.63576274000813648  0.65006551851214645  0.66261384169185011  0.67461612042210728
  0.68676728890213479  0.69916530158333490  0.71322771931603168  0.72724652827135250
  0.74015720120594963  0.75207691483293260  0.76337417769397309  0.77485955316534949
  0.78600677913118622  0.79772630183454851  0.81004525798358851  0.82264583405989899
  0.83618528522274305  0.84905130549921903  0.86050300490853648  0.87015407308706638
  0.87977720542854931  0.88956300954964018  0.89995492749450168  0.91187929902068721
  0.92501797348120984  0.93860439507952920  0.95043975904180233  0.96056125807722026
  0.96998733954956762  0.97931685580624039  0.98938137759975908  1.00000000000000000
 -0.00207123592885001  0.00934005177356708  0.01915185800095824  0.02912334772669785
  0.03968447135520851  0.05000217496771040  0.05941412955178437  0.06859594954443157
  0.07779835923504384  0.08744387713475599  0.09838178263906863  0.10948082793072635
  0.12107422701591913  0.13187577405532580  0.14170020961580498  0.15126746256821574
  0.16109884844482714  0.17316888246762391  0.18533198587469973  0.19769105366053244
  0.20833635175011239  0.21862694646401606  0.22847945468758776  0.23790687805548275
  0.24629267667979080  0.25447176714403658  0.26276347182095461  0.27097178763286456
  0.28036516473992729  0.28923647826710219  0.29956232189977267  0.31012305656676681
  0.32103204136867536  0.33242457382826468  0.34347622310784387  0.35450854170200902
  0.36465878266426877  0.37472029915097388  0.38489984513137315  0.39564744582676964
  0.40698722026387363  0.41893277509180565  0.43046791627575032  0.44213523007445527
  0.45311352863482629  0.46388578340615710  0.47395213536649472  0.48306884435078634
  0.49253848983762250  0.50267041658008271  0.51278216795323506  0.52313164241577725
  0.53268370664415465  0.54331427231461349  0.55356342298744565  0.56461069724794033
  0.57388832017246816  0.58396788073997818  0.59440659850422906  0.60645459254950806
  0.61868427135472626  0.63010180399726357  0.64051117476706243  0.65103921791894792
  0.66185245124856451  0.67267575901797638  0.68315873087197099  0.69497015821661901
  0.70818023451951595  0.72094852449442870  0.73267580981527036  0.74380282606910275
  0.75485129846293531  0.76636533745045998  0.77800673513256013  0.78917907927392827
  0.80001682262427165  0.81018398847163808  0.82023995961928131  0.83039229232571998
  0.84060713160847267  0.85041550228672547  0.86046365306117012  0.87110390588454556
  0.88275700542867519  0.89415542733929321  0.90541337155713497  0.91711997298762749
  0.93033657970655692  0.93935766045040825  0.94820188848585263  0.95697280444623378
  0.96666143263712956  0.97810828393573357  0.98940110560798200  1.00000000000000000
 -0.00300818966348851  0.01075508563177979  0.02276972391467862  0.03595430236546538
  0.04642815237675828  0.05631900458659256  0.06563229711464855  0.07565778900447490
  0.08532669682965527  0.09500297140895879  0.10533181722138969  0.11657327356912404
  0.12754484715551109  0.13790028986651262  0.14894691005002572  0.16166765315638773
  0.17434354797419502  0.18498983928632279  0.19468877872112936  0.20449622381309607
  0.21407004638255503  0.22397715804715948  0.23405344726712765  0.24453398833163614
  0.25645767069213149  0.26977210443389199  0.28169336294368491  0.29258128240737563
  0.30380258564147283  0.31491260473385074  0.32471483560414444  0.33380177150368290
  0.34337677904233266  0.35360662449662250  0.36361462958487961  0.37309068425801123
  0.38022980059059958  0.38740652228348332  0.39469713084704855  0.40297181117704189
  0.41331716975599997  0.42418797170573991  0.43412531053769982  0.44403379626342016
  0.45525717215729899  0.46719857575401907  0.47875267301175611  0.49020846302158932
  0.50143290614193903  0.51142962706521267  0.52139538633146520  0.53162970856670011
  0.54325362669036292  0.55521994023227361  0.56643435995593716  0.57770021315557252
  0.58926454700737896  0.60153602412468488  0.61322225573115219  0.62493250223372954
  0.63615015054457336  0.64703053391857246  0.65785072265792655  0.67027197763847179
  0.68331566733760318  0.69520247112447731  0.70537262694178660  0.71673744226884994
  0.72735528092780322  0.73763813808615242  0.74715780410521782  0.75684291704223849
  0.76685582689553367  0.77665837990089426  0.78651142367030025  0.79578314873141565
  0.80431570316769752  0.81301778716649598  0.82184755698342582  0.83116999382656598
  0.83949294426888221  0.84781328210563056  0.85651651499553627  0.86545559098638936
  0.87472158855429150  0.88431949846154057  0.89484769616454518  0.90577429095978823
  0.91764719729162558  0.93003863174050161  0.94187438721009709  0.95357889899129156
  0.96595630901575547  0.97791059218605680  0.98901923790464341  1.00000000000000000
  0.54804780187547775  0.60170162462180465  0.64419657050449708  0.67757083548524644
  0.69603652392127091  0.71240052255251640  0.72403186298209499  0.73301858365696471
  0.74139222286816386  0.74925320105547477  0.75648683305917597  0.76354179389616517
  0.77023088557852692  0.77636173101948669  0.78277888854029809  0.78984660850920674
  0.79658675938354861  0.80277861824513730  0.80809152507626980  0.81295109822696965
  0.81734802025257192  0.82217519653976845  0.82659338431955187  0.83089152594175963
  0.83492336915520293  0.83873579111487528  0.84227572273246554  0.84575722606200576
  0.84937421420955350  0.85312531701704863  0.85664609389126467  0.85999890312232952
  0.86312144154901271  0.86605539222837324  0.86888419147577811  0.87173008204549984
  0.87469568841469947  0.87774431505875905  0.88078302814075238  0.88374894379133084
  0.88639077580757308  0.88895218178715552  0.89152841878337685  0.89397768615842033
  0.89661638019142376  0.89909217446566359  0.90153048011539094  0.90399587638919254
  0.90654608464005015  0.90918816373807176  0.91180960629438990  0.91437224706494902
  0.91649688138212415  0.91851766648691202  0.92042567785857443  0.92233941419909948
  0.92436707902438164  0.92653699261868017  0.92888520150924381  0.93121815360629634
  0.93338303836498138  0.93546636580965925  0.93743117142209154  0.93939403163413715
  0.94135979936768388  0.94328735379799877  0.94512466452213451  0.94688340054998121
  0.94861134533364744  0.95034413967044018  0.95207818932880228  0.95391235148859310
  0.95565521076093818  0.95732444599332955  0.95892571421374240  0.96048549393348548
  0.96204511259085435  0.96354575680599053  0.96505796798899690  0.96656526504060358
  0.96811505028070410  0.96984291482284823  0.97154329016930230  0.97324621024568414
  0.97490444365832540  0.97660945418078959  0.97842008015933546  0.98028617698237697
  0.98237182843380577  0.98460593105035454  0.98678527749891487  0.98897896837939092
  0.99093312713411608  0.99313885564523952  0.99574659737726912  1.00000000000000000
  0.00106721007701155  0.15637704941106506  0.17674076235499495  0.19391526606576373
  0.20889116516368089  0.22384294651078349  0.23658939489512859  0.24775274979517645
  0.25762362308937248  0.26752543896223541  0.27638329776927334  0.28463137477117306
  0.29229281636236765  0.30039510472415998  0.30918215987196845  0.31734682839306588
  0.32520700064040536  0.33233043741353452  0.33889076015414743  0.34523049458088667
  0.35129828421342396  0.35661090291926206  0.36166585118123989  0.36680024491335012
  0.37256933691288724  0.37880322553937462  0.38536171066268032  0.39164778941559086
  0.39721059298766842  0.40242331435730194  0.40748576331143188  0.41262337712726121
  0.41806293750940737  0.42328628607092156  0.42884833379584120  0.43465089330362344
  0.44069016714350534  0.44652440372065466  0.45192088415119741  0.45705926270684910
  0.46228283090298222  0.46786023127147730  0.47369784607135318  0.47951955520735695
  0.48521507769594918  0.49058212632241588  0.49597337508818401  0.50142601305479095
  0.50669774331596373  0.51197719654844975  0.51710131693421868  0.52216358037900612
  0.52681983057163173  0.53137574961570466  0.53612502884755275  0.54076271072735149
  0.54567952383522766  0.55115322757660379  0.55663031755982051  0.56196764913120056
  0.56724237161557067  0.57267498926714089  0.57806138779170568  0.58389971724919587
  0.58991052890732831  0.59586561390587056  0.60154659989255566  0.60734734126653744
  0.61339681822855663  0.61966398241175669  0.62589173888342864  0.63202407035202990
  0.63776537709843273  0.64368557354791334  0.64964012766956392  0.65561784356667507
  0.66174342662958052  0.66802387319464729  0.67506205882727144  0.68248413604327840
  0.68886379960371658  0.69559803603837300  0.70234476531757517  0.70965787979426220
  0.71792366872266866  0.72627242044556806  0.73441080095061295  0.74266777303139420
  0.75089966495234794  0.76045201695071529  0.77188080611213472  0.78589902574310666
  0.80281020367389322  0.82475385164684911  0.84831517681199919  1.00000000000000000
   5.7326776807485460E-010  -1.0000000000000000     
 F F F F F F F F F F F F F F F F F F F F F F F F F F F F F F F F F F F F F F F F F F F F F F F F F F F F F F F F F F F F F F F F F F F F F F F F F F F F F F F F F F F F F F F F F F F F F F F F F F F F F F F F F F F F F F F F F F F F F F F F F F F F F F F F F F F F F F F F F F F F F F F F F F F F F F F F F F F F F F F F F F F F F F F F F F F F F F F F F F F F F F F F F F F F F F F F F F F F F F F F F F F F F F F F F F F F F F F F F F F F F F F F F F F F F F F F F F F F F F F F F F F F F F F F F F F F F F F F F F F F F F F F F F F F F F F F F F F F F F F F F F F F F F F F F F F F F F F F F F F F F F F F F F F F F F F F F F F F F F F F F F F F F F F F F F F F F F F F F F F F F F F F F F F F F F F F F F F F F F F F F F F F F F F F F F F F F F F F F F F F F F F F F F F F F F F F F F F F F F F F F F F F F F F F F F F F F F F F F F F F F F F F F F F F F F F F F F F F F F F F F F F F F F F F F F F F F F F F F F F F F F F F F F F F F F F F F F F F F F F F F F F F F F F F F F F F F F F F F F F F F F F F F F F F F F F F
  <DiscreteSampler_grid>
  grouped_processes
  1 # 1 for a reference and 2 for a running grid.
  10 # Attribute 'min_bin_probing_points' of the grid.
  1 # Attribute 'grid_mode' of the grid. 1=='default',2=='initialization'
  0.0000000000000000 # Attribute 'small_contrib_threshold' of the grid.
  0.5000000000000000 # Attribute 'damping_power' of the grid.
 # binID   n_entries weight   weight_sqr   abs_weight
    13   10   1.221428423123887E-007   3.404097528591939E-014   1.221428423123887E-007
    16   10   1.221428423123887E-007   3.404097528591939E-014   1.221428423123887E-007
    22   10   2.087666051865163E-007   2.226583146107662E-013   2.087666051865163E-007
    25   10   2.087666051865163E-007   2.226583146107662E-013   2.087666051865163E-007
  </DiscreteSampler_grid>
