  0.00263328859910726  0.01415555784277743  0.02677476736541503  0.03802048894669521
  0.04893466307882324  0.06008905629594683  0.07134886489733437  0.08262265655403449
  0.09334943224859096  0.10362933484588818  0.11371171694739043  0.12378512772984367
  0.13401899501528722  0.14471476467713779  0.15546706922983014  0.16624187797705056
  0.17674487740819181  0.18741091369818758  0.19833020195614409  0.20951082918580413
  0.22013209756209789  0.23024415988108257  0.24048643765639510  0.25114036802147971
  0.26196325329757159  0.27254786531513497  0.28287991073536001  0.29317738900871237
  0.30342080263005028  0.31367878553584327  0.32402522999814798  0.33452000005291521
  0.34518559591112952  0.35600472065671518  0.36677938987859082  0.37753133579832848
  0.38838155473421943  0.39950703276973099  0.41043366376953844  0.42098560451709838
  0.43141487609957041  0.44222781426228458  0.45315794430860507  0.46369200682541872
  0.47413088530518382  0.48466435499606586  0.49529913680020227  0.50567875786856098
  0.51588386037485734  0.52631619475733227  0.53724363044489143  0.54840835125737908
  0.55936710263155776  0.57000575032408807  0.58054454755674756  0.59115090743657339
  0.60175500901045509  0.61235008041396388  0.62309708772766237  0.63403725838386871
  0.64514181283414629  0.65625634430178648  0.66713063544290441  0.67773547868124095
  0.68816718822452694  0.69847704035022906  0.70866708634231546  0.71886392813300315
  0.72921673166721190  0.73981955996381799  0.75042715018519424  0.76083961274888567
  0.77109721696618228  0.78151051995378518  0.79217548471736310  0.80302165000302850
  0.81414239677089995  0.82532115504822090  0.83623624830003918  0.84664887599583261
  0.85677922599167111  0.86692988449955966  0.87720798664784638  0.88764500159514104
  0.89838349308324428  0.90908769396427669  0.91972585988511790  0.92993752938545726
  0.93963717931925483  0.94888295206496631  0.95800879506072378  0.96706296278888215
  0.97631528040663607  0.98485678371788266  0.99283819187525302  1.00000000000000000
  0.00258327805014764  0.01425284254814850  0.02607466228104471  0.03736052076360340
  0.04815791926010628  0.05913201437628147  0.07029093181138002  0.08125740175672796
  0.09214514286596863  0.10306736384515916  0.11388975604400174  0.12461542021921392
  0.13520266098548797  0.14610787453753973  0.15716773546429350  0.16799692402993832
  0.17864077732272424  0.18916050229401740  0.19974307384515380  0.21032488522776879
  0.22080831709964921  0.23119991386343830  0.24145646364554171  0.25177552167558143
  0.26199030571269766  0.27196401483379368  0.28191256473601062  0.29218719848463737
  0.30298565658091792  0.31377301673385027  0.32442452958923063  0.33505445191683569
  0.34568541586350737  0.35616554876785578  0.36677405348417197  0.37778076440369496
  0.38933159419236379  0.40095442550057925  0.41243337883531289  0.42372532791226575
  0.43464873398871212  0.44556246414855477  0.45582737840907400  0.46625796612860565
  0.47673340783255036  0.48766974254289075  0.49867239240750771  0.50992869330245094
  0.52126635506303232  0.53254749982038385  0.54330517316879456  0.55344696335634336
  0.56324854147034897  0.57302796467134931  0.58264754546588060  0.59231402552318857
  0.60187552184654891  0.61177054725146007  0.62158663615410159  0.63197747363464796
  0.64258734519992367  0.65321184534460830  0.66354233132568330  0.67342429812603211
  0.68341001137101476  0.69341528037813127  0.70390950784884998  0.71441249287843411
  0.72508652875564394  0.73514804131720146  0.74510306826818573  0.75494228303464839
  0.76520490586758538  0.77591921279466569  0.78646877344461019  0.79708323093532718
  0.80704904141948708  0.81739983677676509  0.82731485433976748  0.83761560504537047
  0.84758257930313130  0.85773704155533970  0.86814726608097037  0.87877141035088302
  0.88941176331380212  0.89962343378233200  0.90941787444314426  0.91943367443053048
  0.92942722968979918  0.93969193869972123  0.95015791868962984  0.96081545908564414
  0.97124019785537241  0.98106050815675061  0.99048442010349280  1.00000000000000000
  0.00000387795511573  0.00000395123052398  0.00000404453084372  0.00000418946862638
  0.00000432780867812  0.00000448403754710  0.00000466749963639  0.00000486468933733
  0.00000506576602592  0.00000528098572911  0.00000550573846910  0.00000573750959731
  0.00000597919694935  0.00000623643020514  0.00000650001765001  0.00000677249316490
  0.00000706104011021  0.00000736634762491  0.00000768568336676  0.00000801001922178
  0.00000834269349872  0.00000868701525666  0.00000904720074718  0.00000942895195943
  0.00000983621547404  0.00001026164223679  0.00001070096395941  0.00001116465802224
  0.00001163606929192  0.00001213113756003  0.00001265882568143  0.00001320839386120
  0.00001376390432759  0.00001432523165379  0.00001491341166189  0.00001554810543394
  0.00001621435160334  0.00001691474906481  0.00001769512354139  0.00001846472777065
  0.00001927062468271  0.00002011981578804  0.00002100552226519  0.00002192794205221
  0.00002290074967839  0.00002394281235456  0.00002502553044485  0.00002613142980574
  0.00002738234546827  0.00002867635134874  0.00003010332866276  0.00003162290423700
  0.00003324738821361  0.00003495379721610  0.00003676349153538  0.00003868446752028
  0.00004071807900051  0.00004284682455261  0.00004510561404138  0.00004756905791649
  0.00005028341034123  0.00005326129473400  0.00005652060580955  0.00006013970795714
  0.00006410784572816  0.00006847646633477  0.00007340790710536  0.00007888938613049
  0.00008509652268257  0.00009202354557601  0.00009992057862092  0.00010893166970624
  0.00011932434157667  0.00013112790200257  0.00014517498344856  0.00016141349951176
  0.00017966232519201  0.00020187090783579  0.00022946268583779  0.00026236129535692
  0.00029992549060230  0.00034572405635925  0.00040405444426197  0.00048483069041309
  0.00058169737881065  0.00070964742743077  0.00089532442147030  0.00116896473493285
  0.00153228394256522  0.00203109767916440  0.00288709115167527  0.00411755391751619
  0.00630695751123021  0.01535727409136526  0.09423412261690545  1.00000000000000000
  0.00000544595012221  0.00000660664289564  0.00000682688022497  0.00000762902301600
  0.00000830830106037  0.00000889801351010  0.00000944984177690  0.00001004146794829
  0.00001075069311727  0.00001151033399067  0.00001227308973077  0.00001305681381034
  0.00001383980735865  0.00001454523889529  0.00001526430743511  0.00001600131605745
  0.00001678535379049  0.00001762108526443  0.00001847819208549  0.00001942647324661
  0.00002048319072448  0.00002161709371105  0.00002285339849801  0.00002424810469481
  0.00002585532035197  0.00002765675704366  0.00002956973893529  0.00003159119125733
  0.00003372889767334  0.00003600336695709  0.00003858645739488  0.00004155651963260
  0.00004489206328589  0.00004871312865994  0.00005309151143097  0.00005814552604288
  0.00006425277102157  0.00007127738209514  0.00007916149467107  0.00008807606929853
  0.00009821250750188  0.00010965034481198  0.00012265845402216  0.00013695530016385
  0.00015293627820347  0.00017049365151090  0.00018985810085323  0.00021139271683147
  0.00023430320385371  0.00025916414321207  0.00028565832385535  0.00031441177137471
  0.00034540265157665  0.00037864796170995  0.00041374137711102  0.00045028172247209
  0.00048963225611028  0.00053296265689895  0.00058021328180856  0.00063023659328731
  0.00068100472731748  0.00073351662206525  0.00079010759282317  0.00085129578583540
  0.00092202210659143  0.00099632570710078  0.00107995745049041  0.00117433720656628
  0.00127927420301053  0.00138685122686052  0.00150090731522717  0.00161845625211522
  0.00175677452724077  0.00192290553102773  0.00208581481678809  0.00226793514523170
  0.00246884191779832  0.00270867265578312  0.00296391392608970  0.00320125052737384
  0.00342422660334308  0.00366457292622888  0.00392549555813421  0.00428121067978469
  0.00473841274791497  0.00534833103610342  0.00585711818060424  0.00638272038208406
  0.00692276207229321  0.00753089233965694  0.00774092988141364  0.00795096742317034
  0.00819389648964906  0.00843794292656117  0.05210228574963171  1.00000000000000000
  0.00000778935856010  0.00000837997503992  0.00000889556339240  0.00000938357514540
  0.00000994910661929  0.00001064480865591  0.00001136063207845  0.00001215892763982
  0.00001301512566687  0.00001390554856729  0.00001481271391131  0.00001574631598542
  0.00001672116186514  0.00001776116512569  0.00001888532750388  0.00002007314326449
  0.00002131774621598  0.00002263544548217  0.00002407152016361  0.00002564452368913
  0.00002732814673319  0.00002910087777334  0.00003099877379829  0.00003303474747327
  0.00003515675409933  0.00003737930418029  0.00003974907303621  0.00004222277184141
  0.00004499054096022  0.00004789937304383  0.00005113545869338  0.00005461137740228
  0.00005829008658293  0.00006224096704188  0.00006640594811037  0.00007093440368130
  0.00007591399290198  0.00008117079972905  0.00008676251213332  0.00009290964347057
  0.00009960605466194  0.00010684743642511  0.00011453437641620  0.00012254006956344
  0.00013093236434735  0.00013963279722263  0.00014876474481715  0.00015836649504058
  0.00016869895892174  0.00018010254233506  0.00019235384541061  0.00020523864471117
  0.00021877641406381  0.00023320752923254  0.00024898912510501  0.00026646172444818
  0.00028572504189139  0.00030675842385493  0.00032894464547390  0.00035267357067404
  0.00037900409576422  0.00040824538623107  0.00043991904270827  0.00047291684365804
  0.00050769296866945  0.00054546567132937  0.00058848856715759  0.00063736531971420
  0.00069004349439618  0.00074450687027552  0.00080394668298548  0.00086857406794580
  0.00094114128289015  0.00101975077544290  0.00110445961823781  0.00119688291768416
  0.00129995330321205  0.00141150562561833  0.00152946091078186  0.00165511572216388
  0.00178740661786263  0.00193054291944356  0.00210115809455816  0.00229744717447825
  0.00251877589080249  0.00276355197788406  0.00305828813176875  0.00343715932779884
  0.00386533822256738  0.00441573287559790  0.00506991222846195  0.00594259109091511
  0.00718301150977766  0.00858152221219519  0.06148641329015104  1.00000000000000000
 -0.00219173505434436  0.00932437774055556  0.01949591705145488  0.02953407543033449
  0.03994279663539883  0.04959187774276037  0.05916825432409969  0.06910444592406129
  0.07955423994616248  0.09054353728065288  0.10131710536110294  0.11261115596533174
  0.12213487318955815  0.13188711577411419  0.14119620476229236  0.15106881625948815
  0.16121142068437311  0.17145566266191814  0.18192615329602946  0.19232433976659460
  0.20246984198665155  0.21270787252213039  0.22275787972589051  0.23292966167775120
  0.24297882006248905  0.25303079262825051  0.26311184144797412  0.27308269374218991
  0.28310470665749837  0.29313573464712495  0.30309794970093645  0.31303808194307470
  0.32296489546988616  0.33316336089208759  0.34357740935943964  0.35412350766277023
  0.36475818155930839  0.37521200494868001  0.38535234531718759  0.39550979224398247
  0.40565055807622458  0.41596712883508513  0.42606247257364349  0.43599659560598536
  0.44574893315773206  0.45559178149923985  0.46564930179103536  0.47602557257755429
  0.48656221681948658  0.49687032156511352  0.50709294988202436  0.51718594328913137
  0.52758394390016461  0.53788076659669048  0.54797672230964900  0.55802132606602139
  0.56826228457583061  0.57866206358732919  0.58900254283193898  0.59886720795251136
  0.60853265519037991  0.61822159977863589  0.62790402235413256  0.63825343717730587
  0.64892952501776757  0.65998320858447379  0.67121384866040612  0.68230202535292783
  0.69342339929193686  0.70440984834949383  0.71511130472045514  0.72569077475039201
  0.73635437184175467  0.74750260043873129  0.75878027391024194  0.76954004491608874
  0.78000734102933345  0.79059319430912833  0.80177190485736782  0.81356633709145287
  0.82567248005046623  0.83791209107453579  0.84989223771745992  0.86173221654474497
  0.87324357529283803  0.88443945820761449  0.89527340547693501  0.90658651400505685
  0.91786560125781780  0.92939973780826579  0.94117411953935637  0.95327290926631902
  0.96458230122832167  0.97590696965263546  0.98751057656315555  1.00000000000000000
 -0.00224823540566831  0.00893435407705891  0.01923898344134484  0.03001384535371414
  0.04079305105700322  0.05117088835472457  0.06168065990751238  0.07173817023054377
  0.08195432032217156  0.09233428653939513  0.10275634752205200  0.11302991281862441
  0.12320992075110225  0.13346703605585861  0.14362180841715774  0.15379022266811002
  0.16421684951209975  0.17488008997013418  0.18560197432398823  0.19606219860415519
  0.20690975615521434  0.21797852709967977  0.22911569454381403  0.24005347587974588
  0.25113272648489365  0.26149344087298854  0.27110945121287006  0.28098228673032555
  0.29123411140021038  0.30251697150202961  0.31352319004937579  0.32433233089441760
  0.33528287540520951  0.34599086461399869  0.35669679354834449  0.36714848557131941
  0.37763698960527642  0.38872404062480931  0.39946592743488291  0.41049375195317572
  0.42110505239513318  0.43156358357674179  0.44195886188222844  0.45244578846249039
  0.46319592674152626  0.47339668185832912  0.48350211383036257  0.49371462790748477
  0.50367849638083750  0.51437858184963103  0.52495564962312191  0.53601930146635868
  0.54717254112799207  0.55868529096894248  0.57048998933816897  0.58145313900739026
  0.59198071883294834  0.60216671566402380  0.61245339489415640  0.62284393759971535
  0.63315560858340147  0.64348454286382406  0.65408422060149085  0.66465680050249087
  0.67481142010114137  0.68475599321000935  0.69492883728674559  0.70485954267460893
  0.71476899478533495  0.72483537970954359  0.73561412620864663  0.74664217517014231
  0.75755546052090894  0.76830618169618436  0.77902553753655623  0.78949377431460055
  0.80019909612167994  0.81083634028297591  0.82113808844578928  0.83142297960596712
  0.84164724607747210  0.85216894666637089  0.86285327124310796  0.87316166691674280
  0.88317120342955946  0.89316939388727845  0.90346643008149741  0.91450939547585930
  0.92568170603791411  0.93675302973942232  0.94730204672398088  0.95758787103382836
  0.96776591632743902  0.97830034907577190  0.98914426462190852  1.00000000000000000
 -0.00248369135574187  0.00946848824581008  0.01925264244549005  0.02899096276415766
  0.03884320732890043  0.04896623811576835  0.05957934815532837  0.07029535708854925
  0.08055219001977285  0.09083993859546219  0.10130365999302478  0.11215509155802593
  0.12283197399467666  0.13409618163154566  0.14530979210449749  0.15640470748378840
  0.16733297608467476  0.17881280767114116  0.18997904639532598  0.20030841366493182
  0.21048740653335524  0.22064608016466891  0.23083806804252358  0.24045396619556278
  0.24971526178361661  0.25922166167570154  0.26884669579755344  0.27854558845502037
  0.28802114754354785  0.29752180393612210  0.30760941617836363  0.31809072831421775
  0.32865810384794386  0.33897453575180592  0.34938540489172987  0.35958404210840939
  0.36975499340997997  0.37956903300232081  0.38959850258595213  0.39936021289315304
  0.40930964953203425  0.41917875285062561  0.42899887029165834  0.43874479708024594
  0.44858480440397691  0.45868091971259106  0.46895457194618795  0.47910639800375954
  0.48943581467178787  0.49937628100313430  0.50949182505417878  0.51956190434596117
  0.52977917966730859  0.54014253247480304  0.55054354471583278  0.56093734524259975
  0.57140003340825773  0.58204140408001293  0.59263968677469392  0.60297091397289027
  0.61308621689501364  0.62323030075870423  0.63327183253534491  0.64321074305371728
  0.65327163492741214  0.66339805527936624  0.67368089139968113  0.68407152428966667
  0.69438938769787051  0.70469378616605338  0.71501165991882354  0.72582840317225816
  0.73696444943774342  0.74789328463173366  0.75845779833084015  0.76871972628155094
  0.77886568676724088  0.78955287583619571  0.80060890445083932  0.81164598823030376
  0.82239898623888819  0.83331728259663118  0.84446367557223811  0.85558932674100063
  0.86690916117952099  0.87862537500018489  0.89083206951681015  0.90348845603843375
  0.91626257911046360  0.92930890545056355  0.94182616596679447  0.95403132108184807
  0.96589733061112859  0.97726572339495255  0.98869626574385927  1.00000000000000000
 -0.00256722343866867  0.00989199456297527  0.02063319108394440  0.03154163229203964
  0.04258787549092278  0.05265001156884534  0.06263220137034987  0.07238052418124984
  0.08293323329542793  0.09367552418537417  0.10471093859786998  0.11547675521699739
  0.12608294158532601  0.13617848405556771  0.14616207820101149  0.15642191953355747
  0.16661898270768366  0.17693571873867014  0.18655749660688670  0.19661983833978230
  0.20694742553966586  0.21820918401524189  0.22965385875318414  0.24050560742036850
  0.25142570057717439  0.26164920814078441  0.27226975665625880  0.28274076882728966
  0.29374372123114734  0.30467923088758264  0.31523451318335033  0.32591472102377267
  0.33618045033767940  0.34650225819155406  0.35701336620072815  0.36791752831238217
  0.37880799042276841  0.38920298110486617  0.39953290903171801  0.40999371753688696
  0.42045283112993154  0.43103960000826896  0.44154335246163301  0.45190126037625988
  0.46232274314827793  0.47281960629766873  0.48345283327817584  0.49393205035304166
  0.50391775826587604  0.51461133653713087  0.52531136550808866  0.53654448367027219
  0.54757747432360437  0.55861840684191966  0.56958287938211805  0.58045925439149371
  0.59136800191132466  0.60196115414712537  0.61254014968876813  0.62276474968751827
  0.63361946268666935  0.64446929201882042  0.65570784742259669  0.66654756830548101
  0.67705206880304658  0.68757585457343140  0.69782470889859494  0.70820205528053060
  0.71867056138489838  0.72958823373826753  0.74070892882516770  0.75164909558374449
  0.76226722753473930  0.77258516663528731  0.78258352834703804  0.79240624659903180
  0.80265647472508617  0.81348973736261998  0.82425595797924989  0.83438849241930479
  0.84443280457919445  0.85433510977194260  0.86474293769294408  0.87526054059721858
  0.88526835630671052  0.89523184152048041  0.90515520009235317  0.91515097200395745
  0.92518972697321822  0.93512124789490803  0.94559569086770623  0.95642471699384912
  0.96729864836992996  0.97848770735066470  0.98919954240877250  1.00000000000000000
 -0.00247429514957690  0.00980338100213097  0.01993705843317631  0.03021097461421208
  0.04047132664155977  0.05122432460156694  0.06195782951914783  0.07280956393854345
  0.08344729070009442  0.09405888120121737  0.10485681879945763  0.11532011717598603
  0.12562905445833900  0.13560568578497437  0.14599035187644793  0.15679199798798310
  0.16782190171929981  0.17863785214730887  0.18922278509785823  0.19953692359100719
  0.21021393463867102  0.22114109271905746  0.23170183673614678  0.24194616447777273
  0.25209685812303106  0.26300645017027280  0.27419380558057344  0.28494885855616431
  0.29532487966086840  0.30559843941984788  0.31627839684487513  0.32734645846353755
  0.33839596656633669  0.34954225053241794  0.36048632513696804  0.37138413562330619
  0.38197503799736543  0.39233359173126936  0.40266399786017054  0.41321082706631757
  0.42404607702767971  0.43484597954448234  0.44526421810096856  0.45547988520227878
  0.46573286941918690  0.47658377617330855  0.48741622294698100  0.49788727297313518
  0.50798817156774767  0.51809633267023347  0.52841894292599356  0.53895559170813068
  0.54957834610352541  0.56074216993556236  0.57200991250848132  0.58313364304808279
  0.59403100917537821  0.60468695639947767  0.61508959782434980  0.62563567554301269
  0.63601569045696771  0.64610634384244159  0.65592429812268804  0.66567461167794806
  0.67599828817265950  0.68635021465001578  0.69651677123103573  0.70683535280279475
  0.71738746600374292  0.72788777193471754  0.73853291879728078  0.74907071958579596
  0.75996900398770650  0.77097499191815855  0.78182104626615345  0.79257608131372237
  0.80309277597684270  0.81337010205029736  0.82344365069734282  0.83361260124215286
  0.84394633130629271  0.85407765848248896  0.86407358801791667  0.87421235078492621
  0.88521583308330098  0.89580962231045913  0.90591396534173718  0.91586157018763137
  0.92591580654993177  0.93655898576426067  0.94707849170728675  0.95750499422621804
  0.96810526283150378  0.97872505539988608  0.98956913641850619  1.00000000000000000
  0.00005709617755416  0.00063701822635033  0.00104879654740482  0.00136806709133386
  0.00164645495135803  0.00191028154659611  0.00216324673160794  0.00241351683795851
  0.00266170039203395  0.00290461308266439  0.00314487032399824  0.00338331249503865
  0.00361633368983643  0.00383972885558049  0.00405733150079879  0.00427637848268240
  0.00449225285961440  0.00470216284878779  0.00490959423246536  0.00511470256097937
  0.00531750539072122  0.00552857824375661  0.00574308148508118  0.00597145335370059
  0.00619348399068458  0.00642084850032816  0.00664430445858558  0.00687109995247443
  0.00710009293168372  0.00732715681523653  0.00754667634496460  0.00776351649155640
  0.00799213494838664  0.00823211109384097  0.00848169013002780  0.00873219145475145
  0.00896887229786421  0.00916167794336127  0.00935084793650068  0.00954470052460996
  0.00975417217450995  0.01000062464401581  0.01025619425158772  0.01052489314092645
  0.01080375078454445  0.01109318849295004  0.01135041990665289  0.01159486125492871
  0.01181782254778533  0.01204061579894625  0.01228593801397461  0.01258351926073647
  0.01289552057535602  0.01318911030029720  0.01344154735741355  0.01365728700947699
  0.01389824308260172  0.01413942404872003  0.01439986869702216  0.01468478951353805
  0.01495578989133146  0.01525078554310336  0.01560345798613084  0.01603219977552288
  0.01645886837109477  0.01688120646220636  0.01714341821102038  0.01745199019702796
  0.01783901428759305  0.01830126384983479  0.01863812719153789  0.01891032294971541
  0.01915541432212986  0.01944092721454887  0.02001071311514838  0.02095375065465342
  0.02175617668515267  0.02234432384299275  0.02291841959874526  0.02339204883488471
  0.02392563188791558  0.02451055411350359  0.02515943913539552  0.02572142382505009
  0.02613047335667205  0.02660344022817653  0.02853881266171393  0.02974623993745482
  0.03026888185844891  0.03098897869932658  0.03405868494519641  0.03741084878589748
  0.04042351278603937  0.04279860780647765  0.11318253287953538  1.00000000000000000
 -0.00241411421236760  0.01042760664739492  0.02131649415979513  0.03286812683720156
  0.04438132389189198  0.05607200595695536  0.06784068363579007  0.07982231473514514
  0.09214023133805467  0.10416434629027187  0.11560795076080708  0.12670968907404376
  0.13791755371129139  0.14922850127132792  0.16020820694575466  0.17095242108217865
  0.18152199156178164  0.19212088307611289  0.20262807853838236  0.21304245056161142
  0.22331881218328387  0.23357244878311875  0.24403244811993008  0.25477647074047061
  0.26572167731265672  0.27662801132519566  0.28719165618711784  0.29730213854059701
  0.30715061982198044  0.31710629155544595  0.32708671029075881  0.33707515963899015
  0.34713043427533985  0.35744039654534798  0.36800764180774698  0.37840049063240760
  0.38833730994447008  0.39784963769046217  0.40734614533679125  0.41704074677543018
  0.42701949604274181  0.43704898433616601  0.44688136753918251  0.45646921311571903
  0.46599938084142883  0.47564007236779482  0.48562574550048965  0.49581954856760052
  0.50557044131890805  0.51516190758418090  0.52460683136671471  0.53465799150955506
  0.54495084218564327  0.55521748316578512  0.56510205158262083  0.57485214067280765
  0.58474476250777740  0.59491412838894575  0.60508221412922081  0.61516044557014127
  0.62507174892671280  0.63526888348715271  0.64560492733600872  0.65601206335967055
  0.66617299278288045  0.67602846521762694  0.68582750221930988  0.69579666891292591
  0.70601864650001345  0.71623622704409107  0.72630255497657004  0.73656673455330424
  0.74713968255098862  0.75786477600574709  0.76865582657397546  0.77954997029609219
  0.79066701478973189  0.80170444177450406  0.81235337308386790  0.82267702522486830
  0.83259962612040439  0.84237485014123747  0.85237885514012246  0.86313013488828139
  0.87467708695601787  0.88626411226083279  0.89792144672402696  0.90923781146841098
  0.92005886805297221  0.93087055037581568  0.94196572877281326  0.95361292680695808
  0.96507260262827077  0.97691071656427231  0.98845836102450046  1.00000000000000000
 -0.00004249325867443  0.00024707878851493  0.00052665566690144  0.00075497339900196
  0.00094228391311023  0.00112030396558763  0.00129537444458151  0.00146676278877671
  0.00163310726955631  0.00179409184167152  0.00195407360441042  0.00211562955295496
  0.00227596034367834  0.00243447576045512  0.00259260245576662  0.00274892663767776
  0.00290119843555862  0.00305058226844566  0.00319741370129679  0.00334655876822880
  0.00349308148163582  0.00363609397116021  0.00378321841880158  0.00392774659856583
  0.00407617101852045  0.00422454696602758  0.00437093625025666  0.00451823788157808
  0.00466778199012276  0.00481161223433220  0.00494833656372597  0.00508359499468200
  0.00522557178504836  0.00535117993031625  0.00548208429975167  0.00560992090710842
  0.00573629244238092  0.00587181576936108  0.00601882512517433  0.00616365879782092
  0.00631036989307861  0.00646040304550928  0.00661400473067568  0.00677737268143329
  0.00691987917939704  0.00704116547015643  0.00715493282319961  0.00727223409482897
  0.00740259933885798  0.00758158286475597  0.00779180021850013  0.00799001356100802
  0.00815344445575941  0.00830029858669784  0.00842829683498879  0.00856896524409514
  0.00872702774960799  0.00884354355177542  0.00896105418349942  0.00909701859092761
  0.00924881028369051  0.00941005710566094  0.00960986846156417  0.00981446246626107
  0.00997629752375057  0.01013371460430883  0.01030652483281288  0.01047620886730213
  0.01067014074216017  0.01088904751425709  0.01114489029900204  0.01144756958002795
  0.01177120533376745  0.01206756589864230  0.01234742488565473  0.01258680462853320
  0.01286137034043492  0.01307282929400978  0.01328509870121349  0.01351103771820399
  0.01376690299461928  0.01395180261052019  0.01423467545114663  0.01460884007862295
  0.01529355333522744  0.01597213018567618  0.01680106344399284  0.01722524979394720
  0.01803546465378021  0.01916435804971096  0.01957920560717250  0.02027811039483569
  0.02095176005996265  0.02192881556759877  0.04439431122695937  1.00000000000000000
 -0.00219298888340078  0.00865747790946927  0.01831708405316169  0.02866921156413034
  0.03921676578905189  0.04987632019389385  0.06051325559947408  0.07116292822394853
  0.08168333517047084  0.09199401525795031  0.10229870057360692  0.11244937976709121
  0.12230156136094374  0.13230860248972204  0.14220567740651990  0.15238549207745422
  0.16260044653844546  0.17320884972617939  0.18404711474942720  0.19498797353638217
  0.20607535380602754  0.21726628826856514  0.22882372139699436  0.24066538857249173
  0.25240898354406255  0.26354427071536513  0.27454025791011444  0.28595949120829722
  0.29748802124599888  0.30909155601655658  0.32063352767012288  0.33180133127329087
  0.34272870636094677  0.35350780217540945  0.36442029998757475  0.37531517847600188
  0.38587882613052960  0.39646862649839154  0.40681566657834639  0.41684176718298666
  0.42663898079822710  0.43624596100867241  0.44598254820576250  0.45579457180015309
  0.46581393363818013  0.47588626692398056  0.48586227560378920  0.49586987426273543
  0.50535817227371860  0.51473119824416769  0.52423836968854909  0.53399152544762252
  0.54393296209094233  0.55386338944234181  0.56455317329447552  0.57519860004061951
  0.58594273197353119  0.59656908358671390  0.60719930285709267  0.61759577177533231
  0.62797694585577191  0.63863388271758559  0.64970777719760653  0.66094563606407775
  0.67231200044471029  0.68350269785337403  0.69448622740466204  0.70539577575570489
  0.71669373881997622  0.72820109187283799  0.73956909575438579  0.75061321555073268
  0.76159705854528015  0.77221145646088030  0.78289686003223347  0.79397018077825599
  0.80600821200408190  0.81780614231732440  0.82874050498584362  0.83950398583447494
  0.84999852051063907  0.86042606742634797  0.87092626077749957  0.88133508948505990
  0.89198300914118867  0.90231020717011590  0.91262333972332810  0.92303586093822854
  0.93264903701428059  0.94235028284153044  0.95153626389997525  0.96079249989718873
  0.97041583918067542  0.97968617981041317  0.98979203210988642  1.00000000000000000
  0.51517014265096628  0.61540564679441301  0.63313896626116006  0.64757391588737778
  0.66089294436492507  0.67252744223197214  0.68301756404095126  0.69336262821623817
  0.70316720513057596  0.71207514604840039  0.72031074348340673  0.72853906203476881
  0.73670941547905233  0.74450231956543256  0.75194888545384042  0.75903584121344680
  0.76574760676617037  0.77216683653900819  0.77830963591934987  0.78428725754328710
  0.79005167747557803  0.79560877598016677  0.80101806126816055  0.80628047044461404
  0.81139529396499666  0.81618915858835606  0.82079116414766962  0.82529709887791913
  0.82976203210649602  0.83424267493737270  0.83840767249120807  0.84257661083728508
  0.84654194850298081  0.85050215812291641  0.85429882148228875  0.85791994796527526
  0.86133841726877414  0.86467804187521458  0.86806123794222145  0.87136694674118909
  0.87457670538270793  0.87759233646543522  0.88052705631230965  0.88351685885719855
  0.88655631585469385  0.88954839909283223  0.89247292180741100  0.89534655911228889
  0.89815239261621715  0.90093666753460733  0.90359652414280167  0.90629308210046711
  0.90896546960723168  0.91160123487365907  0.91413361169284801  0.91659653116712658
  0.91904144086221795  0.92151335091363562  0.92406911892521337  0.92646481800632219
  0.92879743597311870  0.93106228309773398  0.93333895678513690  0.93557675876968915
  0.93778368804214562  0.93996020122649004  0.94211388028779441  0.94427417007416536
  0.94643063213852119  0.94855387830131477  0.95069400687854122  0.95279895390445735
  0.95488736585551826  0.95691918506767859  0.95888285197869849  0.96078817195515853
  0.96265329660981891  0.96450205586971705  0.96633456402307827  0.96813825344577509
  0.96993627074952216  0.97174264735416649  0.97352334738838397  0.97525469496112427
  0.97700828040257337  0.97877726171880208  0.98057526052564314  0.98237006543714145
  0.98414078706305208  0.98591192116283188  0.98772670894342651  0.98962412945458611
  0.99169845659625244  0.99384254779530734  0.99674878745004014  1.00000000000000000
 -0.00403556123259357  0.10957547509593830  0.14414803307760979  0.15400692409177069
  0.16324977037910862  0.17078082053225535  0.17776597914003228  0.18506452455387593
  0.19268384979094660  0.20018701555098534  0.20688117851523768  0.21250795480820414
  0.21739606534845712  0.22211966210441064  0.22723953969713637  0.23233174350014077
  0.23754973033043977  0.24271888470813366  0.24790198651260470  0.25308313948345257
  0.25838122432163985  0.26355276057377180  0.26869005466335044  0.27365317540607670
  0.27845264575498624  0.28326342189314802  0.28821397973339097  0.29331038793438557
  0.29845729092769768  0.30357847802357901  0.30867676760760998  0.31363558037303590
  0.31858152325992550  0.32346691025385149  0.32843556420166309  0.33336912946607344
  0.33830518596178993  0.34328664329590841  0.34810847204507872  0.35299574989734311
  0.35777288575059463  0.36256118215696181  0.36745960117033916  0.37247455215929881
  0.37758712326570371  0.38268163628861723  0.38772588739012342  0.39277654971753878
  0.39785408065713601  0.40274779127620058  0.40754097262844430  0.41225561293951324
  0.41694516517838082  0.42201051837806602  0.42728318235153201  0.43254021675144272
  0.43788851779782040  0.44335549139438146  0.44883255693231966  0.45431251794202132
  0.45979416046141713  0.46536265061727933  0.47103929661291821  0.47679610547522649
  0.48275685294355802  0.48905311907217741  0.49555820170708131  0.50195594219048578
  0.50835068181067899  0.51478903870081127  0.52152336782323250  0.52823756545978617
  0.53481811143415237  0.54160233121083223  0.54882775919442894  0.55656395469160602
  0.56458859049475396  0.57264372529139818  0.58086341489053561  0.58949797225480138
  0.59866653214484955  0.60812941656555652  0.61795099340053838  0.62814164179478560
  0.63936245791306245  0.65133118599009199  0.66372028269732264  0.67664954407285427
  0.69055073138500311  0.70566814016740054  0.72176001941022727  0.74004264859175017
  0.76220747613622097  0.78800498904818306  0.82740080756772250  1.00000000000000000
   8.9997427453944441E-010  -1.0000000000000000     
 F F F F F F F F F F F F F F F F F F F F F F F F F F F F F F F F F F F F F F F F F F F F F F F F F F F F F F F F F F F F F F F F F F F F F F F F F F F F F F F F F F F F F F F F F F F F F F F F F F F F F F F F F F F F F F F F F F F F F F F F F F F F F F F F F F F F F F F F F F F F F F F F F F F F F F F F F F F F F F F F F F F F F F F F F F F F F F F F F F F F F F F F F F F F F F F F F F F F F F F F F F F F F F F F F F F F F F F F F F F F F F F F F F F F F F F F F F F F F F F F F F F F F F F F F F F F F F F F F F F F F F F F F F F F F F F F F F F F F F F F F F F F F F F F F F F F F F F F F F F F F F F F F F F F F F F F F F F F F F F F F F F F F F F F F F F F F F F F F F F F F F F F F F F F F F F F F F F F F F F F F F F F F F F F F F F F F F F F F F F F F F F F F F F F F F F F F F F F F F F F F F F F F F F F F F F F F F F F F F F F F F F F F F F F F F F F F F F F F F F F F F F F F F F F F F F F F F F F F F F F F F F F F F F F F F F F F F F F F F F F F F F F F F F F F F F F F F F F F F F F F F F F F F F F F F F F
  <DiscreteSampler_grid>
  grouped_processes
  1 # 1 for a reference and 2 for a running grid.
  10 # Attribute 'min_bin_probing_points' of the grid.
  1 # Attribute 'grid_mode' of the grid. 1=='default',2=='initialization'
  0.0000000000000000 # Attribute 'small_contrib_threshold' of the grid.
  0.5000000000000000 # Attribute 'damping_power' of the grid.
 # binID   n_entries weight   weight_sqr   abs_weight
    31   10   1.224368865464510E-004   6.141466011015274E-008   1.224368865464510E-004
    32   10   1.224368865464510E-004   6.141466011015267E-008   1.224368865464510E-004
    34   10   2.448737730929020E-004   2.456586404406110E-007   2.448737730929020E-004
    35   10   2.448737730929020E-004   2.456586404406107E-007   2.448737730929020E-004
    37   10   2.560630951001408E-004   2.715625323867839E-007   2.560630951001408E-004
    38   10   2.560630951001408E-004   2.715625323867838E-007   2.560630951001408E-004
    40   10   5.121261902002816E-004   1.086250129547136E-006   5.121261902002816E-004
    41   10   5.121261902002815E-004   1.086250129547135E-006   5.121261902002815E-004
    43   10   1.111979774721293E-004   5.025973842040013E-008   1.111979774721293E-004
    44   10   1.111979774721294E-004   5.025973842040024E-008   1.111979774721294E-004
    46   10   2.223959549442586E-004   2.010389536816005E-007   2.223959549442586E-004
    47   10   2.223959549442587E-004   2.010389536816009E-007   2.223959549442587E-004
    49   10   2.312246683136736E-004   2.198658656017041E-007   2.312246683136736E-004
    50   10   2.312246683136737E-004   2.198658656017045E-007   2.312246683136737E-004
    52   10   4.624493366273472E-004   8.794634624068165E-007   4.624493366273472E-004
    53   10   4.624493366273474E-004   8.794634624068180E-007   4.624493366273474E-004
    58   10   1.224368865464510E-004   6.141466011015278E-008   1.224368865464510E-004
    59   10   1.224368865464510E-004   6.141466011015270E-008   1.224368865464510E-004
    61   10   2.448737730929021E-004   2.456586404406111E-007   2.448737730929021E-004
    62   10   2.448737730929020E-004   2.456586404406108E-007   2.448737730929020E-004
    64   10   2.560630951001408E-004   2.715625323867840E-007   2.560630951001408E-004
    65   10   2.560630951001408E-004   2.715625323867838E-007   2.560630951001408E-004
    67   10   5.121261902002815E-004   1.086250129547136E-006   5.121261902002815E-004
    68   10   5.121261902002815E-004   1.086250129547135E-006   5.121261902002815E-004
    70   10   1.111979774721293E-004   5.025973842040013E-008   1.111979774721293E-004
    71   10   1.111979774721293E-004   5.025973842040020E-008   1.111979774721293E-004
    73   10   2.223959549442586E-004   2.010389536816005E-007   2.223959549442586E-004
    74   10   2.223959549442587E-004   2.010389536816008E-007   2.223959549442587E-004
    76   10   2.312246683136736E-004   2.198658656017041E-007   2.312246683136736E-004
    77   10   2.312246683136737E-004   2.198658656017045E-007   2.312246683136737E-004
    79   10   4.624493366273472E-004   8.794634624068165E-007   4.624493366273472E-004
    80   10   4.624493366273474E-004   8.794634624068182E-007   4.624493366273474E-004
  </DiscreteSampler_grid>
