  0.00350413704688633  0.01158306274496045  0.02212350419994046  0.03221820293156029
  0.04235949289057437  0.05255356908772851  0.06295636910496361  0.07316181122355650
  0.08313475796392393  0.09335184210047479  0.10380481344109868  0.11442727117419711
  0.12489115305518561  0.13546937343883483  0.14640415609541754  0.15783337216530532
  0.16924254055117133  0.18052690877210315  0.19170746550515128  0.20258313842232240
  0.21331756565842150  0.22368157708591518  0.23371359032032907  0.24392991163489122
  0.25405375653197276  0.26450234623686114  0.27505097322823585  0.28571412813895952
  0.29630555423949767  0.30648088282578140  0.31662704811000664  0.32656615644423226
  0.33692516108350246  0.34753810552018216  0.35805692297024111  0.36794127958811640
  0.37784894206735070  0.38867593864077304  0.39991086585995878  0.41100391593014435
  0.42160374171199400  0.43206353586590873  0.44219575240349918  0.45210087412380090
  0.46213530420133625  0.47255430775356427  0.48286385835423518  0.49301314225572374
  0.50280228871314536  0.51275228958713759  0.52310969439910682  0.53335963841846945
  0.54378512070144636  0.55373585572287443  0.56386362574581128  0.57416582199869248
  0.58492813275291045  0.59564329222872758  0.60621958019737854  0.61681987856297171
  0.62726093267727645  0.63751913213325262  0.64748559330420385  0.65703109081639322
  0.66697598910347744  0.67703746250347829  0.68752170985242522  0.69835840756419199
  0.70965725061336105  0.72116242798939956  0.73199285700610961  0.74265782167830952
  0.75325397889660084  0.76373168389522661  0.77419270308957666  0.78443990341460756
  0.79488506902114342  0.80465621948425181  0.81480095696596244  0.82528238491373451
  0.83665202757844781  0.84792666722904653  0.85928462279479889  0.87035328791131383
  0.88136614546979886  0.89247246229081445  0.90423105754560473  0.91537284453550283
  0.92632765872766787  0.93725963315353766  0.94785339441333172  0.95798210908985737
  0.96850976621019003  0.97931888810048928  0.98984406820178072  1.00000000000000000
  0.00003215177871156  0.00003671285911825  0.00004278867022166  0.00004936696100546
  0.00005564464580372  0.00006129291825513  0.00006654702107980  0.00007162452379905
  0.00007658578790726  0.00008156690553482  0.00008642114804838  0.00009128974833697
  0.00009626844597259  0.00010128323769903  0.00010657803227172  0.00011201656874126
  0.00011755580180995  0.00012350832721104  0.00012956212066029  0.00013539933995054
  0.00014145620186783  0.00014728227684229  0.00015354285644049  0.00016009936617830
  0.00016679307617926  0.00017380637350282  0.00018136721994051  0.00018878675331477
  0.00019599027367301  0.00020345510824191  0.00021115196922056  0.00021931801214688
  0.00022791624336336  0.00023773892468870  0.00024734931018975  0.00025723428978669
  0.00026757435768571  0.00027821789799870  0.00028892507455404  0.00029964066981985
  0.00031105036985960  0.00032274652992746  0.00033473393866927  0.00034712162618941
  0.00035963571615283  0.00037234069576821  0.00038537800967977  0.00039973524870549
  0.00041407497675559  0.00042844684754690  0.00044285898985704  0.00045746146722710
  0.00047231623078240  0.00048822234783705  0.00050681573249513  0.00052769226622426
  0.00054971407364629  0.00057287717710626  0.00060033015683336  0.00062777454058887
  0.00065421127659581  0.00068294394650753  0.00071187961782978  0.00074228225435277
  0.00077645672785067  0.00081173946652720  0.00085119874987034  0.00089382415581485
  0.00093883761448162  0.00098532761028605  0.00103604538103507  0.00108988638312738
  0.00114088861984358  0.00120551072041844  0.00127035329143766  0.00133923131817875
  0.00141572503357140  0.00148990916431020  0.00156286699782071  0.00164630923073714
  0.00173126868044416  0.00187672169766003  0.00198812730262145  0.00214296388567117
  0.00224540919149311  0.00232877697525966  0.00241113234617715  0.00250848513097024
  0.00264897468080051  0.00281329573186971  0.00315131643888052  0.00363243480916225
  0.00409870959357193  0.00491337887607534  0.03233999753919495  1.00000000000000000
  0.00000252118746558  0.00000260746018087  0.00000269558364134  0.00000278961039650
  0.00000290967441640  0.00000304086195539  0.00000317588794602  0.00000332604423696
  0.00000346934460619  0.00000361152955462  0.00000375636883201  0.00000393093022476
  0.00000410920660983  0.00000431042784795  0.00000453310965902  0.00000476489077373
  0.00000499379816427  0.00000522855085601  0.00000547685995537  0.00000573407639600
  0.00000600284420043  0.00000632008186380  0.00000664383531493  0.00000700166530805
  0.00000739695264960  0.00000780911699856  0.00000824543852194  0.00000869484874045
  0.00000915222753484  0.00000963128114904  0.00001014721115940  0.00001069986648523
  0.00001128563987397  0.00001191498637775  0.00001255500531314  0.00001325172643586
  0.00001399230002121  0.00001475883795389  0.00001559503429294  0.00001647048327808
  0.00001737333958346  0.00001833557713479  0.00001934032902161  0.00002042259903405
  0.00002156777340054  0.00002273088781648  0.00002394818685386  0.00002534982582710
  0.00002675760823587  0.00002837864225094  0.00003003259528278  0.00003181090865782
  0.00003376725721249  0.00003586513511839  0.00003803460952373  0.00004029439048449
  0.00004255647834917  0.00004506740017528  0.00004781793580963  0.00005094354495030
  0.00005446270822522  0.00005821183368630  0.00006219529160047  0.00006634300086960
  0.00007067297782249  0.00007523159220168  0.00008003588529102  0.00008529331576514
  0.00009085482237755  0.00009702419229188  0.00010359857550866  0.00011123869057893
  0.00011978915223576  0.00012941828203586  0.00014010179247429  0.00015308293331176
  0.00016811042014394  0.00018449913774090  0.00020232173387475  0.00022158390136397
  0.00024345685707202  0.00026929377955519  0.00030075076791622  0.00034299453825812
  0.00039547853709284  0.00044931975922674  0.00050884227301215  0.00058249714667190
  0.00067888033622293  0.00081497205070574  0.00099985765185310  0.00120432056178269
  0.00171637944690788  0.00277752957651544  0.12388963674114174  1.00000000000000000
 -0.00264586851392918  0.01153379252520804  0.02299327662685117  0.03397855242160858
  0.04532140059053257  0.05664273297663793  0.06766212050817100  0.07801478465530522
  0.08823340105885363  0.09842121705326433  0.10860555271392480  0.11848147728263445
  0.12815936600843289  0.13757220457702693  0.14698064512139311  0.15653453694566299
  0.16645867255229838  0.17696673690478648  0.18695326998336925  0.19682976223928533
  0.20634121158213128  0.21611871468040919  0.22585341293394365  0.23589477968959360
  0.24579019214196005  0.25566809755581177  0.26520022114263764  0.27478233279484943
  0.28433465268727770  0.29430447279747829  0.30397140135224981  0.31380181672000934
  0.32337817668388119  0.33319994040859241  0.34281118325471921  0.35228668347349645
  0.36160167773536611  0.37126584388436401  0.38125144001118733  0.39126556327949957
  0.40080910792465879  0.41031754483356991  0.41978437040677957  0.42926954093989067
  0.43875948220001432  0.44841216158904884  0.45875654682382910  0.46951746703771302
  0.48040670104404654  0.49120248606371675  0.50208007517916919  0.51290493586930808
  0.52360711382326752  0.53383309208518570  0.54408089423636818  0.55444192940008563
  0.56509733546439112  0.57576358044033715  0.58607101904027536  0.59615079816682892
  0.60619510536348109  0.61624738502019305  0.62634985242171681  0.63637884285654367
  0.64619500517759332  0.65604089946395716  0.66627070002034550  0.67674066283026402
  0.68700171498926021  0.69720160385106289  0.70766054893781816  0.71857494449072301
  0.72985535841348348  0.74091798607546788  0.75173450720208712  0.76172216258445469
  0.77183309863608485  0.78242285390392485  0.79342592282821589  0.80423334406808289
  0.81492500372253662  0.82551993881760566  0.83597622392460547  0.84662661823310237
  0.85765631248616614  0.86943923628773012  0.88204083415704371  0.89477596767436407
  0.90678277512074856  0.91847104916315647  0.93073286637205699  0.94363313707795815
  0.95718530964967541  0.97189348353724836  0.98595465404750526  1.00000000000000000
 -0.00221813894256222  0.00988433364976921  0.02035658848663453  0.03143961627209494
  0.04201248674519041  0.05261684174059540  0.06296681777721690  0.07437986058625501
  0.08614188265004956  0.09816647385765975  0.11002772032213254  0.12195376606086002
  0.13320869296813123  0.14417308687160921  0.15521274950778133  0.16680266029260007
  0.17809892362524737  0.18855496200234576  0.19832041692809824  0.20787151898487027
  0.21780283661308905  0.22806047090021220  0.23826180805304603  0.24845498963977794
  0.25859801069870331  0.26861527167538335  0.27856274256035773  0.28833579715213420
  0.29873564802577074  0.30972138480311079  0.32101754097805524  0.33201420945071553
  0.34210110651993741  0.35181912393382020  0.36123301172896688  0.37159001773742290
  0.38219239189309784  0.39356614083549807  0.40425952230728085  0.41497166440733757
  0.42544419721767845  0.43583988588352440  0.44611737736628376  0.45632717646585741
  0.46627669906283792  0.47618313638101212  0.48619059789145885  0.49654235613553560
  0.50679547582430995  0.51706396161961088  0.52702437301130844  0.53683882674618477
  0.54699436264821655  0.55779135493454468  0.56836992447857915  0.57827039658923141
  0.58795388544046556  0.59757136179848480  0.60747963466049526  0.61761978905426218
  0.62796858025786984  0.63770063508188812  0.64687485215674656  0.65658941901722556
  0.66657159026966006  0.67652028328480274  0.68618325922328149  0.69595904680945686
  0.70602985470725044  0.71649225634741254  0.72748693500865247  0.73889436426897614
  0.75001636354845425  0.76048352040120637  0.77053053692061468  0.78063075150032013
  0.79100141806774649  0.80155620342323464  0.81220995036573507  0.82283089027136402
  0.83381759139975753  0.84511584369339765  0.85652148991949828  0.86815232747129190
  0.87991888856342226  0.89193355778210925  0.90324215592113566  0.91432832429017741
  0.92503663188746599  0.93608691288032697  0.94688729514568692  0.95767934279930400
  0.96803326113005261  0.97842305444487632  0.98912113105340382  1.00000000000000000
 -0.00136197826692759  0.01464208031983795  0.02869724288822547  0.04268234326911029
  0.05586093304084180  0.06866746361864401  0.08115957560497356  0.09430396643008435
  0.10769225660952395  0.12062491018092802  0.13274739898830523  0.14465363350258473
  0.15685188612484804  0.16939509204732131  0.18175503867077755  0.19440895763638896
  0.20705581615002086  0.21944409341876814  0.23196954706410544  0.24497088807822415
  0.25800847537537952  0.27042870742800534  0.28296408305867593  0.29599500232550685
  0.30974996822559475  0.32373589020838717  0.33715501127285225  0.34995280027929504
  0.36276317045529072  0.37600881881144155  0.38907954122984562  0.40253714943293273
  0.41544982899211380  0.42840610253065442  0.44083158168696279  0.45344109291162038
  0.46591878116725421  0.47846199959818825  0.49080837297869090  0.50313201875460745
  0.51537671513094196  0.52807285381778934  0.54090970507484237  0.55321674416617084
  0.56502835183760181  0.57651308916134669  0.58770118981567088  0.59849354455420689
  0.60945037552119896  0.62041828108266883  0.63092970641863333  0.64139804876752327
  0.65190985828383086  0.66307856527447184  0.67445194892999005  0.68658916932373892
  0.69814108563071642  0.70931761135945681  0.71954395308606689  0.72937638913636049
  0.73868537359660347  0.74775711648308263  0.75661831793346346  0.76518515081727301
  0.77397626017433707  0.78253566392368323  0.79133216311054633  0.79985268617331462
  0.80835318511916721  0.81658395187680555  0.82472750664492323  0.83304378194143935
  0.84135499338264252  0.84965850209402949  0.85780555999262120  0.86611121064354235
  0.87403128904404748  0.88188233134838245  0.88953110089172649  0.89700081732485504
  0.90503357954482833  0.91255793751131731  0.91944155583371578  0.92575386549510486
  0.93206064516370812  0.93845349002076528  0.94471989526491673  0.95096246075640578
  0.95696801581645607  0.96293116234215526  0.96869743098951344  0.97453795209242045
  0.98058714564804683  0.98688205769132509  0.99347808562444107  1.00000000000000000
 -0.00203562514110942  0.00823891862155044  0.01731900514810513  0.02759412072701163
  0.03745669123683480  0.04643859761450445  0.05498619305947698  0.06390950145720885
  0.07305688312028259  0.08222789429734022  0.09139914390681250  0.10127766691573331
  0.11206393810338364  0.12240922970348904  0.13235723594495613  0.14174622915847848
  0.15231873564687334  0.16271774086107751  0.17320731318380181  0.18349374231300578
  0.19406716371809035  0.20492682680844138  0.21517600164121817  0.22555612200211880
  0.23607972435328511  0.24688743683852099  0.25806118969516645  0.26924010399108433
  0.28035111102372567  0.29119359490826546  0.30165250080171357  0.31223600966306031
  0.32275485938887849  0.33355064868303491  0.34461603792052292  0.35576736954631838
  0.36684839276486070  0.37754619970087028  0.38815679774500433  0.39892084535946415
  0.41007100921591999  0.42147563065386406  0.43306153334752950  0.44444019119557576
  0.45576432003514322  0.46697826560152367  0.47784151269812847  0.48839622356654094
  0.49918022779650267  0.51010881152751542  0.52098624319515774  0.53175544668570407
  0.54251587648606592  0.55345147466390809  0.56434172761472667  0.57505611304793502
  0.58573893443603031  0.59640063323672388  0.60718928964003915  0.61784052737303308
  0.62864723962224978  0.63954931296358519  0.65062419842356156  0.66128721145523539
  0.67204685965033606  0.68282243992039127  0.69371511338534897  0.70446086215458148
  0.71527698425042707  0.72577491185488952  0.73589650460377787  0.74632277992814566
  0.75690969640206451  0.76770256092431854  0.77775631880502449  0.78758278899687240
  0.79754106941046121  0.80756889122171294  0.81802142495994656  0.82843497461583282
  0.83866894788337576  0.84916933059608635  0.85957572430594187  0.87073331304385782
  0.88206892592694486  0.89388395140872645  0.90508414864370745  0.91553712753414229
  0.92548622796176061  0.93519215452051319  0.94534231971478100  0.95628821156167654
  0.96737213905657393  0.97840417228526999  0.98895640486590963  1.00000000000000000
 -0.00292911410517883  0.01049006122178018  0.02094596052256193  0.03137390416828287
  0.04166753344749532  0.05184634009974989  0.06146866680197065  0.07067844764972220
  0.07973127882959932  0.08909368241384251  0.09894506118126543  0.10928613657243311
  0.11984332038395866  0.13087574051661391  0.14202687137286449  0.15276863039366215
  0.16311919285352419  0.17320927380199427  0.18343684735382326  0.19388726667082742
  0.20471426440543594  0.21547743015905801  0.22615542120215992  0.23715560204312228
  0.24805391784568023  0.25877895813920682  0.26920352233454958  0.27975609998887602
  0.29024156659755324  0.30038070946844414  0.31059879798848788  0.32061270950810783
  0.33099753525684789  0.34156359692865007  0.35226200891384579  0.36332643548544535
  0.37460990421911172  0.38606333526952613  0.39764142794960200  0.40911690059227029
  0.42078973394767477  0.43139436638855688  0.44220016867864698  0.45288742167088225
  0.46381973415175110  0.47525859832812162  0.48636530869031863  0.49701677522984539
  0.50720998735988443  0.51754901984971635  0.52813329895250782  0.53879854879782219
  0.54930323703026362  0.55997859137105377  0.57116386632362282  0.58274757587248993
  0.59442145110635414  0.60568543732193592  0.61655929912205476  0.62743299706125111
  0.63795009631610344  0.64838541872106148  0.65870639199195569  0.66924543655870272
  0.67977704804687988  0.68986038518419279  0.69943675553043372  0.70881380359930302
  0.71852356881688395  0.72871238596720933  0.73880091913107071  0.74858743103361580
  0.75893253368564950  0.76920090405913211  0.77942247824894995  0.78902988744290026
  0.79941851752280269  0.80986962213438929  0.82027272708255028  0.83030314249244241
  0.84012386771297864  0.85032548589711698  0.86072411896285228  0.87142695982726004
  0.88252629721332210  0.89327840627946176  0.90399044290978103  0.91458813714521292
  0.92558238701927142  0.93642859822539282  0.94665139651574959  0.95660530861109261
  0.96724066372073558  0.97816972858387208  0.98921174061339434  1.00000000000000000
  0.31289371889082973  0.50471491621961451  0.51282404887569055  0.52089496464692342
  0.52928227840226205  0.53803233287997165  0.54592273362661781  0.55281280334596417
  0.55895384039258234  0.56500900369285023  0.57133778930116208  0.57762447190667765
  0.58398823004668599  0.59048756012499337  0.59706095006641358  0.60367021875525151
  0.61045156223227703  0.61739491530675650  0.62412981278365165  0.63058092549340328
  0.63698522251468870  0.64341221301160334  0.64965767261965535  0.65570144208550440
  0.66159818574968210  0.66740153095023724  0.67311247577797340  0.67868456958707024
  0.68419998921417302  0.68965655416475169  0.69505695885974916  0.70044572096471902
  0.70579262201198867  0.71110753320082276  0.71625439036968430  0.72117942420024628
  0.72614204694125473  0.73116543971907710  0.73611566826761088  0.74107804810340450
  0.74591799554515514  0.75077986945997643  0.75554658825483112  0.76022776133016967
  0.76485331450695992  0.76943457019554473  0.77402619077334012  0.77856037934078215
  0.78316732458048777  0.78778116711516943  0.79234566600677214  0.79686853939660884
  0.80129570517758231  0.80574640946586362  0.81022811958228191  0.81482649251678752
  0.81945822084374575  0.82411045214249301  0.82859243812882721  0.83305613580231019
  0.83749100771187190  0.84189828590027294  0.84649956051759656  0.85117774175034333
  0.85569746339422381  0.86005120318758710  0.86433785257739304  0.86867075337685229
  0.87302365608647758  0.87736621132638215  0.88162786451349517  0.88583650556944604
  0.89009007579091137  0.89441380580661289  0.89870629190997708  0.90297563249364687
  0.90725523622357229  0.91154220280406251  0.91582251697922668  0.92009254399722051
  0.92437481633695096  0.92857906362071807  0.93279477770362462  0.93693919873800413
  0.94119944215817353  0.94548991437959329  0.94983503931335633  0.95424147011108784
  0.95876259297672151  0.96362881734495986  0.96872336217244071  0.97375699270185845
  0.97883654887650562  0.98453027316094055  0.99138234121836843  1.00000000000000000
 -0.00719248088796582  0.15617874000526530  0.17679528416779527  0.19181369998596554
  0.20492860709074462  0.21726019416895517  0.22912663145081236  0.24067056914101995
  0.25229167311504747  0.26219113093865432  0.27127148660099371  0.27986563806652492
  0.28817539483046228  0.29634206375144767  0.30401387248212364  0.31187740105584066
  0.31958798979586578  0.32715755054656881  0.33412400459817404  0.34058435945150356
  0.34703104011564390  0.35347009959877801  0.35990322977444911  0.36611528942888283
  0.37216563516668771  0.37821974450817469  0.38417613662750832  0.39011221388936723
  0.39594176348878024  0.40152369444432023  0.40699189521908091  0.41238929154040227
  0.41784692400740087  0.42330918603620027  0.42870946429479950  0.43417398988913020
  0.43953489516255845  0.44465013952153787  0.44964727005821337  0.45458630284976048
  0.45964691729278623  0.46518066962592680  0.47078344035459252  0.47647858252112740
  0.48207069962006532  0.48754356219602779  0.49279962894365542  0.49796669511555158
  0.50304142608160740  0.50834028306090340  0.51385765019439555  0.51940262856473862
  0.52479424262538488  0.53001640511359760  0.53520517793576206  0.54048501124027148
  0.54587294284453836  0.55123741693078743  0.55673524371568550  0.56229891494355744
  0.56793789245153603  0.57358600939217907  0.57928929404628915  0.58511307098664267
  0.59090574812488372  0.59655300163872627  0.60215610533076036  0.60788444367050509
  0.61373105877926470  0.61976815685825226  0.62541203963949643  0.63128431183327016
  0.63715976608596558  0.64347351208428827  0.64996687956922061  0.65645006903715319
  0.66305056536022167  0.66993490276173184  0.67675865435768878  0.68358489822642177
  0.69047969365018225  0.69757357543304011  0.70481410889006768  0.71221427469947063
  0.72027200676015868  0.72917383000676439  0.73866189797048554  0.74878966424010351
  0.75896933697162183  0.76896178369553958  0.77916152583494536  0.79123813077300231
  0.80380407988278368  0.81625092929156573  0.83228525338179982  1.00000000000000000
   1.8947880001831096E-004  -1.0000000000000000     
 F F F F F F F F F F F F F F F F F F F F F F F F F F F F F F F F F F F F F F F F F F F F F F F F F F F F F F F F F F F F F F F F F F F F F F F F F F F F F F F F F F F F F F F F F F F F F F F F F F F F F F F F F F F F F F F F F F F F F F F F F F F F F F F F
  <DiscreteSampler_grid>
  grouped_processes
  1 # 1 for a reference and 2 for a running grid.
  10 # Attribute 'min_bin_probing_points' of the grid.
  1 # Attribute 'grid_mode' of the grid. 1=='default',2=='initialization'
  0.0000000000000000 # Attribute 'small_contrib_threshold' of the grid.
  0.5000000000000000 # Attribute 'damping_power' of the grid.
 # binID   n_entries weight   weight_sqr   abs_weight
    10   10   6.628867255266164E+001   1.467874409272571E+004   6.628867255266164E+001
    16   10   1.206633998608226E+002   5.915514981313352E+004   1.206633998608226E+002
  </DiscreteSampler_grid>
