  0.00369311498137640  0.01216963998671926  0.02030391609750620  0.02869456728305308
  0.03792284646848461  0.04853526100498839  0.05891509942670688  0.06814170248066166
  0.07724737076799196  0.08641930213988303  0.09555086975201303  0.10456319727244295
  0.11536273953128570  0.12731541798486751  0.13850254395565256  0.14853958434744069
  0.15947473240424728  0.17074931925609313  0.18325951375243729  0.19598742559927360
  0.20605510726091772  0.21530131863730562  0.22384080245685653  0.23270860912054731
  0.24143116841120635  0.25042047102194964  0.25918372664560485  0.26846871011021683
  0.27942316248637394  0.29083281911947301  0.30197890549096879  0.31249519068177151
  0.32358100959477620  0.33480475422105754  0.34515783701311287  0.35452164417523108
  0.36392430696072647  0.37339685526991867  0.38458655072119974  0.39541392563365063
  0.40572921352617297  0.41609015025085067  0.42748205629676128  0.43987747606435096
  0.45079736534208587  0.46096413001025310  0.47034214630990434  0.48002471412541842
  0.48985541833652679  0.50065342269593338  0.51382392002070876  0.52812913758091196
  0.54062360636052809  0.55229848343288745  0.56347552212376839  0.57441763387363320
  0.58484503858922321  0.59482295810188757  0.60528380529871939  0.61642790812564419
  0.62715893192392014  0.63690296397665802  0.64633913685374356  0.65560898776276422
  0.66475910821952255  0.67410818541097917  0.68368361503444819  0.69370164665804412
  0.70376210818907703  0.71306408454354497  0.72226240444705125  0.73156753909854022
  0.74202810987704082  0.75327289512809659  0.76570347606040190  0.77850253693219806
  0.79049544237986535  0.80186808422630185  0.81303667345546193  0.82399596754406845
  0.83477768828988530  0.84537146659072782  0.85587356871422593  0.86602269004005239
  0.87576205641369376  0.88528348861537676  0.89497873057617139  0.90663782689803585
  0.91907873577869237  0.93072754201917074  0.94202854785755752  0.95361900078308104
  0.96434420762189399  0.97400484776586993  0.98340506602172006  1.00000000000000000
  0.00003407523358064  0.00004983609680213  0.00005851024208285  0.00006434437143664
  0.00006936928616000  0.00007383873904044  0.00007813917819802  0.00008229630133721
  0.00008676207956944  0.00009150850681863  0.00009651336739830  0.00010139385358147
  0.00010607876847995  0.00011050302677618  0.00011541114171802  0.00012011614616164
  0.00012496705475184  0.00012961409926104  0.00013459336791474  0.00013972203577198
  0.00014461158484400  0.00014962463371304  0.00015555430061343  0.00016188433607347
  0.00016819948031894  0.00017466308002739  0.00018118984687175  0.00018787100389581
  0.00019515067055993  0.00020290870562315  0.00021058932060604  0.00021825245039318
  0.00022595959987469  0.00023378946501552  0.00024178543054505  0.00024992011284926
  0.00025857766142608  0.00026749845421005  0.00027596306978639  0.00028475161406022
  0.00029433545115698  0.00030493985822973  0.00031605807987688  0.00032835461988173
  0.00034107030482311  0.00035400047780543  0.00036738949685758  0.00038206319031597
  0.00039759874867334  0.00041261587107934  0.00042828485812661  0.00044472331881261
  0.00046202151224731  0.00047967589519764  0.00049888045465459  0.00051973377844586
  0.00054179841137824  0.00056540362847205  0.00059059121464341  0.00061200325987622
  0.00063562032357801  0.00066098080479846  0.00068901953258765  0.00072427715698817
  0.00076036105507386  0.00079437103285302  0.00082902677129417  0.00086441116625227
  0.00090722919896580  0.00095717550697618  0.00101383478525051  0.00106899372720904
  0.00111780163899671  0.00117010222191843  0.00123497565085855  0.00130500440412076
  0.00137062692991337  0.00142898344785432  0.00148800877051363  0.00155278830003746
  0.00164287345774983  0.00176700976478055  0.00192107861105548  0.00209862590516498
  0.00228615213471195  0.00251023826027304  0.00274464030831152  0.00305371824649647
  0.00340376028739142  0.00397177968483717  0.00501444235266716  0.00683569701953502
  0.00917684638282003  0.01486259065176994  0.10889931467452617  1.00000000000000000
  0.00374190358280747  0.01397985564925947  0.02683858802761784  0.04011278527644012
  0.05281481659162150  0.06562125625594706  0.07818297712008754  0.09061496992614777
  0.10197403480699907  0.11323217708200749  0.12504274677604102  0.13611164301629969
  0.14675328166960472  0.15769727493742003  0.16858619757221058  0.17941524461210970
  0.19031889781580866  0.20133399170574592  0.21176183535801657  0.22110571323381056
  0.23014194560809428  0.23935784364945864  0.24977989376278512  0.26129244460560197
  0.27164228806144058  0.28139692098978092  0.29109714226209793  0.29977135666199245
  0.30936497987373984  0.31829966114129954  0.32686178857571696  0.33498816245375035
  0.34314946482749770  0.35265738681195935  0.36378362598845654  0.37526532905336052
  0.38528492656560637  0.39457903454455318  0.40436806761876326  0.41566021215960530
  0.42703037678627953  0.43738378164938724  0.44709139844210705  0.45778663395736097
  0.46967065810223885  0.48182381626060600  0.49378633905400354  0.50581908762714300
  0.51779783195950424  0.52823893517021214  0.53842036997519616  0.54767649723631406
  0.55771164675200913  0.56819623820277054  0.57935550077962450  0.58976962282866119
  0.59881052497149378  0.60824795496005724  0.61811713563037252  0.62685835491310005
  0.63477249105984324  0.64295099767661013  0.65462827554114578  0.66880700030145490
  0.68312445226047713  0.69567996720955783  0.70749625610059086  0.71881994506708435
  0.72954500199521011  0.74023668650653762  0.75217332474430543  0.76448445742362370
  0.77543266170446623  0.78510689462427352  0.79476144772115787  0.80444783278801602
  0.81419094189018837  0.82407454272916481  0.83435676503010570  0.84657121995363405
  0.85906462575596276  0.87086683023967593  0.88160896871742589  0.89235407296291591
  0.90382132132547277  0.91566845790749596  0.92636477731630895  0.93622764525702484
  0.94595080045872615  0.95599880929085190  0.96572827331990263  0.97317406680771357
  0.97983299467125917  0.98620387445026192  0.99236255656366079  1.00000000000000000
  0.00020205149083302  0.00022273203595801  0.00024685990193279  0.00027234206047562
  0.00029679090414007  0.00032034794574242  0.00034470820718003  0.00036883455660229
  0.00039308686239547  0.00041522049767215  0.00043587540796747  0.00045602731206889
  0.00047699535106593  0.00049892181393901  0.00052215809728094  0.00054564430144056
  0.00057117398577313  0.00059550170273309  0.00062011992885381  0.00064580342618214
  0.00067089764822550  0.00069730788855162  0.00072319894581411  0.00074816976440899
  0.00077386024131224  0.00080231745528184  0.00083237817720087  0.00086735366841118
  0.00090177617424118  0.00093567169826200  0.00096915493153483  0.00100218983756934
  0.00103598153068239  0.00106851862855479  0.00110562783366936  0.00114538530608498
  0.00118935948413386  0.00123510208833147  0.00128099096168251  0.00132826674220361
  0.00137953398393930  0.00143356228704169  0.00148529952315145  0.00153320704770677
  0.00157916618685057  0.00162404588043252  0.00166946369740748  0.00171789119017011
  0.00176969346135600  0.00182777729107772  0.00188274678820027  0.00193737235889846
  0.00198915512320141  0.00204300739178736  0.00209603117357606  0.00215483261626514
  0.00221694797972062  0.00228838177456227  0.00237027189765958  0.00245112163865077
  0.00253133260142211  0.00260122491029521  0.00268438670487683  0.00277855674922498
  0.00288631265546224  0.00301180271666121  0.00313882752624189  0.00326689233193960
  0.00341186845878457  0.00357755285244278  0.00377694514965539  0.00400207929982617
  0.00425554947303848  0.00449122241362615  0.00469153274922466  0.00487107642033164
  0.00505419453482798  0.00524832587111471  0.00547503036894597  0.00577226462964088
  0.00611803167808403  0.00652843015012952  0.00707885011637114  0.00774605133864785
  0.00840650969162723  0.00938493710050098  0.01000778344808925  0.01057838475936132
  0.01113192222914988  0.01188754952786468  0.01303119897390359  0.01440160579583554
  0.01662386634858344  0.02269691721543556  0.12331541618940810  1.00000000000000000
 -0.00153531942328487  0.00786284312710899  0.01654283185638400  0.02426274411754900
  0.03171581134688157  0.03892251251166737  0.04746973066684558  0.05600409507999619
  0.06480787968641682  0.07453605891143496  0.08587219908799772  0.09779015591327671
  0.10911679531658385  0.11886858718823072  0.12822387857318218  0.13732097588531467
  0.14631790008170104  0.15566268913082523  0.16492982535588624  0.17405928039647420
  0.18369323400245674  0.19353084759881056  0.20308935866344166  0.21288736566385810
  0.22231376163032657  0.23247715440193023  0.24215864813028490  0.25145580746656460
  0.25944011329576644  0.26792242850270814  0.27642411189073940  0.28624778923972116
  0.29597171761909669  0.30633745217262798  0.31631784802946289  0.32680327646282459
  0.33600103473594428  0.34489574033156983  0.35368969076188223  0.36310676581167090
  0.37356707313983212  0.38367849097687207  0.39416419961010357  0.40450636479367269
  0.41441485393751132  0.42420370603514701  0.43479384808052907  0.44595593135886691
  0.45707762888182102  0.46752508768014850  0.47826497944772922  0.48900375217546649
  0.49982704460815691  0.51033869815456856  0.52071024914227326  0.53088119734939931
  0.54140511984391659  0.55176851691678863  0.56280221508589290  0.57434050391411762
  0.58578268748660900  0.59597103430351672  0.60545138114595953  0.61484876457814386
  0.62435123005307358  0.63415649170814714  0.64423402734268198  0.65441700422736904
  0.66454168239744105  0.67536780143675179  0.68746777998543029  0.70051844143080022
  0.71386992903609792  0.72659856708116632  0.73833903244077448  0.74896066404944228
  0.75877243935335592  0.76813928975291546  0.77816903114991753  0.78853874187174022
  0.79956199918230342  0.81320379173439394  0.82782101913315709  0.84128535417743922
  0.85315971043735583  0.86421806258449685  0.87516712433797494  0.88583597535174041
  0.89598643600086625  0.90763422582403319  0.92192856946722523  0.93773759526045253
  0.95282935628202181  0.96860260937157361  0.98429204723127750  1.00000000000000000
 -0.00150704700762952  0.00607353880376927  0.01411958187642907  0.02251374222230789
  0.03201265325835771  0.04173779510945890  0.05094569474660766  0.05966298287011731
  0.06829854536870215  0.07748308065003795  0.08822121489874404  0.10039324347269410
  0.11158615415218194  0.12154750950529153  0.13103501344645685  0.14051269596610305
  0.15033696175673139  0.16061968819171790  0.17133135551191181  0.18221710630423102
  0.19252751248751260  0.20281554183799649  0.21336229050984554  0.22527771248243975
  0.23849450524312649  0.25082403138328191  0.26174614883898478  0.27243933712563623
  0.28368052565943502  0.29485455593808124  0.30495771117407028  0.31445572552324985
  0.32384263161819599  0.33354706715583016  0.34356796540218093  0.35326981492440385
  0.36293847782118088  0.37291798824477868  0.38375205569547194  0.39613962588278773
  0.40875678709757146  0.42100870477279845  0.43247773095868286  0.44374575133335592
  0.45527499614361427  0.46569071793462669  0.47545841479727879  0.48564559522523942
  0.49568303308514516  0.50711434038142011  0.51805175087417799  0.52846370640300555
  0.53866328541794650  0.54998884377473667  0.56237810782785613  0.57501138894054904
  0.58719369162401780  0.59918242513414066  0.61051505389851224  0.62139844157397994
  0.63163365492610191  0.64188520535515725  0.65193992964791181  0.66230589126092243
  0.67338906617959160  0.68351873385963458  0.69313702410176781  0.70233456132793259
  0.71160669348674355  0.72265833121626932  0.73401657009341625  0.74489671349299236
  0.75597049626361168  0.76751410707311252  0.77914359127254462  0.79004008674772475
  0.80023758400718803  0.81029521708018670  0.82069514722752035  0.83130648852908440
  0.84144451359002959  0.85123075761869871  0.86116089480907465  0.87150086934092208
  0.88166005953704785  0.89117417958919354  0.90142646577051533  0.91172707883762172
  0.92151718938305738  0.93142649452648185  0.94205923797813940  0.95390130579760990
  0.96552493689391117  0.97712455337203907  0.98850631863028426  1.00000000000000000
 -0.00186197438961238  0.00785204079242306  0.01593128013781539  0.02309826226748930
  0.03041666864517120  0.03716280756062480  0.04376020295780589  0.05051796158544386
  0.05780730840627472  0.06591559523072862  0.07442983983996951  0.08289416667889980
  0.09171519613167010  0.10163903720153354  0.11127860541077013  0.12131905599776732
  0.12999058077106568  0.13823209657404201  0.14618652001171287  0.15427024074547305
  0.16250222433449088  0.17092582792566186  0.17952688158163277  0.18817399291420203
  0.19734767464030359  0.20633113519482002  0.21546062620505993  0.22481361720982412
  0.23422384125462906  0.24362644620928081  0.25296284718501044  0.26277806711543839
  0.27271247761903172  0.28242699880492572  0.29189919827967170  0.30122576892075481
  0.31063889567566672  0.32025238376120041  0.32915499835583095  0.33795579962733369
  0.34756085985512764  0.35636054675165868  0.36549330791993456  0.37443804471023712
  0.38253613794550451  0.39090237217773932  0.39959287332658744  0.40823649192255501
  0.41670969917293532  0.42455214347204651  0.43232699306142003  0.44050599664309253
  0.44960539789359827  0.45945441857667535  0.46955868626770841  0.47964278852174014
  0.48970922371610892  0.50027808211331048  0.51173639458409259  0.52354980972406684
  0.53512429513624471  0.54592231958049642  0.55734650630264060  0.56988652589526179
  0.58219785606400931  0.59322931291201630  0.60410223302187693  0.61513930831286456
  0.62787914325025440  0.63905617426035688  0.65020344614999170  0.66096460903069065
  0.67148464887168346  0.68114601054850810  0.69288787074797087  0.70416803026708186
  0.71632619227387639  0.72975662533145025  0.74543371456766505  0.75903677481536969
  0.77278728486471293  0.78660270700887325  0.79777209781420289  0.80725066473784890
  0.81757644785923178  0.83094860469186016  0.84647577872026147  0.86460833074179233
  0.88350988476515568  0.89893553141060656  0.91234694175863307  0.92682390171435869
  0.94454950721727615  0.96178043449869544  0.97927185309203479  1.00000000000000000
 -0.00150075476498977  0.00753347549601509  0.01472073849666978  0.02307480229094491
  0.03147825831295072  0.04016217882559413  0.04868503154658992  0.05810721780844640
  0.06833464340170535  0.07994464434581490  0.09174399123753017  0.10204560362985157
  0.11106413723310969  0.11932781567777034  0.12835812004584199  0.13922143110864696
  0.14949275942536838  0.15965273247876019  0.16919967152397386  0.17972463910664341
  0.19054801710878883  0.20152477697388457  0.21226299292477818  0.22296855301450810
  0.23362023058314174  0.24513788762119576  0.25678419643817330  0.26859453781290848
  0.28000385156509522  0.29204985558398822  0.30417384862515967  0.31638047390385271
  0.32891701946709989  0.33971844749540459  0.34915083593099344  0.35903154789909447
  0.36995757465146500  0.38061673907466287  0.39053762706304690  0.40078111957573170
  0.41091566637720695  0.42145037375298439  0.43164028610269001  0.44191597780508401
  0.45244248473837345  0.46297421519623272  0.47328705719015518  0.48296989275729907
  0.49229000411588830  0.50236976579010462  0.51264449760664310  0.52325144047955763
  0.53308873415758551  0.54346912070613718  0.55398425066418322  0.56487303228716534
  0.57595684222352150  0.58698788307491379  0.59849980429078720  0.61032705736474568
  0.62188093431049363  0.63262304631999056  0.64319737800309373  0.65400000149668003
  0.66535019545263552  0.67693251606089322  0.68683726857481553  0.69626572782166896
  0.70533515985369688  0.71592928743586082  0.72733752795242856  0.73927329572673139
  0.75036710978606902  0.76100531736799293  0.77210500020648232  0.78452783338392562
  0.79648415607530265  0.80611197389623757  0.81544196857486506  0.82549950971425579
  0.83538688075619572  0.84609888499662333  0.85717767780904408  0.86921503740911854
  0.87874335266837578  0.88886020519581843  0.89856586993484444  0.90948407113366536
  0.92076449964624685  0.93154671696064717  0.94243041061061561  0.95288581623188018
  0.96431613337617073  0.97608755603156183  0.98857123479283393  1.00000000000000000
 -0.00240812865711185  0.01148740729326911  0.02328045937017697  0.03548742452944824
  0.04759998302755267  0.05843805562961099  0.06940787585055422  0.08128081672319649
  0.09391586356205141  0.10650177588100100  0.11689798471708955  0.12666549127564136
  0.13592907173849098  0.14501259967481042  0.15421156233290026  0.16378785096787429
  0.17523159027767732  0.18622595837709413  0.19583644987168694  0.20425053832267881
  0.21357904355655591  0.22389464350186983  0.23530573371196783  0.24809165730883800
  0.26101908145989816  0.27378998373624497  0.28623619383276538  0.29885961427217850
  0.31094022174322222  0.32150006905483525  0.33119371717386958  0.34130353645875661
  0.35218656486820438  0.36249059927006683  0.37240596992952979  0.38066405243380519
  0.38919869098730714  0.39824061311545728  0.40843461197985376  0.41899602196576385
  0.42870199807502440  0.43829639449721230  0.44822751720809673  0.45848194499494310
  0.46872247598809952  0.47948132710208102  0.48955614726231350  0.49952664901565202
  0.50896270888936967  0.51863973162766597  0.52893156680030973  0.53971663887183963
  0.55089425607511855  0.56152500270504468  0.57111966385902668  0.58050339643631654
  0.58962671538314793  0.59814816745968291  0.60623082455813737  0.61349384909268279
  0.62034768118915851  0.62784502116634200  0.63628203037848041  0.64667214072277224
  0.65737938422007269  0.66902461926448031  0.68156858273868814  0.69318246904150471
  0.70381019699239478  0.71408147254495902  0.72440938094557383  0.73438785866980205
  0.74426674526184622  0.75434391591943362  0.76466482092639521  0.77491969109442604
  0.78496009254484900  0.79513033980880565  0.80556738863921395  0.81552914783223374
  0.82523889241031123  0.83478510354578372  0.84443303003174230  0.85588109232384946
  0.86856514272037078  0.88163157363512590  0.89383930696528413  0.90530849326531371
  0.91612117243103397  0.92621111116728627  0.93622897642151937  0.94723514632025374
  0.95903658202124498  0.97327880405943179  0.98683189637063140  1.00000000000000000
 -0.00327618062675335  0.01240114136835800  0.02390803570313137  0.03499861801417025
  0.04523370383744128  0.05580781969716481  0.06570070863875076  0.07539526058732511
  0.08450972280669446  0.09368717000789845  0.10361984106709943  0.11402808137338927
  0.12440612009452059  0.13392356023590044  0.14397059703940820  0.15477051964201738
  0.16626709576502166  0.17823052385900959  0.18996355973345311  0.20148072686907187
  0.21121218228093130  0.22015561056903266  0.22926533185913037  0.23860188957174894
  0.24991362165040712  0.26024670533221705  0.27072013263043093  0.28145627867038792
  0.29326067107640325  0.30720676227824539  0.31986670583641569  0.33159518421834006
  0.34266775273469768  0.35338300331715028  0.36441324843424211  0.37622183189170777
  0.38833643952200314  0.39948450256463564  0.40948704331825436  0.41885494490505620
  0.42842377684225058  0.43890390706268972  0.44910530003955279  0.45876522328260566
  0.46867089287306696  0.47864175850445223  0.48970696621525267  0.50003883253530845
  0.51064543083384450  0.52232374432462514  0.53427564744255185  0.54551968862312916
  0.55749292066204237  0.56977329342628458  0.58288785656607545  0.59492703588286533
  0.60600639867588646  0.61710485192750208  0.62874144474027083  0.64122860557187600
  0.65146258656963518  0.66034100428577291  0.66911369633847306  0.67786736360906719
  0.68767792590628340  0.69779811249458346  0.70809996399091335  0.71847133755698744
  0.72956821632469782  0.74054310832023984  0.75192048189491689  0.76300470176556712
  0.77376200453093535  0.78373134409380885  0.79352679804000181  0.80303831242140578
  0.81347442283313665  0.82438118196800214  0.83471505468407914  0.84431729719671411
  0.85358665472395079  0.86333631563657742  0.87335550329147993  0.88253318060387798
  0.89085455118903067  0.89926528940838202  0.90886251654289651  0.91939701073878188
  0.92961302804409351  0.93902986944956857  0.94877325468969076  0.95914939110525388
  0.96981100441157742  0.97941903322222634  0.98936543522750364  1.00000000000000000
 -0.00167158575449071  0.00718221638432626  0.01497820205129364  0.02351072239022640
  0.03342020538888776  0.04258575677054534  0.05402024167479305  0.06503767014158411
  0.07590436947076509  0.08625688446463282  0.09565105631439250  0.10575703666603826
  0.11548130011228373  0.12622846690780726  0.13822342677219615  0.14925355239334187
  0.15990853349619372  0.17082953278615148  0.18344582580649682  0.19724775460048150
  0.21096391049626947  0.22435541084274085  0.23871222950456439  0.25239588610059227
  0.26626263164502367  0.28112887392953767  0.29650154871720374  0.31064943650154614
  0.32435999616702743  0.33842225731460512  0.35267184009117591  0.36721023559071087
  0.38039964667966236  0.39249882114233681  0.40347719452453307  0.41462257845000838
  0.42560589759271084  0.43680296902851812  0.44876990626595709  0.46052898235761125
  0.47252658310316847  0.48419615688091883  0.49659949713239210  0.50856984043932540
  0.52080420318973852  0.53205858195041777  0.54316307043720524  0.55504483913847991
  0.56726080223171926  0.57912275830150350  0.59050554417222345  0.60147763964066969
  0.61203348415623771  0.62231244900547888  0.63274772372703980  0.64295619087892641
  0.65311108112743765  0.66310804173998728  0.67339869436433697  0.68353145263231030
  0.69342887239867301  0.70400259875425886  0.71510379702871496  0.72630281861031820
  0.73754580369120948  0.74905187582666211  0.76189891489715444  0.77325121525240859
  0.78302290781575823  0.79166173170639731  0.80048063520562729  0.80939900512195828
  0.81848607016735131  0.82715999833175224  0.83590868004248031  0.84431614503746955
  0.85300558375693702  0.86160676162219119  0.87000895919369536  0.87802780736591901
  0.88598017820542219  0.89467849537803912  0.90302582495692507  0.91153147832115677
  0.91978078161325838  0.92718981874762352  0.93429740182173671  0.94149856092364148
  0.94900915296506982  0.95686230917290660  0.96472872269743171  0.97261190306417711
  0.97984997135858898  0.98672901467176155  0.99357554007464322  1.00000000000000000
 -0.00301681831582501  0.00928194318591376  0.01921909720506159  0.02799521881273679
  0.03666428682947261  0.04561745332257080  0.05481563913773212  0.06524983029984652
  0.07655918289785807  0.08740292543130598  0.09764140791468381  0.10768922609934811
  0.11788850936894726  0.12817030451076783  0.13832458175568196  0.14822918150665795
  0.15908822890379229  0.17030183317632402  0.18238269017639630  0.19366199405025383
  0.20490316985677107  0.21659691074629908  0.22777367720330724  0.23824321456551820
  0.24798915123300308  0.25730458828036218  0.26736572128536934  0.27729909935986091
  0.28695437914354854  0.29642078501657854  0.30622841758689390  0.31567331082069799
  0.32529686654931828  0.33490962622394199  0.34523017480084017  0.35575777377730444
  0.36673164393936947  0.37829034924784133  0.39048349957886769  0.40339380528673269
  0.41516381989591000  0.42540739424108343  0.43543096367772832  0.44578314825137910
  0.45749368430718923  0.46738810432657801  0.47769951827833185  0.48790576431160826
  0.49929943104281543  0.51117797969460410  0.52354066347455430  0.53548396819548583
  0.54668244908457198  0.55777329817950350  0.57010625745390775  0.58123710053439925
  0.59231950630172281  0.60248114695226329  0.61243587880887451  0.62231252147440463
  0.63233273217518005  0.64220121843359879  0.65192840561006582  0.66163869571485834
  0.67144624025290323  0.68154551062824409  0.69174174013093492  0.70238555317723994
  0.71384381072662251  0.72570551451988330  0.73696677115327947  0.74687947542926947
  0.75706377351098275  0.76716318291758823  0.77828973419687097  0.78961860625057945
  0.80115257231610160  0.81107979070319791  0.82144824750435463  0.83165467327297060
  0.84242394407424015  0.85377489117115912  0.86399872959530344  0.87415940502923362
  0.88332047655289658  0.89417539639642252  0.90548013766280633  0.91668033269980853
  0.92756974590384489  0.93807587230216760  0.94839375997369146  0.95890456917777600
  0.96986503133761892  0.98021532021407154  0.99041196414743971  1.00000000000000000
  0.00620635069166547  0.01679197509933688  0.02687434143144146  0.03643825158403605
  0.04580751417939295  0.05574970039037886  0.06712106889005377  0.07889343069378835
  0.08957785114214305  0.10053006440598000  0.11158630062755472  0.12412429025437680
  0.13677336101348211  0.14810542244846184  0.15913708074150973  0.16889444165739206
  0.17969050879366785  0.19218498243444920  0.20800850004255322  0.22077477992859068
  0.23172151639740290  0.24214355056566672  0.25215614146614301  0.26169866805231740
  0.27073051989331876  0.28042600143548613  0.29037794041818882  0.30076833743152115
  0.31147965891616225  0.32305033770280039  0.33480493179440002  0.34674395036971611
  0.35942330771758746  0.37028503533408302  0.38107602766134996  0.39092515298646391
  0.40075256028306633  0.41054810745800391  0.41973209993791444  0.42873765162453381
  0.43797215665187800  0.44759911161797039  0.45729310363119974  0.46707260149872926
  0.47696507707578173  0.48702213625221352  0.49697117166464383  0.50526164206416424
  0.51284987477505495  0.52028002548748531  0.52717953292081854  0.53369052230370329
  0.54023110947115449  0.54801430092738757  0.55681271323528425  0.56619343447522041
  0.57599292239642319  0.58555891731755871  0.59552574672860004  0.60571877434553756
  0.61617949014525575  0.62695173336903542  0.63699916831903847  0.64660662655670809
  0.65533592277064345  0.66459531530644178  0.67392532353120582  0.68370943268831130
  0.69243563928871432  0.70044781496146813  0.70860626333361931  0.71749863130955693
  0.72723014686934695  0.73780171430409924  0.74899577514892623  0.76119032240843498
  0.77274170298972622  0.78332067539518302  0.79335338831506319  0.80287211640307221
  0.81279397959659505  0.82315633299615321  0.83292416372974143  0.84320635979803304
  0.85351185139614771  0.86389189925919607  0.87414547825689237  0.88434203026040592
  0.89434033122829892  0.90416555271312848  0.91434947960800406  0.92654804912454880
  0.94143059337496149  0.95734026213831347  0.97467970392287007  1.00000000000000000
 -0.00213293255707699  0.00952279820529913  0.02022589485863803  0.03147160651850042
  0.04191432413859188  0.05153356699376949  0.06135059806736241  0.07117275070847937
  0.08071802662064870  0.09032283412912151  0.10058434915868063  0.11109577044723071
  0.12257122271370670  0.13386272658432252  0.14575050527077760  0.15693717718558922
  0.16760189776069906  0.17815462150499073  0.18870998668207428  0.19908662537597036
  0.20923682962763290  0.21862062121439471  0.22734672725058680  0.23508391144529345
  0.24339267868544009  0.25251885330906687  0.26223288980012993  0.27159126007060991
  0.28001283139225380  0.28915927956090015  0.29912504660587413  0.30846641755711579
  0.31671539524168474  0.32473073572963457  0.33349559211612517  0.34376749553489622
  0.35519075598963623  0.36710935647427878  0.37810058062151702  0.38854275785790698
  0.39885582418138726  0.40977156499747414  0.42181029932432279  0.43418144315761759
  0.44721526762146041  0.45953735933201795  0.47075926008480545  0.48189666103278350
  0.49374178848809824  0.50641255467147150  0.51976083793828676  0.53403918137191031
  0.54604578777505541  0.55618842890484677  0.56582500125108937  0.57534510167491548
  0.58588541539401018  0.59562729893415289  0.60626472728377090  0.61788218547000928
  0.62887010074285432  0.63984173686177626  0.65118899920144635  0.66216100334176353
  0.67195383002200426  0.68069473450964635  0.68924019990725172  0.69824441720323971
  0.70896547312208424  0.72022827058253946  0.73215603705504373  0.74469641945760667
  0.75621185865035290  0.76658413098522382  0.77657815814526066  0.78666220386616492
  0.79763260860224205  0.80807444505508519  0.81835030499225248  0.82850585956091805
  0.83963354447424043  0.85151666278223082  0.86285462456445350  0.87389023999547366
  0.88426909401272857  0.89417300380158948  0.90401468293724918  0.91477068641271098
  0.92682720650294836  0.93794636020315592  0.94815231431358138  0.95918158931528019
  0.97006187267599520  0.97992038197299169  0.98970056499574932  1.00000000000000000
  0.59067611445452350  0.65244865648287398  0.66491442093209663  0.67765081772322977
  0.69189342089609562  0.70053112544253981  0.70891185152214498  0.71727934475540356
  0.72567482360353563  0.73276586854622006  0.73935859370505397  0.74664551721441130
  0.75406849491005612  0.76006903437889761  0.76560750507583186  0.77090376505577407
  0.77603590548890600  0.78124528570267793  0.78644902061376643  0.79111952846824052
  0.79479018984583438  0.79836708881501883  0.80178505225769725  0.80607792842453729
  0.81054675113232511  0.81525780903906875  0.81956015533569582  0.82327480139448517
  0.82688282409047531  0.83050069500083157  0.83399231909182425  0.83727726862451335
  0.83995799904643642  0.84293247478551747  0.84588763193913064  0.84910886769182803
  0.85239943420181574  0.85536291527518726  0.85821631911437857  0.86102680518194907
  0.86385728388107086  0.86695534115383932  0.86997187092783934  0.87340735627203547
  0.87673201543635981  0.87982912305160976  0.88270752573775213  0.88551453112862877
  0.88810518315707077  0.89068548605235309  0.89315460122560153  0.89561372000815453
  0.89816836364312580  0.90094136193930341  0.90379138553786009  0.90650427315185877
  0.90906320870711577  0.91145300799334183  0.91377347035041889  0.91605228484907697
  0.91835029823969550  0.92046785194105540  0.92245833277376932  0.92448198885536048
  0.92663401355275676  0.92891851277120541  0.93123121319733981  0.93343339848562268
  0.93556971218705520  0.93770014987857520  0.93986582237423599  0.94209849569399962
  0.94437473839044195  0.94650226673659665  0.94846284328611818  0.95041000221754313
  0.95238624460894172  0.95444133343440740  0.95646142152224856  0.95848873949566760
  0.96053587311148514  0.96257977243627735  0.96460826568491087  0.96657174421425973
  0.96858831194506445  0.97075467658857983  0.97310738180064837  0.97542533489448124
  0.97770066112649534  0.98011325690165718  0.98261834514207635  0.98539808513060689
  0.98819295083007219  0.99133431537342076  0.99525368862498564  1.00000000000000000
  0.02797682175529201  0.10795640043902270  0.12743164733847887  0.14203721467153035
  0.15723177823406068  0.17208599997830937  0.18500270122204532  0.19407437929903260
  0.20144525616728079  0.20829480771909453  0.21497875385206813  0.22144811831691946
  0.22763730841562677  0.23314671525836561  0.23816305279365699  0.24331156982110275
  0.24845013900102733  0.25367131075291494  0.25926325276738343  0.26436642272377991
  0.26962679605294881  0.27458773799564729  0.27920827108862417  0.28397802692966090
  0.28894524738926131  0.29426880077292689  0.29999908327752639  0.30511505553684515
  0.31006388868024665  0.31490365246212237  0.31990978853610197  0.32497543251152605
  0.33003209923332311  0.33515628321894009  0.34035777372953879  0.34544004655637106
  0.35004348892662890  0.35466624638719269  0.35930001776342907  0.36427165452959659
  0.36943471140545259  0.37433481343396591  0.37942201845658741  0.38450353979104229
  0.39026074333494548  0.39538226069336208  0.40028316650578488  0.40471218902707512
  0.40923699936507957  0.41368849319412820  0.41852486634662894  0.42383283485445444
  0.42927676340431487  0.43462196313195306  0.43987020607221833  0.44527269012511550
  0.45107647217212299  0.45738853946593067  0.46414933173685191  0.47109393979550546
  0.47803473864104196  0.48490172285103117  0.49210261660285931  0.49861491606936253
  0.50466801834132702  0.50989750111389798  0.51532968105799992  0.52105130565752211
  0.52721557179257361  0.53391453964228663  0.54134010405206845  0.54905641383105497
  0.55731398105447927  0.56649473760406788  0.57627493333034452  0.58574766877690398
  0.59459354285272070  0.60294774696337350  0.61159374172729475  0.62022645476437976
  0.62962147122791634  0.63891438432747039  0.64850624062569218  0.65875967767055388
  0.66957714940637392  0.68024875679207752  0.69128559215875163  0.70284964406724604
  0.71689904159055295  0.73148205416198975  0.74799354250576389  0.76696978386495307
  0.79095381654842711  0.81982118824537387  0.85524072493346115  1.00000000000000000
   1.4833052866053150E-010  -1.0000000000000000     
 F F F F F F F F F F F F F F F F F F F F F F F F F F F F F F F F F F F F F F F F F F F F F F F F F F F F F F F F F F F F F F F F F F F F F F F F F F F F F F F F F F F F F F F F F F F F F F F F F F F F F F F F F F F F F F F F F F F F F F F F F F F F F F F F F F F F F F F F F F F F F F F F F F F F F F F F F F F F F F F F F F F F F F F F F F F F F F F F F F F F F F F F F F F F F F F F F F F F F F F F F F F F F F F F F F F F F F F F F F F F F F F F F F F F F F F F F F F F F F F F F F F F F F F F F F F F F F F F F F F F F F F F F F F F F F F F F F F F F F F F F F F F F F F F F F F F F F F F F F F F F F F F F F F F F F F F F F F F F F F F F F F F F F F F F F F F F F F F F F F F F F F F F F F F F F F F F F F F F F F F F F F F F F F F F F F F F F F F F F F F F F F F F F F F F F F F F F F F F F F F F F F F F F F F F F F F F F F F F F F F F F F F F F F F F F F F F F F F F F F F F F F F F F F F F F F F F F F F F F F F F F F F F F F F F F F F F F F F F F F F F F F F F F F F F F F F F F F F F F F F F F F F F F F F F F F F
  <DiscreteSampler_grid>
  grouped_processes
  1 # 1 for a reference and 2 for a running grid.
  10 # Attribute 'min_bin_probing_points' of the grid.
  1 # Attribute 'grid_mode' of the grid. 1=='default',2=='initialization'
  0.0000000000000000 # Attribute 'small_contrib_threshold' of the grid.
  0.5000000000000000 # Attribute 'damping_power' of the grid.
 # binID   n_entries weight   weight_sqr   abs_weight
    19   10   1.126113598839443E-007   4.543136142317967E-014   1.126113598839443E-007
    20   10   1.126113598839444E-007   4.543136142317971E-014   1.126113598839444E-007
    22   10   1.126113598839443E-007   4.543136142317967E-014   1.126113598839443E-007
    23   10   1.126113598839444E-007   4.543136142317971E-014   1.126113598839444E-007
    25   10   2.305277496685142E-007   2.938806553102332E-013   2.305277496685142E-007
    26   10   2.305277496685140E-007   2.938806553102326E-013   2.305277496685140E-007
    28   10   2.305277496685142E-007   2.938806553102332E-013   2.305277496685142E-007
    29   10   2.305277496685140E-007   2.938806553102326E-013   2.305277496685140E-007
  </DiscreteSampler_grid>
