  0.00000221144944614  0.00000232613562727  0.00000241546821598  0.00000250511363494
  0.00000257601575358  0.00000264662405008  0.00000271565946332  0.00000278766195277
  0.00000286578295027  0.00000293876564721  0.00000300798681835  0.00000308582078440
  0.00000318451479055  0.00000328950725997  0.00000339202830791  0.00000349669210713
  0.00000359539185907  0.00000370347972590  0.00000382310335152  0.00000394952397774
  0.00000408310902816  0.00000421447563668  0.00000433935107726  0.00000445767704010
  0.00000455788239922  0.00000466636682749  0.00000477320484933  0.00000488710909260
  0.00000499013016086  0.00000512303078857  0.00000529344797239  0.00000549045457927
  0.00000568489384192  0.00000586753140563  0.00000603938265333  0.00000620451410787
  0.00000637752831421  0.00000656757218710  0.00000677621282118  0.00000700628309057
  0.00000725877328448  0.00000753608122655  0.00000781939462626  0.00000808290802418
  0.00000833040912798  0.00000857266725557  0.00000881238446368  0.00000906280666723
  0.00000932892034937  0.00000964733942939  0.00001007353338323  0.00001052912390434
  0.00001094370464181  0.00001133828439558  0.00001173700187240  0.00001213313332388
  0.00001264286462726  0.00001320460780480  0.00001381252910084  0.00001443209765309
  0.00001504943951019  0.00001577601787075  0.00001648087373427  0.00001732999256546
  0.00001831505138098  0.00001945832958816  0.00002083537734608  0.00002234472070591
  0.00002386995947755  0.00002545680895987  0.00002714959183684  0.00002893589059251
  0.00003093776956626  0.00003336885625968  0.00003627275704979  0.00003960035263236
  0.00004314443673451  0.00004719609885567  0.00005202266395622  0.00005773000198518
  0.00006395636168815  0.00007264240196118  0.00008475553022761  0.00009802326665318
  0.00011152952744970  0.00012757590721834  0.00014623029460059  0.00017165418529712
  0.00021438069279191  0.00028690273570216  0.00042384096989934  0.00065170834356083
  0.00095096710481727  0.00153274855809152  0.34139109466866624  1.00000000000000000
  0.00315402367897254  0.01254430760684362  0.02368275652391612  0.03420192224201859
  0.04381340494213628  0.05306868870062199  0.06236318560980429  0.07185952019583577
  0.08101231080608809  0.08966455219196857  0.10008309144194717  0.11178142184702546
  0.12338897648733897  0.13376284327492133  0.14219644876184703  0.15020025936435577
  0.15820986635704598  0.16621934496172514  0.17429353145368684  0.18270903386277532
  0.19215352494331656  0.20324465114636850  0.21317120088240005  0.22318942463068531
  0.23357595069823869  0.24502272371061429  0.25684885078275083  0.26822458361815221
  0.27881647389803310  0.28935483729675254  0.30068763722115899  0.31130577287349992
  0.31953944498561482  0.32665002175406138  0.33452964022065357  0.34332040673133540
  0.35397679272875887  0.36519945972627310  0.37640657928298626  0.38805527162294501
  0.39960577089742000  0.41109909064375860  0.42296846865229021  0.43512434034446679
  0.44776928499569757  0.45989180343981628  0.47222234110263706  0.48356701008042946
  0.49424184738147825  0.50452548787972551  0.51531957673070672  0.52703630877856655
  0.53916897324376700  0.55087329659526074  0.56267435023195711  0.57557688226719428
  0.58818306659045128  0.59811353902318976  0.60751348410577299  0.61648732339889567
  0.62609367483466272  0.63889375430874751  0.64928989322520037  0.65998434563626696
  0.66968154953104087  0.68003298955392288  0.69124492416672956  0.70221873870352303
  0.71360667452303450  0.72607833316162129  0.73838591772096940  0.74961795097121331
  0.76036269150292402  0.77151015157983038  0.78273132044964200  0.79339697708020585
  0.80331115711647572  0.81326146945123812  0.82398363696227039  0.83612427494958308
  0.84789626314619204  0.85880549925282701  0.86948121035319093  0.87984486806529605
  0.89176451030070181  0.90357174975445143  0.91428864625253137  0.92283575871072832
  0.93062422867521610  0.93853526450919234  0.94682448887244841  0.95604324424456988
  0.96647297681914168  0.97732140842338466  0.98841537596844387  1.00000000000000000
  0.00000397083822105  0.00000618533550589  0.00000638221514255  0.00000668623129399
  0.00000699419834085  0.00000726232032030  0.00000753555017816  0.00000780576748521
  0.00000813768161012  0.00000845277804518  0.00000877274871284  0.00000902605093753
  0.00000923355532065  0.00000945898438047  0.00000971077407364  0.00001002238767353
  0.00001040219647689  0.00001076010160181  0.00001111026410655  0.00001145821003479
  0.00001182231900948  0.00001219426591282  0.00001253403995464  0.00001281813170966
  0.00001313343002626  0.00001351300765472  0.00001386925200694  0.00001420874207078
  0.00001449931748171  0.00001502378552432  0.00001556806785398  0.00001614759870070
  0.00001675342569161  0.00001740220437839  0.00001814754238364  0.00001890957054554
  0.00001961263527785  0.00002031696938772  0.00002105560536209  0.00002187196661086
  0.00002286441732731  0.00002401486095614  0.00002512415953402  0.00002624227432943
  0.00002742305367536  0.00002872071855005  0.00003014970701084  0.00003157011415464
  0.00003299181840932  0.00003450247185681  0.00003612659125513  0.00003804141196201
  0.00004036135405503  0.00004284661294281  0.00004558789806483  0.00004835866281799
  0.00005132376194462  0.00005495893419612  0.00005942741135561  0.00006476133451964
  0.00007008512915670  0.00007503854850593  0.00008012220606153  0.00008626149528257
  0.00009433067699627  0.00010550224084599  0.00011819537116290  0.00013086908973835
  0.00014325360807415  0.00015609751426945  0.00017067310981623  0.00018893904733825
  0.00021048009881600  0.00023620553823415  0.00026689593969536  0.00030341762671334
  0.00034878478990121  0.00040604551217386  0.00047870950622507  0.00055304543259078
  0.00064023162414747  0.00074640269331318  0.00086103913504030  0.00100169885560173
  0.00116518198666487  0.00137680316731390  0.00158780812956332  0.00185563124997553
  0.00233587394079973  0.00314281247016367  0.00371563037729670  0.00435753612515009
  0.00519611650438820  0.00778137472870696  0.04410066647911316  1.00000000000000000
  0.00000599301724970  0.00000643477766945  0.00000682729126329  0.00000722572837107
  0.00000769206936788  0.00000817219319175  0.00000869910283180  0.00000924794441721
  0.00000980281640841  0.00001034584246531  0.00001086791323279  0.00001138639371834
  0.00001189861745592  0.00001240190373708  0.00001299064117527  0.00001360705200368
  0.00001435014932146  0.00001535817341921  0.00001639727547274  0.00001732344409250
  0.00001822313531525  0.00001903566222682  0.00001995586913030  0.00002091062055127
  0.00002173110260694  0.00002263109798875  0.00002358164365434  0.00002475899771764
  0.00002617762619230  0.00002773366444241  0.00002924761636180  0.00003057205486214
  0.00003197006935160  0.00003353271288833  0.00003523549345658  0.00003747936918498
  0.00003989946131840  0.00004261486916035  0.00004555580214352  0.00004883854956852
  0.00005225367110046  0.00005578459327256  0.00005944325265502  0.00006339681814959
  0.00006772984103739  0.00007243363244166  0.00007774740811455  0.00008316131390277
  0.00008857084624291  0.00009401538920407  0.00010029419831388  0.00010796508087557
  0.00011571151412876  0.00012333641894240  0.00013109855134513  0.00013885923906576
  0.00014738095818208  0.00015661898349381  0.00016758905132880  0.00018046572403503
  0.00019487325542214  0.00021088423272941  0.00022945622716539  0.00024933770699565
  0.00027085646467664  0.00029199852556833  0.00031229592056862  0.00033274994764035
  0.00035312373316921  0.00037863608208887  0.00040681773726019  0.00044198788978128
  0.00048165913533091  0.00053396596103039  0.00058472089964599  0.00063463442905122
  0.00069470327787216  0.00077176617398368  0.00086297215821459  0.00095343167401771
  0.00104476866017503  0.00115042190155283  0.00126167099383127  0.00139097679259255
  0.00155645007042739  0.00173755989182026  0.00189843169430514  0.00209083056404786
  0.00231785621136806  0.00264290927388207  0.00314731684368702  0.00369811931331626
  0.00446967043330139  0.00579760982225888  0.04859064185491638  1.00000000000000000
 -0.00130504256493391  0.00618885478661157  0.01468255646283879  0.02266031829271820
  0.03105513231889225  0.04038975612478402  0.05170350794980362  0.06283292981115268
  0.07124374384338383  0.07898252827226225  0.08660078057957438  0.09513072994319964
  0.10357304512512930  0.11278806489564024  0.12407436788271980  0.13726481582289357
  0.14732787056680555  0.15687259375606630  0.16550119197111576  0.17407375069381648
  0.18441269135565883  0.19710470745682562  0.20995117271588043  0.21994462566816372
  0.22875154252038155  0.23820051615890955  0.24778187864479104  0.25873425362759167
  0.27093232777776138  0.28451595452890172  0.29818695222606351  0.31043742307136973
  0.32194713769449207  0.33390863955991379  0.34691505343692280  0.36011980176248148
  0.37305980750300644  0.38560925430173110  0.39758422149957007  0.40925643669583456
  0.42070987530699033  0.43241581523664729  0.44433549263937389  0.45662336715135232
  0.46777960468564483  0.47789997377939181  0.48742492658083475  0.49704471819774365
  0.50874446257355310  0.51981174993814361  0.53110371542223311  0.54419582302059588
  0.55649300144864100  0.56897417174729359  0.58115157833805031  0.59455234606085017
  0.60809503061679215  0.62118821093273824  0.63395632466154295  0.64727995917159220
  0.66074214865243541  0.67253181220830727  0.68358720084435309  0.69515485080538042
  0.70688996229747125  0.71818500397826635  0.72943632277070292  0.74062531252255692
  0.75120412619779453  0.76219834313296042  0.77407530821974102  0.78643162551448342
  0.79854155697448992  0.80988584531656038  0.81989714067150721  0.82820356764758174
  0.83728702794314780  0.84616851944377813  0.85584406741533359  0.86562152289878480
  0.87530826045237486  0.88530277931809442  0.89535792632696509  0.90417062281990113
  0.91096553295450988  0.91712175313237232  0.92376879676873336  0.92980612711593436
  0.93577854002081040  0.94431352774631117  0.95366152775172430  0.96250253530610308
  0.97129307978333168  0.98022884372564412  0.98947369109519312  1.00000000000000000
 -0.00164223203977793  0.00597750060800937  0.01341870834912447  0.02077940870832826
  0.02893395369998388  0.03715873564913016  0.04581385148389717  0.05521457469688659
  0.06563054394929230  0.07868789411092719  0.09126523737393380  0.10184538962098542
  0.11098313006119349  0.11986445509125433  0.12864075509824857  0.13898240463473766
  0.14912605744506013  0.15999454616705358  0.17234379395490462  0.18384384093657691
  0.19423298107808448  0.20396323420254353  0.21431602451956022  0.22505997881768044
  0.23429404932260589  0.24387101178695439  0.25313271681400096  0.26219301456142824
  0.27429989817747685  0.28632826555494129  0.29718777537247903  0.30532612474150633
  0.31398790504258306  0.32238904140634539  0.33166628535614312  0.34057620112495712
  0.35017457089849002  0.36111382482005222  0.37312717782429555  0.38301991037119176
  0.39151371673675261  0.39937976384713447  0.40719495726352789  0.41683069420670377
  0.42862984246212105  0.43878389887805547  0.44951939812423003  0.46072261759382233
  0.47382892896347018  0.48643676048100826  0.49792018992314641  0.50692329013423876
  0.51585396368529446  0.52552815375717621  0.53655015071759615  0.54824773079656186
  0.55961242547588541  0.57098986593558021  0.58268755274404227  0.59412666479633902
  0.60515706972026073  0.61552713080212240  0.62383689188280367  0.63305315726202582
  0.64206685734004676  0.65187351682819117  0.66303515518635447  0.67447514741290915
  0.68657083500940086  0.69961911587101255  0.71360622964379450  0.72789303024861307
  0.74173280322982982  0.75410454447315889  0.76459105684209605  0.77429370086243876
  0.78357973261715508  0.79307606644816708  0.80269752409747186  0.81117235216599137
  0.82137472823948354  0.83213405484640879  0.84679923052707051  0.86060624780256889
  0.87456141813182597  0.88802177353940237  0.90010711493145079  0.90990707935073012
  0.91930625947190092  0.92895542050668156  0.93908226001125772  0.94987874772913128
  0.96152398920636084  0.97420842347754133  0.98701942021242695  1.00000000000000000
 -0.00212883635862904  0.00804380281130047  0.01623983405721197  0.02302030121568711
  0.02975077614590648  0.03670192914261967  0.04327508274779470  0.05216715683874339
  0.06196085899700809  0.07181001641892135  0.08154567084503192  0.09037392879711627
  0.09898393619281394  0.10752915654277695  0.11593270737021799  0.12450339296036658
  0.13300507533520339  0.14094257641460342  0.14901926259529399  0.15702895547415863
  0.16536282960406370  0.17457900362699699  0.18440837124589024  0.19286585425415134
  0.20129392470847382  0.20817161127676273  0.21466889343833118  0.22140740605104997
  0.22903467267370328  0.23997928393859694  0.25040036645816827  0.26020980419121192
  0.27036519768189959  0.28212429995751287  0.29405550612271980  0.30526084495769407
  0.31625419052918025  0.32611642481337638  0.33558065716799146  0.34466713772368268
  0.35365814445700411  0.36329055910843455  0.37380630475293591  0.38397162111486161
  0.39447234675738890  0.40438315513490852  0.41544316478206850  0.42578247274997666
  0.43450820077910340  0.44317498555032964  0.45132092819296982  0.45962003141304875
  0.46933121386043863  0.48115774626205665  0.49287983864190521  0.50427889329493725
  0.51548952728627551  0.52661840846034058  0.53770334610934800  0.54858679102219265
  0.55921243753009131  0.57007349861081535  0.58237842830112585  0.59676594370649894
  0.61179569105852127  0.62600279065940667  0.63842409233479591  0.64820438316996432
  0.65709356123850993  0.66676181661104572  0.67856378931305950  0.69153953704542437
  0.70471121376105261  0.71745091809973083  0.73009564697971707  0.74598358339416648
  0.76204405319504742  0.77825461531182238  0.79219391922480897  0.80499771962344713
  0.81889576598365132  0.83422038394333142  0.84926028451159996  0.86286636881566381
  0.87644457699270972  0.89085204230586723  0.90333846669797124  0.91473790675815769
  0.92740189709357224  0.94031552561958487  0.95373137180262979  0.96518080742805845
  0.97554210433163180  0.98413610069605983  0.99202954668244081  1.00000000000000000
 -0.00135608263153134  0.00662871565961046  0.01370399609256055  0.02145529573680775
  0.03009645181652627  0.03988485390848553  0.05133884281873754  0.06260494647952633
  0.07326559854761003  0.08331115484956975  0.09490578092925120  0.10653232337529359
  0.11729702926991292  0.12746128139318652  0.13742447776811129  0.14545756968569803
  0.15354600442991642  0.16168183360065944  0.17027874446823721  0.18114402205163180
  0.18908195886252568  0.19829455751383010  0.20815399264055651  0.21493694125462928
  0.22324766250903733  0.23263997240018144  0.24217899593717843  0.25320834756388311
  0.26589601413474423  0.27819656919150698  0.28977920295200926  0.30025698592775302
  0.31106482718528067  0.32055828942185233  0.32918618020500956  0.33815554998947844
  0.34853875768263348  0.36351214996796272  0.37749181481951505  0.38880112960345664
  0.40021370601340062  0.41154532389428955  0.42289057682040027  0.43453372896418258
  0.44586337724722469  0.45587766319442885  0.46736054774525643  0.47896156910049753
  0.49138629073467910  0.50235344026754669  0.51123039224326228  0.51986821108461923
  0.52963243902625767  0.53913467817988847  0.54923062720580063  0.55875171360317155
  0.57183377597851981  0.58461502480773264  0.59763509987369057  0.61046599687350078
  0.62309923318023264  0.63551530845036108  0.64685283002472138  0.65742512933324504
  0.66797187299255023  0.67930134800393271  0.69122041554390046  0.70285291628764046
  0.71362582477732139  0.72348903846211388  0.73142792696778025  0.73922854957640538
  0.74727838629611776  0.75743820030482611  0.76905458564662466  0.78042808959454302
  0.79209625740805423  0.80426172948205343  0.81612556650935175  0.82763342278500396
  0.83927477368461767  0.85139311219090186  0.86262366551146208  0.87307437424710110
  0.88321110756993904  0.89369310561975468  0.90404819578872575  0.91446005324052682
  0.92507230466164181  0.93626229616508849  0.94767099379079744  0.95828993507338678
  0.96834363049395999  0.97864502543839238  0.98988135516828579  1.00000000000000000
 -0.00280051133243134  0.01060610409177917  0.02186366188283003  0.03309862350045958
  0.04456842120081234  0.05547022330559297  0.06446855509996906  0.07221326837086779
  0.08081638313228137  0.09109039173898453  0.10100982239914559  0.11078893478314321
  0.12084622525269757  0.13162457138355579  0.14082031937023551  0.15013630824246205
  0.15906468061385434  0.17010346558786252  0.18162528583296250  0.19194093869990875
  0.20050828270283988  0.20888900525156825  0.21805320021417524  0.22843743538897521
  0.23966909989409271  0.25025439979047520  0.26108892795494371  0.27260163576320440
  0.28400507578529960  0.29449785219883978  0.30391064215979935  0.31321747715730586
  0.32302676073959619  0.33375025726839841  0.34466407755221151  0.35577225593403783
  0.36763906339860258  0.37978916410512559  0.39119074977026819  0.40172069142344374
  0.41251288530950780  0.42337701281905243  0.43366181601331655  0.44236249496960445
  0.44994797878064891  0.45818543022544550  0.46737213785042686  0.47804725116981955
  0.49050318318851827  0.50338184535546848  0.51687509553647593  0.53017592787860734
  0.54368611355318341  0.55628946339319840  0.56832558698461944  0.57982429183462025
  0.59043568336022767  0.60007151763544542  0.60895253632246993  0.61798842914076135
  0.62808317579426665  0.63653208596073985  0.64673775053181048  0.65868039225464248
  0.67165392924595657  0.68392910789591177  0.69534227603047127  0.70709697795588033
  0.71876499932382820  0.72965061472893433  0.73994417152156955  0.74919325463131525
  0.75816548557166608  0.76759763976146289  0.77765576538183667  0.78785010931694965
  0.79791681119254454  0.80712404640153257  0.81775809305460112  0.83060352926636238
  0.84343290469707377  0.85507061484105296  0.86630209984113038  0.87740488602035316
  0.88991877363498184  0.90191693872217749  0.91224945109817490  0.92110069872471823
  0.92899122735961781  0.93740132450074720  0.94560750313477537  0.95548727042061177
  0.96590293222238333  0.97632541837135289  0.98807972937038258  1.00000000000000000
  0.00001481492416823  0.00004526948515636  0.00007654271271556  0.00011139041966245
  0.00018200088129075  0.00025237070687252  0.00032238745288472  0.00039390765530837
  0.00046570653187305  0.00052833002597302  0.00059469943845426  0.00066262352086821
  0.00072374582153171  0.00078493024211046  0.00084698731668903  0.00090936191960196
  0.00097156131727772  0.00103220819186414  0.00109864101223384  0.00116997953119688
  0.00124646401391141  0.00132802170542939  0.00140990374520727  0.00148805047804151
  0.00156181171096726  0.00163816098815415  0.00171660360618657  0.00179917393940359
  0.00188850772684603  0.00197880245394865  0.00207992751516960  0.00217182624962140
  0.00225359595859950  0.00233343246042494  0.00241643292280058  0.00250133957289397
  0.00258804662943140  0.00266701109512327  0.00273976655555497  0.00280434308332002
  0.00287380001901753  0.00294717159677652  0.00301910853793757  0.00309032647559376
  0.00316331076665111  0.00324349436647379  0.00333651944433706  0.00343605601867805
  0.00354713598507817  0.00367556473696538  0.00380562683215068  0.00395760560039006
  0.00412290922457725  0.00425661036827054  0.00439785574871975  0.00452797958960769
  0.00467388574539000  0.00485950709572358  0.00504694365738812  0.00524071844473364
  0.00541458730632300  0.00556842884956478  0.00572458844516025  0.00586548511476437
  0.00597857526903813  0.00613056209885163  0.00628861196499082  0.00645814252143003
  0.00660960044138084  0.00674793459736017  0.00688284070182179  0.00705027119804436
  0.00726003380961937  0.00747938927698552  0.00779076450740584  0.00800139219448984
  0.00819275412258552  0.00829222002160891  0.00836551242073702  0.00843877788882411
  0.00852556293005090  0.00862766876042377  0.00892797195537386  0.00925016919442323
  0.00954274724045798  0.00992144974741039  0.01039661936187216  0.01087159610867318
  0.01175262634645798  0.01404244806185800  0.01498765735964222  0.01640078135184902
  0.01870318617828398  0.01981971590034614  0.11724523458819196  1.00000000000000000
 -0.00178066493309802  0.00621978710484472  0.01423872167789907  0.02341072921617036
  0.03375004760372652  0.04340230945510036  0.05147571571500931  0.05819713071465522
  0.06481073179143697  0.07172731103727054  0.07922652634478262  0.08721104393904790
  0.09536982889448875  0.10376269347216840  0.11166384278503026  0.11957877949829304
  0.12834195913374302  0.13774785013158067  0.14714924367384788  0.15608212518983819
  0.16500103072082892  0.17407254262707531  0.18331008328990372  0.19336499201830140
  0.20398741194281414  0.21255068445325095  0.21996053023936415  0.22698958014539625
  0.23368965249672333  0.24095037001251449  0.24846515650729881  0.25639082345553510
  0.26454121942876641  0.27306761461386969  0.28142632064434875  0.28969850725779278
  0.29877483710681529  0.31066230563036273  0.32651284864639063  0.34368130589178386
  0.35996090175761319  0.37601515997083618  0.39206456746394619  0.40744166437686541
  0.42339394344953635  0.43839202000656757  0.45071892647949896  0.46313920488962923
  0.47830715357245701  0.49163102675896125  0.50684847288140855  0.52426461631725751
  0.54117242985524838  0.55703244999847590  0.57084065808807827  0.58337841132811652
  0.59589408613161443  0.60860637986558452  0.62223647149845351  0.63558310276961905
  0.64851934917467857  0.66166332664280825  0.67581474016004561  0.69165952741910086
  0.70557947289835188  0.71764801917464582  0.72835215899838335  0.74008817978874941
  0.75167018020728327  0.76422447617461053  0.77524782953834370  0.78469133573506245
  0.79400691373073318  0.80277419610984724  0.81118281860856423  0.81998934085421504
  0.82950849210399058  0.84007098647374945  0.85078261289230195  0.86113394233211682
  0.87122666933376403  0.88128844968528952  0.89125855395741205  0.90049831950409553
  0.90844014775658644  0.91620767426648952  0.92358495519632167  0.93117198002288459
  0.93806890023731360  0.94563309817708374  0.95403192273137005  0.96306412586964618
  0.97222515380337993  0.98103318359998548  0.99094081544485968  1.00000000000000000
  0.50535129990023109  0.57866773838391017  0.59793080472939730  0.60939896193480858
  0.62023017349859810  0.63209848041922578  0.64369982301656459  0.65405089225538937
  0.66522199599977161  0.67550871649344535  0.68475269456973931  0.69390978181211460
  0.70350596222400452  0.71208000854071507  0.72009469129572534  0.72902152561052591
  0.73601583713298446  0.74218583680229833  0.74855517217013812  0.75504553680742326
  0.76115593892828026  0.76741513916638171  0.77392887598736548  0.78065061331226504
  0.78657645395293718  0.79216873235964214  0.79785232527844485  0.80343853086900652
  0.80871974501077160  0.81410993956628164  0.81963177422316602  0.82514759919884262
  0.83015913708471467  0.83500198039216023  0.84010760746198199  0.84515373050856479
  0.85016723561491869  0.85485762427907619  0.85931266312723431  0.86341156445248080
  0.86739567522897387  0.87134707680540158  0.87509942355540682  0.87885564529143478
  0.88264037749410751  0.88648505980649117  0.89027266688396733  0.89384115402857345
  0.89728096937408708  0.90054165076390513  0.90367710256270761  0.90686357817869701
  0.90997083710989246  0.91302068658067270  0.91590726102908582  0.91860007164489343
  0.92113856183120646  0.92379471993100981  0.92644410760566420  0.92910990248285441
  0.93138052408662297  0.93371539265250680  0.93594055629246165  0.93813868931625799
  0.94036880211788099  0.94262867149121199  0.94482004495780314  0.94714763090071141
  0.94944531182255920  0.95151249662988457  0.95357683688115591  0.95561934155142880
  0.95781805402424425  0.96016946481113186  0.96223286089123772  0.96410672206594350
  0.96600183272143048  0.96773174918431348  0.96938361130357298  0.97118066875921649
  0.97302660823992637  0.97480680587162583  0.97643851054123076  0.97810932334505329
  0.97966934360077895  0.98113929104193243  0.98261423603037124  0.98408470853948171
  0.98563396411307036  0.98732054304809969  0.98921099084983533  0.99135860302148704
  0.99331920749169322  0.99548286199388647  0.99778211048128718  1.00000000000000000
  0.03603762487211148  0.11636330389091158  0.13016621209439283  0.14264330857907728
  0.15257587806355999  0.16054950270248469  0.16790436367247244  0.17550713412169275
  0.18060113102552786  0.18440033645510442  0.18776871126766587  0.19101269737633181
  0.19472493284825154  0.20077577274942335  0.20657090331453126  0.21146671408208806
  0.21618017627425676  0.21959388148395012  0.22315724862865408  0.22675636571185631
  0.23031978119154894  0.23548985944638523  0.24113852314984482  0.24707992597832584
  0.25261667233642993  0.25750269183110702  0.26213300311721727  0.26675698050174179
  0.27186271837027781  0.27726840413024723  0.28222472531844983  0.28701272370668296
  0.29189993385548096  0.29693608874375749  0.30242147601251279  0.30833871364973980
  0.31387596540578699  0.31888980662613636  0.32386761377197809  0.32878441992973712
  0.33355181276093726  0.33851808720383852  0.34352115783206333  0.34862422416566630
  0.35379001996598486  0.35851948229852459  0.36331087902950243  0.36842188263361092
  0.37369208685547822  0.37865577426881353  0.38260853050968718  0.38670027317314237
  0.39075235106465450  0.39521871715253087  0.39997372382826019  0.40421726291164833
  0.40880449650843431  0.41401694515681542  0.41920234385778710  0.42393670327428395
  0.42883434333531534  0.43434760725511756  0.44023447884906242  0.44564582248488138
  0.45073024288145014  0.45561296528906348  0.46083323416285965  0.46673092133076788
  0.47236241009482766  0.47740577600734324  0.48252666551776718  0.48818839799445601
  0.49448510222718484  0.50049365944911517  0.50660422849037867  0.51280624519832940
  0.51988559450417970  0.52759164234741440  0.53584233319611507  0.54460918157102423
  0.55303105422723764  0.56095099980815533  0.56942372521386286  0.57934295162404736
  0.58936047488888366  0.59998155617618865  0.61225765152246414  0.62659227209893842
  0.64200250053608177  0.66040952615999293  0.67791901347700612  0.69689293101743410
  0.71948250912703371  0.75086068012854812  0.79743388210934196  1.00000000000000000
   1.3560144653640651E-005  -1.0000000000000000     
 F F F F F F F F F F F F F F F F F F F F F F F F F F F F F F F F F F F F F F F F F F F F F F F F F F F F F F F F F F F F F F F F F F F F F F F F F F F F F F F F F F F F F F F F F F F F F F F F F F F F F F F F F F F F F F F F F F F F F F F F F F F F F F F F F F F F F F F F F F F F F F F F F F F F F F F F F F F F F F F F F F F F F F F F F F F F F F F F F F F F F F F F F F F F F F F F F F F F F F F F F F F F F F F F F F F F F F F F F F F F F F F F F F F F F F F F F F F F F F F F F F F F F F F F F F F F F F F F
  <DiscreteSampler_grid>
  grouped_processes
  1 # 1 for a reference and 2 for a running grid.
  10 # Attribute 'min_bin_probing_points' of the grid.
  1 # Attribute 'grid_mode' of the grid. 1=='default',2=='initialization'
  0.0000000000000000 # Attribute 'small_contrib_threshold' of the grid.
  0.5000000000000000 # Attribute 'damping_power' of the grid.
 # binID   n_entries weight   weight_sqr   abs_weight
    37   10   6.139077347512962E-001   1.388832521061194E+000   6.139077347512962E-001
    38   10   6.139077347512958E-001   1.388832521061194E+000   6.139077347512958E-001
    43   10   5.959256967424034E-001   1.288305139215237E+000   5.959256967424034E-001
    44   10   5.959256967424030E-001   1.288305139215238E+000   5.959256967424030E-001
    46   10   3.150053555393111E-001   3.924864771583883E-001   3.150053555393111E-001
    47   10   3.150053555393112E-001   3.924864771583889E-001   3.150053555393112E-001
    58   10   9.782328419267038E-002   3.865585557838667E-002   9.782328419267038E-002
    59   10   9.782328419267038E-002   3.865585557838669E-002   9.782328419267038E-002
    61   10   2.172929039089358E-001   1.563001855663691E-001   2.172929039089358E-001
    62   10   2.172929039089358E-001   1.563001855663691E-001   2.172929039089358E-001
    64   10   2.086155616872443E-001   1.496505486556267E-001   2.086155616872443E-001
    65   10   2.086155616872443E-001   1.496505486556268E-001   2.086155616872443E-001
    79   10   3.150053555393112E-001   3.924864771583886E-001   3.150053555393112E-001
    80   10   3.150053555393112E-001   3.924864771583889E-001   3.150053555393112E-001
    124   10   9.782328419267040E-002   3.865585557838670E-002   9.782328419267040E-002
    125   10   9.782328419267042E-002   3.865585557838670E-002   9.782328419267042E-002
  </DiscreteSampler_grid>
