  0.00307382972791747  0.01430819211311420  0.02494617893438233  0.03510016629457578
  0.04526548332679268  0.05319032234189504  0.06109296206600021  0.06935840278121576
  0.07797424741188821  0.08772912083774737  0.10044663634464099  0.11268789101204774
  0.12528286350156362  0.13647641137684613  0.14746215427758083  0.15543410376462169
  0.16292817251749778  0.17076871383182826  0.17895383813059584  0.18850864250129903
  0.19798707964225432  0.20799987986090723  0.21986237424103292  0.23111529843126530
  0.24233902450994163  0.25369224987128886  0.26686418352515245  0.27882291372576218
  0.29019727465404227  0.30157455210743866  0.31206076915239744  0.32342834053410746
  0.33485984896020127  0.34700592349149412  0.35791854115972960  0.36888282948222773
  0.38030069718618881  0.39068125081944016  0.40127999690716126  0.41205611289078325
  0.42375158309635413  0.43501268821176853  0.44635108323162964  0.45748401693526081
  0.46836404142763577  0.47913766328159402  0.48998380742001879  0.50010945234256610
  0.50852681256906107  0.51680169817857435  0.52620968719105776  0.53578800437792606
  0.54549059276208722  0.55670326200020503  0.56903900590229450  0.58487424614866268
  0.60043237183543863  0.61756290584166118  0.62930425621254382  0.63963541950399572
  0.64834653650020446  0.65758988129959539  0.66639987888698116  0.67541425532914279
  0.68621800164499858  0.69763708125690682  0.70866825979006809  0.71892318831457835
  0.72775197470458075  0.73704631122125019  0.74767523250942158  0.75863521247825683
  0.76912114046524038  0.77949125287340537  0.78949278839019410  0.80073797787319123
  0.81097426266287476  0.81910674731055844  0.82691108503994315  0.83463360519290519
  0.84344979398235875  0.85293460067201743  0.86313981288480701  0.87463631085410987
  0.88704565728241158  0.90011336462482128  0.91269930669331267  0.92417223794457948
  0.93405430875725270  0.94458388002008842  0.95293356630174975  0.96066723013477140
  0.96851276471054171  0.97684147043286884  0.98887616298430447  1.00000000000000000
  0.00003248538911383  0.00003861506547883  0.00004542719398538  0.00005185183292542
  0.00005816850807987  0.00006426389474950  0.00007051143909797  0.00007677358170452
  0.00008329911328739  0.00008986036766373  0.00009619068066526  0.00010209129138327
  0.00010773966351733  0.00011337183667014  0.00011912893683577  0.00012525064413722
  0.00013168539303052  0.00013828250022256  0.00014505200954222  0.00015243357157425
  0.00016062473997229  0.00016934503927715  0.00017844836799614  0.00018773763501175
  0.00019695174609846  0.00020621839262427  0.00021543114159428  0.00022538827996876
  0.00023633167697200  0.00024851281928982  0.00026255283949727  0.00027817305548774
  0.00029528760628720  0.00031312206244683  0.00033258122945470  0.00035179080624682
  0.00037012773527700  0.00038899143903432  0.00040931643488307  0.00043162323618214
  0.00045545083008616  0.00047729094597425  0.00049462791036234  0.00051173595121443
  0.00052863705164926  0.00054446425098639  0.00056208066851654  0.00058353539983922
  0.00060577267489786  0.00062916533995470  0.00065379671980072  0.00069297997936213
  0.00072721660720634  0.00076070517704722  0.00078679345675718  0.00081323008046866
  0.00084097158798891  0.00086805388919970  0.00089554178812484  0.00092265129231895
  0.00094963630534982  0.00098260677577119  0.00102857215411070  0.00109952544851902
  0.00117218569074671  0.00124272772913389  0.00130394271284437  0.00135309055051310
  0.00140279631719428  0.00146170138901829  0.00151603306431997  0.00157562184736771
  0.00164096417957500  0.00173987069572031  0.00183899883505373  0.00193728709972452
  0.00204521335451041  0.00217364332995988  0.00230665039877715  0.00246239298778122
  0.00273593585705677  0.00312813687716285  0.00350628903790612  0.00381244949614105
  0.00414003494178519  0.00448668027836296  0.00498158426274746  0.00579738471929560
  0.00693134970335295  0.00813557270955404  0.00941698192027231  0.01348926638485057
  0.01737106309507887  0.03136762626676213  0.09256541210188231  1.00000000000000000
  0.00007858004673746  0.00009584845612886  0.00011389179883204  0.00013312073925917
  0.00015302319353190  0.00017092279340204  0.00018801334367225  0.00020437081817526
  0.00022165695370849  0.00024027093003537  0.00026171755329337  0.00028528942146018
  0.00030738920987940  0.00032928370346331  0.00035232069674720  0.00037665734190856
  0.00040374821644049  0.00043346335599405  0.00046320947303529  0.00049217779586406
  0.00052271791687771  0.00055537633466947  0.00059610566407923  0.00063880552247325
  0.00068479328736165  0.00072904857455428  0.00077068948162951  0.00081315044737660
  0.00085972217557739  0.00091232279486082  0.00096960773487481  0.00102883226810227
  0.00108739138863136  0.00113815908338037  0.00119532063812460  0.00124732218501590
  0.00130775525855555  0.00138251488399782  0.00146475405772623  0.00154810996188645
  0.00162801018072024  0.00171179573223168  0.00178855304738010  0.00186678375993672
  0.00194558370644689  0.00202709220173810  0.00211358143473908  0.00220080304559082
  0.00228249649614964  0.00237309646698707  0.00247977875627135  0.00259119123031051
  0.00271841544845949  0.00287822040150713  0.00304902792685246  0.00324645709026335
  0.00347980797418920  0.00375355344892427  0.00402173868438196  0.00423638659824358
  0.00437666874702639  0.00451855080076887  0.00466277142799706  0.00481432596529485
  0.00497350922967424  0.00523347514672328  0.00555947968734948  0.00586129980841497
  0.00615918305603939  0.00646825684071157  0.00679231635468862  0.00711655742895836
  0.00740924524390053  0.00771118200216585  0.00795657192838374  0.00822161587874737
  0.00867245337912083  0.00943267124718456  0.01020068360101782  0.01102798158038133
  0.01202675666409036  0.01275704087574725  0.01331198424399815  0.01373213169112340
  0.01417332959557044  0.01471263725961661  0.01511720522985561  0.01550465540143839
  0.01608192947611591  0.01717012170826896  0.02088267097020152  0.02859631186512529
  0.03963672075015495  0.06105251839970968  0.40577568907333017  1.00000000000000000
  0.00135256322453887  0.03010930744048623  0.05330494205909778  0.07261594278787194
  0.08825416312252468  0.10142404043823333  0.11321772375788337  0.12291764545236404
  0.13044298675842908  0.13656162585312887  0.14420247390714908  0.15240421338722332
  0.16112740928895247  0.17021007136272909  0.17927983519740526  0.18885841046945318
  0.19927885332054918  0.20937693483488551  0.21951525193611404  0.23078284696031270
  0.24327114594673702  0.25612313564602479  0.26849473606862617  0.28107748060347287
  0.29373295929657306  0.30623399148911828  0.31673057752043837  0.32680487351864462
  0.33730245103182593  0.34913524246514571  0.36062415823074240  0.37233328074091770
  0.38405635422329798  0.39405328230314191  0.40308414993825420  0.41180566543413483
  0.42072530363710059  0.43106027291285920  0.44276000696136653  0.45152921079986869
  0.45998332057105551  0.46904844567505427  0.48054494882137810  0.49232603339691849
  0.50244248445437700  0.51193637287055005  0.52237899303310709  0.53265128811911566
  0.54524708196646698  0.55823825245211778  0.57055754626302035  0.58227988757476334
  0.59490399916396164  0.60700677168894834  0.61853860502445335  0.62960782741938259
  0.64017470530924325  0.65229088576832039  0.66090087176465118  0.66839782425720262
  0.67580703491371785  0.68272763588118512  0.69037599218844536  0.70134044566595810
  0.71191081101179687  0.72191517616333822  0.73167653505999286  0.74133707162879758
  0.74952718104802218  0.75751246248894721  0.76374325487072847  0.76997802650819913
  0.77651761358000737  0.78338087175475957  0.79228240184935306  0.80290167315179395
  0.81379460865370479  0.82450056139684336  0.83446661025511371  0.84384230130369131
  0.85265385578645436  0.86269926475170766  0.87305711829877597  0.88344651120433015
  0.89279484562833267  0.90127153176479091  0.90996047034347094  0.91951740620428057
  0.93028948925137633  0.94126451101554909  0.95022818818593136  0.95814339179072738
  0.96564986273669595  0.97321465534338736  0.98222137403780396  1.00000000000000000
  0.00000629620645273  0.00001601265070471  0.00001907290819541  0.00002225250867327
  0.00002560252011952  0.00002914385358031  0.00003400082755537  0.00004007907754666
  0.00004783765370287  0.00005666582069470  0.00006685336846151  0.00007839509273289
  0.00009259663371967  0.00011017366677832  0.00012997480183536  0.00015066098864875
  0.00016862840555506  0.00018693725087834  0.00020747254721153  0.00023204670584700
  0.00025823719726796  0.00028467201314383  0.00031278728235969  0.00034556357338475
  0.00038115267806576  0.00041788380364281  0.00045294101949610  0.00048757649820219
  0.00052146593963967  0.00055568898759477  0.00059169325150134  0.00063377996694598
  0.00068300560745649  0.00073323320954930  0.00077765662922342  0.00082012181671241
  0.00086930172637147  0.00091578448559529  0.00096705999807588  0.00102108136776510
  0.00108048742891374  0.00114974877253619  0.00122523788107396  0.00130120430367749
  0.00138457899922535  0.00147011219709735  0.00155837116683677  0.00164721541528903
  0.00173983835701749  0.00184422940400271  0.00194196301212343  0.00204469942682180
  0.00215285185613971  0.00225385750090046  0.00236192969810194  0.00246556624059475
  0.00257481365653052  0.00270171882726228  0.00283260282039441  0.00298798411688001
  0.00316112969086914  0.00335119940908091  0.00353866694131166  0.00368375794293351
  0.00380050215564794  0.00389423856618580  0.00398619874486860  0.00407804910127196
  0.00417212466448293  0.00431602536823466  0.00455043841544336  0.00467946820256409
  0.00480706843926832  0.00493466867597255  0.00509318777873021  0.00525368321926185
  0.00541417865979348  0.00553973959905430  0.00566278213289695  0.00578582466673960
  0.00609163756995802  0.00641308038984301  0.00678495611736843  0.00730244049515718
  0.00793901304729539  0.00849651239946866  0.00892782307751242  0.00935420109334120
  0.00982084698476833  0.01007885648562824  0.01027038269563002  0.01048808641620474
  0.01099273188443603  0.01202272053076542  0.03948152459441302  1.00000000000000000
 -0.00307715285538183  0.01740357211908668  0.03392569138130884  0.04900198157601006
  0.06210797830508472  0.07276908789692124  0.08311535429464126  0.09484543603717910
  0.10742696567087517  0.11960377502122278  0.13357320458524638  0.14966055317388907
  0.16311758085540315  0.17428996183471884  0.18518703285926452  0.19499732061250535
  0.20532247575328816  0.21691817653524773  0.22864988070023776  0.23905555655380725
  0.24966967739383708  0.25749334450045697  0.26591501874688617  0.27472299224536972
  0.28312321816257568  0.29451307080437206  0.30710494549100925  0.31880272384668035
  0.32811176750413923  0.33741948017747264  0.34723441373675057  0.36088754165246723
  0.37477705883365725  0.38812233551150782  0.39708539728242587  0.40562243269126480
  0.41388187576427043  0.42449723338817591  0.43624392430559050  0.44794891709044443
  0.45838118284501211  0.46876059213433507  0.47860936445283619  0.48813638112662561
  0.49822629266267676  0.50996773726736666  0.52227833573385107  0.53251824585790941
  0.54203549174031629  0.55081654137527658  0.55980274370401562  0.57038335991792433
  0.58102876499335931  0.59129683518755927  0.60254184876941941  0.61421701021272535
  0.62417811050259553  0.63232213796062686  0.64030411877438576  0.64842542987099627
  0.65895586359419411  0.66898563496747177  0.67930238224312212  0.69024566594640835
  0.70107695837964312  0.71053137947990952  0.71869301105911887  0.72681821151816250
  0.73564586244974517  0.74431405255404004  0.75310624128310943  0.76240332825297896
  0.77206090873734257  0.78244914899571283  0.79428027188550110  0.80681042079546517
  0.81846221266959385  0.82699949131988004  0.83541996865711188  0.84398730767622143
  0.85258215622489197  0.86136092687071575  0.86961206744335651  0.87753551483353298
  0.88664440668242839  0.89546815707135752  0.90489097023045983  0.91460811225474237
  0.92437351883048302  0.93464676675481806  0.94518165856976799  0.95589329160704573
  0.96709972603910666  0.97843130269142231  0.98894122980200094  1.00000000000000000
 -0.00269260644151623  0.00919046938090073  0.01976678036450819  0.03016373008612976
  0.04149834726245933  0.05299617897672309  0.06218602043544795  0.07019164943889052
  0.07830489961596582  0.08749982066518525  0.09823734593529515  0.10953293236648720
  0.12109434343735094  0.13089035418985961  0.13991286338356781  0.14887138502545630
  0.15895661881468892  0.17116125328109474  0.18514317078079318  0.19928001712420557
  0.21119308647220317  0.22203117513854409  0.23259533393309326  0.24366466727338928
  0.25494074611951661  0.26587481520353912  0.27682324116956292  0.28766990952416926
  0.30061291931490713  0.31269766410222938  0.32420900862829694  0.33516593413580192
  0.34586313748360803  0.35701214365357015  0.36799356423035090  0.37918729783367244
  0.39026684902488112  0.39956579700381206  0.40872445011090436  0.41878485739508153
  0.43086493990686092  0.44327176232500337  0.45460991502460291  0.46271799256417356
  0.46906689081931119  0.47551166617463214  0.48265394229015968  0.49108236299258173
  0.50149738750121053  0.51112952430321246  0.52224371465455754  0.53593462648224166
  0.54538779726242070  0.55341545285737037  0.56107216983493158  0.56977605296575717
  0.57689004199643734  0.58307151756023823  0.58974935280600904  0.59819859972512623
  0.61026176150344036  0.62271100420199166  0.63527008790169215  0.64664009727371685
  0.65678116649466323  0.66705750180076695  0.67756898065996940  0.68838855313686520
  0.69976683583129817  0.71163360653515650  0.72469083112663835  0.73612414854268104
  0.74695157906465082  0.75876273194194421  0.77103545956761343  0.78207496001574750
  0.79297166547378439  0.80367158988034970  0.81394502796692692  0.82308501313235438
  0.83101595042937726  0.83881149878469830  0.84878264312602414  0.86096454878204298
  0.87496618375758373  0.88951877824829440  0.90301379923497693  0.91530084269215928
  0.92608883581294144  0.93643578166129382  0.94714770807467907  0.95699593514119108
  0.96680249790035866  0.97656047537552737  0.98817205640077255  1.00000000000000000
 -0.00236852661126982  0.01430594999077199  0.02627953625114685  0.03647139259300581
  0.04608462859621123  0.05611519758419199  0.06329414246045047  0.07076388981286146
  0.07892601830774658  0.08814151921706473  0.10255921970982408  0.11364530104322312
  0.12293835987962266  0.13216418159582607  0.14184766147307898  0.15308965864286453
  0.16749696429922861  0.18138343729537576  0.19491428010075959  0.20746898657820401
  0.21901437283838404  0.23119395760818776  0.24371903766999298  0.25510571923481590
  0.26507186853505754  0.27551088950086994  0.28681792370014797  0.29872715180934456
  0.30993213978664036  0.32152271096123564  0.33342967588951206  0.34491255516751390
  0.35561349833577044  0.36555314029787256  0.37535407663503484  0.38635990013801225
  0.39700791035753447  0.40766622862072949  0.41841223602322336  0.43019652058186258
  0.44248804667577829  0.45191526869550019  0.46110631713503381  0.47183164662454086
  0.48391916189553635  0.49559295392940467  0.50748578635913011  0.51865775273035641
  0.52789112928248860  0.53567085146934001  0.54365439090168233  0.55267899302720302
  0.56442026363483422  0.57762677722279188  0.58729059112649562  0.59672472782565622
  0.60700332160930315  0.61800348345929790  0.63080975586737398  0.64322813486003538
  0.65563052328818661  0.66618298020119115  0.67660358927468378  0.68703022807490444
  0.69929881906354030  0.71102616951358255  0.72250634554786608  0.73233893945665496
  0.74251262162492238  0.75142321176343263  0.76071295478673873  0.76922234135589462
  0.77786534709548871  0.78597012862994431  0.79472223237796902  0.80470634611512604
  0.81335049184317287  0.82280228505946629  0.83143746158363063  0.84017424207523261
  0.84950083061673776  0.85939242861150555  0.86926111482476809  0.88047593944232161
  0.89097141493576271  0.90251775471970863  0.91410718715483086  0.92630890661124543
  0.93717230082823100  0.94692486295795797  0.95678488772143155  0.96655919797960899
  0.97611409124352699  0.98474613125242805  0.99235214238546143  1.00000000000000000
 -0.00326369025007784  0.01208589709537360  0.02510664365282485  0.03731540048137712
  0.04955937649070769  0.06121284241933201  0.07126287848832161  0.08107072183666633
  0.09047111709621390  0.09975933067367243  0.11017093219910243  0.12087977035875466
  0.13178872570211950  0.14341969217315556  0.15516371165260928  0.16657596965397420
  0.17742074918144388  0.18835755811495458  0.20065465472694796  0.21450338795390975
  0.22798601869734922  0.23980193365151234  0.25043727247481540  0.26046293322813530
  0.27129573328099071  0.28283979429145717  0.29339583486224519  0.30349035229065513
  0.31380657335061346  0.32502561292444071  0.33272542747926431  0.33981802795535571
  0.34685482362602060  0.35267346562580049  0.36012398283444697  0.36979643535330575
  0.37952950148087594  0.38992346438880371  0.40237356349490511  0.41590663333730427
  0.42866103830559033  0.44013038419452605  0.45224509324626727  0.46243081766940264
  0.47148729478680013  0.47984802977707303  0.48846307467116751  0.49823964159688688
  0.50965650638475268  0.52133081509793977  0.53288141480933626  0.54425173722381137
  0.55651629877492281  0.56704186963078507  0.57635633522467256  0.58451487852865325
  0.59197973277246096  0.59966029726444725  0.60879030795682321  0.61812083263660189
  0.62778441609450819  0.64042543486882830  0.65099540959421798  0.65969244441472130
  0.66832756684014827  0.67693816031060716  0.68628216059192970  0.69712454649012534
  0.70784038891234402  0.71861873714927416  0.72900158341128651  0.73997888197498929
  0.74990068167536095  0.75984303020600341  0.77017809856583985  0.78029691860592332
  0.78970479625554102  0.79892844926275886  0.80799371967484857  0.81685450502205392
  0.82971895024507103  0.84164267810830695  0.85466895481882532  0.86674542993441506
  0.87906723694737365  0.89178716165748029  0.90487438776419560  0.91729551750086824
  0.92959436790786643  0.94185214160118647  0.95193139293329965  0.96018377705340796
  0.96875737226497871  0.97833375336157180  0.98936281759093292  1.00000000000000000
 -0.00125767755957790  0.00665951342243060  0.01291155832381105  0.01899396392802668
  0.02564135669165915  0.03288363085518810  0.03961282624236814  0.04588130859708145
  0.05214712389232010  0.05964146988529966  0.06992448322360958  0.08085869174689304
  0.09204362764232660  0.10368163998187496  0.11519618762702667  0.12606701835994752
  0.13670591952468078  0.14709318270948679  0.15996833020077919  0.17130625008762121
  0.18295425780558652  0.19383240805927454  0.20592777679304791  0.21834725176180902
  0.23119125110318708  0.24254715890188380  0.25297547712623492  0.26289358324447482
  0.27421795172951241  0.28527165716792557  0.29606252086215312  0.30609729847449801
  0.31683742825049305  0.32862889915536042  0.34111627171488224  0.35470199475383235
  0.36846651635963257  0.38147333033318015  0.39352707545304155  0.40437901312132862
  0.41630843842295828  0.42895644982339826  0.44080291248966968  0.45240797280784445
  0.46469282475192664  0.47697863872954022  0.48924021577447924  0.50064491900012087
  0.51058830375064967  0.52013203680101683  0.53096853670903099  0.54201476193850928
  0.55392072553325122  0.56571088322561169  0.57836074961442296  0.59039878480929120
  0.60135422388336846  0.61287772158876941  0.62483743351261423  0.63554437126870811
  0.64663735270749312  0.65738640450992536  0.66906103831479369  0.68373096018130508
  0.69676110288539295  0.70796977071206624  0.71800233104786126  0.72780972486746542
  0.73875719379183968  0.75260102039310872  0.76882500007815946  0.78248070681512893
  0.79429955251998630  0.80650940037039798  0.81752911751311019  0.82887035609434234
  0.84034858342044638  0.85201587772654219  0.86290416856873853  0.87248683056283349
  0.88105421128933636  0.88957056412900648  0.89813997077599095  0.90508539464205817
  0.91049853083870236  0.91607570774705249  0.92091858632585388  0.92657237464653874
  0.93327645726374076  0.94087582273273895  0.95008833941184634  0.96261866178126043
  0.97515292584919089  0.98617516684355500  0.99352264199569951  1.00000000000000000
 -0.00195124800048513  0.00650087665545386  0.01504421989145671  0.02318613975005920
  0.03202091023161619  0.04305911959088471  0.05593824852247187  0.06863732157180541
  0.08012896837164293  0.09060472886784801  0.10002682854174924  0.10995001919441726
  0.11766970241259679  0.12628386268612196  0.13497374859207859  0.14515479009853277
  0.15706352761871684  0.16900702435076481  0.17999103461611107  0.18995167833734192
  0.20047186370835179  0.21114056096518705  0.22243316457148518  0.23547446553953555
  0.24930574873006980  0.25779004947837691  0.26440778914321744  0.27061161335229666
  0.27681488430556733  0.28301779847924685  0.29153049116063445  0.30103886976651656
  0.31243566246441451  0.32551219505978607  0.33878632648268608  0.34979063602656013
  0.35824176663019874  0.36658262575197015  0.37548525182768544  0.38596843591294649
  0.39848572438913060  0.40959344717089863  0.42083124338221006  0.43220533536060823
  0.44337342137348534  0.45483861032949852  0.46606504432809365  0.47752049835278670
  0.48888392820871823  0.50083041644635740  0.51130265392937024  0.52054510053496761
  0.52937634198588845  0.53801870094197912  0.54751956784245892  0.55770692407663247
  0.56734698280081619  0.57753229808620432  0.58798555351389226  0.59912743826788106
  0.61193413712610101  0.62500597548984982  0.63839817357453843  0.65179318260035901
  0.66563558587369187  0.67767816586246021  0.68845355376323991  0.69821435824402178
  0.70664983785533186  0.71545351410348212  0.72406342429108272  0.73289964446810762
  0.74272764897019250  0.75288002134479615  0.76306546789728291  0.77307994549736980
  0.78405463802788422  0.79643793820829478  0.80805271547674196  0.81888737368642450
  0.82905923951507454  0.83836259796969670  0.84734578646358549  0.85735533340148218
  0.87014142080602386  0.88459201951768696  0.89985839420920832  0.91666083851900138
  0.93153756153127476  0.94421286409395055  0.95568644804263492  0.96502479354305093
  0.97398957732515867  0.98236537314423700  0.99098238613845135  1.00000000000000000
 -0.00253839446579646  0.01208229723264758  0.02270789742939751  0.03405118003620314
  0.04590649407333397  0.05846317367714495  0.07104879775091266  0.08403576421424754
  0.09710531816824425  0.10804063929263612  0.11862372674926665  0.12542632363966480
  0.13336943060225992  0.14264612385421876  0.15122197336394780  0.16091048643419645
  0.17354624870260149  0.18862403136532349  0.20214515314568335  0.21421834068820328
  0.22515146445805367  0.23545669527188898  0.24703785018147340  0.25881744108281712
  0.27019005493526527  0.28025001735584604  0.28839842310932440  0.29578919470907133
  0.30415826767075205  0.31277625474246246  0.32310104913842835  0.33401687342109987
  0.34482112702113443  0.35594244183904078  0.36621293110716335  0.37852019402485459
  0.38955476806198103  0.40024080401385653  0.41108780753183966  0.42461985862122126
  0.43579313322286878  0.44566853632357423  0.45506200621486909  0.46486998342009012
  0.47531159588403604  0.48590086714775349  0.49667693630593496  0.50681374930163636
  0.51627591945114970  0.52547995884965604  0.53460239324264103  0.54409677591969718
  0.55409767898680007  0.56382877673421172  0.57418786968030411  0.58363032042513452
  0.59349338512168426  0.60348895377217615  0.61420641274919929  0.62592143481475271
  0.63789801805432689  0.64959547998252454  0.66111179242853857  0.67080010211152974
  0.67922763678076725  0.68787299803952995  0.69750515764253929  0.70749111862003156
  0.71740883448105386  0.72552852595854656  0.73215525806746395  0.73970871828824469
  0.74780772101864468  0.75714414511191341  0.76742876820657668  0.77766254325614670
  0.78830051537426171  0.79985442709165500  0.81110846804418013  0.82129786887664091
  0.83071141262628878  0.83999736629780564  0.85007728191625254  0.86092328730339507
  0.87254869643556354  0.88553328263864017  0.89915514783043471  0.91233239923114984
  0.92308485924541028  0.93145980350176605  0.94071362199964426  0.95054520952877875
  0.96482088484041217  0.97734350513021651  0.98926849402886252  1.00000000000000000
 -0.00186772601278162  0.00909171163119597  0.01953095095875856  0.02967923901358836
  0.03933037634723892  0.04878430493421500  0.05771469258059422  0.06492138177519070
  0.07171169270242118  0.07863612710795351  0.08593787726288375  0.09772292471810369
  0.11012800529516059  0.12211244464035377  0.13415814053789982  0.14729216496906614
  0.15981457464379598  0.17094899099096186  0.18233533042059347  0.19318479034432023
  0.20637075769884572  0.21812461746838560  0.22887877771885556  0.23865678194719789
  0.24852437998170424  0.25926444605925092  0.26913518329820357  0.27827170397890444
  0.28600246131368295  0.29490620285110131  0.30498758802199061  0.31516443052584014
  0.32604037124957197  0.33779506034634205  0.34982665607260927  0.36276163197127598
  0.37448040349149292  0.38800031672662932  0.40247501893890264  0.41604914129960108
  0.42650140432283595  0.43674851809778614  0.44686337026027895  0.45562738737265251
  0.46389676517472683  0.47134920351655507  0.47968743554086746  0.49014350599225076
  0.50142775329718481  0.51266277281708561  0.52374073251768438  0.53441194313297213
  0.54499598687915207  0.55625155797885062  0.56853555252387167  0.58208152173738270
  0.59635979892194035  0.60878009946473710  0.61885530532338162  0.62778142668903847
  0.63642672404876455  0.64619854446280856  0.65572301676287281  0.66518871171849281
  0.67263358320181044  0.68136134106251034  0.69044173320286839  0.70109530389450014
  0.71077118887055413  0.71847032303591651  0.72609970352288278  0.73398531541163858
  0.74358925177205126  0.75414726105051200  0.76559750193526244  0.77811056075957108
  0.79020076420963514  0.80227735605894601  0.81370368094376166  0.82535717991746904
  0.83619755946279883  0.84646459913709171  0.85679551095938555  0.86783716981972980
  0.87954709307546286  0.89202333214829821  0.90424772824201760  0.91569931994606468
  0.92654723202167399  0.93839960863405536  0.95093686944719258  0.96186186919212380
  0.97085912000161245  0.97981177255074070  0.98906990064959499  1.00000000000000000
 -0.00336589736888692  0.01406730329317883  0.02770888044429480  0.03768167667256792
  0.04651393764367814  0.05503169780695938  0.06400922956831820  0.07489796740113555
  0.08644615011429695  0.09763613304262317  0.10858983563524718  0.12034348354739111
  0.13252449708111622  0.14418011590585075  0.15453283571450530  0.16498065978062446
  0.17590993903983593  0.18604795852616338  0.19710340961219808  0.20906824182500505
  0.22197179788870097  0.23551429922727474  0.24726757485064110  0.25786500040642185
  0.26888762329680260  0.28099119064432648  0.29009789888454962  0.30085023941985117
  0.31202138841782207  0.32323241337552866  0.33303569189402799  0.34283584407075779
  0.35229683874182061  0.36314493325962888  0.37628389594966233  0.38924997549678181
  0.40179547990432918  0.41261230173211627  0.42200606512229188  0.43121879125333401
  0.44053080238247272  0.45037503554040537  0.46147080560998344  0.47506384333072543
  0.48951807260982982  0.50290964995565135  0.51541342085797759  0.52840579973109125
  0.54119960528266098  0.55193175931972505  0.56073811973603060  0.56931679281272241
  0.57738120994757458  0.58614374301827032  0.59529397373429815  0.60492682041234014
  0.61402341832736640  0.62433192426234363  0.63524005797110927  0.64703557722360516
  0.65642893814166359  0.66544398742327260  0.67554419563182511  0.68652041123307816
  0.69785542076448692  0.70724791724426017  0.71707662031678976  0.72565392868990619
  0.73418502097247784  0.74324826976791347  0.75393343698164794  0.76375221240529656
  0.77267746664019821  0.78216441719129015  0.79164458933265969  0.80442150946463153
  0.81754450671273449  0.83015374458074587  0.84228504966283124  0.85420829994667224
  0.86531834351593717  0.87666436198970810  0.88827937391840506  0.89846613613294313
  0.90756385721192456  0.91549923827743596  0.92306177092719377  0.93135028241464146
  0.93853375875805911  0.94580959982752932  0.95425098821533638  0.96421436120793391
  0.97408528115097726  0.98307797793394769  0.99115192598010216  1.00000000000000000
  0.47632187064138404  0.60600411541649324  0.64129026532709543  0.66722694199781740
  0.69693568724568711  0.71228436841159637  0.72247436063180304  0.73218439350233255
  0.74234438682798420  0.75127699619153143  0.75819752382876870  0.76436199862979426
  0.77032172656750486  0.77667648631442920  0.78311556360212042  0.79023308701798778
  0.79639591411046395  0.80154952965750437  0.80529796012859867  0.80888609505199804
  0.81267163961226829  0.81691579307196172  0.82088822255506999  0.82461551300152358
  0.82854948494901548  0.83319455735228376  0.83725140727929170  0.84111566348853406
  0.84498134564078020  0.84883619478214356  0.85264341761322782  0.85628878251757312
  0.86010432330604503  0.86349472798405169  0.86708334784925334  0.87069500801843269
  0.87410705550516377  0.87732198582186238  0.88030996449266796  0.88305415008125598
  0.88569696749017646  0.88846659434890163  0.89140952548071684  0.89498532791768315
  0.89790246224852810  0.90049816130759663  0.90299978613625231  0.90531741935426757
  0.90745914570009201  0.90952538364571800  0.91150800171902246  0.91341315143434876
  0.91557879663142572  0.91789423693176131  0.92025641880363818  0.92259036627451252
  0.92485839227928590  0.92708123030687450  0.92937283637029200  0.93170388237797008
  0.93406255860214715  0.93643972922989782  0.93872990571774428  0.94108608586418818
  0.94365900957643845  0.94632966068700519  0.94873554227646606  0.95111378622829723
  0.95324506898228134  0.95515809650382388  0.95690885999858211  0.95859271449705785
  0.96029555681046341  0.96189742770998687  0.96347911237231421  0.96516534985684477
  0.96688025935109789  0.96866192527637596  0.97048697956580765  0.97206567541068023
  0.97351201368041806  0.97495892200908607  0.97638823086917170  0.97780979926332878
  0.97928797195941353  0.98081691667389159  0.98244245980484002  0.98399182895055604
  0.98557118595975868  0.98713301577113399  0.98863631972324273  0.99010461185208987
  0.99178692376718436  0.99373713276079811  0.99619901917808595  1.00000000000000000
 -0.00160377294777165  0.15620879008070537  0.20101143141143485  0.22919374797937933
  0.25054763201392288  0.27247728711687175  0.29329690746687281  0.31228076743130950
  0.32984392149801584  0.34630144699785659  0.36101283078416546  0.37345303323697221
  0.38422696543988444  0.39432415746183214  0.40407020915107983  0.41304004344804124
  0.42192938878773351  0.43130508569059200  0.43957586970485674  0.44710812738265737
  0.45422477477312312  0.46198233901902880  0.46930818755994508  0.47667826083320852
  0.48253553634749663  0.48812151413221883  0.49353778122486125  0.49940069816865612
  0.50700011960732994  0.51522824351075180  0.52342000145961753  0.53135174297161070
  0.53804712440438696  0.54452503766389893  0.55124125624216358  0.55773543243285173
  0.56524130966236441  0.57310717875294004  0.58121694554984227  0.58862086520713741
  0.59510131267700284  0.60087721734789756  0.60683673540232663  0.61240052641388509
  0.61717472438949195  0.62081272772430507  0.62395987048864288  0.62706953740992410
  0.63021814224788042  0.63454380989263770  0.64016167982204397  0.64560869008823407
  0.65063285498407353  0.65540444905575068  0.66014283427599563  0.66489980336047250
  0.66960779924005720  0.67457066847852887  0.67967182170327367  0.68438255476405629
  0.68911620884197866  0.69375787438568104  0.69899679908985157  0.70414400411691891
  0.70917464027447097  0.71475698463733917  0.71991456374520801  0.72474050321714323
  0.72945543998695406  0.73439326527027171  0.73994350506760143  0.74631888554847237
  0.75335456486278707  0.75980880892083247  0.76662710413779078  0.77429250690410623
  0.78126362353975520  0.78771191014011399  0.79254626238575332  0.79750253443119690
  0.80207914664169278  0.80634998100683974  0.81073158698602898  0.81666296098798163
  0.82143003659009128  0.82598400374837555  0.83101424159905712  0.83682392443740905
  0.84236642448389332  0.84769180044451953  0.85233910617436581  0.85691451573244903
  0.86136743682125139  0.86948444920316792  0.98079223595415088  1.00000000000000000
   2.4664224528987755E-010  -1.0000000000000000     
 F F F F F F F F F F F F F F F F F F F F F F F F F F F F F F F F F F F F F F F F F F F F F F F F F F F F F F F F F F F F F F F F F F F F F F F F F F F F F F F F F F F F F F F F F F F F F F F F F F F F F F F F F F F F F F F F F F F F F F F F F F F F F F F F F F F F F F F F F F F F F F F F F F F F F F F F F F F F F F F F F F F F F F F F F F F F F F F F F F F F F F F F F F F F F F F F F F F F F F F F F F F F F F F F F F F F F F F F F F F F F F F F F F F F F F F F F F F F F F F F F F F F F F F F F F F F F F F F F F F F F F F F F F F F F F F F F F F F F F F F F F F F F F F F F F F F F F F F F F F F F F F F F F F F F F F F F F F F F F F F F F F F F F F F F F F F F F F F F F F F F F F F F F F F F F F F F F F F F F F F F F F F F F F F F F F F F F F F F F F F F F F F F F F F F F F F F F F F F F F F F F F F F F F F F F F F F F F F F F F F F F F F F F F F F F F F F F F F F F F F F F F F F F F F F F F F F F F F F F F F F F F F F F F F F F F F F F F F F F F F F F F F F F F F F F F F F F F F F F F F F F F F F F F F F F F F
  <DiscreteSampler_grid>
  grouped_processes
  1 # 1 for a reference and 2 for a running grid.
  10 # Attribute 'min_bin_probing_points' of the grid.
  1 # Attribute 'grid_mode' of the grid. 1=='default',2=='initialization'
  0.0000000000000000 # Attribute 'small_contrib_threshold' of the grid.
  0.5000000000000000 # Attribute 'damping_power' of the grid.
 # binID   n_entries weight   weight_sqr   abs_weight
    169   10   1.948781668136204E-007   1.773490952569828E-013   1.948781668136204E-007
    170   10   1.948781668136210E-007   1.773490952569840E-013   1.948781668136210E-007
    172   10   1.948781668136204E-007   1.773490952569828E-013   1.948781668136204E-007
    173   10   1.948781668136210E-007   1.773490952569840E-013   1.948781668136210E-007
    175   10   9.573763312176999E-007   6.288834269606628E-012   9.573763312176999E-007
    176   10   9.573763312177029E-007   6.288834269606675E-012   9.573763312177029E-007
    178   10   9.573763312176999E-007   6.288834269606628E-012   9.573763312176999E-007
    179   10   9.573763312177029E-007   6.288834269606675E-012   9.573763312177029E-007
    223   10   9.304029692207287E-008   3.093577474009644E-014   9.304029692207287E-008
    224   10   9.304029692207303E-008   3.093577474009658E-014   9.304029692207303E-008
    226   10   9.304029692207287E-008   3.093577474009644E-014   9.304029692207287E-008
    227   10   9.304029692207303E-008   3.093577474009658E-014   9.304029692207303E-008
    229   10   8.529008630370668E-008   2.175983231145377E-014   8.529008630370668E-008
    230   10   8.529008630370677E-008   2.175983231145387E-014   8.529008630370677E-008
    232   10   8.529008630370668E-008   2.175983231145377E-014   8.529008630370668E-008
    233   10   8.529008630370677E-008   2.175983231145387E-014   8.529008630370677E-008
    304   10   3.305171041914246E-007   7.112920975058102E-013   3.305171041914246E-007
    305   10   3.305171041914247E-007   7.112920975058107E-013   3.305171041914247E-007
    307   10   3.305171041914246E-007   7.112920975058102E-013   3.305171041914246E-007
    308   10   3.305171041914247E-007   7.112920975058107E-013   3.305171041914247E-007
    310   10   1.199253955814814E-006   9.982620658645132E-012   1.199253955814814E-006
    311   10   1.199253955814818E-006   9.982620658645216E-012   1.199253955814818E-006
    313   10   1.199253955814814E-006   9.982620658645132E-012   1.199253955814814E-006
    314   10   1.199253955814818E-006   9.982620658645216E-012   1.199253955814818E-006
    358   10   1.428817705921904E-007   6.602375601675747E-014   1.428817705921904E-007
    359   10   1.428817705921907E-007   6.602375601675779E-014   1.428817705921907E-007
    361   10   1.428817705921904E-007   6.602375601675747E-014   1.428817705921904E-007
    362   10   1.428817705921907E-007   6.602375601675779E-014   1.428817705921907E-007
    364   10   2.143379317516639E-006   3.374513202637896E-011   2.143379317516639E-006
    365   10   2.143379317516646E-006   3.374513202637920E-011   2.143379317516646E-006
    367   10   2.143379317516639E-006   3.374513202637896E-011   2.143379317516639E-006
    368   10   2.143379317516646E-006   3.374513202637920E-011   2.143379317516646E-006
  </DiscreteSampler_grid>
