  0.00314096026168003  0.01566667804436672  0.02957705198976766  0.04234218507051993
  0.05425452110282709  0.06653268054841284  0.07781251454281943  0.08984746199996216
  0.10155902165459024  0.11168268385291800  0.12050215490887266  0.12963344316492581
  0.13907978762462983  0.14968943006043078  0.16025517880727153  0.17167485235907382
  0.18392202585554213  0.19573324738196965  0.20705055463000394  0.21778282285069098
  0.22755445429917237  0.23622946944990522  0.24459349182188941  0.25326882109536558
  0.26274030786108349  0.27198516479297891  0.28129158244938762  0.29090714187381789
  0.30109612341175390  0.31199497582634073  0.32279814138188817  0.33367762778627869
  0.34445032707886430  0.35468985859992697  0.36373180149612133  0.37294027502434368
  0.38178133617058546  0.39169461707151221  0.40221554594155629  0.41334188030175190
  0.42481351608021234  0.43528636249057773  0.44480120593711053  0.45455689697158436
  0.46470678123081433  0.47540773233649669  0.48552625230579294  0.49496877113556675
  0.50461468466002279  0.51550917204714364  0.52694476631016318  0.53831057701393825
  0.54954694253618019  0.56106684054907230  0.57292515934989385  0.58447357287799617
  0.59555314658114955  0.60618596613804776  0.61592141990734117  0.62535010482111164
  0.63485014018107011  0.64557862532593469  0.65733676839165434  0.66902356345708736
  0.68098652045144448  0.69175447162573778  0.70150098389529336  0.71027384334017452
  0.71840718733534037  0.72755826569041004  0.73789837189479457  0.74829027429161299
  0.75806855950348950  0.76715605092408456  0.77511026976214958  0.78271455553125635
  0.79066675720109258  0.79913697331601607  0.80728905912605042  0.81666301517686535
  0.82766239466053959  0.83931248148497495  0.85153553829590578  0.86403556684443772
  0.87575797459789295  0.88720456660203628  0.89787508992843157  0.90827389024664584
  0.91877614003651942  0.92969345317466523  0.94104639038572635  0.95252622100568196
  0.96385041082183587  0.97503502949465437  0.98719930043505888  1.00000000000000000
  0.00196084259052462  0.01632372393346984  0.02844021686951657  0.04007746961275272
  0.05098615294289632  0.06101190214093605  0.07244097323251703  0.08294862121925205
  0.09295209029221106  0.10263312360746114  0.11211414293629941  0.12212822639526641
  0.13355266602272076  0.14493695093685938  0.15594903298085072  0.16626453754852932
  0.17666462118672527  0.18838670720482045  0.19993847893251876  0.21072702198072912
  0.22052820084061139  0.22971438747255363  0.23929040134709167  0.24959177886771103
  0.26118163831113961  0.27319821219438367  0.28547754566648020  0.29670613090254655
  0.30631079803663991  0.31617994322914011  0.32554516315838694  0.33468999735614891
  0.34362152525062994  0.35293671617178712  0.36217380353398149  0.37112540441239916
  0.37946162179494530  0.38828448071194532  0.39792949840073705  0.40896925155173874
  0.41992141892927687  0.43013008093594957  0.44019894071258503  0.45090221167564792
  0.46221616880525901  0.47331525578967848  0.48330125263723211  0.49286984424277347
  0.50265620015646506  0.51330869097761023  0.52414731909435619  0.53478826159658754
  0.54527764795723732  0.55601023256595572  0.56661213032263225  0.57700148736314316
  0.58613531894813153  0.59426292671596925  0.60203081742549969  0.61003606797069510
  0.61910390131574855  0.62939690029387285  0.63998715401345563  0.65043888897687296
  0.66066707297842209  0.67119622547009028  0.68187508614438552  0.69218454285008701
  0.70231369173508063  0.71287704231380222  0.72428174303787252  0.73663127820774021
  0.74641884927800617  0.75658633969721945  0.76649464359404773  0.77736909401857213
  0.78817712994329425  0.79890061441112570  0.80997034649883104  0.82151016855286541
  0.83262644454194912  0.84353606997181596  0.85477268253109207  0.86656693826155062
  0.87846034839276810  0.88983397048299362  0.90072645017070418  0.91142945616615978
  0.92273842898242242  0.93416827516625800  0.94446450149592298  0.95338705312582828
  0.96252216722162776  0.97209552594257664  0.98177690918087390  1.00000000000000000
  0.00000393201895823  0.00000428070232812  0.00000481117854042  0.00000541177859185
  0.00000594247860383  0.00000638148637022  0.00000683717301791  0.00000734587636311
  0.00000793111428778  0.00000863947762686  0.00000953651409403  0.00001086239937191
  0.00001234633809972  0.00001417825341188  0.00001628178677367  0.00001859247556047
  0.00002111397527290  0.00002365715023303  0.00002634624384636  0.00002926631658823
  0.00003245472203943  0.00003608245230225  0.00004068748959255  0.00004621489664473
  0.00005184145544893  0.00005754960616879  0.00006370329807966  0.00007074283734268
  0.00007895247057726  0.00008797631675972  0.00009734975277723  0.00010744649160367
  0.00011793840038718  0.00012889057483356  0.00014037618176255  0.00015203988782634
  0.00016393547423825  0.00017641285265859  0.00018967660378707  0.00020467391939634
  0.00022104047678409  0.00023815791070959  0.00025610556324087  0.00027528210740773
  0.00029479965473267  0.00031594047039170  0.00033795761103958  0.00036442034209126
  0.00039236340784766  0.00042264097911049  0.00045145018143060  0.00048287236389221
  0.00051327121369351  0.00053794232612091  0.00056701303069265  0.00059718567795287
  0.00062905361844028  0.00067235540662224  0.00072224958653430  0.00077401970415987
  0.00082935861770223  0.00088906197107846  0.00094894067970522  0.00100621836518073
  0.00106109458533653  0.00111951512086149  0.00118510693570826  0.00125075317666387
  0.00133128153140550  0.00143614931211251  0.00154779359484515  0.00164898096771441
  0.00175190082113576  0.00187174928645511  0.00201183866716024  0.00217691209293973
  0.00237799831040362  0.00260524719798859  0.00284155733659727  0.00314348183797049
  0.00351518377290590  0.00399305147104757  0.00442004884248543  0.00475351512419423
  0.00513447458046739  0.00549989596078270  0.00593838809125326  0.00651985009922027
  0.00706763508678284  0.00789726830670179  0.00968689339646050  0.01318428962835279
  0.01742240903958549  0.02539997618516027  0.05816769059748082  1.00000000000000000
  0.00000162413834924  0.00000552869869368  0.00000762833684333  0.00000907963444516
  0.00001069341615082  0.00001220946464503  0.00001358078779598  0.00001498213671302
  0.00001645124147097  0.00001813989329730  0.00001997080704698  0.00002202478724185
  0.00002419899324172  0.00002654411796968  0.00002904685920952  0.00003188496450698
  0.00003512496384997  0.00003862744978688  0.00004238518631085  0.00004666266675523
  0.00005194132349640  0.00005785709223125  0.00006430293880160  0.00007116140672641
  0.00007851011465118  0.00008644108217926  0.00009443928243015  0.00010284595450910
  0.00011115043590410  0.00011926629688912  0.00012753616192903  0.00013641249499810
  0.00014663294749200  0.00015732822317500  0.00016868159651155  0.00017995464376008
  0.00019186007610471  0.00020432002064023  0.00021807131518873  0.00023305691574196
  0.00024670947010438  0.00026077854128538  0.00027471761792688  0.00028903660531312
  0.00030511025723346  0.00032090478798173  0.00033762597849067  0.00035637011053101
  0.00037516199999544  0.00039492643827909  0.00041581371841142  0.00043792015436422
  0.00046012822853140  0.00048263424121446  0.00050754451482526  0.00053086373375724
  0.00055620618802615  0.00058451897359563  0.00060973915502577  0.00063548685103721
  0.00066325899112338  0.00069328195480198  0.00072716355534081  0.00076809374961453
  0.00081373314562329  0.00085764876464098  0.00090362844148330  0.00094835768832046
  0.00099619872678158  0.00104620477688305  0.00111441466977703  0.00118844645866266
  0.00125946973267889  0.00133573884154078  0.00141886154549069  0.00149870001045701
  0.00157941632085727  0.00166372302026056  0.00176185790296224  0.00189466773210869
  0.00204413388563105  0.00223402588613105  0.00250882248724427  0.00274693585445842
  0.00296390727377841  0.00305747474971799  0.00314967108899736  0.00321555379269677
  0.00328143649639618  0.00340208341935522  0.00353839928130697  0.00372166398067564
  0.00410316180680833  0.00493745903619702  0.00771467830171200  1.00000000000000000
 -0.00242094584093984  0.00908731601758880  0.01913737182397934  0.02740899967975252
  0.03540451402769262  0.04374513219555509  0.05202028050322650  0.06120139127706006
  0.07055298999529773  0.07976895378301954  0.08894218548865121  0.09815811587667157
  0.10762465557813322  0.11750431238919153  0.12598353070841395  0.13305462409408644
  0.13969336634647755  0.14685405321153330  0.15429140596333527  0.16200196513834672
  0.17016995205415306  0.17860491175406873  0.18707194939288196  0.19567703599790257
  0.20483922166768606  0.21411178788150065  0.22372668612044891  0.23333264358626835
  0.24284678971830881  0.25257826120873395  0.26205712510164947  0.27058467274671066
  0.27800887404488273  0.28520204234091939  0.29212368222940610  0.30255955468514889
  0.31402782794900530  0.32434466014640656  0.33353528600476806  0.34281814833520169
  0.35232438889927981  0.36251724955916459  0.37309794142820757  0.38337093280554613
  0.39426256845971813  0.40517654167052652  0.41706128181298535  0.42759346702657680
  0.43825458001845369  0.45002744839332209  0.46249887359228464  0.47506678514891254
  0.48767301478438119  0.50121863097100505  0.51252309892239978  0.52320278882754723
  0.53328027284772872  0.54331878213034857  0.55416652392697041  0.56568027180961888
  0.57797915613503958  0.58950128547568936  0.60007986327157492  0.61077830670540412
  0.62268184308959751  0.63468769100081712  0.64653795119675506  0.65734918474461568
  0.66763548523846161  0.67788908514345669  0.68891371854045980  0.70215779472096940
  0.71610521322091392  0.72957881624969967  0.74186927751903453  0.75319577605827459
  0.76406760321290790  0.77556897859392127  0.78801085749467958  0.80076788806360166
  0.81354671337655393  0.82755439572525269  0.84081305161828535  0.85337853457753243
  0.86607779279960839  0.87768270038195728  0.88795675871493795  0.89781890102440731
  0.90827666874750790  0.91983683322869425  0.93333304456700350  0.94792575984225314
  0.96294929300491883  0.97559816544290778  0.98831620266598219  1.00000000000000000
 -0.00256296678129677  0.01011985107136409  0.02031069927653471  0.03118570641437447
  0.03969933928824904  0.04834424457032927  0.05646778509116453  0.06502415011602948
  0.07542364797447031  0.08566227376791170  0.09465763936661942  0.10339794876638156
  0.11180720194496527  0.12016248873364661  0.12861654898821859  0.13774316045384866
  0.14842705694401287  0.16033870632482619  0.17173161116307237  0.18242741106742749
  0.19298167715389447  0.20382934086769131  0.21508178192963676  0.22650086731464122
  0.23721480842128684  0.24775090835079511  0.25824112945359318  0.26831503316127225
  0.27799433798511825  0.28771567554182104  0.29805504234491947  0.30923117514484322
  0.31980608106794639  0.32906659822691076  0.33748208176514544  0.34539609538787325
  0.35366332208572965  0.36345290413874165  0.37537672537688971  0.38792891662925477
  0.39943120303374430  0.40955262966191386  0.41930832041485361  0.42932912762483111
  0.43910404875526188  0.44855143103588652  0.45811167409454767  0.46840479188401296
  0.47971553317074939  0.49192175819262396  0.50447282460951193  0.51663132137479928
  0.52781677889514578  0.53852141380409813  0.54962139401789067  0.56169147036077105
  0.57435346310134194  0.58691680848303251  0.59799496441526201  0.60856158720081988
  0.61885607103309925  0.62861066236616481  0.63793587682705044  0.64795891539990969
  0.65944348616961357  0.67160024049237788  0.68341486067955604  0.69447921910167143
  0.70457220240480023  0.71403615891103833  0.72345258433527493  0.73315749567942412
  0.74379771527646166  0.75510898793285919  0.76637147415447437  0.77709804811393179
  0.78764630515940026  0.79884565657752438  0.81018973920678838  0.82168214595491684
  0.83352077667217006  0.84573434084742782  0.85851836019003169  0.87122237482512876
  0.88316109231797491  0.89390171300021359  0.90378880826029828  0.91444840746548328
  0.92498371015628411  0.93623004232309781  0.94790956304019336  0.95898018570149701
  0.97016374771369240  0.98006339525297670  0.98987754707172593  1.00000000000000000
 -0.00285561522857943  0.01453986579459760  0.02667785800671003  0.03741874191164184
  0.04784011012916242  0.05874513297294908  0.07056459183089199  0.08222186923288509
  0.09339436023991179  0.10394438764908374  0.11437958615474889  0.12453185428817780
  0.13438440307480054  0.14436496027240550  0.15419871808328608  0.16401496506411950
  0.17389937806795688  0.18319624799710643  0.19278535665935381  0.20205095401681633
  0.21149081080549412  0.22197721860624586  0.23212960638691096  0.24173332697758479
  0.25152326799106300  0.26139600933064683  0.27127225497235985  0.28126482546143100
  0.29010629785380637  0.29879031506009796  0.30798481443550429  0.31709420521409182
  0.32664446485930437  0.33579675312518231  0.34514567343175456  0.35513351824916295
  0.36666511573602800  0.37838267798125635  0.38824982837280225  0.39698199026988273
  0.40527829688392925  0.41358954379555701  0.42200514899054459  0.43064121702811348
  0.44021636383682994  0.45108829409240847  0.46169436389637369  0.47206555742963485
  0.48278489570107036  0.49440978511871492  0.50611478359638429  0.51761676902883991
  0.52918623102150009  0.54072791642872864  0.55109202991144257  0.56014566918184761
  0.56916692724218476  0.57827579258180217  0.58962847558130771  0.60120266623894392
  0.61301194906454726  0.62491003481901886  0.63687453323241250  0.64760011446735799
  0.65745755460207589  0.66687730452773197  0.67569813781970323  0.68611592888405526
  0.69688868548074356  0.70751030102702195  0.71786892293188875  0.72786811274557783
  0.73902183334362348  0.75133115623084168  0.76262520690179048  0.77363632361031642
  0.78386191811413908  0.79527664072099935  0.80696583476182415  0.81819116628682942
  0.82889816366508884  0.83907812862869091  0.84867622669737097  0.85836178830069054
  0.86784800144241558  0.87788452589236865  0.88842942621886623  0.89948171035029889
  0.91102929470579708  0.92252125381559824  0.93483287231197731  0.94709215188805707
  0.95946884682643419  0.97148532395232090  0.98571139098257654  1.00000000000000000
 -0.00323983538103967  0.01110995173269550  0.02224294457341613  0.03092914201004822
  0.03914105946966783  0.04740523802195212  0.05559282695670645  0.06400956024367270
  0.07193473066932908  0.08051811096154082  0.09111930843185770  0.10314669262279508
  0.11262412908820164  0.12293673736301799  0.13220233448571569  0.14256710793751273
  0.15168677478154555  0.16175951019228507  0.17069050442814199  0.18067770895244548
  0.19053289916827360  0.20092083925116322  0.21237006123828261  0.22380569367542505
  0.23567153116828299  0.24679430811606054  0.25792570553800326  0.26874446317999112
  0.27982274700309184  0.29112147407697120  0.30323244216020634  0.31571035859495877
  0.32920704046059485  0.34155823408500557  0.35361431282142913  0.36418886686183349
  0.37406387372616473  0.38374809949400907  0.39442832098866565  0.40567124765933271
  0.41697810823918874  0.42735226364210199  0.43855269329372126  0.45103071630968450
  0.46474798828683828  0.47774441243391869  0.48947423693964365  0.50093777485609192
  0.51065334187694333  0.51989913467818916  0.52887347828886833  0.53858306564597125
  0.54879178976354381  0.55892418964128654  0.56938669521604257  0.57985564950455826
  0.59082991699729481  0.60304941426074721  0.61607864995688777  0.62678467692420425
  0.63635258659163529  0.64622199333331432  0.65814897782845216  0.66961534668418865
  0.68048846643395056  0.69111710664104076  0.70264510958517667  0.71412604497364807
  0.72495719926741464  0.73502632809795898  0.74499056202419101  0.75506343310841206
  0.76410494348007552  0.77268271155917700  0.78128259507663611  0.79117022869219389
  0.80180951634278352  0.81108772622619851  0.82000726885682462  0.82862246512694793
  0.83780520181370610  0.84761449693994706  0.85801572980270846  0.86898682373165170
  0.88014885333094817  0.89225107126479064  0.90369035445177404  0.91351341911064232
  0.92248074256449175  0.93109281552890177  0.93957273394976226  0.95004374933329006
  0.96119123918361082  0.97366869847206494  0.98664627803646487  1.00000000000000000
 -0.00294658486006242  0.01006223438447213  0.02138595840237722  0.03302412886531234
  0.04486124169308144  0.05469717013631777  0.06408666245177201  0.07356345983264453
  0.08424735189380558  0.09510892203072117  0.10433227655385750  0.11372412298361614
  0.12182859788596309  0.13159731398515956  0.14140722690841415  0.15118096576751461
  0.16002830320680841  0.16855421362624665  0.17782500130653267  0.18823014342271721
  0.19887392196341283  0.20916035617879394  0.21872761178055547  0.22836443032650305
  0.23839835723171662  0.24874611534745134  0.25936862709159442  0.27000923853517633
  0.28122627650393989  0.29289115903961688  0.30420624982816247  0.31463026122305326
  0.32445670985158692  0.33461787834101453  0.34564285721563603  0.35783937675867461
  0.37043817437237203  0.38287053563772544  0.39451003034044418  0.40568364905081911
  0.41592943665386922  0.42588765154313957  0.43595255752603956  0.44646073151225724
  0.45761280670326104  0.46901080993987443  0.47870899356248003  0.48696645073441119
  0.49480642217799864  0.50277266775877238  0.51288784185066583  0.52380993953358790
  0.53473436429809484  0.54631389991423984  0.55858089018570689  0.57119514385043146
  0.58395900526190370  0.59717924059344563  0.61019583928578458  0.62192254799404512
  0.63255349692496143  0.64278788705839507  0.65342765224179711  0.66409251471554676
  0.67484122589770468  0.68496260072267845  0.69547767695343121  0.70705884925767015
  0.72021813915091748  0.73219889220838208  0.74251120812577187  0.75253461578759318
  0.76269495957405309  0.77340192078063663  0.78428635065553565  0.79510819633907803
  0.80502905469782426  0.81528941364104768  0.82519768628038648  0.83584782602728480
  0.84649012794712564  0.85735190974095510  0.86863894300141253  0.87973936782055717
  0.89087417772587896  0.90198412282819596  0.91355303880716276  0.92396590494163944
  0.93392477221761572  0.94387777835321740  0.95459051702212783  0.96468206041007742
  0.97347481901592281  0.98205982084219157  0.99087657667368445  1.00000000000000000
  0.00008749474605997  0.00016542150224232  0.00024601035836954  0.00033255213682177
  0.00039409476205495  0.00044292985045514  0.00049371868333743  0.00054364106847639
  0.00059264080492481  0.00064980288047495  0.00070942739834425  0.00077330312991264
  0.00083902983449851  0.00090618567348412  0.00097655452194139  0.00104621323915429
  0.00111481611436974  0.00118266794232724  0.00125143477849073  0.00132687863225132
  0.00140983843816569  0.00149664687730201  0.00157971715074358  0.00166500131133215
  0.00174779459574977  0.00182490584340391  0.00190450230012642  0.00198569079186460
  0.00207202240337521  0.00216047308118969  0.00224884687684533  0.00233154347207153
  0.00241387917856467  0.00249969004854377  0.00258955586884906  0.00268270474245189
  0.00277736546275202  0.00286174664434561  0.00293491258228356  0.00300779207473554
  0.00305018496348273  0.00308471185479004  0.00311923874609735  0.00316665150468405
  0.00321475918722855  0.00326376134392088  0.00331611020515690  0.00336845906639292
  0.00344974625514152  0.00355202916409791  0.00363792501302342  0.00372109312918626
  0.00380766184372933  0.00390833817481969  0.00402518996572258  0.00414889744216564
  0.00426393288310623  0.00437451381437686  0.00449794131024924  0.00463789130761130
  0.00479087014671432  0.00495612384084895  0.00510317328588494  0.00522796196673440
  0.00535153190154273  0.00552241783234993  0.00578844187373164  0.00609889566131837
  0.00631818727957702  0.00650641957253149  0.00668207738318438  0.00686499822181826
  0.00706880460322069  0.00725593314195208  0.00745468816445172  0.00765682702023169
  0.00791456755200410  0.00829878950676063  0.00874896824797452  0.00913935692980466
  0.00950577859749606  0.00983346673104830  0.01017184267080975  0.01048160599569342
  0.01108217041324665  0.01141723357271344  0.01171609790509617  0.01202992895552588
  0.01239714966776923  0.01545906124787717  0.01689360014355796  0.01747137933088072
  0.01828375653777262  0.01873011915137405  0.02239802881233824  1.00000000000000000
 -0.00250935259747035  0.00960248450292304  0.02068111302453605  0.02981814224300061
  0.03946070534566855  0.04917346965152439  0.05964969147240026  0.07045488346015735
  0.08094718872779542  0.09155330387968062  0.10169431992456029  0.11171949708576273
  0.12159439654764458  0.13210293600076464  0.14276952641149834  0.15330597218235556
  0.16353486035265372  0.17304658580929033  0.18244323444063718  0.19268636421787216
  0.20283583335212077  0.21313609721670257  0.22341379039207554  0.23312693543763510
  0.24304049102619066  0.25275616620115327  0.26256870562251705  0.27254768837835552
  0.28319424415590672  0.29394568081489081  0.30589454105126679  0.31785542250791093
  0.33065248502614597  0.34228302275214439  0.35383927065495169  0.36623931661698039
  0.37980818783496101  0.39308400059328014  0.40499142636762425  0.41681141852497894
  0.42978018139881363  0.44286420566462553  0.45500828472339988  0.46354530422935231
  0.47194448908289977  0.48033491154685715  0.48934588037144328  0.50035152051662890
  0.51207706228381089  0.52367113376439567  0.53489845800025948  0.54616914906798086
  0.55766317955416544  0.56915657345187121  0.58119661735678796  0.59327550596648415
  0.60513244330192384  0.61665169904853678  0.62812049929877822  0.64003967271960005
  0.65183276799346368  0.66294847551964886  0.67320642952325116  0.68284874104011961
  0.69366075709024488  0.70543028159054422  0.71792743155094607  0.73000964352749964
  0.74219126444993599  0.75305671341128966  0.76370827652337869  0.77467628719571024
  0.78649724787113506  0.79857560365986402  0.80995417608722642  0.81892285116595331
  0.82714660607756552  0.83572676798460954  0.84322806323579069  0.85046764616307202
  0.85728153760951875  0.86431469585378029  0.87122827086459975  0.87757382860314981
  0.88563138461267665  0.89355643685398511  0.90162094916891722  0.91095719274812248
  0.92035278639462026  0.93100784650290158  0.94363529438032701  0.95658153757102082
  0.96819972408660870  0.97952960695302216  0.98960606912459681  1.00000000000000000
  0.50630326503967282  0.62163927197789770  0.63435916637240952  0.64548598501531895
  0.65640608155567670  0.66627898371951311  0.67469046808081334  0.68247796446062936
  0.69030066125155387  0.69761292248241946  0.70464598971104453  0.71120309081836375
  0.71708683831359532  0.72237692778069074  0.72736933027510731  0.73190495615638529
  0.73618170304767860  0.74029879020329847  0.74432851910089037  0.74810235505113032
  0.75179822528562135  0.75547328162640137  0.75914587430430658  0.76316189001329271
  0.76748252876282186  0.77184801039371465  0.77631941754550537  0.78004880144852906
  0.78369056672129600  0.78720377009944642  0.79095232595353093  0.79476155651276725
  0.79837020454728413  0.80201516619335644  0.80578964868581493  0.80951627869728249
  0.81327653300972458  0.81678288402235644  0.82013237294175689  0.82318342503793573
  0.82611030328236668  0.82902513243261466  0.83201229304630042  0.83515778072813607
  0.83845943826817038  0.84171116483880692  0.84474296635631430  0.84774410091074093
  0.85075147695826225  0.85382843214140203  0.85701668136416553  0.86019491026675232
  0.86333369304458429  0.86649654397574605  0.86941711692801160  0.87220373875331780
  0.87505936591069677  0.87792881699977565  0.88107854723204870  0.88439847691208207
  0.88784798595057224  0.89136323033050446  0.89457334990403214  0.89772132440241026
  0.90076032130833239  0.90381058666157033  0.90687503470156616  0.90983375163796276
  0.91264276205608408  0.91536684909801980  0.91830435538154376  0.92144417286141667
  0.92478014545996778  0.92801836115380165  0.93118073601501783  0.93434509411944733
  0.93755788744127966  0.94057812261605767  0.94336234971698429  0.94606922412664318
  0.94886780984061680  0.95177344051944324  0.95465667256990783  0.95747597156554987
  0.96030407659214434  0.96326214467133953  0.96609488338549032  0.96894799600571213
  0.97167319564342380  0.97469145199756002  0.97811489936474938  0.98142068816709882
  0.98495269050984113  0.98880023732664768  0.99372336259111660  1.00000000000000000
  0.05853918604527530  0.13203839277322069  0.14847234672695619  0.15838428275795377
  0.16532873161447639  0.17174863516254302  0.17770827479634524  0.18332670509565521
  0.18877228112050048  0.19337257161582611  0.19825202269907249  0.20263955320198254
  0.20702936127995766  0.21148166362599166  0.21583891182956053  0.22022369369627054
  0.22470082500214100  0.22975072850819578  0.23510824088721485  0.24067365844366606
  0.24589823171968883  0.25123442756739095  0.25564411101878420  0.25976511970344163
  0.26383816412759198  0.26804088523296837  0.27250748010756326  0.27718647636980276
  0.28186339552789502  0.28645863806353783  0.29126676780717536  0.29644025278969832
  0.30130162937118038  0.30616091743049095  0.31023237363597711  0.31575468674130647
  0.32102602327414614  0.32602773856059430  0.33082768292384163  0.33547929684032946
  0.34018240304514880  0.34525589571119764  0.35056849747677193  0.35607110641121231
  0.36177116692496036  0.36750728107277608  0.37319382368212678  0.37891169998214191
  0.38470253776883728  0.39021579957250163  0.39576229233863935  0.40140869004681495
  0.40730675351714779  0.41337458425093965  0.41947524093450633  0.42558941266159817
  0.43168601491006720  0.43784003761617407  0.44441023166513460  0.45154930518222630
  0.45808111015800101  0.46435983023415978  0.47068302596359168  0.47697866500097791
  0.48363296769010378  0.49066358437220892  0.49773865714599458  0.50478912761718375
  0.51183696940131940  0.51895094071755266  0.52641152587624018  0.53408957017154202
  0.54193355211690530  0.54931846417633756  0.55645511064247954  0.56366634714405250
  0.57125624849102674  0.58018102273795458  0.58966676669551510  0.59810045293069480
  0.60704797879776395  0.61617460469931251  0.62667561837257391  0.63864152121117657
  0.64991596596347379  0.66052718415669542  0.67115467048723487  0.68301199856562600
  0.69624889698074688  0.71139388708431883  0.72878172141124176  0.74861841660283368
  0.77140523915090609  0.80079438997143271  0.84160122261764536  1.00000000000000000
   1.2341397487533166E-007  -1.0000000000000000     
 F F F F F F F F F F F F F F F F F F F F F F F F F F F F F F F F F F F F F F F F F F F F F F F F F F F F F F F F F F F F F F F F F F F F F F F F F F F F F F F F F F F F F F F F F F F F F F F F F F F F F F F F F F F F F F F F F F F F F F F F F F F F F F F F F F F F F F F F F F F F F F F F F F F F F F F F F F F F F F F F F F F F F F F F F F F F F F F F F F F F F F F F F F F F F F F F F F F F F F F F F F F F F F F F F F F F F F F F F F F F F F F F F F F F F F F F F F F F F F F F F F F F F F F F F F F F F F F F
  <DiscreteSampler_grid>
  grouped_processes
  1 # 1 for a reference and 2 for a running grid.
  10 # Attribute 'min_bin_probing_points' of the grid.
  1 # Attribute 'grid_mode' of the grid. 1=='default',2=='initialization'
  0.0000000000000000 # Attribute 'small_contrib_threshold' of the grid.
  0.5000000000000000 # Attribute 'damping_power' of the grid.
 # binID   n_entries weight   weight_sqr   abs_weight
    19   10   5.645420240731438E-001   3.077115956242111E+000   5.645420240731438E-001
    20   10   5.645420240731432E-001   3.077115956242105E+000   5.645420240731432E-001
    22   10   5.645420240731438E-001   3.077115956242111E+000   5.645420240731438E-001
    23   10   5.645420240731432E-001   3.077115956242105E+000   5.645420240731432E-001
    25   10   1.771660520166683E+000   2.883578389710924E+001   1.771660520166683E+000
    26   10   1.771660520166684E+000   2.883578389710928E+001   1.771660520166684E+000
    28   10   1.771660520166683E+000   2.883578389710924E+001   1.771660520166683E+000
    29   10   1.771660520166684E+000   2.883578389710928E+001   1.771660520166684E+000
  </DiscreteSampler_grid>
