  0.00265177993718627  0.01482188405462840  0.02704153222808934  0.03910790340820655
  0.05163535231381989  0.06491918880914621  0.07783164506075523  0.08839814299442425
  0.09823269061951471  0.10821110476511009  0.11984230487920305  0.13104296065008242
  0.14204640231818619  0.15223220809474455  0.16176003822918053  0.17113153519351498
  0.18125002165064888  0.19148528674672621  0.20201311705603309  0.21106409634747936
  0.22132333084398986  0.23222886326617823  0.24372610690298890  0.25516882615146169
  0.26695015058026511  0.27902633205486332  0.29032386085684370  0.30125473941288139
  0.31198552767766818  0.32206408997761671  0.33140252541205373  0.33842068594356012
  0.34512623870406656  0.35217785290478393  0.36029645180753567  0.37007223527329591
  0.38091078708361520  0.39296474047043900  0.40449758437563993  0.41497647070492344
  0.42483890081085207  0.43469000249339940  0.44508160131540936  0.45580891929776896
  0.46620703349789977  0.47557729073967797  0.48607718258925564  0.49668606793877523
  0.50670293541299716  0.51618757038308061  0.52555924758980976  0.53367032131753356
  0.54171421747580406  0.54947780995878670  0.55744311294344717  0.56568449208501104
  0.57533288677651095  0.58701246278321184  0.59934055591070368  0.61173996884920734
  0.62385530283843005  0.63595771997887574  0.64794319380746423  0.66020760193775752
  0.67286119115686305  0.68496072096381655  0.69665537322160476  0.70799136083453595
  0.71942208617054815  0.73034119478901693  0.74140838593674530  0.75187939670393034
  0.76250599642459738  0.77226701527109343  0.78193813432967274  0.79222952094255150
  0.80346745265738617  0.81551881195206111  0.82770082993551453  0.83916344477911819
  0.84987687390622468  0.85985635457858722  0.86924180072170065  0.87918710832008340
  0.88977547486101394  0.90161646261385320  0.91132327806289115  0.91931154558068395
  0.92730134452139690  0.93528403765650503  0.94417313334431874  0.95521556574824862
  0.96651423752613164  0.97744653501162215  0.98819361617027357  1.00000000000000000
  0.00356349034537250  0.01245202593114548  0.02353891850444514  0.03343664880637169
  0.04302242313585530  0.05168428803200102  0.06039193604001819  0.06937433132348420
  0.07814345937692888  0.08767178530128258  0.09718890071423422  0.10756625675740367
  0.11875948345267817  0.12937293784861742  0.13949165627651725  0.14961533388295822
  0.16051303984512322  0.17289846692009209  0.18539831643599197  0.19741498794251314
  0.20879990288694394  0.21991077121353692  0.23022289550390809  0.23981956220090558
  0.24976962784921986  0.26053904714358023  0.27328334508624919  0.28719210730048289
  0.30066930236810591  0.31275391323355867  0.32373220553478821  0.33398632474825635
  0.34380831612511564  0.35319834237328923  0.36244100827168874  0.37163764223090090
  0.38148881167199306  0.39242822830800539  0.40363197758779484  0.41358122084356586
  0.42262005764187260  0.43147818378732528  0.44182079506876826  0.45410505900603337
  0.46663396026452797  0.47780955713157974  0.48763831091272808  0.49652320456826338
  0.50468415701367730  0.51316482287248544  0.52313082250319731  0.53402857600376352
  0.54502768483917319  0.55507868916424963  0.56406626200296406  0.57311865542867502
  0.58260163743763616  0.59480951176172225  0.60724606822434057  0.61855683056762478
  0.62906234714785059  0.63923102945207677  0.64844877280092861  0.65733360476524805
  0.66643633118662704  0.67621025298273052  0.68560080436528947  0.69472288126040616
  0.70290298929000006  0.71186196466388851  0.72245854762942141  0.73331431123227242
  0.74378715712482857  0.75428253346517760  0.76509466560027706  0.77634076313814193
  0.78837447660767701  0.80058747843696176  0.81309680654519678  0.82554016320772339
  0.83692449466899999  0.84774563732117936  0.85838589057465731  0.86848101804977917
  0.87824298793187350  0.88830397760952018  0.89908729354163941  0.91040365195228135
  0.92104395419447149  0.93133766854715794  0.94182366253370853  0.95234615098636299
  0.96261484965437316  0.97243483840648048  0.98207956931405893  1.00000000000000000
  0.00000296615551561  0.00000348474482115  0.00000387952387822  0.00000410862974997
  0.00000436809990129  0.00000468396907740  0.00000512353274466  0.00000559194212740
  0.00000604620072737  0.00000648573662779  0.00000692913328265  0.00000739279354917
  0.00000795361970251  0.00000873895881019  0.00000950141018166  0.00001026021918128
  0.00001105890985725  0.00001195435065145  0.00001273505736401  0.00001357101050951
  0.00001436881154264  0.00001555949992938  0.00001681332511212  0.00001824184856673
  0.00001969353983217  0.00002124640871095  0.00002298206381900  0.00002496298822365
  0.00002756698124731  0.00003037475425557  0.00003354811908119  0.00003689952629021
  0.00004065519008337  0.00004482527860990  0.00004859603531450  0.00005220827079669
  0.00005604004609212  0.00006021723019666  0.00006518986443281  0.00007128062698647
  0.00007826165126600  0.00008566687923337  0.00009338081028739  0.00010116720837240
  0.00010924882296761  0.00011787202568022  0.00012692238045890  0.00013650922572922
  0.00014718638087768  0.00015886494549355  0.00017215479950996  0.00018600925001745
  0.00020057353483855  0.00021681943994337  0.00023262088722048  0.00024894783951312
  0.00026644729079016  0.00028652034821702  0.00031036511511393  0.00033648380477602
  0.00036289138580389  0.00039255673460500  0.00042467453842121  0.00045835253838674
  0.00049467194072332  0.00052942824477273  0.00056665727406105  0.00061062706589465
  0.00065301898126567  0.00069816267812199  0.00074995674466600  0.00080302571087382
  0.00085218086704710  0.00090556646982790  0.00095739099124589  0.00102930438560254
  0.00112662741218343  0.00122352168271223  0.00132174316583405  0.00143597483930277
  0.00156599332093465  0.00171520909519982  0.00191797569579865  0.00218050945698571
  0.00247382777985477  0.00282867660265914  0.00329222178566607  0.00388475917005903
  0.00438387274123255  0.00497536788103411  0.00573030501155990  0.00675342898347754
  0.00904324019742476  0.01265087928884698  0.21660323916856422  1.00000000000000000
  0.00000668994681286  0.00001072673708418  0.00001147100961327  0.00001231315146740
  0.00001311567313400  0.00001391586211930  0.00001472820268537  0.00001554275380389
  0.00001595726989829  0.00001633958973977  0.00001676853498833  0.00001719776762956
  0.00001760922259806  0.00001802159649200  0.00001847673890147  0.00001898309789325
  0.00001952538797036  0.00002022096979363  0.00002123996450861  0.00002243133985170
  0.00002358262289195  0.00002481596811840  0.00002623362803220  0.00002794109633897
  0.00002985009407491  0.00003206410941474  0.00003470296520551  0.00003765753303228
  0.00004085439866629  0.00004434185727461  0.00004810017459992  0.00005238647587185
  0.00005755703166794  0.00006389700573258  0.00007172233803218  0.00008124855336059
  0.00009181026121175  0.00010249788981686  0.00011405553508046  0.00012655941482147
  0.00014175176652734  0.00015770989997930  0.00017508713018534  0.00019430233358011
  0.00021557219048803  0.00023916400337160  0.00026458504103206  0.00029131968572259
  0.00031834779554974  0.00034697973495866  0.00037714125675406  0.00040882615587280
  0.00044229008680537  0.00047856691178865  0.00052058596557053  0.00056586178143253
  0.00061188115380719  0.00065568209707404  0.00070092924494890  0.00074789448601425
  0.00080158372852060  0.00085926226782006  0.00092312929432630  0.00099242790956832
  0.00106283838548575  0.00113429131287756  0.00121086587220541  0.00129142469525054
  0.00135537981741443  0.00141547436539136  0.00148231743102109  0.00156184209353446
  0.00165366489104077  0.00176354856980518  0.00189285495456574  0.00204150433901349
  0.00221171268188312  0.00242205629408270  0.00261863598170511  0.00285783106952693
  0.00311041889881369  0.00336605260551395  0.00361150816201200  0.00385871468673333
  0.00414721777901433  0.00446667361312063  0.00478100722430060  0.00522945436355590
  0.00565922314986538  0.00587046315638489  0.00608870314785854  0.00631485756360164
  0.00653044490920535  0.00693777108133107  0.00979645219505738  1.00000000000000000
  0.00000309367087454  0.00000675577471639  0.00000730326649231  0.00000785660298210
  0.00000849779357475  0.00000891063350190  0.00000964453654011  0.00001079450775511
  0.00001224219615026  0.00001373397697146  0.00001536891749751  0.00001688926696725
  0.00001859897987306  0.00002043605895808  0.00002262822880149  0.00002515730516496
  0.00002796944372056  0.00003120009998085  0.00003453173856672  0.00003835830537371
  0.00004248448656704  0.00004689630680032  0.00005238339795177  0.00005866158748979
  0.00006617756418605  0.00007487249638249  0.00008489473887429  0.00009651248181286
  0.00010960334246124  0.00012370989119148  0.00013861850611809  0.00015469650508947
  0.00017168718511130  0.00018980627194442  0.00020906047488661  0.00022998297700483
  0.00025267680990747  0.00027644797182195  0.00030057508292265  0.00032435812394875
  0.00034897794666263  0.00037591397689607  0.00040623954412949  0.00044152810251589
  0.00047954665023326  0.00051873502942479  0.00056084599046441  0.00060469893645675
  0.00065382822459850  0.00069764078489261  0.00074779811952882  0.00079593567153879
  0.00084448568884596  0.00089485959819397  0.00094591125142885  0.00099718026623647
  0.00104636710644150  0.00109908573818060  0.00115299525352626  0.00121951266459888
  0.00129715964889667  0.00139168265277672  0.00149268310772633  0.00157832872348502
  0.00167175821234842  0.00177522402663923  0.00187355765383997  0.00196777064644556
  0.00205688582000274  0.00217650672646658  0.00228426495124404  0.00242730929888229
  0.00258747058913577  0.00275531208069791  0.00295423591482427  0.00316559313495989
  0.00338628635656005  0.00370880925149560  0.00407221692895056  0.00443350859151827
  0.00463625109811721  0.00483709773923110  0.00502315174749265  0.00525199866776347
  0.00548990655153405  0.00574481391224030  0.00608061810646120  0.00638851004668334
  0.00657234063374069  0.00679408556971990  0.00708241437353199  0.00952747416346875
  0.01082780837816342  0.01220768842381850  0.01929103345849031  1.00000000000000000
 -0.00268311800988471  0.01078506684120693  0.02231744750217833  0.03462736144863995
  0.04711782356934049  0.06011462667108351  0.07245068663820618  0.08521667082617038
  0.09774561663404888  0.11085327309814799  0.12481038412103926  0.13914307501555223
  0.15206859390198166  0.16259739754663860  0.17259896756725970  0.18200450053712952
  0.19242379796803671  0.20228403310711823  0.21321720881305165  0.22486921422795894
  0.23690629086012535  0.24894143019274870  0.25983284507807608  0.27065189893094715
  0.28115936156977483  0.29238992671943803  0.30403355694148271  0.31568974660986604
  0.32659856764378531  0.33725259588145051  0.34853232085942676  0.36081965879788913
  0.37425225029474729  0.38685483657168002  0.39820447460442510  0.40906458875123192
  0.41982445088304315  0.43175151375050691  0.44331908799799630  0.45421912028980443
  0.46522003920335891  0.47623057033322869  0.48649352470506974  0.49639198767247028
  0.50552578624799205  0.51544246744770239  0.52620506766210962  0.53701520394410507
  0.54540092919029326  0.55247279191050402  0.56014568431555367  0.56845900014062722
  0.57712603476121604  0.58781335967719472  0.59770240126682672  0.60841040091560161
  0.61983217033885418  0.63128271479632869  0.64193469765385369  0.65180575494176440
  0.66141840557760934  0.67031500915828335  0.67919757633277844  0.68761642146539348
  0.69642798304847919  0.70635378932526971  0.71823718400254022  0.73027076743942221
  0.74252318335586165  0.75305007758722065  0.76297047131015261  0.77234737268851783
  0.78083683827451433  0.78892022564082653  0.79744645644835355  0.80637468560259906
  0.81647876493629779  0.82631345520827193  0.83576170847377018  0.84554105763471010
  0.85537551369898701  0.86602655463215517  0.87691202703524873  0.88764203820735510
  0.89769275271040994  0.90765331589898224  0.91794344204674794  0.92757506420520253
  0.93707568731854185  0.94661397685111215  0.95611464496208287  0.96459709317949449
  0.97239841131302929  0.98071950013949039  0.98999834576974932  1.00000000000000000
 -0.00229232064908269  0.00989658548878231  0.02012656377958772  0.03149486938078889
  0.04236481091899252  0.05336788484486774  0.06406730013359356  0.07535443322830150
  0.08596576211724619  0.09664963050391837  0.10787959321558210  0.11829983282137123
  0.12829630654676352  0.13863361422815559  0.15082139719425755  0.16374069511811393
  0.17532610679395597  0.18532669282244790  0.19352536211431276  0.20110950559304605
  0.20934700432894551  0.21852875903870236  0.22835711872490189  0.23700047020436066
  0.24514723713836215  0.25537511935422896  0.26731811361364838  0.27992244314616627
  0.29102986598124780  0.30102672882117049  0.31076481232317976  0.32082111935914764
  0.33143357770343151  0.34237790944224639  0.35375834077709623  0.36568960869305311
  0.37718224646504944  0.38819870782972044  0.39914898511018038  0.40880181301473362
  0.41709209501029865  0.42493274159279443  0.43235560920498972  0.44047554632025093
  0.45063137721998919  0.46307868894748105  0.47612588894881447  0.48849309414575426
  0.50024865990527434  0.51170612117826808  0.52302737461089099  0.53457777091772940
  0.54554505061067970  0.55627656902058686  0.56608047484862267  0.57516080660332503
  0.58412043532053470  0.59302651952205965  0.60169136227824804  0.61055681165959907
  0.61953740447900563  0.63007624578848143  0.64309282241201760  0.65503706764844127
  0.66549896870137104  0.67586437954279932  0.68635975712533870  0.69651156054348085
  0.70553191498490309  0.71456729366023164  0.72465326977381050  0.73579019101829946
  0.74657375924582803  0.75789274905073700  0.77007353397242073  0.78286507478594480
  0.79558534704418860  0.80759383293876708  0.81928107729636346  0.82984898411462615
  0.83972613698625465  0.84924821119538940  0.85949891214145946  0.87046498264098038
  0.88005870202851200  0.88947851636258057  0.89908734672958956  0.91069522871408903
  0.92312328629132290  0.93546227552833472  0.94742315932336807  0.95838701730134057
  0.96853097245046293  0.97840019751934904  0.98856926535469247  1.00000000000000000
 -0.00222071131340293  0.00894255695368903  0.01888179195639265  0.02948648952490078
  0.04012187984466974  0.04929619014813780  0.05798091656110867  0.06694495526275648
  0.07593193727865430  0.08583215807588628  0.09738995539391786  0.10941726834763733
  0.12032946083555689  0.13169563681015767  0.14276535731230777  0.15360918480882635
  0.16514234317826970  0.17587465986608353  0.18573627567329076  0.19517284139509930
  0.20409904805971060  0.21430408482303553  0.22508753550156430  0.23504931261879394
  0.24472281723942352  0.25478297182266169  0.26556687660327816  0.27667515651533703
  0.28705583888156327  0.29641852489808290  0.30543147410598959  0.31442036303221149
  0.32302785367431519  0.33134764722739257  0.34032821894127702  0.34936061187887835
  0.35934651738089746  0.37045042769579140  0.38164447661422285  0.39172383591895310
  0.40172856916645744  0.41066281937014870  0.42034431255321969  0.42986419766624184
  0.44043754863848167  0.45153521974661726  0.46259983761914414  0.47355540816023062
  0.48417449444290506  0.49508874427968746  0.50639073720009586  0.51625567476937284
  0.52475241092623881  0.53251218992871840  0.54059935725007746  0.55009136437114770
  0.56145933161852601  0.57316445067423005  0.58521355568952627  0.59567071478942901
  0.60655835847543793  0.61699418518263249  0.62777679413864063  0.63848084862302890
  0.64939604276107477  0.66057805485660825  0.67138866237275396  0.68183829482927494
  0.69266305349575297  0.70425876196282233  0.71630569476104655  0.72750468420868863
  0.73791044524664540  0.74827417396485219  0.75975306520264696  0.77231181785825542
  0.78508433807714550  0.79796595619110788  0.81043189266257298  0.82221417077964265
  0.83364525881190610  0.84413870407986580  0.85424399313766486  0.86321295650973595
  0.87312965918894325  0.88379437959445850  0.89500438559185269  0.90633732114324039
  0.91917749918702629  0.93213565851007230  0.94375573085766673  0.95374599926896464
  0.96317880667274047  0.97330017710413919  0.98504279263832184  1.00000000000000000
 -0.00209267106402653  0.01112558431235146  0.02164328280268361  0.03184720785820044
  0.04236529318294667  0.05299260407218485  0.06325017300816925  0.07319041056271947
  0.08370644388785523  0.09431301738049568  0.10412240455386775  0.11394628186613794
  0.12409022783251478  0.13507380710313416  0.14645002798639606  0.15761795626625516
  0.16774852631220796  0.17580978113743470  0.18366052598686208  0.19123456074537426
  0.19827337683121379  0.20678023757182371  0.21585570866205989  0.22459610291731766
  0.23501303544879731  0.24540525603437699  0.25581213954838339  0.26633336382647393
  0.27693861014376009  0.28780240316662259  0.29860149597945962  0.30945699934721477
  0.32005305184372501  0.33071668250499897  0.34143005975511947  0.35228045425252302
  0.36390147490640151  0.37510050338425521  0.38578543498660567  0.39615150109386621
  0.40629310568926186  0.41648448598318255  0.42646773630005175  0.43551463979520710
  0.44401782104554183  0.45300853827896059  0.46219451413923335  0.47262167162278523
  0.48262917464606508  0.49118461639634819  0.49992992261108488  0.50927410639157844
  0.51948364244785639  0.52872134970255391  0.53749852974030565  0.54723894203863144
  0.55943546151926282  0.57190806167705599  0.58504747910270594  0.59853580524821992
  0.61089250537816331  0.62228136172738657  0.63421090440094963  0.64540082152011879
  0.65678944784549509  0.66810126519427848  0.67968527137309886  0.69187139357819449
  0.70419088067244451  0.71612981319141844  0.72752882713269473  0.73904175541053474
  0.75134536824351394  0.76391557180452707  0.77591339754049382  0.78673941058918428
  0.79620302451168268  0.80544551674353815  0.81470804641285532  0.82407288920155675
  0.83419221056559156  0.84439744156323948  0.85526085737935886  0.86671826818758413
  0.87916114796556988  0.89221481495446608  0.90393998020991451  0.91576434876949153
  0.92719867975479364  0.93776551823369259  0.94833842599910734  0.95865907201611944
  0.96878897016020094  0.97865831537494519  0.98838371179688944  1.00000000000000000
 -0.00204473284091072  0.01254746819914005  0.02372676999820121  0.03442948092127985
  0.04544762941704259  0.05700492126103474  0.06829740865859402  0.07967161042316613
  0.09174123332286420  0.10416595366624098  0.11678237585506286  0.12779032182703848
  0.13887308295767065  0.15054680862911032  0.16237718517261654  0.17476135360762948
  0.18691021818391984  0.19867632116422704  0.20948461660970663  0.21999760159692996
  0.23026346322265415  0.24049186020402985  0.25068075299902176  0.26036790788096553
  0.26988987157335931  0.27947698399543291  0.28878340726825852  0.29887752333736683
  0.30913511033478625  0.31911497404426437  0.32845650645981167  0.33568773973506189
  0.34237189321646988  0.34941019862016676  0.35844014711559968  0.36850069935434970
  0.37813191998718937  0.38638388219679420  0.39479942997432399  0.40409960928879507
  0.41571992564053561  0.42690399312385008  0.43705270146919739  0.44725153660453210
  0.45750428049063591  0.46731789505614491  0.47694590234189521  0.48621369556368826
  0.49577972036802215  0.50602241205370657  0.51686263216105377  0.52845878712616612
  0.53989182543333825  0.55114548543343977  0.56272273689723518  0.57473797781991476
  0.58617372251173372  0.59692959749495456  0.60665634396114110  0.61496856613003859
  0.62182762128456992  0.62941221556214144  0.63712177717863616  0.64622381456796851
  0.65829724640490606  0.67055615464923601  0.68194758871319550  0.69296169512242634
  0.70433894142259901  0.71547255338652149  0.72633611254955543  0.73668035064488135
  0.74697905570380541  0.75793483968927622  0.76853289930199453  0.77904829697727551
  0.78935853105672804  0.80014326264199964  0.81177254715565161  0.82320123464445871
  0.83421800593266859  0.84501027531954087  0.85577657228817094  0.86658765275119221
  0.87760213272887977  0.88870874502457708  0.89950659188681625  0.91001961408158083
  0.92049738803210213  0.93133461703280840  0.94226573163157257  0.95392429047857896
  0.96550252725528773  0.97735358638014247  0.98879228293480625  1.00000000000000000
  0.00002743432284914  0.00057735752379829  0.00093675153350256  0.00117798121168113
  0.00139992119352527  0.00161304847797547  0.00181016988602322  0.00201002446433319
  0.00221047243714115  0.00239315364888918  0.00257595106064729  0.00275889998828220
  0.00293430065022976  0.00310775998042403  0.00327770782681407  0.00344804856309633
  0.00361923526652654  0.00380723415661237  0.00401108143451113  0.00419511276979130
  0.00437262021994699  0.00457287671102807  0.00478161741863497  0.00499157666963503
  0.00520213698586491  0.00541322238838291  0.00562454423053323  0.00584971585517599
  0.00606473548310527  0.00625222756001588  0.00644332620361602  0.00663919673366200
  0.00677059814565841  0.00689276207492252  0.00704771049482188  0.00718536569668501
  0.00729472642245358  0.00738857471878586  0.00748569373418245  0.00758455696411753
  0.00768740021189621  0.00779219446890944  0.00792473901560591  0.00806150207031708
  0.00819426751881909  0.00833012901244797  0.00848447420975939  0.00864414306495180
  0.00879101266580948  0.00893214489262073  0.00907486116164369  0.00923084985635791
  0.00938683855107213  0.00954195561592373  0.00969644581627621  0.00985357321047851
  0.01004696366052546  0.01024356554173107  0.01047875945562855  0.01069958066832975
  0.01091328619367057  0.01112488847705695  0.01134407143750749  0.01159168960338848
  0.01185802599988789  0.01210496828092551  0.01232575605644336  0.01253551652681274
  0.01282283820801945  0.01312641253414520  0.01343890427410640  0.01376951361202108
  0.01410871463613623  0.01451103122199505  0.01535257096284768  0.01667395490912404
  0.01741166912690438  0.01776750413100448  0.01809865762378333  0.01842497571893345
  0.01878481858158130  0.01914930454138242  0.01973233631113492  0.02035330153361157
  0.02095692492662712  0.02178905249065814  0.02334483827226010  0.02474284245834912
  0.02569700006291460  0.02735198654453775  0.02961216404738322  0.03072230589653090
  0.03199220037837586  0.04066741535898381  0.07994424068169706  1.00000000000000000
 -0.00280682060793726  0.01020150188546905  0.02130810553349331  0.03291914503472079
  0.04451314847010310  0.05582745678447798  0.06746843824517509  0.07886787307263583
  0.08856674976012419  0.09722801902764966  0.10586567938038234  0.11446689837637483
  0.12347147196858282  0.13354608745811250  0.14440012619928111  0.15674405386470983
  0.16881050510774992  0.17948608683485934  0.19039287024312140  0.20166860142056403
  0.21270856468716093  0.22286687484188758  0.23404439656863216  0.24494012332729320
  0.25595968620855997  0.26621628947546500  0.27558861236952320  0.28450235094043541
  0.29320011452929584  0.30102925914047129  0.30973992236087217  0.32223792557664444
  0.33395837204780904  0.34379772338643982  0.35244007893130247  0.36068921600919601
  0.36921656731755148  0.37904804391577773  0.39132823446152565  0.40347853653827459
  0.41469811470775642  0.42550638804358670  0.43666408072992413  0.44815485711629077
  0.45895340205330792  0.46921448640492130  0.47938545917715231  0.48916825347004605
  0.49828186451839501  0.50678387936980018  0.51553577621005242  0.52558518422339939
  0.53673956107083254  0.54759433914058919  0.55784353879358328  0.56761395364329670
  0.57770972821014865  0.58849389302302102  0.60022191065698205  0.61312390336177147
  0.62449592512204422  0.63423692798533682  0.64385917721661634  0.65403702120703811
  0.66351326182320214  0.67253278467886057  0.68181550251363643  0.69196420776453926
  0.70327956173380790  0.71367646216269021  0.72451851587969562  0.73494877292422167
  0.74582091305130638  0.75768483054210622  0.76866154017424848  0.78000351869185913
  0.79085981871360789  0.80153284763785237  0.81207766804302806  0.82335897079377718
  0.83531123065958035  0.84780652041962312  0.86107367117036060  0.87415301145158353
  0.88573898959030017  0.89715040553901515  0.90780710696047340  0.91808957453277418
  0.92837965542635703  0.93841190666805918  0.94804415624364147  0.95690788612461841
  0.96654998333980979  0.97684483554356460  0.98813855144699936  1.00000000000000000
 -0.00009351092737535  0.00015019202475991  0.00038908363774057  0.00059915915881578
  0.00078417163334959  0.00090887803408289  0.00103233552434357  0.00115409984650283
  0.00127622037576062  0.00139868310609689  0.00152049565819089  0.00164185697747178
  0.00176671872199107  0.00189343910608624  0.00202097129412354  0.00214872528653948
  0.00227039773229169  0.00239151856691659  0.00252194752048228  0.00265214427805297
  0.00277623273104319  0.00289850172647957  0.00301210201360507  0.00312452923757839
  0.00322495597877661  0.00332538271997482  0.00343372172163171  0.00354417670637353
  0.00366987993334249  0.00380218771918316  0.00393901735727578  0.00407378951653316
  0.00420308307658788  0.00433624988175685  0.00447308608826394  0.00461956940052217
  0.00477158759213428  0.00493373341961567  0.00510071443781231  0.00526657900724517
  0.00540380841465933  0.00554228625289707  0.00569447436103824  0.00584512943378738
  0.00598468487104620  0.00611839682061138  0.00623458117233593  0.00633378246136331
  0.00642330706133371  0.00650730860130066  0.00659068708203847  0.00666983151684627
  0.00673729800875875  0.00680451011961383  0.00687058218324306  0.00693674306679636
  0.00700438757398275  0.00707203208116914  0.00716928979086808  0.00727910549735613
  0.00738516290517877  0.00746968218294313  0.00755120706470093  0.00763187162808237
  0.00771335109194226  0.00780923937978178  0.00793146977859494  0.00812746248103579
  0.00835550307696689  0.00849835340111200  0.00862255085116042  0.00873993664984835
  0.00885603917938821  0.00896851431711275  0.00910143730328726  0.00927101104168493
  0.00945776845905602  0.00968930287451450  0.00992900083959613  0.01016962504030446
  0.01037306478048085  0.01055982612716308  0.01075739456257388  0.01108778766029797
  0.01150537820122510  0.01198612077823920  0.01242373542520627  0.01286445177321842
  0.01426210014230695  0.01595531382789751  0.01684287398334790  0.01782919572703913
  0.02042198317453634  0.03101539669782337  0.05663197087025364  1.00000000000000000
 -0.00205668426154261  0.00678479528054121  0.01518967568854207  0.02391202844600256
  0.03283885627846383  0.04152281546155789  0.04990565852585692  0.05825533720130807
  0.06725648557729115  0.07651235673209272  0.08560772546154069  0.09416908347522969
  0.10285592885755301  0.11159495822632015  0.12041847637775238  0.12983578970106230
  0.13888346361995937  0.14820745473877464  0.15823605665740925  0.16906084501329188
  0.18065151873236202  0.19219770938261538  0.20344162312835540  0.21493783529921195
  0.22608746345973771  0.23722261449389698  0.24865593787137652  0.26112443835824134
  0.27477086689750063  0.28856712801414136  0.30032399422453149  0.31104928438238161
  0.32133861593391222  0.33166966197635822  0.34187911727963610  0.35270517724242312
  0.36527990067422289  0.37938438049372042  0.39400462514689288  0.40828439758157448
  0.42248192832120474  0.43611041739591305  0.44948857359085054  0.46227109241052022
  0.47517855503709910  0.48767323363582321  0.50118343942134946  0.51382389677612994
  0.52566461976357748  0.53669710742115728  0.54789798674840784  0.55944143995369289
  0.57131804775515382  0.58402154550654184  0.59722240417575045  0.60926274117900314
  0.62041846336075479  0.63227644384674742  0.64424637495466042  0.65578554377489395
  0.66773568499161107  0.67995441339383456  0.69194789259264000  0.70327011629978908
  0.71459225767915002  0.72611746928278842  0.73748728191354396  0.74938059428780135
  0.76021322695536042  0.77000685928904966  0.77928962514338629  0.78924625410667537
  0.80034471561914933  0.81049499261350622  0.81958854510232781  0.82899612830800473
  0.83863511984664108  0.84822012454664319  0.85764141488012657  0.86673993419570905
  0.87574942715958359  0.88510727175428316  0.89454105551904095  0.90301981830594680
  0.91094010155888816  0.91895916584797310  0.92729100370946105  0.93661595726434088
  0.94542644983478419  0.95365855915539355  0.96177043063302348  0.97010554498080648
  0.97872371735575192  0.98627563408339047  0.99311882873185187  1.00000000000000000
  0.55574217730019948  0.61761822472101158  0.63245719876418205  0.64702684852850179
  0.66056049430042763  0.67210780427970629  0.68287341236997545  0.69373827688378153
  0.70379086490055653  0.71314459671664365  0.72306055783439138  0.73288123836913299
  0.74139749869808924  0.74922241491892716  0.75667874737633356  0.76433286160028158
  0.77110185323228331  0.77737354602300424  0.78334485137849053  0.78921640263105719
  0.79489090876802115  0.80034216526726443  0.80545244708939534  0.81027450047125560
  0.81505115784192883  0.81963135672922638  0.82461383802589194  0.82952584817931319
  0.83416182492776147  0.83825039961029779  0.84201127949655608  0.84557707264692039
  0.84897670562445793  0.85235764952611004  0.85556472480041856  0.85868238985909073
  0.86170006237425134  0.86468677935946836  0.86788291190969069  0.87120808260806903
  0.87444396015374259  0.87731794973722144  0.88007132584033565  0.88285939379285694
  0.88575249641188303  0.88862573495979069  0.89138250243306660  0.89417133566464491
  0.89689857811619167  0.89965776279730614  0.90232785676253957  0.90481827826684402
  0.90721376158642020  0.90947208542473768  0.91172924369446584  0.91408335901417181
  0.91643146045741619  0.91881338189463879  0.92113345698208937  0.92367804160975819
  0.92640565101293915  0.92923937877094620  0.93196550701588421  0.93442361997098955
  0.93673219172706379  0.93894713714246214  0.94104133489872854  0.94310485397944011
  0.94512379761352361  0.94701026523000820  0.94884650709165919  0.95072486365617381
  0.95259591047732994  0.95443796195931163  0.95645463402651343  0.95848078790528668
  0.96041133067404483  0.96256065869342988  0.96479526455959119  0.96691812896286866
  0.96884579788080749  0.97071751182351573  0.97259929167433223  0.97455205149583257
  0.97672423190953284  0.97891110210504806  0.98085212760562235  0.98266075977607026
  0.98439080358500330  0.98613159079818180  0.98782580292680267  0.98958784263379673
  0.99145126440039311  0.99344632302980440  0.99605192858024316  1.00000000000000000
 -0.02125896448285007  0.12459334568022266  0.14826612640940776  0.16188049347762551
  0.17300687422698335  0.18305543485778067  0.19121442371471473  0.19885936563455386
  0.20659194159074110  0.21315104258689765  0.21884670018612845  0.22449189312507492
  0.23025737555239348  0.23603018304290338  0.24144150670969489  0.24548441229567960
  0.24947395661451954  0.25358732159563546  0.25827398356771458  0.26399480162320171
  0.26989260576321061  0.27510474259692269  0.28049493299710609  0.28546840462730694
  0.29050322302776499  0.29579101339096658  0.30100805288274451  0.30641602641660698
  0.31196067482094408  0.31653150282112114  0.32119508202528813  0.32571906158093367
  0.33026778727651740  0.33547866916329150  0.34144224055836964  0.34776780369310678
  0.35389668711400701  0.35937839195395732  0.36422096201763698  0.36910252812884947
  0.37401260575931172  0.37889971193426469  0.38367984091219770  0.38861615086756790
  0.39340440084807610  0.39796938611515204  0.40237102522356055  0.40695081058638805
  0.41163241182700777  0.41639717950372485  0.42157004867860681  0.42721387170526842
  0.43307466067395184  0.43882559242726232  0.44435399694009481  0.44949628386055995
  0.45439005299632051  0.45936945553325692  0.46484655169046507  0.47067521693244169
  0.47678195927977901  0.48344273448836478  0.49060305337311122  0.49826216329546225
  0.50485760853600825  0.51063677489325310  0.51655256319744214  0.52251492229469265
  0.52937497617826168  0.53647245733636462  0.54352127487485669  0.55144152708155214
  0.55824724315918006  0.56516792212728262  0.57217986528217379  0.57984620839540291
  0.58828315842816392  0.59718491783098893  0.60623228371824456  0.61539443933228510
  0.62472769482250912  0.63499623857802678  0.64652575753373231  0.65871192640770471
  0.67137683624614086  0.68426784189132117  0.69691976197325067  0.70970573423927363
  0.72265025262002103  0.73598503289586581  0.75065520124038199  0.76869714510922560
  0.79029184649456463  0.81864107206459291  0.87202430048822910  1.00000000000000000
   3.9923777256952705E-009  -1.0000000000000000     
 F F F F F F F F F F F F F F F F F F F F F F F F F F F F F F F F F F F F F F F F F F F F F F F F F F F F F F F F F F F F F F F F F F F F F F F F F F F F F F F F F F F F F F F F F F F F F F F F F F F F F F F F F F F F F F F F F F F F F F F F F F F F F F F F F F F F F F F F F F F F F F F F F F F F F F F F F F F F F F F F F F F F F F F F F F F F F F F F F F F F F F F F F F F F F F F F F F F F F F F F F F F F F F F F F F F F F F F F F F F F F F F F F F F F F F F F F F F F F F F F F F F F F F F F F F F F F F F F F F F F F F F F F F F F F F F F F F F F F F F F F F F F F F F F F F F F F F F F F F F F F F F F F F F F F F F F F F F F F F F F F F F F F F F F F F F F F F F F F F F F F F F F F F F F F F F F F F F F F F F F F F F F F F F F F F F F F F F F F F F F F F F F F F F F F F F F F F F F F F F F F F F F F F F F F F F F F F F F F F F F F F F F F F F F F F F F F F F F F F F F F F F F F F F F F F F F F F F F F F F F F F F F F F F F F F F F F F F F F F F F F F F F F F F F F F F F F F F F F F F F F F F F F F F F F F F F
  <DiscreteSampler_grid>
  grouped_processes
  1 # 1 for a reference and 2 for a running grid.
  10 # Attribute 'min_bin_probing_points' of the grid.
  1 # Attribute 'grid_mode' of the grid. 1=='default',2=='initialization'
  0.0000000000000000 # Attribute 'small_contrib_threshold' of the grid.
  0.5000000000000000 # Attribute 'damping_power' of the grid.
 # binID   n_entries weight   weight_sqr   abs_weight
    19   10   2.090667612149502E-005   1.628164217695328E-009   2.090667612149502E-005
    20   10   2.090667612149507E-005   1.628164217695336E-009   2.090667612149507E-005
    22   10   2.090667612149502E-005   1.628164217695328E-009   2.090667612149502E-005
    23   10   2.090667612149507E-005   1.628164217695336E-009   2.090667612149507E-005
    25   10   2.164126280258991E-005   2.268670398293874E-009   2.164126280258991E-005
    26   10   2.164126280258991E-005   2.268670398293874E-009   2.164126280258991E-005
    28   10   2.164126280258991E-005   2.268670398293874E-009   2.164126280258991E-005
    29   10   2.164126280258991E-005   2.268670398293874E-009   2.164126280258991E-005
  </DiscreteSampler_grid>
