  0.00233591157909945  0.01550812879643976  0.02912140241253597  0.04092453371951899
  0.05243556356071429  0.06389012988154133  0.07595143301776774  0.08787117711267949
  0.09964481771688001  0.11053349918143308  0.12142223121177737  0.13200660987030124
  0.14223989641841825  0.15225330486318667  0.16215841553674160  0.17226537116762503
  0.18238413188893265  0.19282103275641430  0.20375513095852008  0.21504776771212353
  0.22639076456610843  0.23763505567361604  0.24871416984627853  0.25998045557596894
  0.27130821249521964  0.28242048261569724  0.29341191410989653  0.30427050746344370
  0.31488896364603436  0.32575154648516119  0.33656979906319184  0.34799660375088309
  0.35935604891487749  0.37019106899539461  0.38102086418755893  0.39178189636881139
  0.40306400328754560  0.41407760423177470  0.42537662403177989  0.43681851570712371
  0.44788828727419244  0.45883523137879539  0.46962772727352442  0.48059098652482235
  0.49126612312977946  0.50209643615968513  0.51258185246595545  0.52310229101147865
  0.53337974850742764  0.54338548491578820  0.55325996079083728  0.56309009195548487
  0.57334415591414079  0.58400300135239891  0.59482452289580434  0.60564339618240337
  0.61615445271665070  0.62671382575423196  0.63717101377835705  0.64741200744958727
  0.65764820906780230  0.66794602867781294  0.67825987059791881  0.68859388045398151
  0.69914274628214623  0.70975871728792694  0.71982798509069856  0.72955871840008091
  0.73941101685053745  0.75005972217672812  0.76089698566609576  0.77189242340073261
  0.78251477036034001  0.79314179558386078  0.80376496288901222  0.81355110176920653
  0.82320143600015516  0.83279811550323524  0.84278945651234172  0.85307768991211808
  0.86279722914027668  0.87238643077940992  0.88205435078114924  0.89199476805921263
  0.90208700946582643  0.91205617740744338  0.92203227477414307  0.93213853957994386
  0.94181713494765906  0.95125267401926894  0.96060461857599100  0.96963138534149973
  0.97880447830809103  0.98667551209884052  0.99222388725358557  1.00000000000000000
  0.00268954805985042  0.01456689367411300  0.02702114472295815  0.03894030594392749
  0.05020360375378816  0.06153601338188248  0.07248039809314831  0.08380208380076345
  0.09452667457739634  0.10515453291311416  0.11579261870704642  0.12602207997832954
  0.13650656532820563  0.14681775052288445  0.15772952310311786  0.16850396212901425
  0.17963207952484680  0.19104423171188731  0.20226156637676057  0.21254863858141523
  0.22260504738335593  0.23260008132349377  0.24312485647585658  0.25389182147643297
  0.26452877398077951  0.27476858763993417  0.28478522193729378  0.29497487161482433
  0.30566578998212501  0.31662214780192782  0.32737653141812567  0.33800247198318734
  0.34893322073815092  0.36037315451448310  0.37193378502245072  0.38337751097071265
  0.39466035245774750  0.40593393156511354  0.41638155606998306  0.42617878292563610
  0.43567273402853518  0.44522272440567739  0.45480183136953384  0.46456992562780380
  0.47481437784820718  0.48544780899202022  0.49619635472436124  0.50686545833160279
  0.51755264532043965  0.52832307858332250  0.53915569854615231  0.54980923038308482
  0.56011772832116424  0.57029039862643471  0.58054075113778147  0.59107509171691086
  0.60192861141859877  0.61306765521318607  0.62435071821228383  0.63556446647371301
  0.64653753958378990  0.65694811344948034  0.66696349250364284  0.67703364306867342
  0.68720030054091963  0.69736051101215457  0.70740217929923532  0.71764222181461657
  0.72806389760408463  0.73837534363308199  0.74859693468089306  0.75901728286280112
  0.76983990780024902  0.78089131831724590  0.79187312206888061  0.80265923431742459
  0.81330137643979739  0.82384064864679163  0.83433481140403121  0.84488207405285010
  0.85540363110297946  0.86583942358374244  0.87612419510382122  0.88629809287106254
  0.89637938920900662  0.90644665542867431  0.91650645979706435  0.92661454719292036
  0.93655719317787611  0.94630924202184763  0.95603751347437760  0.96566979424527888
  0.97516242449981716  0.98403584403795596  0.99205357748582979  1.00000000000000000
  0.00000288746265415  0.00000304213288165  0.00000311296580091  0.00000318767038567
  0.00000326093165165  0.00000333535713965  0.00000341312750716  0.00000349466740662
  0.00000357907189651  0.00000366497585751  0.00000376715327326  0.00000388464290329
  0.00000399705957157  0.00000411030545853  0.00000424391162519  0.00000439485858741
  0.00000457665821806  0.00000476431849739  0.00000497845116557  0.00000519970318185
  0.00000543923698475  0.00000569753735597  0.00000599292917057  0.00000630160269623
  0.00000662323224989  0.00000697696787638  0.00000735654685618  0.00000777271335915
  0.00000823585983711  0.00000873708161166  0.00000928728210842  0.00000988089877180
  0.00001050411823139  0.00001117317591796  0.00001187011584966  0.00001260851763223
  0.00001342912724157  0.00001432313831350  0.00001532688241967  0.00001641672202382
  0.00001760292073344  0.00001889348384259  0.00002028771514549  0.00002177798168065
  0.00002338958682524  0.00002512689167199  0.00002705477067144  0.00002918968630314
  0.00003148517500197  0.00003403002203248  0.00003680095338421  0.00003972472883110
  0.00004296427869764  0.00004654600321228  0.00005047539668313  0.00005476956781068
  0.00005933258176043  0.00006426366326881  0.00006982918163719  0.00007610420387016
  0.00008312784315166  0.00009109810355952  0.00009974059704355  0.00010914056985575
  0.00011933496774205  0.00013050005539685  0.00014345422216689  0.00015828351848042
  0.00017494401862007  0.00019311435677643  0.00021237593228497  0.00023314327690599
  0.00025646573588703  0.00028319854222465  0.00031390180114394  0.00034845595365896
  0.00038781115378049  0.00043226616733290  0.00048299487443469  0.00054323411635614
  0.00061225844170143  0.00069180199306537  0.00078527510981117  0.00089816809512472
  0.00103119291395866  0.00118953090604494  0.00137546215822875  0.00161423355008227
  0.00192123180891662  0.00231288430287430  0.00285449172685596  0.00348479694763750
  0.00423806876936142  0.00508008377084308  0.03207326267434998  1.00000000000000000
  0.00000709369644422  0.00000892468662054  0.00001064120904265  0.00001253441793224
  0.00001444280248780  0.00001638008731355  0.00001844981901296  0.00002066338306648
  0.00002302773073615  0.00002558535375260  0.00002841072663226  0.00003149001426991
  0.00003495816073412  0.00003887856639707  0.00004310309611677  0.00004771566432183
  0.00005279865953246  0.00005848038565614  0.00006466859707747  0.00007129472182211
  0.00007829739401997  0.00008540964086807  0.00009275763736843  0.00010037425117740
  0.00010830704223393  0.00011651438342524  0.00012514575703530  0.00013415291402160
  0.00014347531668499  0.00015330710426008  0.00016355110847584  0.00017404590346485
  0.00018479502197511  0.00019606680504273  0.00020835812720644  0.00022133374304812
  0.00023516711955267  0.00024975211273777  0.00026491414619862  0.00028061444128190
  0.00029748585106341  0.00031643767135996  0.00033717886767399  0.00035835896564539
  0.00038037172769663  0.00040349752118193  0.00042726443705919  0.00045368397916484
  0.00048245587489202  0.00051495290016931  0.00054922585575661  0.00058589493293343
  0.00062399848305175  0.00066367469904958  0.00070549356532229  0.00074936703264696
  0.00079483240772463  0.00084187814334706  0.00088975554289022  0.00094338983721559
  0.00100041607158646  0.00106984396658780  0.00114617185363855  0.00122470225378615
  0.00130376742080855  0.00138893854810769  0.00148220508746820  0.00157364548790951
  0.00167168984273660  0.00178284611888426  0.00191129862708995  0.00204638380281925
  0.00217781619221912  0.00230890647358202  0.00244313066810732  0.00258383435986346
  0.00273131087334714  0.00288986579994294  0.00305851884702801  0.00323039645529718
  0.00339372118086324  0.00355234022578673  0.00372210604222929  0.00391004417530990
  0.00412847116565784  0.00436486480919382  0.00456289261737417  0.00475928705532550
  0.00496183426566659  0.00517095403846391  0.00540033799921565  0.00565507710484701
  0.00598899938827806  0.00642449553087530  0.01260391989878599  1.00000000000000000
 -0.00226332375893856  0.00923942172812732  0.01962171095069679  0.03013895998340927
  0.04140462096339892  0.05245087196298719  0.06364968597084897  0.07455436948885877
  0.08582295894066792  0.09737766001691554  0.10878456515164962  0.11971521799518646
  0.13073136854987633  0.14183297772378253  0.15315706316438804  0.16400237156877648
  0.17484977578604194  0.18549930765225273  0.19590195683284145  0.20597456303821232
  0.21597469970157746  0.22573360755862537  0.23558885911603628  0.24542236467091821
  0.25557346823018406  0.26585633347727916  0.27570554557981258  0.28578286153374205
  0.29599851370692976  0.30671742136033586  0.31697685702041795  0.32674899624210202
  0.33589481576703178  0.34519543950726811  0.35478927522057552  0.36435435748052025
  0.37396431375914962  0.38369341422776948  0.39370590271691069  0.40367045640123678
  0.41320171887551954  0.42249699055175827  0.43172070702131810  0.44110038570497306
  0.45062766303359719  0.46019848919434608  0.46959396068921683  0.47869137998855493
  0.48766097741348535  0.49691632090755172  0.50675694213940170  0.51686126283473388
  0.52688037188227477  0.53674022391916942  0.54644844693550410  0.55624552870072141
  0.56618950987374617  0.57638812823593932  0.58669944006238117  0.59704116026936294
  0.60733929760968175  0.61756482007216518  0.62777799352710439  0.63813624687103743
  0.64867893100073504  0.65923228944141632  0.66965862684955568  0.67985515700276844
  0.68995696929267325  0.70015060839238596  0.71048102996455775  0.72070012920263815
  0.73069859972948703  0.74053082852212071  0.75062869841360846  0.76108045331211982
  0.77179953872090190  0.78269946231270737  0.79374481128906549  0.80514502616876527
  0.81697216402701855  0.82890533640257502  0.84055420256277757  0.85225168223727477
  0.86421130106124555  0.87614066410637081  0.88778732009266437  0.89945077683104502
  0.91097326573697102  0.92305736377926384  0.93551248024684919  0.94808455457824170
  0.96049829929217612  0.97337933068073257  0.98673194644090545  1.00000000000000000
 -0.00212571458220845  0.00925229314895761  0.01947232636628890  0.02941564479438296
  0.03963864331621646  0.05019359325471287  0.06078255574265594  0.07184406454194533
  0.08293662537411578  0.09378554670372434  0.10418557201764080  0.11454511919443945
  0.12516317765230656  0.13608313337865799  0.14730688498996702  0.15813836895647704
  0.16864477784097270  0.17876292474195574  0.18905519930965939  0.19954097577261293
  0.21036171950305699  0.22140295495981702  0.23271489938851872  0.24421971676504278
  0.25557644818438002  0.26671727577572252  0.27754697562244673  0.28806268604053659
  0.29827454127362324  0.30842169610767051  0.31845189914692407  0.32834853204366449
  0.33826201693342567  0.34846861871101953  0.35876170297136561  0.36927039083245383
  0.37978914256113627  0.39041746652560316  0.40108131954276960  0.41191299805663834
  0.42299368224903205  0.43397179261834329  0.44464805644605487  0.45487642208805579
  0.46495166288222084  0.47508777481413134  0.48560054537072961  0.49627933884084763
  0.50697592798170255  0.51781837709534340  0.52889395017922203  0.53998451186121832
  0.55103373249545662  0.56181587162966962  0.57258776307628867  0.58340372533447504
  0.59386617627976312  0.60437134542034776  0.61465158037347634  0.62497932299365511
  0.63511365500604233  0.64499948663578477  0.65501414367715682  0.66517151048585477
  0.67598729576967909  0.68670663957314793  0.69706635317114940  0.70701698620515319
  0.71731105657598582  0.72782591546166431  0.73820613384364009  0.74887659138851914
  0.75943905273952128  0.77015418738457331  0.78054685973677496  0.79140145654805338
  0.80221587171768804  0.81289901076259630  0.82308930083017084  0.83326121238572970
  0.84362769866925658  0.85430285153514895  0.86499212115140789  0.87547908520449380
  0.88588992661226162  0.89624525610128258  0.90667734565496827  0.91712280145139469
  0.92762645309234126  0.93800704416655034  0.94818482909287882  0.95861947853582852
  0.96909673413833963  0.97982535872008969  0.98982784287505410  1.00000000000000000
 -0.00261220114825592  0.01018342412097057  0.02107495696618530  0.03246071801407976
  0.04339217297733788  0.05360131274334382  0.06376048721240245  0.07435193405467329
  0.08538927621735998  0.09647886980143973  0.10729397743561134  0.11805457682788717
  0.12874212267989049  0.13948351264120940  0.15024149904392947  0.16128444891414023
  0.17231775173389835  0.18337371107558850  0.19444489172797910  0.20548199428019220
  0.21637328198138023  0.22706522976494375  0.23698419318280325  0.24673741644544062
  0.25662101473533289  0.26647495671160920  0.27633327299615851  0.28569599244200461
  0.29520553975138986  0.30478015310183482  0.31468327313186073  0.32452104696048373
  0.33398188401265599  0.34341345867715967  0.35319081591548168  0.36358796690130185
  0.37399189250528969  0.38437038964377568  0.39416210138192670  0.40355723576579444
  0.41275149864369953  0.42223861275728303  0.43228916288435054  0.44255816657695513
  0.45275123914461179  0.46269998661290829  0.47235645074857374  0.48194817141781249
  0.49148363684339802  0.50084936916286305  0.50994560199570904  0.51906378928157837
  0.52852654791688947  0.53828441440892183  0.54796219469948670  0.55775021686321813
  0.56764474252494124  0.57754818874100633  0.58752588787335158  0.59761621315944258
  0.60779678585557717  0.61780580717436728  0.62792091045752851  0.63835858904383003
  0.64902165080189034  0.65960956697157935  0.66991192387997311  0.68017143484166387
  0.69038871447422301  0.70053339382037372  0.71076798559715582  0.72123539800598324
  0.73189538542577182  0.74263867031278508  0.75320125343007316  0.76361635923988691
  0.77381000193655936  0.78427454893505066  0.79540122295995797  0.80697363561531388
  0.81813257658653693  0.82896361097195870  0.83978864593865044  0.85110176537277116
  0.86284654318589604  0.87482278150115667  0.88692181115913682  0.89927118911387061
  0.91156161681653280  0.92363638055264619  0.93597895073844539  0.94910846817209493
  0.96214092343821389  0.97529356649473442  0.98755085340602478  1.00000000000000000
 -0.00208552569634835  0.00865627006958826  0.01848438472781559  0.02880253568693213
  0.03933251357392729  0.04974909986439691  0.06003403319089462  0.07075227750301559
  0.08172445686425503  0.09272679193817727  0.10387024534362409  0.11471707912706290
  0.12545928616131408  0.13587045979775539  0.14626437764032676  0.15690842807168692
  0.16755752717096448  0.17817314484806646  0.18864490896444441  0.19933316117211472
  0.21028496471820790  0.22148299739173050  0.23222489029504062  0.24237042067242942
  0.25245584084983197  0.26274352874739126  0.27287315027853398  0.28266663739238351
  0.29248176149892025  0.30267611318978904  0.31341670396230770  0.32392499530902036
  0.33401924818116846  0.34430181991648323  0.35458279543396126  0.36558201847488381
  0.37624913522535985  0.38729508791169520  0.39844237792932496  0.40935713434986853
  0.42019457128299009  0.43099378758220602  0.44173682589525215  0.45268994711201921
  0.46371620234480393  0.47480702817991871  0.48558720783470183  0.49607465670471251
  0.50650302736816033  0.51689060278416010  0.52740934030165787  0.53801978839001763
  0.54883933648926486  0.55977898718386254  0.57081100568016330  0.58200522186873394
  0.59319853170118575  0.60406080301787457  0.61461913976777716  0.62490439781669760
  0.63516768078084473  0.64548706028762959  0.65552710378249124  0.66564122577800688
  0.67532290209801593  0.68488187007000478  0.69449319685288513  0.70428178244430772
  0.71478923766209768  0.72566175712726244  0.73688905191889131  0.74779582378066800
  0.75845799346060783  0.76887635279348554  0.77930345373910348  0.78988091852216047
  0.80077796344881402  0.81146552849265663  0.82163188823401168  0.83163880788280919
  0.84186218093575560  0.85287917037073879  0.86416178524630649  0.87514296960550475
  0.88545319117200483  0.89568119324489970  0.90654206143068761  0.91748712033333701
  0.92853950596064627  0.93906404650628139  0.94973787263598219  0.96015101072131548
  0.97045926960620377  0.98011206964694786  0.98997106922426115  1.00000000000000000
 -0.00226118498196871  0.00865262458084610  0.01916930173264744  0.03034985557693641
  0.04176277553440190  0.05234689490319343  0.06270792928588217  0.07320180661370596
  0.08409326080623544  0.09548616903234695  0.10663736936645564  0.11732882421878052
  0.12782352645263187  0.13815820882234514  0.14842341186303579  0.15888329510515053
  0.16971160335521837  0.18073033561771892  0.19134098562808796  0.20187150408172830
  0.21273110349070945  0.22389950395731800  0.23485478004830390  0.24523289275701862
  0.25546318018419706  0.26582366181753364  0.27623866925708407  0.28586858924403519
  0.29562256885257637  0.30489154539042967  0.31479046112914294  0.32497869842825466
  0.33552078204396668  0.34600221580027435  0.35638522853222487  0.36726787386537418
  0.37813068271082212  0.38884718035266841  0.39943912117390790  0.40986916363445580
  0.42013829838469102  0.43035687136210971  0.44083782889839734  0.45157781466962649
  0.46228222324549739  0.47298716119155454  0.48357899753609135  0.49399442712812575
  0.50394282013360603  0.51384958989780793  0.52372563789634397  0.53410977453736852
  0.54465025374292975  0.55566044241397439  0.56656525039903205  0.57723788674078624
  0.58744279380863895  0.59753867029288943  0.60765561723824513  0.61741030588054846
  0.62734820814155590  0.63726700738929543  0.64757111514875765  0.65814711612291965
  0.66880860858544933  0.67932992594943664  0.68991367324305064  0.70050486442304083
  0.71117181102064875  0.72165210154320580  0.73216967380055731  0.74277508071075493
  0.75336820595365173  0.76391222291878169  0.77459201256210697  0.78556167553120981
  0.79693281424286300  0.80760473988554526  0.81806596228878203  0.82835369273162229
  0.83915726311346350  0.85019118948784678  0.86125005194723392  0.87250165578116234
  0.88343449073304992  0.89455943803105709  0.90528903879957612  0.91599565039757169
  0.92629567471123642  0.93645329809479605  0.94677611435236986  0.95735220728195447
  0.96836163469110159  0.97920826715402609  0.98956947273981899  1.00000000000000000
  0.00009834465815116  0.00019597770257584  0.00030580947388179  0.00040912909615367
  0.00050829411406756  0.00058979623369055  0.00065021550001651  0.00071498579915475
  0.00078129157938668  0.00084733323300650  0.00091358448660877  0.00097860888987381
  0.00104595509325420  0.00111783900398666  0.00119067468177607  0.00126437355322450
  0.00134021566412563  0.00141694952889178  0.00149335578990628  0.00156814694228025
  0.00164169020391263  0.00171486602162543  0.00178885166133000  0.00186630082331058
  0.00194743969599692  0.00203013880106967  0.00211114706936433  0.00218914964920140
  0.00226823654891969  0.00234756642780203  0.00242915844205973  0.00251210182943583
  0.00259553451107657  0.00268050088381036  0.00276647254275573  0.00285420818263941
  0.00294554661704980  0.00303817183858093  0.00312465128139262  0.00321045950567586
  0.00329824764016313  0.00339123459239284  0.00348067169044879  0.00356659713121687
  0.00365345141868656  0.00374763712451268  0.00385040857595455  0.00395790884855475
  0.00406763025078529  0.00417831430457640  0.00428749434663885  0.00439636324626193
  0.00450940753283946  0.00462260962521454  0.00474194883803365  0.00486377394281588
  0.00496606417351874  0.00506444463728981  0.00516047924260370  0.00526240264883907
  0.00538663161449055  0.00551453287867797  0.00564177524887985  0.00578611907157000
  0.00593357371537501  0.00606382472310397  0.00618197359558528  0.00630018730372167
  0.00643747184250342  0.00661608307525252  0.00678342676352028  0.00694308781191369
  0.00705209915530322  0.00715860941527847  0.00726121205698663  0.00736270727531393
  0.00746408872648211  0.00756541337127966  0.00775728653190791  0.00799296651822663
  0.00821173576899572  0.00842341811399175  0.00867493426575376  0.00889614229731047
  0.00910867618104510  0.00932772113526028  0.00963257901305253  0.01004200261091804
  0.01041186969574480  0.01076994872951451  0.01139270995221574  0.01174541258624777
  0.01208504002589892  0.01284154482384557  0.05162507663598991  1.00000000000000000
 -0.00201091116402607  0.00795104382866369  0.01734456765736884  0.02669341725589811
  0.03627594277705297  0.04580648773194332  0.05573796117066269  0.06530681633970500
  0.07468401353666668  0.08393784260843602  0.09355641312819715  0.10338447542402279
  0.11344258829751684  0.12380457969218255  0.13448747120006940  0.14482363387681915
  0.15535234395740061  0.16601411358692017  0.17708131942158517  0.18808588258713632
  0.19905127771794856  0.21044065803940659  0.22192265995778226  0.23311563824886511
  0.24407942956731693  0.25512145571980416  0.26648466964689094  0.27773195222833086
  0.28879592489252487  0.29989557091624741  0.31101572245998355  0.32204386951943093
  0.33308637440117422  0.34429059832232539  0.35582429399451282  0.36740603859878651
  0.37905225162677736  0.39050968761305710  0.40206858206888313  0.41337965462083692
  0.42438536184084047  0.43531363245572219  0.44625390265522069  0.45731303219206670
  0.46830334601157375  0.47919693290156484  0.48991011121749306  0.50052115872811287
  0.51106001657720623  0.52176067260029402  0.53253803138762867  0.54340178771608594
  0.55435706971173992  0.56521208211092389  0.57628886263336210  0.58700666143388347
  0.59754428041117325  0.60779591173308534  0.61834555141495340  0.62948851472824729
  0.64071579192448147  0.65188274287322312  0.66304772925767963  0.67418895148232016
  0.68530736614054288  0.69622234996200283  0.70739223529864093  0.71852710656067242
  0.73000235663037161  0.74165481541074063  0.75328123639286493  0.76453321135049712
  0.77539355100682283  0.78618951574527418  0.79710658814209978  0.80765488289311183
  0.81770618195205924  0.82731569588246068  0.83705284058967244  0.84727751515514860
  0.85731593354451108  0.86715913390376442  0.87711504630669979  0.88703301259644174
  0.89686292296608405  0.90643121976527086  0.91585298558183725  0.92559192749352881
  0.93513152076594031  0.94441786580978793  0.95368169109060119  0.96289449913606751
  0.97217918186659991  0.98128417302760385  0.99056584445453000  1.00000000000000000
  0.42730408038323675  0.56980897703340494  0.58224868287990783  0.59352489260214381
  0.60494792090133198  0.61661147006334394  0.62806979917908956  0.63891124945776823
  0.64859965857879742  0.65713177441582693  0.66511010155256534  0.67291248067237708
  0.68045913110593059  0.68755636363617201  0.69420316701563467  0.70059465025436030
  0.70677069794535763  0.71264369420748663  0.71836151427343153  0.72401455626330069
  0.72953854780469540  0.73487038061123044  0.74009066819230562  0.74525987910420333
  0.75028154965522686  0.75508401625649679  0.75975090567543857  0.76434896218265025
  0.76892365370361582  0.77337897164872005  0.77775396672955499  0.78204865230480425
  0.78634783937043495  0.79055978790093018  0.79463348443076232  0.79860430471017174
  0.80246957929402374  0.80630652326130092  0.81013013840992742  0.81391180933555796
  0.81763694689593247  0.82122794393852716  0.82470637702028426  0.82802090593419286
  0.83119904069521133  0.83432556610172359  0.83736834665904269  0.84038851202103970
  0.84339931715079897  0.84637814191647598  0.84937441386447854  0.85240812156666301
  0.85540778479971957  0.85831196894647754  0.86115191214256970  0.86397149676883711
  0.86680141549150058  0.86964561443621946  0.87245236746411092  0.87530723032985325
  0.87817147338027735  0.88109959300616159  0.88403786689413033  0.88690669607975336
  0.88971937010330238  0.89250845991824912  0.89532208832600668  0.89821224260336952
  0.90117896561931732  0.90417725379261016  0.90721750325319317  0.91028036947824142
  0.91337954451092973  0.91646666447609593  0.91949318461568841  0.92252039335292946
  0.92555855188180014  0.92856053767473723  0.93158494709921336  0.93466379714485548
  0.93779954762554207  0.94096178469695002  0.94409440806139022  0.94727376017047138
  0.95053687471528325  0.95396533656371674  0.95753019188325261  0.96115160456810556
  0.96480749686770895  0.96853103687871323  0.97225892067519171  0.97613463469330730
  0.98040923855689521  0.98536456406732975  0.99164242694252580  1.00000000000000000
  0.13985637133612752  0.14222177032647276  0.14458716931681798  0.14807972548033146
  0.15570829765108751  0.16333686982184356  0.17134180255387715  0.17987972858576504
  0.18809896074941812  0.19582547025465788  0.20363870435393128  0.21010038104912931
  0.21628403340913849  0.22233588319523212  0.22869537724764541  0.23487519370107013
  0.24064204041326664  0.24611488100435130  0.25140095704210319  0.25649117440479668
  0.26156409174694700  0.26655826673785094  0.27158279267506141  0.27652864090862639
  0.28117956082642165  0.28593586970803930  0.29071554668146765  0.29566082300917285
  0.30049487970562933  0.30531404806029921  0.30998592411006615  0.31466347838047765
  0.31935339466429724  0.32411707389196776  0.32897832888529399  0.33379930280545350
  0.33854408866880620  0.34322774927319533  0.34806584235769389  0.35306843472075683
  0.35817920210902510  0.36332101145440521  0.36838212206741433  0.37343266984965756
  0.37851295357259856  0.38364575616890711  0.38877616769311074  0.39389993899994113
  0.39902612732047099  0.40413494999829636  0.40931044028196617  0.41466390325388647
  0.42019895974114052  0.42588446994390261  0.43153509513335880  0.43712360865889438
  0.44259416162073095  0.44795685962605442  0.45343166263614515  0.45900760548866959
  0.46483346586880359  0.47067270927871729  0.47667200567187484  0.48269270422775457
  0.48880748511213173  0.49495602931353783  0.50130332204371564  0.50786310810993196
  0.51445518543563462  0.52116066568325758  0.52814350037260516  0.53513295971748609
  0.54221148565540467  0.54964918734592416  0.55749037231617193  0.56572396968307914
  0.57423209082167170  0.58294189235209792  0.59181341661997489  0.60110205171949127
  0.61080281540419790  0.62091746918547508  0.63144714092912513  0.64232739652172000
  0.65374648990817408  0.66598920155838970  0.67919926475563741  0.69384617943322757
  0.70947491255407469  0.72560309646775767  0.74328690413154463  0.76467204365050923
  0.79346372676006371  0.84469942704984557  0.92227580933213305  1.00000000000000000
   8.4928468151736336E-009  -1.0000000000000000     
 F F F F F F F F F F F F F F F F F F F F F F F F F F F F F F F F F F F F F F F F F F F F F F F F F F F F F F F F F F F F F F F F F F F F F F F F F F F F F F F F F F F F F F F F F F F F F F F F F F F F F F F F F F F F F F F F F F F F F F F F F F F F F F F F F F F F F F F F F F F F F F F F F F F F F F F F F F F F F F F F F F F F F F F F F F F F F F F F F F F F F F F F F F F F F F F F F F F F F F F F F F F F F F F F F F F F F F F F F F F F F F F F F F F F F F F F F F F F F F F F F F F F F F F F F F F F F F F F
  <DiscreteSampler_grid>
  grouped_processes
  1 # 1 for a reference and 2 for a running grid.
  10 # Attribute 'min_bin_probing_points' of the grid.
  1 # Attribute 'grid_mode' of the grid. 1=='default',2=='initialization'
  0.0000000000000000 # Attribute 'small_contrib_threshold' of the grid.
  0.5000000000000000 # Attribute 'damping_power' of the grid.
 # binID   n_entries weight   weight_sqr   abs_weight
    31   10   3.153496960579338E-002   7.140776975236143E-003   3.153496960579338E-002
    32   10   3.153496960579335E-002   7.140776975236127E-003   3.153496960579335E-002
    34   10   6.306993921158677E-002   2.856310790094457E-002   6.306993921158677E-002
    35   10   6.306993921158670E-002   2.856310790094451E-002   6.306993921158670E-002
    37   10   6.520643248242217E-002   3.042594200093999E-002   6.520643248242217E-002
    38   10   6.520643248242208E-002   3.042594200093992E-002   6.520643248242208E-002
    40   10   1.304128649648443E-001   1.217037680037600E-001   1.304128649648443E-001
    41   10   1.304128649648442E-001   1.217037680037597E-001   1.304128649648442E-001
    43   10   3.847849001523283E-002   1.150867856620865E-002   3.847849001523283E-002
    44   10   3.847849001523278E-002   1.150867856620862E-002   3.847849001523278E-002
    46   10   7.695698003046565E-002   4.603471426483462E-002   7.695698003046565E-002
    47   10   7.695698003046555E-002   4.603471426483449E-002   7.695698003046555E-002
    49   10   8.060568922513019E-002   5.059737287902313E-002   8.060568922513019E-002
    50   10   8.060568922513012E-002   5.059737287902303E-002   8.060568922513012E-002
    52   10   1.612113784502604E-001   2.023894915160925E-001   1.612113784502604E-001
    53   10   1.612113784502602E-001   2.023894915160921E-001   1.612113784502602E-001
    58   10   3.153496960579339E-002   7.140776975236148E-003   3.153496960579339E-002
    59   10   3.153496960579334E-002   7.140776975236122E-003   3.153496960579334E-002
    61   10   6.306993921158678E-002   2.856310790094459E-002   6.306993921158678E-002
    62   10   6.306993921158668E-002   2.856310790094449E-002   6.306993921158668E-002
    64   10   6.520643248242217E-002   3.042594200094000E-002   6.520643248242217E-002
    65   10   6.520643248242206E-002   3.042594200093991E-002   6.520643248242206E-002
    67   10   1.304128649648443E-001   1.217037680037600E-001   1.304128649648443E-001
    68   10   1.304128649648441E-001   1.217037680037596E-001   1.304128649648441E-001
    70   10   3.847849001523283E-002   1.150867856620865E-002   3.847849001523283E-002
    71   10   3.847849001523278E-002   1.150867856620862E-002   3.847849001523278E-002
    73   10   7.695698003046565E-002   4.603471426483462E-002   7.695698003046565E-002
    74   10   7.695698003046555E-002   4.603471426483448E-002   7.695698003046555E-002
    76   10   8.060568922513019E-002   5.059737287902313E-002   8.060568922513019E-002
    77   10   8.060568922513013E-002   5.059737287902305E-002   8.060568922513013E-002
    79   10   1.612113784502604E-001   2.023894915160925E-001   1.612113784502604E-001
    80   10   1.612113784502603E-001   2.023894915160922E-001   1.612113784502603E-001
  </DiscreteSampler_grid>
