  0.00000215287345557  0.00000222572792542  0.00000228495466323  0.00000233700436617
  0.00000239398715845  0.00000246263476682  0.00000253575753152  0.00000260615731904
  0.00000267781097189  0.00000273917297388  0.00000279914895782  0.00000286289947400
  0.00000292591418512  0.00000299055473537  0.00000306071762656  0.00000313161590340
  0.00000321184191982  0.00000330708724350  0.00000341272925737  0.00000352277175867
  0.00000362642993288  0.00000372634330690  0.00000382717682029  0.00000396072523556
  0.00000410573790518  0.00000425942803479  0.00000442398935762  0.00000459661125186
  0.00000477363762753  0.00000493552632328  0.00000509553474819  0.00000525696613853
  0.00000542226165553  0.00000559938138791  0.00000578546565945  0.00000598953458767
  0.00000620944936302  0.00000643353309262  0.00000665154251308  0.00000686983198958
  0.00000709157575920  0.00000733983808310  0.00000760364291705  0.00000786236266072
  0.00000814425480633  0.00000844134899213  0.00000875091507737  0.00000907746669620
  0.00000941054528119  0.00000981585718773  0.00001023218229106  0.00001063485693041
  0.00001109309879398  0.00001157540095795  0.00001209055726226  0.00001264568750634
  0.00001323624781323  0.00001385867557804  0.00001450163198223  0.00001535010415695
  0.00001631248215774  0.00001735529402565  0.00001841711380239  0.00001946396432685
  0.00002058301623606  0.00002181305566501  0.00002318807115269  0.00002474193642613
  0.00002638323317341  0.00002834253636031  0.00003053518554928  0.00003284940677246
  0.00003540180797066  0.00003804655801720  0.00004109383224483  0.00004485717363032
  0.00004923908291367  0.00005444244967423  0.00005991475633825  0.00006555705463735
  0.00007196618259433  0.00008078654849464  0.00009280504445379  0.00010798820843791
  0.00012543602623585  0.00014689484429354  0.00017021183000219  0.00019437541901233
  0.00022483628068472  0.00027871695730777  0.00040039317908989  0.00057445744612452
  0.00095918546044991  0.00216664315985124  0.10213038374581154  1.00000000000000000
  0.00001806181315752  0.00001869742240985  0.00001930203926868  0.00001994271510212
  0.00002067142288882  0.00002156908852676  0.00002257613294925  0.00002362190119679
  0.00002476912451853  0.00002593916553667  0.00002713951581957  0.00002843178268669
  0.00002986435407922  0.00003136769036472  0.00003287622145593  0.00003439346005853
  0.00003598870904625  0.00003770307312965  0.00003973705533174  0.00004176164878035
  0.00004389634680645  0.00004610822787610  0.00004830324624312  0.00005058484558054
  0.00005346074385853  0.00005647315064936  0.00005992904570228  0.00006366079702936
  0.00006745649095587  0.00007156204529938  0.00007591909182673  0.00008077957252880
  0.00008604048407829  0.00009156454685117  0.00009773054881023  0.00010429152585046
  0.00011182738289153  0.00011994290059062  0.00012836058314395  0.00013819013734268
  0.00014862585376986  0.00016046997885897  0.00017313297904778  0.00018658505746113
  0.00020126756965142  0.00021723030569465  0.00023396736867296  0.00025197913230890
  0.00027231881992953  0.00029646853454264  0.00032300458935666  0.00035032666256088
  0.00037867815636120  0.00040787770269291  0.00044317187030987  0.00047834093036716
  0.00051956839423646  0.00056390030026084  0.00061551933793528  0.00066399033714994
  0.00070910010908048  0.00075345520368751  0.00079844437723984  0.00084619836602835
  0.00090383400386170  0.00097506106577497  0.00104235155226116  0.00112293849826009
  0.00120427068050742  0.00130078879030498  0.00141310040914844  0.00154968837865113
  0.00170859139007485  0.00184627214533240  0.00197253613883016  0.00210507353479660
  0.00226562802888970  0.00247145066239777  0.00267430061915197  0.00288632013173525
  0.00310445219672476  0.00336417650577453  0.00365252720151265  0.00397498020116533
  0.00434697133531555  0.00479801527184949  0.00547649332695853  0.00637515514625207
  0.00737013044034694  0.00851410450132126  0.00995975378280918  0.01197353757189641
  0.01537838770455285  0.01887302296916815  0.05281253983883338  1.00000000000000000
  0.00030929237047035  0.03227806392116218  0.04958540656379188  0.06168433432825354
  0.07293683180333710  0.08474401952003070  0.09733615845571889  0.10892799595987879
  0.12076210897576281  0.13202831469673793  0.14297557962521357  0.15360007212218355
  0.16487086124465425  0.17696317745206719  0.18982136265952287  0.20234799168357184
  0.21460573894570609  0.22643512365786017  0.23771319337643906  0.24817138707262115
  0.25804548075951300  0.26801648802130495  0.27873354938338252  0.29023504526822369
  0.30074970881879698  0.31038497607015009  0.31993525828540742  0.32981609654256094
  0.34032276913477316  0.35122534013543727  0.36149115639457080  0.37081628250997301
  0.38044657374515428  0.39018074130146946  0.40060255767627378  0.41071425553208879
  0.42052863499335519  0.42978374265945457  0.43881641663546550  0.44814390181989500
  0.45905414401802658  0.47089668238212345  0.48010950820801013  0.48896235374140562
  0.49793982650318575  0.50716555784339090  0.51756322349228234  0.52769607954110720
  0.53869534874947356  0.54923686593977561  0.55957576537295617  0.56964054741621650
  0.57947935603039880  0.58802082593645189  0.59640866035312079  0.60496963413602034
  0.61393836482637898  0.62196546659955432  0.63003941963574606  0.63832344883080572
  0.64712337934746067  0.65662938183792852  0.66769929973803022  0.67841936588119756
  0.68956518512851595  0.70101502618757938  0.71246107851164142  0.72308780513891469
  0.73366982644792023  0.74423542022889877  0.75553164086998481  0.76548559960770279
  0.77504402374749959  0.78482295618657039  0.79429029948220853  0.80473187351024156
  0.81388170768718149  0.82232998395705670  0.83136206740918306  0.84038160223418312
  0.84977891278473316  0.85980921022509305  0.87058573313364196  0.88227634029265933
  0.89387472263724299  0.90504356538341757  0.91584691720670641  0.92618854409305684
  0.93610741552346666  0.94497930181460366  0.95311718973359405  0.96127138244460120
  0.97025809195321755  0.97949561659460016  0.98946713476201520  1.00000000000000000
  0.00000451733503160  0.00000758686918785  0.00000939757556365  0.00001099170461683
  0.00001251640904055  0.00001404200847192  0.00001561243453643  0.00001717087260085
  0.00001878520220938  0.00002053920861144  0.00002251290590805  0.00002489016458986
  0.00002782767173281  0.00003135284169640  0.00003546092443892  0.00003988042037790
  0.00004506600568637  0.00005122729048457  0.00005768809706916  0.00006429413008459
  0.00007121180417769  0.00007879561466748  0.00008699667516377  0.00009447565951138
  0.00010164825063373  0.00010922544311641  0.00011706538337798  0.00012515100916988
  0.00013378010927196  0.00014327277651928  0.00015324088674322  0.00016370841597601
  0.00017482968949358  0.00018645685744037  0.00019805375452613  0.00020956914654045
  0.00022147692071972  0.00023413417161305  0.00024807103026342  0.00026347687135681
  0.00027949692283745  0.00029616009326963  0.00031270625973198  0.00032889047842372
  0.00034618228915881  0.00036430546235035  0.00038262294203318  0.00040187397971090
  0.00042128759200949  0.00044051176537681  0.00045952906268138  0.00047867587587333
  0.00049864970419728  0.00051781115806970  0.00053354417343587  0.00054809588459830
  0.00056404606670469  0.00058089916381354  0.00059961400856720  0.00062255553922427
  0.00065358877876109  0.00069322238472083  0.00073483891775686  0.00077417118452122
  0.00081555458283491  0.00085481276643767  0.00089106172987476  0.00092802899645380
  0.00096889874887200  0.00101371326148307  0.00106382378404986  0.00112696932047546
  0.00119449812533896  0.00127726362442394  0.00136682637076610  0.00146744078014983
  0.00156409942369754  0.00165964055452888  0.00175138473255086  0.00185209447141989
  0.00196208786383389  0.00206305135544272  0.00218648746947699  0.00233992066689083
  0.00251602207194823  0.00280216949293424  0.00312667305962341  0.00356961962429517
  0.00424373059364334  0.00485593999752532  0.00554223129515679  0.00636799229177640
  0.00740530315570401  0.00972724515544690  0.04087983412057197  1.00000000000000000
 -0.00170456495843058  0.00700836876584221  0.01453209225411988  0.02195439639351107
  0.02891527771655002  0.03595476921764611  0.04302914184022040  0.05008146954097617
  0.05637944744977483  0.06269847081330548  0.06942511051153606  0.07716930722279410
  0.08676311240380880  0.09597055270741034  0.10497855976987401  0.11337432638953342
  0.12163865692288786  0.13018763534522787  0.13967086057143835  0.15016946002259338
  0.15933711558572719  0.16834201516801808  0.17685083078345412  0.18588516546073111
  0.19667599715237905  0.20851120721776190  0.22077169439122554  0.23352810814692188
  0.24660011100331261  0.25877102814506048  0.26983330188054666  0.27969119794125930
  0.28913743804540559  0.29871246391949802  0.30871791086117190  0.31893396834368842
  0.32981355398325224  0.34149406784108188  0.35439459555090730  0.36809641553342837
  0.38101842225393567  0.39360855660436200  0.40535552009440540  0.41738093851979213
  0.42851172709681939  0.43993487130243303  0.45180095930265424  0.46450894206077292
  0.47762981278122824  0.49034757779821786  0.50285216129368770  0.51412423846720279
  0.52554471839308270  0.53753438279476529  0.54989989125027983  0.56215515727093979
  0.57427468218427180  0.58693708391475541  0.60011171505589500  0.61472002522683189
  0.62930078493205677  0.64197806487193643  0.65341110140384540  0.66424485545841128
  0.67371183184663741  0.68228573430008344  0.69174234621369235  0.70124336395673914
  0.71135697308248147  0.72210701403721467  0.73297787643314094  0.74472627060726604
  0.75677206015177034  0.76965590980755971  0.78258146806849316  0.79503490047936098
  0.80718704904175931  0.81970164967753290  0.83234229630417333  0.84469991655335686
  0.85724122008950787  0.86927219477406237  0.88306032460264727  0.89626319132673549
  0.90859222362987024  0.91927183299867965  0.92899811017124556  0.93896990421419368
  0.94595017893648103  0.95269667223463372  0.95953591467680466  0.96592704298706500
  0.97416934464423477  0.98230176433985461  0.99096271444722239  1.00000000000000000
 -0.00276926708315840  0.01024149381088691  0.02089182582638700  0.03186549155918439
  0.04312855299388289  0.05572426880040710  0.06897309233456449  0.08183867991447122
  0.09395775197349379  0.10504138565790323  0.11538300857431412  0.12511151607380250
  0.13459568812247422  0.14396827654009089  0.15220847103909843  0.16030124103114596
  0.16914888295417774  0.17963386750646712  0.18992063617031898  0.19902251448597769
  0.20765651822743433  0.21675770901120234  0.22647680050580221  0.23659046403276790
  0.24653266597598972  0.25651531082053003  0.26710546908842031  0.27824017103407306
  0.28960249277189187  0.30069054067851902  0.31208031383830726  0.32368565111761205
  0.33501123215269851  0.34593043684022751  0.35683387941125838  0.36811855703951701
  0.37855714323788003  0.38886957609033840  0.39914774716934481  0.41109915152411408
  0.42303602369954835  0.43430017644709823  0.44452236942910994  0.45433179015043551
  0.46373404762824461  0.47362275379590546  0.48351654517069598  0.49373216442350226
  0.50426064391108316  0.51389323713240065  0.52332285562793135  0.53212369996813125
  0.54164824383797117  0.55209163181471765  0.56200306095150843  0.57052085295460397
  0.57882563655284680  0.58867052515150442  0.60181781058860839  0.61335081964140492
  0.62378157840533233  0.63374118118594758  0.64429277284778885  0.65503534535753216
  0.66614534399436409  0.67830189967161225  0.68975227881603762  0.70060000027756864
  0.71103249298981297  0.72201038640797632  0.73249649604844813  0.74348373318115246
  0.75426237574515453  0.76480465625483129  0.77519259529356732  0.78499093728872427
  0.79509398417592536  0.80551555373825068  0.81665894029140518  0.82810574659319136
  0.83937686292730074  0.85083116129120628  0.86182868597930429  0.87270397688077117
  0.88284565017051453  0.89359091073229968  0.90478152247531241  0.91683051514458347
  0.92836766913216950  0.93930999711829577  0.94895997651342923  0.95847811501104796
  0.96829599519353871  0.97897099265060783  0.98952198762581789  1.00000000000000000
 -0.00201452993393921  0.00798847973334767  0.01737240467818741  0.02624016810021077
  0.03512336803275764  0.04427539638716444  0.05414681978501375  0.06492408416432206
  0.07699691529533916  0.08915576670725185  0.10010260511676573  0.11022611604015209
  0.12014314251178806  0.13128099945867089  0.14377894510054395  0.15492652601392629
  0.16617988465862055  0.17693871359164032  0.18696410983038186  0.19639139938049874
  0.20537650624982731  0.21595254701615657  0.22761443477426260  0.23932585576070703
  0.25096540572599879  0.26268227016693108  0.27475074560631807  0.28712637661832779
  0.30030841629236010  0.31344579605145784  0.32565344920335748  0.33761279259039484
  0.34970400666260570  0.36197051000195618  0.37421104054241605  0.38612594806506606
  0.39802484489982026  0.41012724122889699  0.42250419161037961  0.43549819109297372
  0.44812830084122873  0.46052371837617545  0.47287331353497797  0.48488518053891805
  0.49683682865315415  0.50845470600365250  0.52056149421071807  0.53308760935110988
  0.54458448888918276  0.55574821643382855  0.56712666513332211  0.57888191157379931
  0.58970021365080472  0.59984785251738992  0.61036381557709429  0.62144377239916360
  0.63177724258557122  0.64172337253815281  0.65199641006281361  0.66237328971280307
  0.67234943948471970  0.68200451441408039  0.69187087847271955  0.70239089510929142
  0.71266008738867781  0.72221363751967449  0.73167155680678886  0.73977669537065505
  0.74736760495252763  0.75556471229530375  0.76437625568641354  0.77314277697521061
  0.78207249257675282  0.79173067664513108  0.80309394265114631  0.81369997588704879
  0.82335819876863592  0.83206954009010659  0.84053888260613319  0.84953129050012532
  0.85886852349813891  0.86977927047072023  0.88040209013932424  0.89113347521796837
  0.90070776916008255  0.90997330352510086  0.91960674298903555  0.92911052252814164
  0.93842954632525089  0.94720995837487254  0.95587777391898687  0.96435466910543755
  0.97268844058444748  0.98171220084297095  0.99087536767901818  1.00000000000000000
 -0.00200059563454122  0.00879522077830755  0.01934903998989601  0.03065826801221905
  0.04386506099919715  0.05730813224281944  0.07015154630340607  0.08243545272266978
  0.09348648535689198  0.10473216828937822  0.11555762317728714  0.12595586216216734
  0.13467870371240970  0.14319227668617149  0.15125185387265333  0.16060006094803023
  0.17038053274360102  0.17997919717182190  0.18955229518958835  0.19934545244763807
  0.20880304244993722  0.21683489051850297  0.22562091927652411  0.23576314148658345
  0.24554090437796874  0.25410163694826965  0.26146992771258898  0.26856264104620831
  0.27751181156643440  0.28846625424788214  0.29886804481200629  0.30829512333700854
  0.31718395871888461  0.32618957329048442  0.33534947896866568  0.34590215229648319
  0.35562910936797298  0.36674464240898169  0.37806602883036589  0.38995097397225131
  0.40199899461830707  0.41349851038615276  0.42557505440472093  0.43824673651781970
  0.45150600916247396  0.46326876501470227  0.47418232129862370  0.48535844179820403
  0.49706930399828536  0.50847308716286621  0.51928972371880711  0.52927479703960323
  0.53882428905649993  0.54842101124247344  0.55799579436804969  0.56775313017807749
  0.57658135079651629  0.58500243275764197  0.59321765485451206  0.60224156505573545
  0.61281100325315219  0.62421420045823905  0.63523646942066292  0.64587548675759143
  0.65628725251344322  0.66649856143752484  0.67667529517904024  0.68657447382797487
  0.69678320454211928  0.70763474087870148  0.71946091766436127  0.73093670262036026
  0.74238447298445065  0.75408038848265890  0.76543205885645726  0.77610276266081923
  0.78631836980260006  0.79759699397843498  0.80966059183201089  0.82104446112432505
  0.83235052255039232  0.84420955215922711  0.85650073242717140  0.86870718640579381
  0.88119911751542879  0.89411837196396082  0.90503922944632031  0.91502599108491900
  0.92435117532245537  0.93472639469654317  0.94541362536504225  0.95589961151883540
  0.96624951058928576  0.97706358860223608  0.98828236796824664  1.00000000000000000
 -0.00136526119114780  0.00574744083770284  0.01237008593356583  0.01893033393937409
  0.02604138575512201  0.03392846530368090  0.04193346089893313  0.05024768136651549
  0.05897001358975496  0.06715606735347161  0.07514356016274841  0.08287488506943673
  0.09018528378339646  0.09806639079013665  0.10594858376543499  0.11368834444972351
  0.12120837337185347  0.12898233718678645  0.13612489689990553  0.14349526768408805
  0.15133181041508922  0.15977403226036171  0.16827212562184121  0.17620924301725871
  0.18381587937430774  0.19160346111194615  0.20009527106396516  0.20776112974717012
  0.21454888974066133  0.22120852646909980  0.22776206265470464  0.23447910308799538
  0.24173542400508144  0.25025853569945367  0.25915980128230354  0.26757393691943754
  0.27594388216343169  0.28440367120906535  0.29336316807259910  0.30271179964514910
  0.31196963701448477  0.32040086366995552  0.32891832809501792  0.33630021556788769
  0.34424821478083995  0.35288423000742791  0.36260177196527588  0.37154881531383360
  0.37968781593778245  0.38719316158310435  0.39541680106945853  0.40479291821435265
  0.41510837146343849  0.42578698558425221  0.43654061482788803  0.44787213080308530
  0.45907674045071528  0.47000658089880237  0.48071790238932272  0.49222251403432787
  0.50317956350916404  0.51279820994341829  0.52183558099531135  0.53131411497109038
  0.54118821283154528  0.55128509451368857  0.56186526958600258  0.57447861215341800
  0.58783839145987449  0.60038899075486674  0.61192711230424879  0.62331469795729633
  0.63484380537623530  0.64627873471760477  0.65766153306367459  0.67004138902024790
  0.68173322320360830  0.69264752148495090  0.70354951086326056  0.71474463845017144
  0.72841905607428681  0.74169156371574507  0.75416037637518096  0.76544659687727645
  0.77720150908200469  0.79155624057267049  0.80859162099906057  0.82729763765507647
  0.84677032726557511  0.86655236839665961  0.88464305533517762  0.90298948195345619
  0.92364672679130244  0.95041825192516549  0.97646720473710547  1.00000000000000000
 -0.00204875978285445  0.01086255300988949  0.02110763165483071  0.03230440032887250
  0.04307043635904628  0.05417775118444293  0.06548094057473397  0.07925880259735674
  0.09223589070738979  0.10336646616100117  0.11366933590920263  0.12399083455114329
  0.13465868716741447  0.14572506259347809  0.15681060940699307  0.16767385863986756
  0.17800054181718181  0.18924242059412560  0.20216616354290121  0.21349566780708559
  0.22289400090336023  0.23219734285648935  0.24181012364247731  0.25221007481522117
  0.26306523215857242  0.27404209910473049  0.28570370426059377  0.29710366875666916
  0.30815197045584386  0.31822919789197329  0.32767139884256108  0.33724345868588373
  0.34731089919924268  0.35866402614648651  0.37026559425952282  0.38168796571102637
  0.39289999816524757  0.40426597243306489  0.41647560902346564  0.42944354901036719
  0.44059716295506485  0.44901675585106815  0.45720067943542253  0.46541837849736356
  0.47456319508606348  0.48382216414433515  0.49332152809984381  0.50276415535836916
  0.51394324267733293  0.52465377299925087  0.53444866717082518  0.54374006790942875
  0.55234461579392047  0.56100605690339622  0.57031247496218029  0.58020214531320469
  0.59029781575808937  0.60051715449914722  0.61162705545149676  0.62398094929487535
  0.63648478762087723  0.64873595815484320  0.66027808477306771  0.67182663713866209
  0.68228836410260985  0.69305272910120486  0.70411664118668138  0.71435241881855138
  0.72431125615938552  0.73321801537676401  0.74283566022325009  0.75224520441630249
  0.76262882283509958  0.77475510148804061  0.78632326388685836  0.79737480582861175
  0.80788728653143982  0.81758235218754005  0.82811054941092588  0.83805658176863584
  0.84752384737564412  0.85767039164424030  0.86696039489656973  0.87584584154431555
  0.88470055214299159  0.89361050071610082  0.90388681351710443  0.91414436116486297
  0.92388488425489679  0.93346379664443946  0.94380621099683992  0.95486105832137169
  0.96537702967903627  0.97591197741427549  0.98647680303694429  1.00000000000000000
 -0.00247178440618752  0.01076096679412879  0.01903296552559280  0.02745797794034640
  0.03533967235134133  0.04383317694593148  0.05396613875353703  0.06421858852660504
  0.07374304457716920  0.08265588078468362  0.09155847320334405  0.10051196625713998
  0.10907266318913299  0.11689323866826298  0.12490912834293393  0.13349598388141407
  0.14296291957335747  0.15306654464731967  0.16425369872255954  0.17568800916559463
  0.18671289915991979  0.19694700166841544  0.20714297906767196  0.21772183246730695
  0.22925128904889291  0.24178577868370424  0.25338970911284592  0.26354818648623118
  0.27310614918879428  0.28291887571865554  0.29331415066079886  0.30411735060185346
  0.31478000671008666  0.32643198747336322  0.33896841346118428  0.35158100176727669
  0.36408186172958545  0.37611259315504586  0.38760086882171901  0.39866527435579480
  0.40895357043362096  0.41915862048229663  0.42936413885817731  0.43997237316608673
  0.45072583696765717  0.46109610661016631  0.47166853848964779  0.48205900520256867
  0.49324790356108295  0.50371687116165087  0.51408784390314866  0.52433926518264073
  0.53565376207177373  0.54784735490178360  0.56065530371218142  0.57393119784154922
  0.58651831437361757  0.59843538782282713  0.60937065569840676  0.61998332315646232
  0.63129601499254850  0.64306253736375651  0.65467240348073397  0.66564290135383541
  0.67679406827165722  0.68842347314681696  0.70054631100186548  0.71175515306566861
  0.72255573604615408  0.73279577968019327  0.74269565208182553  0.75198326705543317
  0.76106448733716425  0.77000540718303256  0.77754765457307229  0.78526842128010477
  0.79337755658179365  0.80319418814244603  0.81376565739713402  0.82472718907119591
  0.83602155014189949  0.84729067238596878  0.85923069925120377  0.87099374904558635
  0.88242998053606192  0.89321743155037037  0.90307539745623577  0.91222135562288609
  0.92150217606180085  0.93143661878926387  0.94252350898358450  0.95339982482253471
  0.96494448498360563  0.97637185097021828  0.98819780420005143  1.00000000000000000
  0.34146901045272787  0.49503064598789570  0.51372050691916205  0.53395922549546004
  0.55301815004575372  0.56992885763945322  0.58424663559880796  0.59567222022879185
  0.60484021047927705  0.61455989299817460  0.62623656916790960  0.63735493421338973
  0.64650626189062765  0.65344772260720607  0.65966662377498175  0.66638339983739114
  0.67171948746555399  0.67694915877080453  0.68257022412712176  0.68902785185452464
  0.69589122997148967  0.70201036740932998  0.70742286286197575  0.71267242096779970
  0.71788568844429756  0.72302490611434334  0.72791430316415906  0.73255721388768613
  0.73751503101737415  0.74281980172006401  0.74820363653844135  0.75340340757949442
  0.75830797585851906  0.76294048753876809  0.76740326891162047  0.77178209942777687
  0.77624520066272695  0.78055470139456673  0.78469640103539395  0.78867689142248187
  0.79268469948240572  0.79688694628995860  0.80145133717849115  0.80633142695220261
  0.81042833659666547  0.81412886323941958  0.81761074317420890  0.82128406552322575
  0.82552720172048233  0.82959695312961812  0.83365115590895733  0.83729227750626412
  0.84105823568558935  0.84465132384094521  0.84837724590944208  0.85222855951980880
  0.85628347773373259  0.86023292516745686  0.86401492926001588  0.86762888580244302
  0.87113173510932440  0.87437347070819249  0.87768532127428567  0.88103957348787321
  0.88461326283094688  0.88837905339256207  0.89197814092565586  0.89572886403269292
  0.89960659900778117  0.90341888246129165  0.90694988844324453  0.91024301726782386
  0.91345994339446379  0.91643904741960813  0.91965671694575146  0.92306762848771062
  0.92636190425874110  0.92985924270418296  0.93312481121036528  0.93635667153009416
  0.93966742441921025  0.94315983862193120  0.94677422247957410  0.95029505045511575
  0.95384854946254316  0.95726202986670395  0.96084862837140006  0.96450074198234170
  0.96814908155991597  0.97183648517018451  0.97567821967841017  0.97979414346571880
  0.98411142905795446  0.98861781234775958  0.99399094733888815  1.00000000000000000
  0.04489787364056420  0.16896180032601585  0.19765148348067860  0.21836095535383113
  0.23543052913266627  0.25171088572574846  0.26789217369693857  0.28449912161196322
  0.30012367988331651  0.31402690381843607  0.32664539517103813  0.33801601591221947
  0.34850096757264543  0.35840337264989441  0.36851350139325562  0.37905313452626771
  0.38991683189831233  0.40007651272853623  0.40924988183903244  0.41833039794423793
  0.42706008131749768  0.43553201862348823  0.44270428467018519  0.44929617320809839
  0.45549166052226298  0.46192970621087909  0.46835152685187476  0.47545575436250498
  0.48230351614834016  0.48914105878937347  0.49618393596723165  0.50263470072795746
  0.50923284276756331  0.51490332922872517  0.52118880010326829  0.52713397662809769
  0.53369272336831852  0.54059612871401586  0.54748036941016309  0.55397549154886105
  0.56042005159904684  0.56595641682222608  0.57071342114363022  0.57516734565309857
  0.57955159747192497  0.58436539777795538  0.58987274987025218  0.59586355172538086
  0.60197587917600148  0.60757288724419689  0.61293157101326812  0.61857620485018050
  0.62414593870168711  0.62966688727247211  0.63496413647774641  0.63987138942863464
  0.64445643090630900  0.64873768241402952  0.65295177505921431  0.65749819982408020
  0.66220955974993256  0.66681553315878472  0.67137295354125903  0.67600211840910318
  0.68076564746559132  0.68580109873362838  0.69108811575510176  0.69632124143070373
  0.70199825154378614  0.70724098044568340  0.71288030292013571  0.71865747649454970
  0.72421361159950348  0.72966743028305070  0.73502401080412749  0.74034860746067521
  0.74591168146803011  0.75167687529751015  0.75729681469220544  0.76272429923553764
  0.76794886092411407  0.77328510273552409  0.77941716574350961  0.78624964362057082
  0.79274184720154384  0.79870680716825870  0.80474390567394383  0.80976685612517096
  0.81718229672842524  0.82656737790592427  0.83677515856722029  0.84789725818906214
  0.85803080768982953  0.87717921638713015  0.97805685299771650  1.00000000000000000
   2.4881044772116367E-006  -1.0000000000000000     
 F F F F F F F F F F F F F F F F F F F F F F F F F F F F F F F F F F F F F F F F F F F F F F F F F F F F F F F F F F F F F F F F F F F F F F F F F F F F F F F F F F F F F F F F F F F F F F F F F F F F F F F F F F F F F F F F F F F F F F F F F F F F F F F F F F F F F F F F F F F F F F F F F F F F F F F F F F F F F F F F F F F F F F F F F F F F F F F F F F F F F F F F F F F F F F F F F F F F F F F F F F F F F F F F F F F F F F F F F F F F F F F F F F F F F F F F F F F F F F F F F F F F F F F F F F F F F F F F
  <DiscreteSampler_grid>
  grouped_processes
  1 # 1 for a reference and 2 for a running grid.
  10 # Attribute 'min_bin_probing_points' of the grid.
  1 # Attribute 'grid_mode' of the grid. 1=='default',2=='initialization'
  0.0000000000000000 # Attribute 'small_contrib_threshold' of the grid.
  0.5000000000000000 # Attribute 'damping_power' of the grid.
 # binID   n_entries weight   weight_sqr   abs_weight
    76   10   2.333762234469239E+000   2.663420089788944E+001   2.333762234469239E+000
    77   10   2.333762234469237E+000   2.663420089788938E+001   2.333762234469237E+000
    79   10   2.434795233166371E+000   2.689437033326688E+001   2.434795233166371E+000
    80   10   2.434795233166367E+000   2.689437033326682E+001   2.434795233166367E+000
    82   10   2.824754177801017E+000   3.838932304767012E+001   2.824754177801017E+000
    83   10   2.824754177801013E+000   3.838932304767000E+001   2.824754177801013E+000
    127   10   2.484857098049006E+000   3.133657231895458E+001   2.484857098049006E+000
    128   10   2.484857098049003E+000   3.133657231895453E+001   2.484857098049003E+000
    130   10   3.283360661735331E+000   4.618467222918180E+001   3.283360661735331E+000
    131   10   3.283360661735325E+000   4.618467222918166E+001   3.283360661735325E+000
    133   10   2.433396095925356E+000   3.756931546541637E+001   2.433396095925356E+000
    134   10   2.433396095925353E+000   3.756931546541627E+001   2.433396095925353E+000
  </DiscreteSampler_grid>
