  0.00241935416962893  0.01481415731106236  0.02782476283025173  0.03968466391844531
  0.05138302916792448  0.06293499449047424  0.07404000190631539  0.08515939897330255
  0.09663149748822879  0.10801047818596743  0.11894971068616707  0.12970837430919210
  0.14067479692677901  0.15180092062959905  0.16259413410988069  0.17281026994609883
  0.18269390958910800  0.19281737237839341  0.20335013031251412  0.21425129585256567
  0.22503541352409204  0.23580356087126936  0.24647788614101984  0.25708408651167319
  0.26778464351482612  0.27823760514321172  0.28865167169143879  0.29921118591900558
  0.30984987525891033  0.32079067435988501  0.33143832526026190  0.34169848463727248
  0.35200661827605062  0.36247682305349804  0.37341905063469893  0.38393533591593920
  0.39376990382539506  0.40363864502201069  0.41363137741254835  0.42394499498975519
  0.43463152007364109  0.44554572718712732  0.45673430255678732  0.46759532129932629
  0.47793443352862869  0.48834764125493341  0.49901278685054329  0.51007664624033033
  0.52122054822942609  0.53226927052737538  0.54322773662699142  0.55384404827782696
  0.56417011095950753  0.57424737571245643  0.58425476146740796  0.59451368007715411
  0.60492906888684517  0.61525466977290311  0.62546949321419709  0.63570045882905357
  0.64590014646169525  0.65597814008620592  0.66587566237695517  0.67573905668727929
  0.68572079570397892  0.69597969981351926  0.70627888600929922  0.71647277432472611
  0.72680880141854176  0.73750488557610772  0.74840443694443148  0.75903523835025510
  0.76943113681773301  0.77991656331013648  0.79060753690353447  0.80076580662539165
  0.81091906093010735  0.82067911596443743  0.83065621964305858  0.84024848521952966
  0.84977445428235221  0.85927143405991735  0.86900369072967953  0.87890270524883307
  0.88869411852435587  0.89858172356527233  0.90814905307877825  0.91791204991841091
  0.92769425018743246  0.93753499745197888  0.94729694234089734  0.95686140865642244
  0.96638478853438514  0.97562839506352117  0.98437619209250404  1.00000000000000000
  0.00292361568557335  0.01368010196217403  0.02551462093634619  0.03666370680077687
  0.04712140080656423  0.05770490892413414  0.06830397562333794  0.07865578173919020
  0.08874426882178832  0.09882069283796600  0.10921808498982211  0.11995976109778501
  0.13103164238947537  0.14197341522135784  0.15238092356928837  0.16250971041465612
  0.17276394293081263  0.18336776331345683  0.19435483580624480  0.20561202045177274
  0.21683398122935216  0.22779389343067200  0.23850981705657437  0.24908364300679156
  0.25949336206054330  0.26990109874018242  0.28052338336185950  0.29113203341493576
  0.30145897995328552  0.31163442657917828  0.32187646899162098  0.33235312067889572
  0.34298822654659034  0.35359230156146265  0.36410978556889334  0.37473726098972993
  0.38539051269682334  0.39625012185394709  0.40703833362552538  0.41775483893264587
  0.42837558604739800  0.43899549891796380  0.44989778577244111  0.46114821240070974
  0.47249689289799202  0.48354246759514180  0.49417976086514870  0.50467950312981147
  0.51522012067214606  0.52585742833891791  0.53652077848211810  0.54716367238317687
  0.55777718076145488  0.56822658364667744  0.57852930715378204  0.58876228313040357
  0.59909011246950850  0.60960392724977130  0.61986283270480080  0.62991918480418019
  0.64017648441630359  0.65116991243337219  0.66270426912630553  0.67390728036623027
  0.68451123341205755  0.69484157662388779  0.70507507575362272  0.71512793392240959
  0.72492974453589543  0.73483357152719952  0.74502170391074551  0.75535533258520415
  0.76563296370518830  0.77615313870744551  0.78656052611369143  0.79664018636029921
  0.80675359700679516  0.81718959093904853  0.82795041381060897  0.83834751504818628
  0.84854110379382952  0.85880029427324267  0.86927444806893694  0.87979905345004727
  0.89049179277955348  0.90121961219277380  0.91202405718982726  0.92228442686622802
  0.93210180810264187  0.94199875358646146  0.95172088908585273  0.96162016941322459
  0.97144358510997342  0.98112449270219870  0.99077410445734670  1.00000000000000000
  0.00000303553176870  0.00000310827285005  0.00000316705549406  0.00000323425419326
  0.00000330918779017  0.00000339767524401  0.00000350312167349  0.00000361777548440
  0.00000374579330852  0.00000388606185269  0.00000402560266461  0.00000415946399848
  0.00000430009651111  0.00000445440597460  0.00000463146825114  0.00000480897909634
  0.00000500219327678  0.00000521977984812  0.00000546386764285  0.00000572336069567
  0.00000602232795246  0.00000634713770899  0.00000667503914380  0.00000702601189864
  0.00000740005442839  0.00000780579597984  0.00000829307948643  0.00000881945824285
  0.00000937262844901  0.00000995608677339  0.00001057885946018  0.00001126929929788
  0.00001204845868506  0.00001290055061384  0.00001381595877054  0.00001477031892744
  0.00001579747914028  0.00001688818786834  0.00001809191975973  0.00001940454266646
  0.00002085624874072  0.00002246423005420  0.00002419232645246  0.00002604524483439
  0.00002804968298890  0.00003022557599220  0.00003260808196231  0.00003522500725498
  0.00003807335055532  0.00004124240811856  0.00004467107362985  0.00004849822220603
  0.00005269406323489  0.00005728766363112  0.00006214059754353  0.00006736303716771
  0.00007317438045273  0.00007960584792590  0.00008675915635526  0.00009457836185386
  0.00010303016679382  0.00011191973190203  0.00012171516067330  0.00013256047902965
  0.00014483314632329  0.00015875429556092  0.00017464276012210  0.00019308396186857
  0.00021387539862940  0.00023684226663415  0.00026235068172728  0.00029148366967944
  0.00032483707671822  0.00036199617794148  0.00040433712201281  0.00045291782589598
  0.00050754660713479  0.00057557255847962  0.00065714574546208  0.00074836742516637
  0.00085796454431192  0.00098629233726053  0.00113704287666519  0.00131111054921915
  0.00152581008753695  0.00181818473826912  0.00217774533995055  0.00266488311984733
  0.00316106974459880  0.00403009327650908  0.00482692289402934  0.00578672374283242
  0.00706624078910398  0.00893946104300869  0.01786899698537719  1.00000000000000000
  0.00000266506686714  0.00000398668984331  0.00000562574452886  0.00000758131173829
  0.00000959403920989  0.00001170896048646  0.00001397410949797  0.00001628479800787
  0.00001868105472800  0.00002126332625183  0.00002405729488825  0.00002709491066922
  0.00003052944760863  0.00003431360772353  0.00003841224873010  0.00004296405180377
  0.00004786118626487  0.00005327085351249  0.00005923533588582  0.00006566348599993
  0.00007269259815905  0.00008010599404520  0.00008785513529134  0.00009599791395093
  0.00010461236067451  0.00011362506925781  0.00012261778384106  0.00013207955255619
  0.00014230628780874  0.00015323028860239  0.00016455436309756  0.00017679040353189
  0.00019008776239479  0.00020428880252888  0.00021874525244177  0.00023364685743385
  0.00024961452947759  0.00026638694308625  0.00028491681934322  0.00030463510111083
  0.00032609096464075  0.00034844776419618  0.00037165675820338  0.00039581395268308
  0.00042121546147481  0.00044760296166266  0.00047572510681440  0.00050666988328309
  0.00053820669462348  0.00057110607624319  0.00060523574664300  0.00064263779674637
  0.00068385130869750  0.00072778642610919  0.00077711748991629  0.00082444328052818
  0.00087299239330082  0.00092656045618104  0.00098561962242415  0.00105265848699685
  0.00111829046913951  0.00118601708631363  0.00126151194988640  0.00134472554532050
  0.00142779115650578  0.00151772547933250  0.00161244722625286  0.00172225451428540
  0.00185202326736224  0.00199020791236177  0.00213258340982680  0.00229193329632954
  0.00247107507866105  0.00265607325579933  0.00283528745029205  0.00298987519992780
  0.00313820609966184  0.00328159206028158  0.00343135912561169  0.00359139275394984
  0.00377053617775672  0.00398824706037872  0.00424771145000002  0.00452055428163217
  0.00479505671452128  0.00550561064472541  0.00641037844642071  0.00758405899383106
  0.00881082883046794  0.00966070002773262  0.01013203201741057  0.01075508697642729
  0.01225288094619587  0.01406990882767345  0.01807782763081307  1.00000000000000000
 -0.00264371170086808  0.01019176538168163  0.02129044726313517  0.03282882990848245
  0.04414167504649111  0.05546824044558234  0.06703865925628547  0.07817066327790571
  0.08900332535069161  0.09998409754878912  0.11094525933926290  0.12140851671113498
  0.13157138244617328  0.14206654730486179  0.15309259610796758  0.16408329876335068
  0.17484091654831002  0.18525438474754768  0.19576126530535212  0.20611310830398388
  0.21634884953492622  0.22680215197709266  0.23724340682956885  0.24777818436439339
  0.25767201683049701  0.26767694541536263  0.27747957698842207  0.28701771220428002
  0.29667123562926773  0.30629458394518866  0.31604822056152060  0.32570587469578455
  0.33541480795613754  0.34545829708126613  0.35556454988277292  0.36549016545827290
  0.37533100120504559  0.38518652592867386  0.39522061251278967  0.40509112613688891
  0.41474364742209557  0.42390284750232460  0.43322524663993772  0.44256237453112468
  0.45265649302732924  0.46255847919807536  0.47256212431906564  0.48221213153172349
  0.49159710449575522  0.50082798074512369  0.51025515680836153  0.52010823868179479
  0.53024381936142906  0.54025199489494247  0.55030170500323017  0.56025806794940958
  0.57040179151042081  0.58028486155124115  0.59005877157269804  0.59974953195725511
  0.60946774941830040  0.61958401109104166  0.62949107120059533  0.63944874939770724
  0.64927198267805597  0.65902602317623149  0.66862593230908396  0.67849352767906390
  0.68828890057094561  0.69880605040402621  0.70863294007061539  0.71938824844693827
  0.72993901132452343  0.74102060548147475  0.75154666498955369  0.76215669216790594
  0.77290004915676602  0.78389106217398574  0.79509036854890158  0.80612960534214639
  0.81730590100291078  0.82864414040248147  0.84024375327371759  0.85215717616736653
  0.86422627613419711  0.87640107758514008  0.88806673403604952  0.89970002744260569
  0.91173678069379283  0.92398684316230117  0.93579150884561613  0.94767939405283141
  0.96017300851881682  0.97381790128218393  0.98704600160299560  1.00000000000000000
 -0.00257899925546350  0.01036630581587375  0.02109192815357075  0.03206083524918728
  0.04312211639100066  0.05367920250604547  0.06412436369031566  0.07442524327613366
  0.08498368339706065  0.09561830821484914  0.10590338595575235  0.11633088583154252
  0.12659168451607697  0.13740713190645451  0.14722855591547299  0.15709877989147675
  0.16670763413148623  0.17721884700708090  0.18798939177743632  0.19840753825917731
  0.20862258185062940  0.21857716387954679  0.22896921584224975  0.23942883190251033
  0.25001775614972044  0.26069368243378416  0.27161688129736677  0.28275501652222235
  0.29363239941665570  0.30441401777262733  0.31522139722825815  0.32633502322050584
  0.33749904199537689  0.34853345512922224  0.35946641306087584  0.37025650663056275
  0.38062202337232048  0.39076222711274533  0.40056234022211357  0.41056518575022705
  0.42065526995088898  0.43098990150759314  0.44112167685798215  0.45121972141904582
  0.46163488088506555  0.47230176286889741  0.48246957344227570  0.49221750077611598
  0.50211575328716795  0.51261146145116288  0.52330843019013795  0.53387692250731567
  0.54455213179050255  0.55528806421304366  0.56589046954194411  0.57631896623701107
  0.58692558649297977  0.59809005316203212  0.60924820359292742  0.62011609235709786
  0.63055917779353043  0.64085411452954633  0.65103056249889824  0.66093231840099975
  0.67086065270449247  0.68075606602512706  0.69076014230067051  0.70107758244614360
  0.71146795509883487  0.72216142033951447  0.73278310884754538  0.74346333262552133
  0.75352277077590080  0.76398538403706395  0.77431490491963473  0.78485317364413443
  0.79563274125744343  0.80672478748038734  0.81814359324600938  0.82943026805240327
  0.84013988285086072  0.85127094731912245  0.86201153119123375  0.87335804895000402
  0.88392289637796317  0.89462539877850700  0.90474481990890288  0.91507569366382491
  0.92548572131979656  0.93624572556891983  0.94665190454853221  0.95674599067543786
  0.96739930422477483  0.97846963163522294  0.98934140462720610  1.00000000000000000
 -0.00214133808323325  0.00966011010239154  0.02097649041925331  0.03355711955839304
  0.04604431425232820  0.05765565580730617  0.06915420688882294  0.08031639957555696
  0.09146101672686449  0.10289133744308324  0.11456084497411934  0.12590580955260910
  0.13676472971471243  0.14749453983733113  0.15806308505027072  0.16864913290167421
  0.17891058361228637  0.18939719419409345  0.19993174316895168  0.21056768985841073
  0.22104956650359728  0.23144190799849285  0.24170234054432527  0.25174226280554790
  0.26148591051664405  0.27111186562151685  0.28071880210384492  0.29050814078919712
  0.30079489489736949  0.31100305804131145  0.32112638874069716  0.33091762133899233
  0.34069181208487515  0.35018981380457709  0.35979427619471405  0.36928381709725860
  0.37916786736268465  0.38915802845725850  0.39880517265986809  0.40829806869505941
  0.41777903675098094  0.42751963522535003  0.43733096044953312  0.44703394383106765
  0.45697839851301608  0.46720771937068767  0.47752514521634948  0.48763089685458227
  0.49767850475997621  0.50756035629249596  0.51750649809499127  0.52730902933165036
  0.53707366890481723  0.54685462021973530  0.55656524933581331  0.56610134373778986
  0.57550124679643788  0.58490632077202087  0.59458763890471866  0.60448093090247246
  0.61450634005957927  0.62457534681802540  0.63464042560085332  0.64444816696304585
  0.65417203233370647  0.66394882460399984  0.67409744476912581  0.68460156217574630
  0.69527159228103108  0.70569956409606815  0.71593372110408748  0.72614423019216101
  0.73644091343452878  0.74687850547024470  0.75714763355875991  0.76738997007545862
  0.77774538274958693  0.78827288944762308  0.79877485319923569  0.80914835767487836
  0.81978013779031444  0.83059736394488093  0.84172943196641881  0.85255885131350240
  0.86395361480334976  0.87545941137654659  0.88747412652412638  0.89938269657337877
  0.91153256121639892  0.92391840416833293  0.93657655968387099  0.94895990787072804
  0.96132800356453585  0.97371437082310996  0.98689359666965604  1.00000000000000000
 -0.00232186443356951  0.01015942662547772  0.02052541935817793  0.03165690670421951
  0.04194946518173068  0.05234110720368838  0.06267147413823380  0.07361311418538322
  0.08447194373643897  0.09521120503729091  0.10610107392790089  0.11668136122159486
  0.12712748044573824  0.13701711080981852  0.14701285492994012  0.15725539534815200
  0.16757262969236106  0.17807422691336283  0.18839838259595379  0.19916724780980954
  0.20983769989485959  0.21996070378382046  0.23035585927733943  0.24130463084663320
  0.25246717039699962  0.26315338181458314  0.27344461532893427  0.28407242378561670
  0.29436436607156263  0.30467573920205149  0.31475295706630629  0.32511169117494415
  0.33581261866664375  0.34691098597221715  0.35745720239811868  0.36782961553492388
  0.37798413501382766  0.38888526481588925  0.40024080419625890  0.41181636875767558
  0.42288371721671142  0.43328062453575306  0.44333809512968964  0.45356790713962214
  0.46409367289205972  0.47477367355203076  0.48537834872778779  0.49609633831063971
  0.50666786599105929  0.51781299499236444  0.52856675742243142  0.53957197694104797
  0.55028709372876039  0.56088050287096303  0.57126228118970446  0.58153635025161221
  0.59157935707333731  0.60175593268136773  0.61209763950242124  0.62233200919823362
  0.63185548514302348  0.64120905683291574  0.65074530919551044  0.66123147483685629
  0.67213964998205844  0.68325202310683730  0.69435588689971395  0.70509884127076738
  0.71592963262089704  0.72644229116130055  0.73708973598388627  0.74758035263514933
  0.75844012100661085  0.76891728140987958  0.77911707355367987  0.78936685825503938
  0.80008230060075192  0.81110460483672342  0.82208924785618320  0.83294639751213007
  0.84369773133100900  0.85406804834038941  0.86492720848258042  0.87582692406164819
  0.88640536934195735  0.89629504333396270  0.90627637038832531  0.91661460222428137
  0.92750318154665456  0.93837058822970010  0.94861204157843737  0.95918398643293878
  0.96937189365282794  0.98024149498188906  0.99008279149012013  1.00000000000000000
 -0.00218071969332287  0.00893442295054108  0.01902138876429544  0.02978337316206612
  0.04045365795344866  0.05101640707900956  0.06171387953845503  0.07259189702304703
  0.08330943125763479  0.09391233097898304  0.10406919956572219  0.11401150624935937
  0.12386961613267729  0.13392412583011146  0.14431149138725527  0.15504762536009353
  0.16555072447641409  0.17570251373244203  0.18599034561480460  0.19669787307529626
  0.20764421714879325  0.21820238880442419  0.22861735935085298  0.23888164177028712
  0.24927671202694068  0.25962736422017196  0.27035096292779465  0.28118278064337271
  0.29231286385724886  0.30344164320083450  0.31449893945241664  0.32535806769457881
  0.33630408247531196  0.34716992064326213  0.35756156755480756  0.36802185246876312
  0.37871772762327743  0.39025850750857155  0.40133694465149050  0.41188634102764632
  0.42214679748054307  0.43231393771587384  0.44266079107984801  0.45271548187845334
  0.46307930740286762  0.47317910796373475  0.48350423648438123  0.49389654610127121
  0.50456395254250197  0.51572356423585630  0.52674634226362826  0.53759098841543529
  0.54779405611293286  0.55778905457057304  0.56761786152900395  0.57764688801891606
  0.58767955112046588  0.59794009950413951  0.60824461961034870  0.61887251203930616
  0.62987417066152918  0.64112247415643675  0.65174986510979549  0.66177300219802260
  0.67166535224475665  0.68176731232996957  0.69214743029777692  0.70272545014918930
  0.71316374664027737  0.72376180538466595  0.73473724318795730  0.74578196661993301
  0.75665419127103617  0.76752231167084328  0.77853254437423836  0.78931915836719302
  0.79988517490122590  0.81038545421203867  0.82110224528773423  0.83180701509562749
  0.84277309430099279  0.85371022512890016  0.86468901043759228  0.87552537350848525
  0.88626540012227040  0.89676735246328965  0.90702824663147563  0.91752718618812346
  0.92787677505428146  0.93846845629597475  0.94898266791451114  0.95963295595287113
  0.96994779564001388  0.97973694245945209  0.98989836382031660  1.00000000000000000
  0.00010700948144259  0.00019378892223094  0.00029343685164633  0.00037959533210648
  0.00045210966822727  0.00051690285351854  0.00058186255414575  0.00065058803135220
  0.00072629844532838  0.00080195936378868  0.00087783652516078  0.00095424264662608
  0.00103094116403466  0.00110703773898530  0.00118497848062745  0.00126355573768090
  0.00134335120108259  0.00142407784687841  0.00150398048599405  0.00158594406560285
  0.00166931322436264  0.00175602479877784  0.00184715328899982  0.00194286379746310
  0.00204210388803767  0.00214160152537494  0.00223960449625456  0.00233658387968200
  0.00242947462046460  0.00251853637551859  0.00261128689075112  0.00270461036699583
  0.00279383459208866  0.00288568968179520  0.00297790367082960  0.00307339416294674
  0.00317064864279020  0.00326688502910106  0.00336110881996348  0.00345447342090365
  0.00354362392223098  0.00363546929334146  0.00372538050902248  0.00380910138296423
  0.00388732282317183  0.00398443250962241  0.00409345604856235  0.00419488961541169
  0.00428134877720893  0.00436132738041047  0.00444494908321703  0.00452191426399048
  0.00459492233093764  0.00469028648712889  0.00480996945265145  0.00494286971260160
  0.00508132593841645  0.00522239641055269  0.00536115137824551  0.00549482798884086
  0.00561093524558626  0.00573255146091859  0.00585607910229030  0.00598720936661214
  0.00614757612337562  0.00634156958738291  0.00657128151507684  0.00678104864045513
  0.00697201057078191  0.00717326742856599  0.00741950984325770  0.00772167767753241
  0.00800465144826904  0.00831722491741379  0.00863518113097219  0.00890437223758781
  0.00917368357103716  0.00950170635657497  0.00986840054357958  0.01013538231511014
  0.01041591021098333  0.01073494023333083  0.01098652393054910  0.01128564595815758
  0.01152465628093355  0.01171331732514525  0.01195075928685648  0.01234596395877873
  0.01263195023393171  0.01283966023183514  0.01352103794959385  0.01387529821706178
  0.01452249876655990  0.01830156991178798  0.02557032546536407  1.00000000000000000
 -0.00195121818998051  0.00733827617716317  0.01602217890906569  0.02497297091576398
  0.03465162968386799  0.04463816595568437  0.05464901766228558  0.06439881979653080
  0.07437456700427682  0.08454839613227320  0.09472788236874882  0.10460877875228883
  0.11407693284816249  0.12361767546037414  0.13326806429174307  0.14298598767760079
  0.15250703682776562  0.16192603453071075  0.17167264849146635  0.18201080100293954
  0.19245442413940603  0.20308456931070934  0.21362832430258141  0.22418726540875036
  0.23478265078552168  0.24567399308750743  0.25690984098009884  0.26832872826931548
  0.27965974887858908  0.29081697174004123  0.30197492021193684  0.31339096593446236
  0.32525125526551313  0.33730517456759401  0.34909505657792850  0.36063903931971097
  0.37180643364191251  0.38296619560493689  0.39415086424949430  0.40536513691171389
  0.41646981038066561  0.42764004828613844  0.43858729491033249  0.44967023152497770
  0.46073915550307837  0.47180045382994196  0.48287939775120065  0.49380424870256612
  0.50464767833770341  0.51525867941245795  0.52607706271964083  0.53704001359989095
  0.54819280527483327  0.55911459362139149  0.57049001220998152  0.58211926165108918
  0.59366877297908593  0.60486792248428711  0.61587800648308855  0.62691796937175293
  0.63797615082237780  0.64890151997861589  0.65970184721589720  0.67048923032498176
  0.68107035265593585  0.69221462708166814  0.70339329692015440  0.71525847936957410
  0.72676134441548812  0.73788056030727789  0.74904074652470598  0.75985521858286709
  0.77098852722886069  0.78129927442824398  0.79274048719267154  0.80399688383726653
  0.81493643707524654  0.82566091793683805  0.83664467187236835  0.84812200833302143
  0.85894142416037400  0.86912397586131906  0.87883751575746316  0.88847017160092023
  0.89829467478400082  0.90813435064932957  0.91794045628120957  0.92723646642801816
  0.93640600705347743  0.94577499175076074  0.95511734655515557  0.96423939616654053
  0.97317829454092686  0.98206822378702485  0.99110291451277432  1.00000000000000000
  0.47464578746776742  0.55195652855083777  0.58318621451214470  0.59519965911124528
  0.60797900762495860  0.62100261584069361  0.63283064490362728  0.64343359479249496
  0.65276259572908024  0.66104397107557078  0.66886109887078549  0.67598158400448394
  0.68276759717286839  0.68905533247703421  0.69474345240998092  0.70020518571659718
  0.70536173702363059  0.71019074016357142  0.71490332986695393  0.71941481601421353
  0.72373118275239601  0.72787778987722163  0.73178762891493754  0.73559284151713067
  0.73934115638156483  0.74314879341174300  0.74698044632290561  0.75094009743096468
  0.75492709578156991  0.75888344063818047  0.76287146068436829  0.76685213596276813
  0.77096647196869017  0.77482090095728684  0.77859875189070593  0.78228734605998729
  0.78596842646849874  0.78979809160464243  0.79359497878338026  0.79736401459663775
  0.80113767732483676  0.80488326933777021  0.80854301531497652  0.81216311306678701
  0.81572257670949821  0.81933123547096143  0.82297519198447466  0.82656578249406276
  0.83007809665578791  0.83360246451463416  0.83703711583580875  0.84043055311258641
  0.84378569193895325  0.84708804129134707  0.85047098378172059  0.85375583493181362
  0.85706944502198279  0.86044082204782590  0.86385474824322550  0.86731177281899807
  0.87074340244619608  0.87411822593273192  0.87747822062251990  0.88084929775984955
  0.88422009738909846  0.88755898067568828  0.89086974384227469  0.89421438412849941
  0.89751368050820135  0.90081255211907973  0.90406460205796746  0.90723916030060980
  0.91036876695470126  0.91343055524031447  0.91656452373638120  0.91975606619858419
  0.92302306061228301  0.92628508893421047  0.92949766917266352  0.93264129158226161
  0.93572763870890663  0.93888994516731206  0.94217159173672194  0.94551735176259932
  0.94890917368657646  0.95232517887107748  0.95578275001046831  0.95949597130271758
  0.96343583366079444  0.96749945767382917  0.97160935692878680  0.97583776499290764
  0.98040474882582962  0.98548186851806574  0.99193214508265914  1.00000000000000000
  0.14313254911357493  0.16081923389961411  0.17185413273203134  0.17964819532616996
  0.18718596576146027  0.19472459461206634  0.20170817391685469  0.20818730163405463
  0.21400937729118932  0.21943925318819790  0.22472464569899012  0.23006919999630709
  0.23557926605019283  0.24116499599570015  0.24670145043491901  0.25193947265374494
  0.25700899476379063  0.26206310461149762  0.26697839362710274  0.27186268619640647
  0.27668046081626624  0.28126176932700886  0.28588524706708668  0.29047272732517898
  0.29494194976917287  0.29932733368009606  0.30370893776249119  0.30817100107228945
  0.31273699052696713  0.31732767231554843  0.32172472184449574  0.32605811783651967
  0.33044713285291372  0.33491146477886030  0.33957739243207419  0.34425070410107816
  0.34894615454780203  0.35363766083248765  0.35841893676419950  0.36325163291888168
  0.36801608001916097  0.37277822427777124  0.37768142933155496  0.38264233047678192
  0.38752745660092658  0.39237265004727895  0.39724208824590812  0.40223769182874342
  0.40729575826021180  0.41242179573672977  0.41767724029309056  0.42307132414613557
  0.42846918339445733  0.43387059505624331  0.43937009116791170  0.44498090957204278
  0.45057024471884172  0.45619855907738577  0.46188298527549304  0.46772665147201592
  0.47355421578832918  0.47928204469574920  0.48502576077846621  0.49083383815821718
  0.49687987823076984  0.50315584075628472  0.50961110968309942  0.51610906385052346
  0.52274461785102255  0.52953991742835971  0.53643159068923840  0.54338337016840077
  0.55041931503904429  0.55758542093623786  0.56499285575338909  0.57269000806042714
  0.58070214502959072  0.58947101214202002  0.59862267970805894  0.60798724984058294
  0.61732795914663408  0.62725269588282506  0.63719592726348062  0.64716616540155059
  0.65755524184326453  0.66873385030659416  0.68101594595549653  0.69442713590780636
  0.70933205409465883  0.72641639204444064  0.74551856731686605  0.76757759473821374
  0.79382373895564540  0.82899306203932344  0.94655592728078131  1.00000000000000000
   8.4621944337058653E-009  -1.0000000000000000     
 F F F F F F F F F F F F F F F F F F F F F F F F F F F F F F F F F F F F F F F F F F F F F F F F F F F F F F F F F F F F F F F F F F F F F F F F F F F F F F F F F F F F F F F F F F F F F F F F F F F F F F F F F F F F F F F F F F F F F F F F F F F F F F F F F F F F F F F F F F F F F F F F F F F F F F F F F F F F F F F F F F F F F F F F F F F F F F F F F F F F F F F F F F F F F F F F F F F F F F F F F F F F F F F F F F F F F F F F F F F F F F F F F F F F F F F F F F F F F F F F F F F F F F F F F F F F F F F F
  <DiscreteSampler_grid>
  grouped_processes
  1 # 1 for a reference and 2 for a running grid.
  10 # Attribute 'min_bin_probing_points' of the grid.
  1 # Attribute 'grid_mode' of the grid. 1=='default',2=='initialization'
  0.0000000000000000 # Attribute 'small_contrib_threshold' of the grid.
  0.5000000000000000 # Attribute 'damping_power' of the grid.
 # binID   n_entries weight   weight_sqr   abs_weight
    31   10   3.952386829091684E-003   4.475347468366082E-005   3.952386829091684E-003
    32   10   3.952386829091682E-003   4.475347468366078E-005   3.952386829091682E-003
    34   10   7.904773658183368E-003   1.790138987346433E-004   7.904773658183368E-003
    35   10   7.904773658183364E-003   1.790138987346431E-004   7.904773658183364E-003
    37   10   8.216342540968908E-003   1.932087675753170E-004   8.216342540968908E-003
    38   10   8.216342540968907E-003   1.932087675753169E-004   8.216342540968907E-003
    40   10   1.643268508193782E-002   7.728350703012681E-004   1.643268508193782E-002
    41   10   1.643268508193781E-002   7.728350703012677E-004   1.643268508193781E-002
    43   10   4.339546471126244E-003   5.705221868930188E-005   4.339546471126244E-003
    44   10   4.339546471126242E-003   5.705221868930177E-005   4.339546471126242E-003
    46   10   8.679092942252489E-003   2.282088747572075E-004   8.679092942252489E-003
    47   10   8.679092942252484E-003   2.282088747572071E-004   8.679092942252484E-003
    49   10   9.072098468494261E-003   2.498717189231177E-004   9.072098468494261E-003
    50   10   9.072098468494254E-003   2.498717189231175E-004   9.072098468494254E-003
    52   10   1.814419693698852E-002   9.994868756924707E-004   1.814419693698852E-002
    53   10   1.814419693698851E-002   9.994868756924701E-004   1.814419693698851E-002
    58   10   3.952386829091684E-003   4.475347468366082E-005   3.952386829091684E-003
    59   10   3.952386829091682E-003   4.475347468366078E-005   3.952386829091682E-003
    61   10   7.904773658183368E-003   1.790138987346433E-004   7.904773658183368E-003
    62   10   7.904773658183364E-003   1.790138987346431E-004   7.904773658183364E-003
    64   10   8.216342540968908E-003   1.932087675753170E-004   8.216342540968908E-003
    65   10   8.216342540968907E-003   1.932087675753168E-004   8.216342540968907E-003
    67   10   1.643268508193782E-002   7.728350703012681E-004   1.643268508193782E-002
    68   10   1.643268508193781E-002   7.728350703012673E-004   1.643268508193781E-002
    70   10   4.339546471126244E-003   5.705221868930188E-005   4.339546471126244E-003
    71   10   4.339546471126243E-003   5.705221868930182E-005   4.339546471126243E-003
    73   10   8.679092942252489E-003   2.282088747572075E-004   8.679092942252489E-003
    74   10   8.679092942252485E-003   2.282088747572073E-004   8.679092942252485E-003
    76   10   9.072098468494263E-003   2.498717189231178E-004   9.072098468494263E-003
    77   10   9.072098468494254E-003   2.498717189231175E-004   9.072098468494254E-003
    79   10   1.814419693698853E-002   9.994868756924712E-004   1.814419693698853E-002
    80   10   1.814419693698851E-002   9.994868756924701E-004   1.814419693698851E-002
  </DiscreteSampler_grid>
