  0.00424352474967612  0.01719488806283961  0.02733826155472621  0.03960040480779990
  0.05283691351490653  0.06729496522452763  0.07928028949261282  0.08911786261526856
  0.09850652918943090  0.10798990900173948  0.11706801238045703  0.12536303210093630
  0.13363004558488328  0.14224425066907243  0.15050326338525630  0.15839687685396547
  0.16725308067164782  0.17715809707027480  0.18796385716829508  0.19749345569720966
  0.20595636919496998  0.21513459536397436  0.22476370507750851  0.23563895686234931
  0.24658315476469844  0.25530035489023323  0.26427152740655718  0.27261722552077133
  0.28090163824314063  0.29041016266881259  0.30030956543239340  0.30970936115951525
  0.31815891788366818  0.32611960717524374  0.33499258976628149  0.34558565415020509
  0.35694421271967908  0.36776413723344598  0.37923756559509192  0.38925186443207294
  0.39865944671993708  0.40750786619455531  0.41692779632533244  0.42687899345433794
  0.43780534848872799  0.44985962602831148  0.46287327102397163  0.47373813522916963
  0.48331793065891993  0.49259057199525202  0.50276665324720560  0.51476038241919309
  0.52710111535596127  0.53881472653042117  0.55011412542103388  0.56123821957617404
  0.57227325215720681  0.58329440067668059  0.59403270846868483  0.60462832970580116
  0.61405785860701412  0.62441469080846346  0.63523255925710065  0.64635328974662409
  0.65616292040285829  0.66627875885312937  0.67815887209512415  0.69135411230747867
  0.70504716858596617  0.71800318842858635  0.72887261310388129  0.73892421608826797
  0.74846991420552511  0.75978197594049945  0.76904605806009574  0.77882977520420626
  0.78888633247089079  0.79999454174075213  0.81269854729201918  0.82666179011976315
  0.83971022108078852  0.85133636297556425  0.86268750078416367  0.87472994151020922
  0.88656462923881652  0.89724284166111223  0.90735084149195699  0.91787046021020013
  0.92799024979412392  0.93771560555176670  0.94645106505854637  0.95570126171106018
  0.96452946334290335  0.97344477238462468  0.98275082840851236  1.00000000000000000
  0.00003720925517673  0.00004686615539540  0.00005385441529973  0.00006003096643817
  0.00006585764913865  0.00007133210034038  0.00007660337729180  0.00008132527158161
  0.00008564758998002  0.00008979028659925  0.00009409386840193  0.00009878728324507
  0.00010396154359164  0.00010929430953456  0.00011434864157318  0.00011935012587254
  0.00012421362377649  0.00012922842218140  0.00013470678118694  0.00014073115049090
  0.00014716763046425  0.00015409355026874  0.00016115010137529  0.00016748445385622
  0.00017298577572091  0.00017853229567411  0.00018470206658677  0.00019141925889917
  0.00019882153775826  0.00020672969190007  0.00021425880136001  0.00022171996531054
  0.00023001831650821  0.00023920604068126  0.00024876003635259  0.00025942790405357
  0.00027029291203540  0.00028191024679290  0.00029535734004724  0.00030916157926767
  0.00032307650909060  0.00033692100448449  0.00035192876254953  0.00036780446109909
  0.00038379338607010  0.00039902833761221  0.00041480591614847  0.00043190613658036
  0.00045282076703805  0.00047626777901283  0.00050860069959491  0.00053624347339138
  0.00056154795992233  0.00058529099137354  0.00060725992567324  0.00063087181204318
  0.00065686032116143  0.00068952554666665  0.00072333443908057  0.00076115740078154
  0.00080051281112663  0.00085186000450012  0.00091281793604190  0.00096997751492789
  0.00103501307828271  0.00110691355860512  0.00117753071754904  0.00124318571333098
  0.00130652097840171  0.00137646613934704  0.00146520768416708  0.00155570033715121
  0.00163753955063301  0.00173017389740213  0.00185377561459350  0.00201582059717383
  0.00217548151251699  0.00235588339454284  0.00257047538575946  0.00279951309455857
  0.00304034508115979  0.00334646112504402  0.00382534184944599  0.00454515608886858
  0.00524038269372966  0.00552144877297956  0.00582894199573922  0.00614409430985228
  0.00644930792322992  0.00692135262512098  0.00769282298783397  0.00869828843062475
  0.00960944015647289  0.01107414089735810  0.49302083737543417  1.00000000000000000
  0.00006561952293368  0.00008477384678851  0.00009908611469713  0.00011246469016920
  0.00012654269690582  0.00014154190676865  0.00015563210491189  0.00016996985095843
  0.00018319153685644  0.00019735470079285  0.00021190941825932  0.00022805329690023
  0.00024271830031519  0.00025710610320082  0.00027182470293070  0.00028924132829535
  0.00030908086572246  0.00033014164719689  0.00035121922569941  0.00037270831232882
  0.00039414475299674  0.00041655518694340  0.00044144549555804  0.00046762733255517
  0.00049286263281456  0.00051866469155725  0.00054458509025073  0.00056992925137470
  0.00059624912965182  0.00062121358936197  0.00064930525768149  0.00067963009376063
  0.00071083918745978  0.00074552829947056  0.00078116668116500  0.00081815892175232
  0.00085849369436599  0.00089781501341249  0.00093675903818324  0.00097717059835485
  0.00102012163281808  0.00107033211685866  0.00112329554201029  0.00117638592168742
  0.00123474957722547  0.00130092509652806  0.00137341080517037  0.00144860923776570
  0.00152365137398933  0.00160016875588428  0.00168001509648229  0.00176893056628578
  0.00186586409433340  0.00195866923770205  0.00204844637806387  0.00214103974908116
  0.00223892606265781  0.00235206258409908  0.00247812394074904  0.00260009078349067
  0.00271613724817832  0.00283447997874264  0.00296493391345727  0.00308928020442602
  0.00320240316477177  0.00331496587771602  0.00343025226405685  0.00356499323415024
  0.00371958752305085  0.00388248540074381  0.00405555331277391  0.00425231536758658
  0.00449992813507072  0.00474793971840957  0.00503559471894951  0.00535951258749059
  0.00573679668667912  0.00624036886611397  0.00687568269540856  0.00755923563100273
  0.00813117444817440  0.00865542637432841  0.00921304198610570  0.00985874673299052
  0.01077357008136873  0.01207640259249389  0.01347970851083916  0.01592821023123014
  0.01749089749948265  0.01905405387559824  0.02098934316839207  0.02333534953482033
  0.02975149579095179  0.03776808368840809  0.66026469401925580  1.00000000000000000
 -0.00016068188372033  0.03265858650681060  0.05032093648323231  0.06224397616459060
  0.07317104814117530  0.08373063614487501  0.09377582930168026  0.10416477583155830
  0.11526753352887985  0.12726627647395763  0.13947447330754725  0.15211893117413680
  0.16445250627099309  0.17663219079672787  0.18865535179854862  0.20026928479904305
  0.21238983209062934  0.22528840367018368  0.23804641809268515  0.24923687713818674
  0.25868937382478951  0.26768542951129493  0.27713432378435687  0.28751892598883216
  0.29777103191965848  0.30652288278552048  0.31539263314904376  0.32571772618217948
  0.33751667485145243  0.34957222703523499  0.36011074216248240  0.37003594330727457
  0.37994579567423031  0.38962956069019583  0.39935248819935598  0.40882889425698088
  0.41800846016475118  0.42777496118818281  0.43890217583040281  0.45085148998674490
  0.46181417762282134  0.47192423497957753  0.48252775660829700  0.49429166639204863
  0.50469476878274966  0.51439783124299621  0.52397914269104462  0.53449568321742991
  0.54484080493714859  0.55413087956903839  0.56157752929719140  0.56909752876620723
  0.57607909400179713  0.58358750786928937  0.59225056095977291  0.60100262840695984
  0.60927566666326993  0.61744643262338528  0.62514400267035009  0.63419671126847210
  0.64301603143803598  0.65165194663635806  0.65986338353185714  0.66819703043094181
  0.67867131948403081  0.68757732154213369  0.69657545000355925  0.70502362748909031
  0.71497724636151716  0.72416493882291355  0.73335954629653399  0.74250091388595907
  0.75333146722639910  0.76501355256758574  0.77672158083486753  0.78725945855831758
  0.79716325640563834  0.80682302347075951  0.81648161409914455  0.82648587137292184
  0.83739434713421868  0.84848560151182417  0.85968113406300639  0.87152694706121037
  0.88361640669978381  0.89358573338971603  0.90494456200343476  0.91621917261340136
  0.92961575054204559  0.94188775623948728  0.95094522400227777  0.95892245587031100
  0.96644695577414996  0.97414482643096201  0.98274808800282276  1.00000000000000000
  0.00000868429564703  0.00001166660021097  0.00001442249580558  0.00001778622700131
  0.00002091376366448  0.00002407740560879  0.00002765945930979  0.00003096608749034
  0.00003397970643947  0.00003742473293878  0.00004186764549518  0.00004733619719111
  0.00005303462181932  0.00005958267198738  0.00006795267125294  0.00007854481642447
  0.00009088267769182  0.00010393357329773  0.00011824210045867  0.00013419515050290
  0.00015101773518223  0.00016731224941092  0.00018344542145245  0.00020073821351569
  0.00021953350885892  0.00023987071867785  0.00026153396347836  0.00028289445221548
  0.00030175549927771  0.00032141030878185  0.00034244473251952  0.00036617629058581
  0.00039107549450451  0.00041327328315561  0.00043406522949931  0.00045524272498091
  0.00047927793769654  0.00050872285595084  0.00054038075950682  0.00057509983135559
  0.00061322774779694  0.00065429639048761  0.00069762070596179  0.00074092767127521
  0.00078297546527592  0.00082071601995528  0.00085608108935297  0.00089192460017753
  0.00093221329264218  0.00097872551558950  0.00102520704380802  0.00107175104373450
  0.00111834252274988  0.00116557533521694  0.00121707603911096  0.00126400710766501
  0.00131281581838642  0.00136494915763172  0.00142081226755601  0.00147729923097458
  0.00153452654887219  0.00159871390438365  0.00166213310951586  0.00172222723826469
  0.00178943776098671  0.00187190566986269  0.00195507618632362  0.00202610367444108
  0.00208917543020050  0.00215211581851011  0.00221895178121906  0.00228731126595991
  0.00235889123034936  0.00244003327220339  0.00253077811756414  0.00261152617698924
  0.00266998884827315  0.00273228875988799  0.00279452548720122  0.00285538520774003
  0.00292701077280683  0.00303412920952191  0.00311962530290035  0.00321748343284325
  0.00335995845789012  0.00352645505267777  0.00372599959759400  0.00393980815039428
  0.00416520868919321  0.00444356909345344  0.00485223680315977  0.00542724407117360
  0.00603070107599649  0.00678638536609660  0.04266488933250623  1.00000000000000000
 -0.00248840097647579  0.01145723067957982  0.02173922958990950  0.02946210514340108
  0.03669821169702453  0.04383011787980469  0.05092029801665254  0.06010198820606558
  0.06944160975110458  0.07891563230944597  0.08835229134301359  0.09773705684604303
  0.10761073135286064  0.11790876018777603  0.12859077625194371  0.13770658995676471
  0.14554495149690241  0.15252365845641333  0.16030582628738566  0.16867724801624692
  0.17679620334208476  0.18399491621818245  0.19311264448156881  0.20326437446548465
  0.21294079177247749  0.22175090519906565  0.23065423874664090  0.24012774213501670
  0.24986370522464704  0.26059977609090290  0.27045824509842109  0.28087576099947559
  0.29164931962097695  0.30271370458302066  0.31490998028467143  0.32439768611923259
  0.33409517238547176  0.34235561041381990  0.35180801940894091  0.36097957426979133
  0.36973134984473177  0.37935586306067320  0.38879148205842406  0.39837457013688105
  0.40755366872697674  0.41646665770520852  0.42562787071140085  0.43449050506062586
  0.44446472320338243  0.45508690062712354  0.46651511524775319  0.47849896874831249
  0.49106280942986436  0.50379011371545690  0.51553724998057016  0.52561706847654666
  0.53483864753162069  0.54342202572200293  0.55155453913766428  0.56078927790062583
  0.57182159191866089  0.58475442559728885  0.59641783800076253  0.60668919751878958
  0.61719001825483788  0.62861821640230153  0.64056079627943008  0.65221038661539732
  0.66443633660117063  0.67761062186282217  0.69002049610136695  0.70164037843836635
  0.71364682213096287  0.72633964440822985  0.73960461838204683  0.75132925025648944
  0.76032400231282060  0.76866582480891821  0.77823665084636739  0.78954897698345905
  0.80138462222457685  0.81329568655915208  0.82629591842805550  0.83979340687377535
  0.85296290148879605  0.86654108199698776  0.88079353142789985  0.89539327417133907
  0.90948739662933453  0.92200176095223962  0.93382696308260571  0.94521209756975300
  0.95596429755306034  0.96770458499304790  0.98237243610336833  1.00000000000000000
 -0.00176423523672865  0.00650312955793673  0.01424986130317744  0.02282180036898223
  0.03108578120199188  0.04008730315284015  0.05071243829058223  0.06254419330572604
  0.07410089264224103  0.08378421436387097  0.09130558026162507  0.09936223131940349
  0.10871612599327760  0.11809262523095346  0.12647897538986921  0.13477570321593396
  0.14426713527704221  0.15629505259336668  0.16998405088535201  0.18374562585688003
  0.19705899695626894  0.20920317014488984  0.22001530578215209  0.23010182598294721
  0.23925628928550949  0.24812961925514354  0.25663713183111136  0.26560474427602265
  0.27576944836759965  0.28660928373428601  0.29778833883613193  0.30954126638814217
  0.32120019020118068  0.33238398291607107  0.34197558991673949  0.35183639668180666
  0.36196344911690082  0.37297666487775133  0.38418326811201897  0.39500035733417910
  0.40616370116640677  0.41730978532533752  0.42826112700902763  0.43814275291273819
  0.44734711586430548  0.45621730958545470  0.46607330925533885  0.47606888896229343
  0.48666297099201822  0.49790322595159103  0.51084513891789063  0.52360499508266845
  0.53582851431176926  0.54753932060442889  0.55909820392191389  0.57133013033244495
  0.58384325173104257  0.59685259227040677  0.61047116017742886  0.62378002326297088
  0.63657689996510480  0.64955157242107764  0.66282391156926312  0.67695998670508650
  0.69018750470289247  0.70181831122620186  0.71183456798303291  0.72028125996010961
  0.72834323408924118  0.73699131404652207  0.74709387277718220  0.75955004382316715
  0.77080582264783604  0.78043471114373963  0.78947141066849846  0.79803836264822414
  0.80658550698568543  0.81464777836385971  0.82278081989945939  0.83114332803726598
  0.84142295453241478  0.85068599981916870  0.85890580456891652  0.86652560737319417
  0.87469277274424284  0.88366792324569909  0.89342547164369190  0.90457082132812061
  0.91685356168277776  0.92912044447682973  0.94105475434201158  0.95255195247008428
  0.96385624799383141  0.97536492287618914  0.98699780867518150  1.00000000000000000
 -0.00314044563707083  0.01282400272907284  0.02399345219112330  0.03370576855605314
  0.04395947057821087  0.05395289478544518  0.06410905481558711  0.07391134206064294
  0.08630935505409700  0.09760159526217492  0.10829514611164461  0.11825887110132342
  0.12938446623896005  0.14184558093985894  0.15469821749618878  0.16588222124378380
  0.17531266042355709  0.18373978638265223  0.19231520107907901  0.20104122084038983
  0.21076800419237915  0.22092594614683533  0.23161319625710414  0.24328701295538810
  0.25544252037887222  0.26861896614086822  0.28193850218011912  0.29385061134122958
  0.30415004201099649  0.31414666598782931  0.32496421801426262  0.33533118591522193
  0.34534505626566842  0.35619386141348741  0.36796352154805062  0.37950217218682675
  0.39038468033764667  0.40188075565586762  0.41367533033657455  0.42560805903046589
  0.43674677751832425  0.44716658318957703  0.45726333446756584  0.46846505870137767
  0.47949968783556995  0.48869900561666507  0.49776077294988524  0.50819782111859757
  0.52062657687243052  0.53200583192665551  0.54283516513836638  0.55292830023150619
  0.56194797713860711  0.57060548026934055  0.57862589067633829  0.58637618720447060
  0.59497872779031313  0.60376333136867111  0.61357460345465309  0.62449467216003107
  0.63586391230307804  0.64766055218212926  0.65916256068120649  0.67153800870927449
  0.68507754871719806  0.69817141746833222  0.70909014468291554  0.71904821959512766
  0.72933558578884916  0.74114449361844337  0.75430005756089813  0.76821862652239525
  0.77979162759387555  0.78998200717301315  0.79932472431432555  0.80768908176857612
  0.81683883245546052  0.82672980440300037  0.83711175774328472  0.84783782192632151
  0.85835227059560981  0.86874213697886604  0.87833156230824483  0.88794341995325565
  0.89853341569979428  0.90990049842705067  0.92079602226963997  0.92996286589827526
  0.93769661978337548  0.94595641242832129  0.95483201796893868  0.96376052301145987
  0.97290763483022580  0.98203100797794640  0.99106506260249161  1.00000000000000000
 -0.00232176557886352  0.01112810752199386  0.02298878526718327  0.03485009884685408
  0.04736676636344549  0.05864539390856296  0.06938850628299351  0.08023967877052172
  0.09249907936431574  0.10596466029019236  0.11906694769308929  0.13236201394328917
  0.14613814438604364  0.15935097444884200  0.17201314656875216  0.18426705051145137
  0.19479181648625779  0.20477888632251817  0.21447227025227453  0.22486035819912803
  0.23505787690344457  0.24668657430954494  0.25873907290751780  0.27240994369541305
  0.28635821561227859  0.29760265651482498  0.30745427491752736  0.31815125182152904
  0.32940986165716890  0.34006030713830954  0.35036865019222280  0.36186113908692474
  0.37354890940361263  0.38422779165348309  0.39464948472926026  0.40448166708748667
  0.41423883791257621  0.42438797120566990  0.43566860111302785  0.44740112319905639
  0.45837105916323728  0.46700526720882291  0.47624688253241099  0.48518346735886742
  0.49545541179810770  0.50636181500882016  0.51697592000889114  0.52744600569212385
  0.53733098594712214  0.54595164247897565  0.55437896082057914  0.56217547101837539
  0.57056646641332720  0.57960017767863869  0.58857225781313105  0.59733934502064345
  0.60731791794504209  0.61944075069960280  0.63158592116304568  0.64395656379111710
  0.65610627860530768  0.66762199355888763  0.67865345835650359  0.68929157069033675
  0.69953952560313726  0.70887917543937229  0.71736714276528879  0.72533758715360241
  0.73381153372230101  0.74317932430759415  0.75362279534935173  0.76409647606795117
  0.77396257824092363  0.78468146886167311  0.79441785262478593  0.80307698838702768
  0.81182118354210053  0.82278799301376127  0.83188581685825025  0.84017975189783023
  0.84805130562821385  0.85671411488030103  0.86743371469026054  0.88016618778379230
  0.89369091867618888  0.90457322035172971  0.91533957607533167  0.92500399029690317
  0.93523109735401821  0.94487531383814560  0.95298272100261849  0.96169144443737886
  0.97072208203978372  0.98028478221305304  0.98977940258751096  1.00000000000000000
 -0.00032165079485701  0.00899175469429630  0.01543591628978242  0.02202134636392071
  0.02972990284313995  0.03806864792636697  0.04582440167065801  0.05317150333204457
  0.06035430990839091  0.06822661812925956  0.07694329053618069  0.08584690654009799
  0.09500050390983321  0.10485442341873326  0.11621071170939359  0.12637129182313783
  0.13492414694840979  0.14331832366216726  0.15296582756923549  0.16275675005799911
  0.17270787465603749  0.18189349640253177  0.19095959102730065  0.20014749902239065
  0.20945436972170772  0.21981117550562035  0.23044570813850501  0.24028824675115218
  0.24950446318100208  0.25871191417358119  0.26807473033900658  0.27824335151314683
  0.28874368368689246  0.29906323849739047  0.30826127466233177  0.31772927897536707
  0.32665942342481097  0.33583074561173909  0.34503630058576701  0.35527538839359768
  0.36632550386239154  0.37764148395018288  0.39008454724989383  0.40308094462725352
  0.41646628344185671  0.42919685473565639  0.44079174792672215  0.45269411318623143
  0.46528382180637379  0.47843166120615110  0.49163845374291903  0.50453581595427643
  0.51906519143154839  0.53238145304413309  0.54365027035644109  0.55450870936382102
  0.56582172387636964  0.57777876870104539  0.58973490780659799  0.60084750204009296
  0.61187296110493505  0.62310063109287983  0.63447313521825566  0.64566459239429641
  0.65660090183061937  0.66749785738002676  0.67831931114595845  0.68846659978985203
  0.69822465742748252  0.70733698106892806  0.71723557675170913  0.72658879612278982
  0.73678466206001858  0.74762817841932006  0.76076777430628428  0.77456004658411637
  0.78750965410432572  0.79918915483165254  0.80895775286815752  0.81999512580229827
  0.83185793102069194  0.84532129646871079  0.85579415975583717  0.86540216304383855
  0.87500778970847504  0.88532128662322829  0.89749128731161354  0.91186652574126170
  0.92670968754011562  0.93979245062081684  0.94993850058145701  0.95922284481214204
  0.96899878220769931  0.98031117272869162  0.99061153664054691  1.00000000000000000
 -0.00235103202195546  0.00675887635834798  0.01504265389258963  0.02386371420848727
  0.03292629687991077  0.04191061864009598  0.05147953672362255  0.06197526220614164
  0.07301355861031114  0.08427167612325376  0.09536280211356823  0.10658233531526465
  0.11722338608933958  0.12794504731374293  0.13895152975308650  0.15019864967147906
  0.16160741241888954  0.17294027422768299  0.18453768928655287  0.19459550421899402
  0.20370964132663050  0.21293274008475949  0.22222174391872623  0.23156878209503604
  0.24042503943203597  0.24927655721021810  0.25866093853325450  0.26873172633424119
  0.27912431699545071  0.29052851388286849  0.30071912465975376  0.31074624197640044
  0.32115659617034320  0.33330658497394094  0.34546364885745928  0.35727115736962356
  0.36810815765014315  0.37882881036299576  0.38799121316200746  0.39718444750120951
  0.40560585005762606  0.41235902323053464  0.41879837483339383  0.42599515922264952
  0.43423094085367286  0.44345890678665972  0.45314069900175991  0.46229523953192081
  0.47253606708477502  0.48321826326097223  0.49687349273001769  0.50959735669564155
  0.52122641809711734  0.53352450436689325  0.54618941091222595  0.56092117886157911
  0.57532661824545595  0.59021588636832989  0.60330700245177082  0.61548796741129419
  0.62684611702232618  0.63785700813055912  0.64979075250192730  0.66043354346834837
  0.67033177879710137  0.67940630666918966  0.68899073045192694  0.70027994854737585
  0.71061929086265452  0.72162240445644621  0.73212947061814704  0.74484304780551869
  0.75631867526805985  0.76824406841248805  0.77950892611746603  0.79211022548856569
  0.80320533289565577  0.81331770196987707  0.82182323744730068  0.83034028530639792
  0.83957643528806536  0.84992734337191245  0.86034949181864540  0.86977398988883092
  0.87880786752306450  0.88806035828580543  0.89796886512372232  0.90773040959865647
  0.91741603148325057  0.92756297699327861  0.93808318386354828  0.94901904820701688
  0.96124726570071506  0.97437852605506214  0.98757739312658133  1.00000000000000000
 -0.00245529756162090  0.01298713425595264  0.02587960043613100  0.03821166734764665
  0.05064837332301843  0.06372313083183312  0.07767066085142527  0.09072502797187872
  0.10192003523149197  0.11173430623771083  0.12179706603392762  0.13157953062076905
  0.14363731290106277  0.15441048390670398  0.16436556467130609  0.17456228075551952
  0.18425522699437763  0.19713557373412283  0.21049243017473074  0.22278730456637871
  0.23494564529932607  0.24717780081290577  0.25906567315088169  0.26927616741908716
  0.27899372577637765  0.28867135230006663  0.29847978439356737  0.30814025663497019
  0.31738076694573664  0.32739740619135038  0.33740336207918026  0.34792838309466129
  0.35918701379677015  0.37154694335729210  0.38625703708711084  0.40062500332693807
  0.41391770145875045  0.42620396912676595  0.43792331040546728  0.44968231017865623
  0.46051344339285888  0.46938331394984600  0.47795022417853367  0.48645034827833289
  0.49613008637281375  0.50634399250338358  0.51518057138926587  0.52371818721871788
  0.53240693015287777  0.54120506397604951  0.55045865718342224  0.55980490823302997
  0.56946041072004827  0.57859173290420962  0.58750298445161664  0.59633752744421364
  0.60612578480015245  0.61584187449044847  0.62548930098778921  0.63463443780938378
  0.64397177833749231  0.65451220390451992  0.66627315307592860  0.67782042585343649
  0.68825015591249583  0.69841820064084792  0.70832454911588516  0.71825753026438588
  0.72858544434882788  0.73752801206805219  0.74613347072802116  0.75433541660615366
  0.76344247474159344  0.77339636855105198  0.78249864185020523  0.79167562980816431
  0.80134637275156295  0.81241715960178873  0.82359744871604557  0.83437420064106804
  0.84526607549066524  0.85628369098159451  0.86705393160853683  0.87749028930778517
  0.88830646124858714  0.89935148481608906  0.91056216692583469  0.92089696137416666
  0.93213980649967443  0.94228003474959332  0.95101400973482564  0.96018318144987136
  0.97020337760924658  0.98051394290651794  0.99058260674117604  1.00000000000000000
 -0.00197171005246123  0.00922674995456653  0.01784514264552694  0.02644346909475156
  0.03622636914950581  0.04805888238254363  0.06094973220310847  0.07162468090593983
  0.07995844890305656  0.08841404411496179  0.09723187973718517  0.10575673893523810
  0.11526293273202839  0.12494971713269706  0.13483238054441585  0.14528364266287433
  0.15565850328027328  0.16600591274275830  0.17645272106211263  0.18722696377152248
  0.19969649886740196  0.21145917329382732  0.22300686668188197  0.23525158324588855
  0.24861734460060911  0.26124583014515917  0.27338423240701920  0.28472867859549617
  0.29626103024855488  0.30856184425233008  0.32029175079542777  0.33070787207831448
  0.33997294398778383  0.34928368537763449  0.35911256668618841  0.36820150185899175
  0.37725873057989284  0.38624817802111822  0.39524658137672875  0.40308570950439016
  0.41040951122888730  0.41710041039168433  0.42396287076164718  0.43196889046617865
  0.44079751027524933  0.45080410956670780  0.46080515397186228  0.47158087936185000
  0.48198030752342236  0.49229443192227784  0.50294462736444345  0.51409961582239416
  0.52529558575158919  0.53605681300245323  0.54651281861098500  0.55606689481428284
  0.56541271388257663  0.57550299978073716  0.58682285219514552  0.59924947223298364
  0.61161020644248754  0.62344696476057837  0.63504125922678012  0.64672486824544029
  0.65818312607226148  0.66881502733720566  0.67923167580429322  0.68919017930705617
  0.69966534966842664  0.71101677246476269  0.72345482862166366  0.73598005506109265
  0.74817765348284382  0.76044446649006270  0.77237910752002392  0.78397503729770868
  0.79546357074107155  0.80640825704118635  0.81745926622857568  0.82673050718968744
  0.83585169798901282  0.84490069189857919  0.85485427228251110  0.86503750726253770
  0.87530434572322435  0.88625612824437583  0.89798211458329968  0.91055467598305095
  0.92315749177989903  0.93510011444597785  0.94585849838956548  0.95623205166675829
  0.96692028088206794  0.97778967841471742  0.98920439906478819  1.00000000000000000
 -0.00189282396645178  0.00600277124319704  0.01311626516608766  0.02069289531098256
  0.02970428793044027  0.04003536802105159  0.05188914957239216  0.06351927796947970
  0.07373704068480183  0.08303922019491701  0.09373099234483227  0.10570212589770583
  0.11793033735350324  0.12968872200148135  0.14117339459172654  0.15203397683808229
  0.16134959674842062  0.16999455736314154  0.17921260019134835  0.19101013349233353
  0.20264932784638337  0.21359044097772348  0.22446507454654754  0.23528486772980484
  0.24697834726459642  0.25716965552568466  0.26785225118668382  0.27968323251196497
  0.29203332609039201  0.30522221093293739  0.31859228760703068  0.33133517315866062
  0.34262523928975497  0.35354445214017927  0.36536707399282953  0.37847127967471994
  0.39355539689358471  0.40689107294001187  0.42003706251917478  0.43206857067528831
  0.44526032966770612  0.45589932459565102  0.46609515520038780  0.47652220036079618
  0.48777025137996716  0.49962815812021166  0.51067028845090157  0.52080591261673392
  0.53129902934916606  0.54208544905548151  0.55257720452542181  0.56299734986277361
  0.57338857729899895  0.58385662198571109  0.59480831395537137  0.60581102430633327
  0.61715388573562013  0.62796430956126337  0.63784115087523485  0.64775288371933748
  0.65855200942403302  0.66945803502945200  0.68078371053859299  0.69252289361734087
  0.70346278478589808  0.71481863539925317  0.72592629996913927  0.73700476214466537
  0.74700832134887374  0.75486714958940260  0.76210539835815194  0.76949595319368558
  0.77858542498078787  0.78821089321659132  0.79662484366644792  0.80470668274898671
  0.81359212900949651  0.82311667776536934  0.83147550305191043  0.83977308843736742
  0.84811985063785078  0.85774370242822406  0.86704429773788205  0.87606587250189472
  0.88493757547747121  0.89566660821040500  0.90721171085281693  0.91899419900597756
  0.92942825786797256  0.93811849370723877  0.94656912700737628  0.95499868863043924
  0.96546076117506641  0.97624687926496245  0.98738066258211843  1.00000000000000000
  0.43511466585666309  0.64730790734792565  0.67245612850559078  0.67930126300057869
  0.68560802925582076  0.69281055714338058  0.70588118730064842  0.71986830967744442
  0.73122844690587308  0.74107253251936123  0.74993111541796742  0.75848802514054325
  0.76697053853218911  0.77483415622245533  0.78190474620812223  0.78797697154383761
  0.79338132109507398  0.79896151952781846  0.80430509535633610  0.80953016384566678
  0.81420212589703611  0.81865482459596550  0.82247494075953276  0.82587966339899010
  0.82900990482828651  0.83198583506649382  0.83514281090209730  0.83830402203068410
  0.84197459143827791  0.84574703491851433  0.84901930208033805  0.85212015608028246
  0.85526267237242382  0.85853279869265275  0.86197241883824038  0.86537237014445034
  0.86830861428200656  0.87092123544644029  0.87328865328963867  0.87559755654754312
  0.87793896208455324  0.88026060845464593  0.88242494865681464  0.88472760792541782
  0.88728275885571251  0.89032893242275080  0.89327627448430680  0.89617744088643103
  0.89889890656104410  0.90183839281474576  0.90485985529671620  0.90784311048020871
  0.91058948244927251  0.91321402654715833  0.91572370985875329  0.91812120498795580
  0.92047580343592594  0.92281458503473290  0.92506837182901125  0.92725587744274252
  0.92941940682781021  0.93157996201932158  0.93373501477792864  0.93596930393723932
  0.93818488333564154  0.94041487435189175  0.94259638461022788  0.94461519127398197
  0.94643406351052317  0.94815247299493999  0.94993926547253538  0.95169724214616580
  0.95351715391596348  0.95538098419658946  0.95723856330778490  0.95907978729324905
  0.96091213364808525  0.96272472026539824  0.96458986382095269  0.96638792702204268
  0.96812628812109347  0.96973212595533398  0.97138210927472846  0.97311766165233493
  0.97494414212110025  0.97699757620045602  0.97891531952143518  0.98076816154970126
  0.98257852426430625  0.98438713478084061  0.98642796233232088  0.98857312748640536
  0.99096817509135937  0.99345430360163745  0.99639501677237818  1.00000000000000000
  0.02203910221387393  0.16334073777600167  0.19393432926661716  0.21663343220318670
  0.23689294375673875  0.25683602558614177  0.27504842694074638  0.29033426181186417
  0.30389960455473813  0.31711199139142027  0.32964558445978431  0.34115651413892073
  0.35191455007241962  0.36165399062277120  0.37093367237548169  0.37927806576890571
  0.38811077977501984  0.39749648805414450  0.40621074058334156  0.41555737986688140
  0.42398785284910512  0.43240078217236660  0.44027381924748665  0.44759844719442921
  0.45481416805126279  0.46243199124605844  0.46994467935136297  0.47751129548622268
  0.48488942218845160  0.49217530130121862  0.49968373338028632  0.50742661723457183
  0.51518623960606114  0.52272533320952919  0.52964351543638988  0.53558316876705003
  0.54055124400472232  0.54592908645880955  0.55121494258299431  0.55663391443608823
  0.56218269610719462  0.56751237000980648  0.57321286781004277  0.57972343524722292
  0.58630219853819754  0.59248236270483801  0.59855310936155026  0.60432685191997659
  0.61041271616890280  0.61620139096249305  0.62183177020093028  0.62767961100943725
  0.63351776760163081  0.63978734267351234  0.64548571280028055  0.65056790873318771
  0.65564924048364714  0.66006685869862824  0.66442511158146089  0.66942719484138025
  0.67510750287800714  0.68036053396212504  0.68545835956864887  0.69054650053855826
  0.69596627599543592  0.70216990173132943  0.70869290910478056  0.71489073772398082
  0.72089592800724178  0.72655514621390493  0.73160877630790877  0.73635956314759332
  0.74154322002966166  0.74687680880890228  0.75207000716836503  0.75711779350345920
  0.76213940742568609  0.76752239189281923  0.77326873899525961  0.77960216506522262
  0.78640268439188910  0.79347973022391971  0.80016606329139706  0.80581227413615442
  0.81154182192929314  0.81734651671535752  0.82342002197142772  0.83096212328438890
  0.84025037398362601  0.84721689524593113  0.85465150550810443  0.86341818337442144
  0.87977600881478724  0.89642060986699068  0.92634542970385603  1.00000000000000000
   2.3383475212512225E-010  -1.0000000000000000     
 F F F F F F F F F F F F F F F F F F F F F F F F F F F F F F F F F F F F F F F F F F F F F F F F F F F F F F F F F F F F F F F F F F F F F F F F F F F F F F F F F F F F F F F F F F F F F F F F F F F F F F F F F F F F F F F F F F F F F F F F F F F F F F F F F F F F F F F F F F F F F F F F F F F F F F F F F F F F F F F F F F F F F F F F F F F F F F F F F F F F F F F F F F F F F F F F F F F F F F F F F F F F F F F F F F F F F F F F F F F F F F F F F F F F F F F F F F F F F F F F F F F F F F F F F F F F F F F F F F F F F F F F F F F F F F F F F F F F F F F F F F F F F F F F F F F F F F F F F F F F F F F F F F F F F F F F F F F F F F F F F F F F F F F F F F F F F F F F F F F F F F F F F F F F F F F F F F F F F F F F F F F F F F F F F F F F F F F F F F F F F F F F F F F F F F F F F F F F F F F F F F F F F F F F F F F F F F F F F F F F F F F F F F F F F F F F F F F F F F F F F F F F F F F F F F F F F F F F F F F F F F F F F F F F F F F F F F F F F F F F F F F F F F F F F F F F F F F F F F F F F F F F F F F F F F F F
  <DiscreteSampler_grid>
  grouped_processes
  1 # 1 for a reference and 2 for a running grid.
  10 # Attribute 'min_bin_probing_points' of the grid.
  1 # Attribute 'grid_mode' of the grid. 1=='default',2=='initialization'
  0.0000000000000000 # Attribute 'small_contrib_threshold' of the grid.
  0.5000000000000000 # Attribute 'damping_power' of the grid.
 # binID   n_entries weight   weight_sqr   abs_weight
    151   10   2.124152445518411E-007   1.890144605079889E-013   2.124152445518411E-007
    152   10   2.124152445518414E-007   1.890144605079894E-013   2.124152445518414E-007
    154   10   2.124152445518411E-007   1.890144605079889E-013   2.124152445518411E-007
    155   10   2.124152445518414E-007   1.890144605079894E-013   2.124152445518414E-007
    157   10   4.605169002379793E-007   6.231531653041980E-013   4.605169002379793E-007
    158   10   4.605169002379797E-007   6.231531653041993E-013   4.605169002379797E-007
    160   10   4.605169002379793E-007   6.231531653041980E-013   4.605169002379793E-007
    161   10   4.605169002379797E-007   6.231531653041993E-013   4.605169002379797E-007
    223   10   1.633377996281457E-007   6.315856467239972E-014   1.633377996281457E-007
    224   10   1.633377996281456E-007   6.315856467239975E-014   1.633377996281456E-007
    226   10   1.633377996281457E-007   6.315856467239972E-014   1.633377996281457E-007
    227   10   1.633377996281456E-007   6.315856467239975E-014   1.633377996281456E-007
    229   10   2.666018745878800E-007   1.435298533016608E-013   2.666018745878800E-007
    230   10   2.666018745878800E-007   1.435298533016609E-013   2.666018745878800E-007
    232   10   2.666018745878800E-007   1.435298533016608E-013   2.666018745878800E-007
    233   10   2.666018745878800E-007   1.435298533016609E-013   2.666018745878800E-007
    286   10   6.062961691448525E-007   1.428123079675496E-012   6.062961691448525E-007
    287   10   6.062961691448543E-007   1.428123079675506E-012   6.062961691448543E-007
    289   10   6.062961691448525E-007   1.428123079675496E-012   6.062961691448525E-007
    290   10   6.062961691448543E-007   1.428123079675506E-012   6.062961691448543E-007
    292   10   2.804586394455199E-006   2.947105948843332E-011   2.804586394455199E-006
    293   10   2.804586394455206E-006   2.947105948843349E-011   2.804586394455206E-006
    295   10   2.804586394455199E-006   2.947105948843332E-011   2.804586394455199E-006
    296   10   2.804586394455206E-006   2.947105948843349E-011   2.804586394455206E-006
    358   10   1.020927822784752E-006   3.805139716293611E-012   1.020927822784752E-006
    359   10   1.020927822784752E-006   3.805139716293615E-012   1.020927822784752E-006
    361   10   1.020927822784752E-006   3.805139716293611E-012   1.020927822784752E-006
    362   10   1.020927822784752E-006   3.805139716293615E-012   1.020927822784752E-006
    364   10   1.970914673379960E-006   1.153958456572147E-011   1.970914673379960E-006
    365   10   1.970914673379961E-006   1.153958456572148E-011   1.970914673379961E-006
    367   10   1.970914673379960E-006   1.153958456572147E-011   1.970914673379960E-006
    368   10   1.970914673379961E-006   1.153958456572148E-011   1.970914673379961E-006
  </DiscreteSampler_grid>
