  0.00298034422911705  0.01461340773240179  0.02762515269607855  0.04035093714311933
  0.05221098208040002  0.06316712634926711  0.07365120569984508  0.08443195682142787
  0.09633336193249847  0.10863297668548866  0.12103929566748170  0.13313035564989184
  0.14487322690076387  0.15625666902061891  0.16764504304577005  0.17933128593555814
  0.19078131842088070  0.20171178604089587  0.21258815606162029  0.22366159531270219
  0.23482044265917809  0.24581660170987640  0.25716455287259210  0.26882494747990476
  0.28044660178877306  0.29187795148502543  0.30328377200709783  0.31365310145474745
  0.32469173081263825  0.33537436340246579  0.34567940125144309  0.35559943018226936
  0.36516315004448691  0.37526429322303323  0.38470962819801785  0.39421931816309791
  0.40373537780158419  0.41336048967829864  0.42324466012856021  0.43317501144155368
  0.44407853005018955  0.45535276777827238  0.46701981318971025  0.47815810459262603
  0.48925149469141066  0.50034911390510661  0.51170775603334340  0.52316004808824002
  0.53405225224483410  0.54445921163883104  0.55497161927860827  0.56561210173430343
  0.57558977112505183  0.58511286106816740  0.59479775673729562  0.60510624352578180
  0.61701017999289842  0.62993725325233396  0.64257943247854599  0.65406551142885228
  0.66474385413827830  0.67504649571812303  0.68470976545483264  0.69420377698703317
  0.70395946606223392  0.71418278521579071  0.72374381832565382  0.73291688532386645
  0.74199725082981449  0.75147979558238864  0.76147657507166344  0.77189406250327985
  0.78286655115468951  0.79412963599415853  0.80574815654020793  0.81707095077136793
  0.82782672388254741  0.83806567848310498  0.84832507066415674  0.85800458193854734
  0.86803420320105518  0.87790159734131745  0.88745358126451623  0.89631225095565015
  0.90494980983713125  0.91338314783534713  0.92187572105763227  0.93064490192504234
  0.93989676018284063  0.94970738488815964  0.95951950675920505  0.96882467018192286
  0.97733633580794110  0.98487432438496181  0.99273002926035814  1.00000000000000000
  0.00000322818142020  0.00000331346959746  0.00000338839877699  0.00000348054115804
  0.00000358944335390  0.00000369474316974  0.00000380338745615  0.00000394070953584
  0.00000411230114939  0.00000428545736938  0.00000446119982523  0.00000463818947651
  0.00000480686472723  0.00000497073353129  0.00000512651643660  0.00000529037317430
  0.00000545764346791  0.00000562756164903  0.00000580577831453  0.00000600144940430
  0.00000622664404337  0.00000646356794069  0.00000671726351078  0.00000698080408809
  0.00000725494626591  0.00000752056714810  0.00000777310058711  0.00000802409534485
  0.00000828315601129  0.00000854314400746  0.00000882951695559  0.00000911098666585
  0.00000939341808635  0.00000971634335912  0.00001005861221954  0.00001039295522482
  0.00001075492570823  0.00001115529441180  0.00001159714452588  0.00001204073121944
  0.00001249196343086  0.00001302675690955  0.00001362284135088  0.00001420047141078
  0.00001477540366648  0.00001539778898579  0.00001609014324931  0.00001680602511127
  0.00001767761413016  0.00001858914203685  0.00001946244678463  0.00002042212332269
  0.00002145599920192  0.00002255550896876  0.00002376992686746  0.00002512701057884
  0.00002653384583515  0.00002795839458192  0.00002952808112140  0.00003109446401396
  0.00003300280971563  0.00003510007062392  0.00003732433414895  0.00003975508405120
  0.00004239003653402  0.00004527444646617  0.00004834990077778  0.00005155452203116
  0.00005530455924601  0.00005928742964684  0.00006412860552329  0.00006973544181120
  0.00007698088301350  0.00008471223446725  0.00009354183257570  0.00010418380277069
  0.00011699100195237  0.00013149399996623  0.00014754680636888  0.00016545681524426
  0.00018609097330126  0.00020995115264893  0.00024087267014961  0.00027887442081849
  0.00032720645304140  0.00038758339518744  0.00046860572840441  0.00056501652319266
  0.00068307138168814  0.00085664977836802  0.00112375680768962  0.00147236623014653
  0.00222586995245833  0.00441106761264966  0.44069652782439317  1.00000000000000000
  0.00000297693585882  0.00000300890713389  0.00000304816381846  0.00000309951416801
  0.00000319373628451  0.00000328918020051  0.00000337880913230  0.00000345879835860
  0.00000353733403221  0.00000361455061133  0.00000368809049631  0.00000378181531106
  0.00000388105048601  0.00000398724621036  0.00000412590606046  0.00000426596631063
  0.00000442798917901  0.00000466190809076  0.00000485954725073  0.00000508082765105
  0.00000530961815112  0.00000555417983459  0.00000582846642158  0.00000613614748423
  0.00000646058418623  0.00000680535851423  0.00000720224965794  0.00000764891514040
  0.00000814193861226  0.00000869667726957  0.00000926520039451  0.00000989251352592
  0.00001054107766559  0.00001120200310339  0.00001188605729760  0.00001261394404038
  0.00001342206689271  0.00001431519410457  0.00001528928039945  0.00001633420164232
  0.00001741365721110  0.00001857312656262  0.00001977875512416  0.00002112285882801
  0.00002254377803736  0.00002403014392486  0.00002555537510651  0.00002727019397666
  0.00002918357510417  0.00003129094332585  0.00003353791707920  0.00003580432094516
  0.00003811037640896  0.00004056413630562  0.00004329972574895  0.00004640343605101
  0.00004989882308210  0.00005368864579496  0.00005765665081815  0.00006201695012233
  0.00006689418751723  0.00007234416913857  0.00007845765917307  0.00008502188435456
  0.00009209374095546  0.00009972764301346  0.00010703781920403  0.00011535581543114
  0.00012465959558895  0.00013580055235777  0.00014825855190792  0.00016152411827282
  0.00017565391821270  0.00019130055425295  0.00021106236917550  0.00023295323063153
  0.00025553424764720  0.00028535599027369  0.00031973086123666  0.00035764375833480
  0.00039934706774220  0.00044627750968243  0.00049833362682317  0.00055512807803712
  0.00061699438970777  0.00069245439828907  0.00077370744065483  0.00087842362329821
  0.00106604262318602  0.00130629010041266  0.00157398740832556  0.00197405918209949
  0.00245182841978009  0.00315353690525524  0.03116978288324267  1.00000000000000000
  0.00000467581414859  0.00000502796801237  0.00000531725528138  0.00000564996449874
  0.00000601900540758  0.00000645876045902  0.00000688569590471  0.00000725156149043
  0.00000757271611043  0.00000788537930885  0.00000830885297005  0.00000878710425093
  0.00000924919949911  0.00000974265550911  0.00001026458555380  0.00001081949591849
  0.00001140832654741  0.00001201496866565  0.00001264200323943  0.00001329006640437
  0.00001393084993431  0.00001457541293556  0.00001526166468315  0.00001600916584293
  0.00001681525051211  0.00001761956734495  0.00001849086391896  0.00001936636604415
  0.00002036836472682  0.00002148119711896  0.00002264162710903  0.00002381440303606
  0.00002501200330297  0.00002627885840543  0.00002764278241753  0.00002916285696312
  0.00003068858259732  0.00003230475172756  0.00003400947203126  0.00003572727597121
  0.00003757265134609  0.00003963639192092  0.00004203114877597  0.00004449454241975
  0.00004711154462991  0.00004966460119740  0.00005276482636371  0.00005584245417496
  0.00005909673332058  0.00006252693476094  0.00006634216529472  0.00007093335223242
  0.00007622831455493  0.00008203617596793  0.00008803145272834  0.00009471123244448
  0.00010204214030965  0.00011043224972175  0.00011950789869170  0.00012952598523959
  0.00014067179104421  0.00015268462657708  0.00016589223807533  0.00018007763506474
  0.00019600760575947  0.00021322521151947  0.00023262521647793  0.00025347206520529
  0.00027511975644472  0.00030288188807714  0.00033636936311995  0.00037120256653617
  0.00040444152453166  0.00043808370361038  0.00047481058841796  0.00051377080376681
  0.00055533759092542  0.00060414217520270  0.00066365574338659  0.00073079506337867
  0.00079853513280444  0.00087493724809990  0.00095470406905124  0.00104116631644854
  0.00114088356569568  0.00127118531823340  0.00144867000729303  0.00168942279151460
  0.00200051933735233  0.00237688473981548  0.00278310662444148  0.00334759647338626
  0.00399949610149010  0.00452937055613589  0.25279666047440913  1.00000000000000000
 -0.00234634731057580  0.00757665140599255  0.01673710096866981  0.02638939658223170
  0.03669829570283642  0.04792603561025497  0.06005591816546935  0.07189423198760576
  0.08367681892253220  0.09503469780194214  0.10585076730789621  0.11590353290182753
  0.12547678222770292  0.13540315130787500  0.14595684949590082  0.15641476425566378
  0.16636978924492263  0.17537999089821943  0.18388768341305550  0.19257690050977994
  0.20190566406632204  0.21225438772753413  0.22364848586797381  0.23584885133497110
  0.24781344941436495  0.25864228073848483  0.26848721894364763  0.27781981284767576
  0.28735978255048616  0.29755933962728065  0.30865484575841995  0.32031791814966970
  0.33172267118095750  0.34271677077792390  0.35384913388216910  0.36592276950819436
  0.37839480176838669  0.39025141535992092  0.40148378316632866  0.41229135356081642
  0.42319379882245939  0.43443461154840529  0.44590474067178121  0.45754425329741860
  0.46942491255340024  0.48163913992965030  0.49394833674773592  0.50624739759903348
  0.51826836819856381  0.52997877835981755  0.54111188620735007  0.55153254077874492
  0.56200060170036870  0.57209332965499804  0.58214662501962522  0.59108239255341555
  0.60043029890414334  0.61080891201286369  0.62246207012251920  0.63437107593497233
  0.64545054186835660  0.65589459462677568  0.66660551168876425  0.67804705199520654
  0.68991567047711666  0.70094470404575115  0.71162718341787345  0.72212445930637903
  0.73241096670243910  0.74279742230997736  0.75277754089726767  0.76276177366592257
  0.77277063947140745  0.78204518163042847  0.79129809897824932  0.80079863717762834
  0.81081487005226316  0.82125491704318310  0.83153639020425985  0.84158889831403871
  0.85055249623327622  0.85942361944717749  0.86734082161446635  0.87549354988855377
  0.88384980509994626  0.89314701129308371  0.90353130008640281  0.91375186222336435
  0.92389493726880079  0.93360471111137300  0.94341462954798594  0.95349661190438306
  0.96463228377668520  0.97684359625701822  0.98821925470196836  1.00000000000000000
 -0.00187610006735368  0.01106391351326539  0.02196843178806584  0.03283445491031425
  0.04368002543551390  0.05366043738711770  0.06369970522622839  0.07377734299589725
  0.08426733547481634  0.09499946807137391  0.10576044567967448  0.11645137549683600
  0.12733377883891209  0.13860941084594006  0.14939806492783764  0.15956545619669923
  0.16941510659606490  0.17974967392878888  0.19043466157116157  0.20132010123375357
  0.21232223672465139  0.22311484538304047  0.23338865421908775  0.24355775187708070
  0.25366449830407439  0.26404443084004431  0.27411734441358832  0.28387284599907459
  0.29339077423698517  0.30248035010857294  0.31164910058276790  0.32049152001161957
  0.33001186166081026  0.33961595681191548  0.35128352576499622  0.36385232616258956
  0.37616210712915360  0.38720836258093216  0.39761800867791641  0.40838933639147845
  0.41780906730107259  0.42712521011898713  0.43684872699305188  0.44784020417797749
  0.45927527226624926  0.47026670577473317  0.48125853104286354  0.49242354311806108
  0.50329243062714435  0.51364980366568369  0.52416726745253794  0.53474467280522209
  0.54553657910219810  0.55496576795563024  0.56373103263442847  0.57262762251717314
  0.58130237126205297  0.59084576940547873  0.60065266810534346  0.61060433130163549
  0.62213539737781254  0.63428478612633377  0.64701397001637218  0.65797412312789938
  0.66933167901311019  0.68039056814451560  0.69235661890439426  0.70356438986777692
  0.71459943656775038  0.72595718455788927  0.73746848929969988  0.74812220559559583
  0.75847680042817212  0.76874002952574283  0.78025269686235255  0.79247105146172192
  0.80391597899803413  0.81528408403332264  0.82508303160582253  0.83444437187996290
  0.84404911887637635  0.85457717288842738  0.86526272323114306  0.87560030957625246
  0.88550080309755286  0.89510062995430573  0.90489272249352737  0.91466435666310686
  0.92530350334069233  0.93648204547474367  0.94781446175763573  0.95866420407402153
  0.96889283156426464  0.97918464894844415  0.98936797253897657  1.00000000000000000
 -0.00221989999169778  0.01100297997413462  0.02226955339403321  0.03329720751586215
  0.04454959320247102  0.05460685937938235  0.06431358847017551  0.07444525893153127
  0.08451936609070386  0.09441469565033256  0.10381623474727651  0.11314830116940294
  0.12271698202703693  0.13265222783067715  0.14302936927968415  0.15277268047259424
  0.16207075197928986  0.17168340348908528  0.18158615842699197  0.19207736294557332
  0.20164936937800063  0.21082702523526528  0.22079009305268663  0.23121888620261502
  0.24177744305810614  0.25250845947161743  0.26401527127939001  0.27546622747270599
  0.28628401641248308  0.29739365072457680  0.30825050672874177  0.31889077576377428
  0.32912280712034864  0.33881182129316412  0.34875412597396654  0.35938224414102399
  0.36997646553991326  0.38050963244541020  0.39042967038673643  0.40030083019460050
  0.41051082345605122  0.42088768632819362  0.43174413701928521  0.44280305741973486
  0.45407158326020419  0.46555007317961361  0.47676308994927147  0.48720152340490608
  0.49715986333644524  0.50751502733037812  0.51841305605996968  0.53006689375738159
  0.54180115620239921  0.55318189165199971  0.56423337857791178  0.57519380348827720
  0.58666986353893769  0.59849912645783909  0.60954548031285305  0.62002150503034581
  0.63023042262328055  0.64080183576533778  0.65130829915181698  0.66177706683002935
  0.67207635464529369  0.68279673494474080  0.69346122312970027  0.70450917203689090
  0.71574888937254910  0.72736896947650231  0.73855493030419994  0.74843046389365631
  0.75754985291898425  0.76676643086107799  0.77731032419314872  0.78732552535173883
  0.79701493659785172  0.80643931291094861  0.81619728994128438  0.82650257112372183
  0.83764980137692058  0.84991856135687194  0.86251026268498077  0.87467658739440357
  0.88523326774189737  0.89542287497357587  0.90537605452283620  0.91645009803267852
  0.92637365470918687  0.93600603620588441  0.94583949764334774  0.95639610073151582
  0.96734396262452338  0.97833913050510324  0.98923294853748944  1.00000000000000000
 -0.00000546867937495  0.00027170070560572  0.00044169222818461  0.00057405748585697
  0.00065537509292095  0.00073441040563796  0.00081160862200024  0.00088777690821705
  0.00096137213932745  0.00103232028872915  0.00110553757422357  0.00117898248415679
  0.00125140961263496  0.00132732672274794  0.00140609213539158  0.00148169503375660
  0.00156230522470750  0.00164991251476694  0.00173752045096165  0.00182936053919651
  0.00192840926849296  0.00202246972959569  0.00210594832932743  0.00218123652053991
  0.00225095885436185  0.00231786710302742  0.00238561774128005  0.00245412513449481
  0.00253713911483666  0.00263867193080479  0.00277873339259776  0.00292350906808161
  0.00305857643470772  0.00318742021598359  0.00331465369441020  0.00343832818021149
  0.00356358110764992  0.00369345225180616  0.00383778046260022  0.00399427750722973
  0.00412129865761915  0.00422021027388130  0.00431547733444666  0.00440840898832868
  0.00448701051987614  0.00456576489367221  0.00465250014271571  0.00473970366377265
  0.00482804520526787  0.00493516972199273  0.00506250579790851  0.00520298729837955
  0.00534523369006335  0.00551877039199735  0.00565300598583754  0.00579408663782754
  0.00593778340906583  0.00605924922500794  0.00623880626094895  0.00639764100285111
  0.00654337749735285  0.00667965628185450  0.00678910310624060  0.00688312278915969
  0.00697844564301822  0.00707465510625500  0.00720344766805782  0.00733766044243181
  0.00749241553803383  0.00770243552859725  0.00791965643841956  0.00821953961522493
  0.00860149950723040  0.00891849911213437  0.00914417345377518  0.00932972490700191
  0.00952457024999583  0.00980122283003959  0.01061413037034093  0.01078134234929287
  0.01094246652676861  0.01109551083650415  0.01123161331371803  0.01135763157808054
  0.01161068121877621  0.01188952965287559  0.01219933460522005  0.01253393687846560
  0.01283298610501339  0.01311643309054394  0.01341946569502821  0.01704360627326133
  0.01788268860659369  0.01918098892061023  0.34081192155737444  1.00000000000000000
 -0.00239136144524080  0.01068802714101300  0.02220610291773403  0.03442548033521195
  0.04515901016509707  0.05544898809399438  0.06555989025258392  0.07596351025768584
  0.08679532221966449  0.09742507661559249  0.10813256724344383  0.11846046754369141
  0.12855645426856632  0.13862853103191664  0.14910902324361786  0.16023502929382544
  0.17150893703972478  0.18297079131581048  0.19448612802322557  0.20642861585547137
  0.21782605981638503  0.22927199924194058  0.24048649376327083  0.25133432910366577
  0.26197664882047728  0.27263471896655600  0.28337899663615596  0.29414452336394287
  0.30513674921642514  0.31524638442444719  0.32410850344487085  0.33261587830645706
  0.34126267850507408  0.35052052527224808  0.36038797344139017  0.37063647084963158
  0.38147801633733103  0.39251105110702988  0.40329283612274708  0.41377186036658542
  0.42476424214646807  0.43506073847378540  0.44483377749088215  0.45393472538041474
  0.46231888353296946  0.47021652433967764  0.47875701340274690  0.48719776703327522
  0.49520225222424763  0.50294981334730537  0.51103049265462264  0.51977102399327979
  0.53084744547835627  0.54214100541435895  0.55236376019487432  0.56198650877188583
  0.57162685609690489  0.58144742520492332  0.59182264140226071  0.60182424893826658
  0.61181900131157696  0.62129828062189874  0.63152512474809108  0.64179649237676561
  0.65325741699118201  0.66342407329106556  0.67345416096585731  0.68367273387848959
  0.69522643316135546  0.70700486815321062  0.71766136159129978  0.72812993701533668
  0.73880569251837946  0.74981504496124995  0.75982027675751429  0.76979612068322145
  0.78022052648819606  0.79153824804863582  0.80370153784201614  0.81627643819050355
  0.82815833646359249  0.83893840884948201  0.84921391340334162  0.86043105751565796
  0.87148286273456355  0.88211631966851034  0.89235465143178228  0.90317639343035538
  0.91484752355534882  0.92814384659821636  0.94111724266357277  0.95435912683903779
  0.96612858685690362  0.97746783558551953  0.98860087638397809  1.00000000000000000
 -0.00002035405049019  0.00011889527369477  0.00022610955409197  0.00034099280751356
  0.00045692075498330  0.00052284311116269  0.00058332867277824  0.00063685935341204
  0.00069016656888849  0.00074320361528153  0.00079545339063649  0.00084748327416989
  0.00090064517655189  0.00095586277273553  0.00101513495135657  0.00108146277805233
  0.00115067324962407  0.00121883577825818  0.00128622730265528  0.00135256216204210
  0.00141406504264037  0.00147370501551547  0.00153304723629169  0.00159232881131837
  0.00165433361141332  0.00171800378308001  0.00179127265821889  0.00186408786465723
  0.00193647754582555  0.00200674439864843  0.00207505818037881  0.00214109788806972
  0.00221436419944012  0.00229167613049100  0.00237365391928440  0.00246650305146998
  0.00254679548466322  0.00260541864507292  0.00265265043206190  0.00269964810139077
  0.00274640580299652  0.00278483617429771  0.00282326654559891  0.00286561454887622
  0.00290874390508055  0.00295373148108021  0.00299944154590482  0.00306513118420890
  0.00314159166076650  0.00322810893584143  0.00332327145404770  0.00349304594933721
  0.00371488236823510  0.00381488189855243  0.00388568341201156  0.00394792274818390
  0.00401782681589832  0.00410838568056695  0.00418697111421236  0.00426333911478719
  0.00433809123970102  0.00441277400580449  0.00446296413461133  0.00449539894463613
  0.00452783375466093  0.00456032280310880  0.00459330764856774  0.00462629249402667
  0.00465927733948561  0.00469226089265074  0.00472524373546815  0.00475822657828556
  0.00481199644482565  0.00495912413762022  0.00516145541643262  0.00570679529349462
  0.00586786516590949  0.00602291871678239  0.00615800918307474  0.00668207574256184
  0.00692275625307127  0.00716731936218504  0.00906059781513550  0.00921301809738554
  0.00927414578682958  0.00933527347627363  0.00939640116571767  0.00945752885516171
  0.00953524198935205  0.00961348235719299  0.01131045038670609  0.01196863140839840
  0.01228742101449670  0.01263357694143514  0.18786697928617291  1.00000000000000000
 -0.00220572307999166  0.00819704607846866  0.01760151359586409  0.02668718180029776
  0.03724121757925552  0.04728882570099310  0.05684751997952035  0.06648665125881784
  0.07692547272107370  0.08841469449638237  0.10049413899971837  0.11195866226464940
  0.12276884882377838  0.13358531230530785  0.14433305335854180  0.15473199694100595
  0.16509996728159801  0.17595161780656343  0.18667042648574542  0.19685338028223628
  0.20716241277060599  0.21735615228592481  0.22713571222121295  0.23642413496365167
  0.24608566495494230  0.25625798295654867  0.26635432090126732  0.27656754350605667
  0.28702162842778806  0.29751669643486445  0.30834511550202531  0.31899411439922176
  0.32958308744041437  0.33926515327325946  0.34920590372219401  0.35957991953637869
  0.37004398316942438  0.38051320415126816  0.39081286549269284  0.40167877191059159
  0.41325614617853940  0.42547744553040667  0.43790746853823564  0.45068142139879575
  0.46265287406953504  0.47395630328817989  0.48371292124387427  0.49341933637532664
  0.50387450324294158  0.51535815308070254  0.52809547445840321  0.54105736982203023
  0.55358875931151930  0.56559550319016283  0.57681231400249178  0.58755614712257720
  0.59770258489747263  0.60774746240931066  0.61776583836253585  0.62877510575606088
  0.63998844657799336  0.65179923746440849  0.66299836965403414  0.67429498524651887
  0.68521095248046404  0.69629017168880913  0.70670059666884510  0.71691117137774663
  0.72718722668666336  0.73798309579234556  0.74912147301830945  0.75924200191307234
  0.76870232121336524  0.77816637769250729  0.78781237429600004  0.79752121519224606
  0.80714669516898896  0.81705442585982235  0.82756128450646926  0.83889590815848614
  0.85036248569360740  0.86077255584779233  0.87019602957612685  0.88023889578450132
  0.89113666629226751  0.90203803105911273  0.91201396110511979  0.92184200448230236
  0.93164504924159863  0.94157907665376761  0.95252417745455964  0.96387976236560735
  0.97360003867606615  0.98222239437525649  0.99074577984002887  1.00000000000000000
  0.43565830514000742  0.54717268614059089  0.55274974340452510  0.55763178372465982
  0.56364054345781955  0.56835399221621363  0.57262318723334193  0.57666142494667672
  0.58092625472942350  0.58516502128003622  0.58951332557894809  0.59488474011127135
  0.60013775704265560  0.60533286540609044  0.61016752467997337  0.61477587609678608
  0.61954851157221225  0.62458038910316338  0.62959885141403671  0.63418666671159085
  0.63832621523250943  0.64253648488577819  0.64657071996308091  0.65072964837006375
  0.65546222471473503  0.66079902388928025  0.66655341011000202  0.67196002052572734
  0.67689708952231031  0.68190041889232045  0.68697594596932932  0.69219012739612129
  0.69747097149627557  0.70278980777766986  0.70815153863019298  0.71318212360765820
  0.71789023110108119  0.72258408539012686  0.72745620058527594  0.73252314887457459
  0.73766765223999253  0.74256359843030006  0.74717136119522487  0.75160362188002017
  0.75593228730480533  0.76027832366657588  0.76464855352574401  0.76896835865503621
  0.77321643780967575  0.77753213188334513  0.78204226257833587  0.78676096274242080
  0.79187647596058719  0.79712006291181248  0.80222850625993114  0.80702856042911231
  0.81190042373108051  0.81681858570538468  0.82184856459917621  0.82690988869466420
  0.83209106972017954  0.83735048170177961  0.84229132358151537  0.84702321345380616
  0.85180348358975710  0.85684500334714386  0.86172825062180125  0.86645442523202232
  0.87097036350420043  0.87549527883312439  0.87992217777872173  0.88418857618595936
  0.88834627232400087  0.89246560972513156  0.89665401299645353  0.90087636199160015
  0.90499673642646450  0.90897940865667948  0.91281573720705789  0.91665396952316713
  0.92054151829081965  0.92434207006697100  0.92818931232986690  0.93213572299483516
  0.93614808641980440  0.94057851185681807  0.94536626450878658  0.95008275283897903
  0.95479456738383406  0.95971045248367759  0.96486847334396164  0.97043623396807521
  0.97629454714070196  0.98300758773903141  0.99081336465292058  1.00000000000000000
  0.02241316927427712  0.18102286715058802  0.19576304088646440  0.20871913895971139
  0.22125352723369268  0.23423848925932564  0.24690442507939467  0.25774854534498254
  0.26740158177410245  0.27587314460746909  0.28421597306174778  0.29275899102663644
  0.30135238210122489  0.30965241565364421  0.31742154059616434  0.32422651866475832
  0.32984255879830576  0.33555605011210005  0.34117324499521939  0.34726081351768245
  0.35355585519564120  0.35981509104959214  0.36551310964861394  0.37134077957256334
  0.37689613026715224  0.38265976426130743  0.38822620650074585  0.39385540105567995
  0.39951066520027068  0.40470893801751906  0.40957643282286560  0.41445409975670422
  0.41953419848115892  0.42535597051441770  0.43101044735842453  0.43656313541267078
  0.44168292602998543  0.44645120497194868  0.45099950614554246  0.45523240192816339
  0.45983247888930018  0.46471148486395075  0.47011925446511410  0.47592896544847113
  0.48170722085345991  0.48741298372393704  0.49308078161450375  0.49889372643156121
  0.50465359892456862  0.51013858280578550  0.51534966050351561  0.52032795626852013
  0.52514994845130558  0.52998789211964881  0.53494638663727256  0.53991550133603605
  0.54470434425407943  0.54961022414778049  0.55473530874708366  0.56012813986967203
  0.56547844923486634  0.57038525624866176  0.57509213065981613  0.57977986031218731
  0.58482340074067396  0.59023199060741327  0.59561452185697350  0.60099016725567600
  0.60634499903877248  0.61156441547731244  0.61690414759055279  0.62181867949481628
  0.62738124463947587  0.63320831889804796  0.63916757428450366  0.64502048903941589
  0.65037931082929423  0.65563242892084783  0.66098228284022842  0.66649810189288072
  0.67261629240456400  0.67974260478780490  0.68674311619557760  0.69327510536862147
  0.69947613525112773  0.70654564016065924  0.71468487153734739  0.72330449192789581
  0.73170859864644511  0.74072807331785040  0.75158035262199641  0.76400300914665020
  0.78025607137956832  0.80358607754702893  0.84527288275820922  1.00000000000000000
   1.6561029594143718E-005  -1.0000000000000000     
 F F F F F F F F F F F F F F F F F F F F F F F F F F F F F F F F F F F F F F F F F F F F F F F F F F F F F F F F F F F F F F F F F F F F F F F F F F F F F F F F F F F F F F F F F F F F F F F F F F F F F F F F F F F F F F F F F F F F F F F F F F F F F F F F F F F F F F F F F F F F F F F F F F F F F F F F F F F F F F F F F F F F F F F F F F F F F F F F F F F F F F F F F F F F F F F F F F F F F F F F F F F F F F F F F F F F F F F F F F F F F F F F F F F F F F F F F F F F F F F F F F F F F F F F F F F F F F F F
  <DiscreteSampler_grid>
  grouped_processes
  1 # 1 for a reference and 2 for a running grid.
  10 # Attribute 'min_bin_probing_points' of the grid.
  1 # Attribute 'grid_mode' of the grid. 1=='default',2=='initialization'
  0.0000000000000000 # Attribute 'small_contrib_threshold' of the grid.
  0.5000000000000000 # Attribute 'damping_power' of the grid.
 # binID   n_entries weight   weight_sqr   abs_weight
    10   10   2.321765087042410E-001   1.578834925775335E-001   2.321765087042410E-001
    16   10   2.152396901272893E-001   3.830510703183475E-001   2.152396901272893E-001
  </DiscreteSampler_grid>
