  0.00361338677889437  0.01191508465264306  0.02152729812618503  0.03128328547079623
  0.04085529865117096  0.05035110585672924  0.06057185849799591  0.07181724401957976
  0.08306171390871914  0.09384558673969719  0.10413229268965327  0.11302102540330457
  0.12242481265508613  0.13159742185853643  0.14200268602944047  0.15208415956415253
  0.16190225273583089  0.17188906335273124  0.18179162403707722  0.19240305352033157
  0.20407705291569853  0.21598894568939123  0.22714792029632838  0.23763903865044086
  0.24832650813456364  0.25845995585133008  0.26909320230444600  0.27967400874838683
  0.29078262006418798  0.30215017840135566  0.31321683942292083  0.32460630066223783
  0.33539690341577238  0.34610298222179292  0.35674518435150215  0.36706855146763528
  0.37732647769685501  0.38803536136214595  0.40018095431195849  0.41191668773384588
  0.42308244375595971  0.43398617477090706  0.44495182242062981  0.45612172095524950
  0.46699721274769845  0.47817008875070760  0.48929310143456639  0.50016644021280843
  0.51088815301386759  0.52109726651249910  0.53106139859806911  0.54031492964973060
  0.54969448350029504  0.55931721099530052  0.56993739024779599  0.58034262368037026
  0.59026496064195255  0.59920140664702393  0.60818679864721048  0.61778738487912377
  0.62785174309845948  0.63871278789812358  0.64972580787601530  0.66104593157299729
  0.67257616779482920  0.68369450139347743  0.69456784676474603  0.70484158236588890
  0.71527343750488337  0.72581290135272947  0.73679895428181397  0.74777826052793850
  0.75807597451556319  0.76827820087203891  0.77877740473263624  0.78983696138951565
  0.80150362168105260  0.81339578071197194  0.82531632848129322  0.83648446413494737
  0.84655395368995878  0.85648007078561261  0.86580735117277385  0.87541302895078765
  0.88550050885909182  0.89579797676451745  0.90588509020636065  0.91614807106308471
  0.92640922444786877  0.93684970077158025  0.94750465873565592  0.95857058296029618
  0.96934608155367041  0.97992262525872142  0.99001192010826700  1.00000000000000000
  0.00003020086535297  0.00004074785739603  0.00004682002484668  0.00005137145640859
  0.00005527257399275  0.00005889582968650  0.00006236632440584  0.00006594868001198
  0.00006952815768845  0.00007318983874089  0.00007675575340233  0.00008033235048912
  0.00008409985208515  0.00008801413925394  0.00009204432397254  0.00009617844409179
  0.00010023206117762  0.00010459627745471  0.00010910791642501  0.00011384176662739
  0.00011851812144341  0.00012325596405892  0.00012794349184203  0.00013266836183294
  0.00013760034510341  0.00014257117675549  0.00014775014531562  0.00015314779289245
  0.00015875832409800  0.00016488209316846  0.00017090873016088  0.00017727214012816
  0.00018342672010558  0.00018958576669078  0.00019578205949162  0.00020242736377454
  0.00020944280807580  0.00021640437274730  0.00022351406904834  0.00023111180402351
  0.00023919132212515  0.00024735631205820  0.00025571399402480  0.00026466602016334
  0.00027433285929558  0.00028451175786028  0.00029493874272270  0.00030523374438436
  0.00031569986825170  0.00032644111179375  0.00033690695966486  0.00034840159715301
  0.00035949474296019  0.00037020143565654  0.00038132426639889  0.00039318206936956
  0.00040543529193079  0.00041861357890755  0.00043321597784372  0.00044981315345682
  0.00046982729474909  0.00048996242207155  0.00051188042859495  0.00053407623983793
  0.00055694227129676  0.00058054804216845  0.00060743808180250  0.00063295844473705
  0.00066049073466399  0.00069023835955947  0.00072050551412447  0.00075382977556535
  0.00078919637404064  0.00083211294252831  0.00087666797214840  0.00092781678046693
  0.00098776734244595  0.00104451803609355  0.00110988343046454  0.00118343244845641
  0.00127099151262209  0.00137536210782861  0.00148269885188413  0.00159800977026252
  0.00169905879769247  0.00179583843808504  0.00190445135892003  0.00204810440438771
  0.00221812979649935  0.00247359167465471  0.00273300867369011  0.00308093923085054
  0.00366082910692443  0.00478034657828823  0.02963071671248428  1.00000000000000000
  0.00000209267101698  0.00000214552811144  0.00000222059797152  0.00000232056673965
  0.00000243099970719  0.00000254610954119  0.00000265972422932  0.00000278041172309
  0.00000290176649423  0.00000302021382661  0.00000313957731337  0.00000326988472863
  0.00000340956713775  0.00000355251862882  0.00000370197550625  0.00000387125574251
  0.00000405237847984  0.00000423573726370  0.00000442694766524  0.00000462324428004
  0.00000482548865593  0.00000502157239278  0.00000523096116765  0.00000544697130991
  0.00000567035796164  0.00000590839885187  0.00000616519887687  0.00000644541873305
  0.00000673738907111  0.00000705326728059  0.00000739355455877  0.00000771764635193
  0.00000806201848793  0.00000843799486790  0.00000884901173738  0.00000929196667632
  0.00000975789434721  0.00001024469254654  0.00001073188759134  0.00001122474131656
  0.00001175672870450  0.00001229242413250  0.00001286773230080  0.00001353768162190
  0.00001422257355845  0.00001495265461578  0.00001571209278138  0.00001648857816887
  0.00001724603509797  0.00001813219243285  0.00001901453848192  0.00001998066716774
  0.00002105843751860  0.00002216339587352  0.00002328527240458  0.00002453197881274
  0.00002586278796160  0.00002733307093358  0.00002897246279331  0.00003068980321222
  0.00003252506397687  0.00003451723851330  0.00003660069389668  0.00003887692263798
  0.00004129407021559  0.00004397557053961  0.00004693459112613  0.00005017693779352
  0.00005373232335746  0.00005752138352295  0.00006176738228033  0.00006660280613365
  0.00007222520626190  0.00007862748034474  0.00008548771199684  0.00009328931916327
  0.00010243297316209  0.00011327846269225  0.00012590574691761  0.00014065599990398
  0.00015886057259095  0.00018113217895833  0.00020654588435221  0.00023396422792081
  0.00026222828096775  0.00029745991581497  0.00034420635467461  0.00041034641176173
  0.00049207547383135  0.00059602137327280  0.00073719599297283  0.00096564675899885
  0.00138832821597071  0.00238169009719823  0.02588096050962081  1.00000000000000000
 -0.00217188390783366  0.01138556045921111  0.02241745622377497  0.03438392173160742
  0.04666978896459065  0.05954952645393613  0.07204230000413642  0.08382030508156714
  0.09525629979494683  0.10538303451902310  0.11514865042829739  0.12465334260006959
  0.13496841200205895  0.14571980314981281  0.15631556692384341  0.16703857700389785
  0.17760929978407280  0.18793268943854793  0.19793555965878712  0.20795037847599748
  0.21793970815948507  0.22793286382163788  0.23855982856233932  0.24971946541202572
  0.26054661699458481  0.27108080667398760  0.28224350595873238  0.29319079914395252
  0.30267737620862228  0.31207882284176508  0.32201453242288530  0.33222356142296494
  0.34149446198950606  0.35044518477277653  0.36000672873267819  0.37050988496686471
  0.38120670828949171  0.39155076359214513  0.40156267295428083  0.41145080829668607
  0.42222291130138517  0.43296458090689560  0.44314696667601711  0.45284019800174435
  0.46219809817998847  0.47108925426663228  0.48008342467345100  0.48936795434409991
  0.49860120008632219  0.50790401534834961  0.51745163789435211  0.52763732671435859
  0.53869062107221033  0.54983876218887251  0.56076554020365121  0.57134896354729070
  0.58177033175183834  0.59233201627952137  0.60267568132362204  0.61304202950787634
  0.62326603497847111  0.63382499806291648  0.64448173759845639  0.65463294827541774
  0.66486820070539909  0.67483093178379905  0.68496505205251745  0.69523450106679330
  0.70565050054831902  0.71588622632670496  0.72587507986870448  0.73587932592328043
  0.74640564993397618  0.75748844773261803  0.76875853452668352  0.78021349565221398
  0.79151650201638346  0.80269841604988812  0.81381485449982394  0.82512926354368055
  0.83659464245976467  0.84750076341538239  0.85801485998678051  0.86818404178437514
  0.87842647074596603  0.88863673510881958  0.89945363093745134  0.90999095363300653
  0.92012398355579639  0.93003394527771277  0.94054238651718147  0.95189467010133433
  0.96370659787549173  0.97538924381435466  0.98758129642346160  1.00000000000000000
 -0.00182543264333114  0.00974008436059814  0.01987656354158339  0.02985999879258318
  0.04009508124361132  0.05071840867860889  0.06138792838092971  0.07173470249347290
  0.08207361969049146  0.09235970555507435  0.10252142004756350  0.11302924547300326
  0.12367400666956002  0.13434913770212131  0.14501687889357348  0.15582059843522283
  0.16631428701565726  0.17704690063713158  0.18734552288816919  0.19850241506221894
  0.20938041335247681  0.21972482187541179  0.23002732748522026  0.24034500878993564
  0.25043317162419682  0.26088547946331742  0.27064378138450323  0.28041430845113385
  0.29047180969138586  0.29985756579466688  0.31031381067478625  0.32078024267542710
  0.33227986320774389  0.34280841285835867  0.35345797913802240  0.36485378079910979
  0.37652947890344962  0.38776571223614192  0.39882878563731894  0.40970861541437653
  0.42050394611848418  0.43110870907672466  0.44171243964336093  0.45213487111035916
  0.46243441038379135  0.47281988572244943  0.48364259275162758  0.49492053042073658
  0.50629807812929795  0.51715732299396755  0.52768865056030156  0.53800628711374654
  0.54828577040504156  0.55876536682386713  0.56926485880086730  0.57978514628613254
  0.58980549651320258  0.59936210989069771  0.60866015602015411  0.61795848741679693
  0.62787634567220107  0.63849826754122962  0.64969855351411065  0.66032420057664898
  0.67045828945515273  0.68063593924532217  0.69118739651417993  0.70260621475677543
  0.71469203683459115  0.72704263237759870  0.73860736834360097  0.74977884071967249
  0.76099189582684623  0.77186148808689881  0.78251010618291350  0.79275701827281631
  0.80332064296829353  0.81361782447746545  0.82469295244625307  0.83547283178900567
  0.84704661642467283  0.85787569690612864  0.86877524461703892  0.87988889716352703
  0.89132044860040249  0.90310022452536753  0.91426482303235068  0.92417036403495967
  0.93360923337956558  0.94286834977889200  0.95237398335323320  0.96138530626228680
  0.97038945676408750  0.97933003249048933  0.98956835986394287  1.00000000000000000
 -0.00197584614356180  0.00825523154015353  0.01825613859353815  0.02827974977012167
  0.03850045710139541  0.04831159509652615  0.05756652486523291  0.06668595638890225
  0.07572886951812784  0.08493205576286114  0.09479369476694473  0.10505373322488730
  0.11524221795001786  0.12480349109782356  0.13391822532841086  0.14317299319659138
  0.15259383717546790  0.16319976230935782  0.17383844665867859  0.18443463289686612
  0.19430890411941490  0.20444099848489233  0.21485424163927666  0.22538132338801875
  0.23583092713707160  0.24636215383437934  0.25718315245338258  0.26858835335990877
  0.28010689662045046  0.29156193627545535  0.30267853802246653  0.31372365381370376
  0.32513515455889358  0.33776815494085322  0.35110177790371966  0.36401172407738525
  0.37620368724968650  0.38797492462619648  0.39871422384060118  0.40932490768085056
  0.41961244449573354  0.43072928549901002  0.44158484826162714  0.45199308559111001
  0.46224896125912496  0.47273815915248246  0.48412330688161115  0.49605320861429653
  0.50804320769489164  0.51955329546105433  0.53030531554376314  0.54053996849662733
  0.55132281126097726  0.56092498104273980  0.57036505509767643  0.57968746538258031
  0.58962412756536675  0.60084544749030622  0.61208087675998823  0.62323378249879968
  0.63461327212228014  0.64634462044170427  0.65855582277424263  0.67138793608093328
  0.68353898858840201  0.69504738764412433  0.70610160465379779  0.71760018879029341
  0.72942281732531422  0.74114668829590880  0.75265211631144169  0.76387590356974111
  0.77507019647876196  0.78636069449511992  0.79796311897732819  0.80954017737430783
  0.82036126651572094  0.83067032438431332  0.84036913929572243  0.85005324044569797
  0.86007032885669277  0.86967147049637761  0.87931325936222826  0.88881810679118256
  0.89853403703534185  0.90872090035098163  0.91850702862111455  0.92803047390813675
  0.93701378644989108  0.94587923699413434  0.95512270090000162  0.96482122046382002
  0.97389524306411857  0.98301311717796636  0.99133422075664068  1.00000000000000000
 -0.00251869017214426  0.00963999326569198  0.01976495920314058  0.03086137557938787
  0.04196605758695687  0.05255422900892546  0.06279149605251462  0.07285190203165796
  0.08387614655113926  0.09477141539576692  0.10677316971732473  0.11969913933011755
  0.13156767669605254  0.14312251155534023  0.15386656799023493  0.16523103792390847
  0.17624746754420381  0.18789141713522040  0.19969790234374649  0.21071184578536789
  0.22089747253248668  0.23092516957777304  0.24092509583301397  0.25102731650730553
  0.26119143286546437  0.27160210900637644  0.28204734255340830  0.29270555633709283
  0.30370357664117442  0.31544641169749799  0.32679781275529995  0.33744046642898817
  0.34754641322455210  0.35735415475257071  0.36686748826065235  0.37679149665979444
  0.38721389471261319  0.39781611424937419  0.40751972878732201  0.41638815898515219
  0.42509710261349354  0.43422201965481344  0.44348406736164309  0.45221381031937902
  0.46110946181040802  0.47094943585127180  0.48140592478090055  0.49208163569656388
  0.50245900725027537  0.51358264619817073  0.52558608584621180  0.53693267755584007
  0.54802435168981245  0.55862088695267964  0.56923084242130517  0.57981105354220008
  0.59029793477005277  0.60108812945154799  0.61122371306488144  0.62120634442582634
  0.63105696655084209  0.64143058818089860  0.65168044903838385  0.66206529814145887
  0.67199962203644537  0.68182127174233265  0.69138757836627585  0.70122151341539862
  0.71134893040640468  0.72139004926667827  0.73139840382580024  0.74063084044584737
  0.75012096453023458  0.75999051417903163  0.77051793556655646  0.78124588532896555
  0.79182835828320175  0.80243017721152265  0.81297589683892768  0.82328985825847745
  0.83348853591963012  0.84390703090867636  0.85400907033156326  0.86416208591152122
  0.87448639408597606  0.88518685470071956  0.89605046399173927  0.90748921845259056
  0.91960560389718959  0.93191726085196369  0.94350022948072121  0.95463217333215544
  0.96608413078065980  0.97777216243445064  0.98901877081158185  1.00000000000000000
 -0.00216436161369006  0.00870894640152009  0.01831454236345468  0.02849782970176307
  0.03883402537432669  0.04947701641203649  0.06069398224148560  0.07235886915735895
  0.08352780905386815  0.09406706934914927  0.10406496064027421  0.11400047422351693
  0.12400221658211445  0.13413170182483686  0.14472027161845852  0.15534142192820713
  0.16698764419691184  0.17921852986255810  0.19112536034653091  0.20202889497008336
  0.21292500434423528  0.22353474933671957  0.23440011380487111  0.24500253457020818
  0.25627122679600844  0.26744541578720687  0.27846366966198738  0.28896203848581770
  0.29983578130563826  0.31071675815522909  0.32051738525186696  0.32962589907532747
  0.33887939505622622  0.34935030820733853  0.36036907502533266  0.37107695132530855
  0.38160535766067238  0.39254725264734014  0.40410745974336471  0.41588752538728707
  0.42770281682955447  0.43938993011641619  0.45080632293186257  0.46264130998695185
  0.47438301125999033  0.48575865081533542  0.49685541424729984  0.50785813036367933
  0.51942641223682884  0.53108316016395052  0.54198470963048828  0.55242109328822664
  0.56289171179796793  0.57323208291683281  0.58478892261338156  0.59636365576053829
  0.60801157728573052  0.61951523520457563  0.63105580930666616  0.64257306822010563
  0.65255315874522102  0.66223492593817002  0.67194465886392130  0.68223734837626959
  0.69296941842812476  0.70317733603279653  0.71348074262731098  0.72281452977186389
  0.73247165488296739  0.74300903313574973  0.75433341124619291  0.76447502082211050
  0.77382323388020757  0.78361588278425409  0.79395796948071762  0.80457927490311831
  0.81400866632164715  0.82336104517071418  0.83209738879340966  0.84158422812395806
  0.85124945099328719  0.86212444586431536  0.87274589571596872  0.88306978830305294
  0.89351769277071136  0.90470081570756777  0.91633561967560584  0.92725039106456775
  0.93767820854265282  0.94726028817545105  0.95670711765233185  0.96551679426854520
  0.97413870852207141  0.98253388523778029  0.99130565028465389  1.00000000000000000
 -0.00274634095125592  0.01126293576218444  0.02225370183202640  0.03266420289010161
  0.04191561505443529  0.05140725450992816  0.06115681896342956  0.07114039062025125
  0.08155762965007377  0.09214158268230323  0.10306439032558773  0.11433643191118520
  0.12543031957397505  0.13652005923682989  0.14825644772633506  0.16014136536803053
  0.17124724281380138  0.18154559938365455  0.19176019812484879  0.20211745373075168
  0.21254356676051245  0.22313411166721475  0.23391285985943899  0.24483905246862819
  0.25539596776451096  0.26575223385171554  0.27637257604455440  0.28730503652159683
  0.29812657302143170  0.30834016416024990  0.31886734464543171  0.32953955209931951
  0.34071985657262549  0.35257524686886588  0.36498119349919050  0.37701036808028687
  0.38819636006789787  0.39905071253857088  0.40986223894070234  0.42129723911074968
  0.43329083185326328  0.44457904563644463  0.45547536183573462  0.46599130493428387
  0.47642354453701546  0.48721937933324833  0.49859475172314049  0.50945919330063394
  0.51976597277601577  0.52955317513911149  0.53989182846923378  0.55066374893280334
  0.56162278245505570  0.57268758510039186  0.58387014099948642  0.59479641410307493
  0.60543939022396664  0.61579581129725813  0.62614290716902032  0.63578828466331594
  0.64462607308971620  0.65306751174927968  0.66212070924544497  0.67261000568001883
  0.68279125184985179  0.69240755451993097  0.70173023663246425  0.71112552091624126
  0.72113493498178582  0.73155719479613401  0.74223496009368761  0.75331651439585301
  0.76506510056499877  0.77633603557436492  0.78679164222537956  0.79617341902825189
  0.80587446395291984  0.81549403502110385  0.82554652403690743  0.83519482262003630
  0.84506551437983102  0.85460567287877665  0.86437461191507226  0.87369044172117050
  0.88378548635431886  0.89376802253383858  0.90412760805660142  0.91443473230562311
  0.92403499470191264  0.93323715148546860  0.94320161324705731  0.95418321145329699
  0.96531763344167032  0.97641393629267870  0.98808648212578842  1.00000000000000000
 -0.00244910051351910  0.01380882115908157  0.02833164415037143  0.04204441095771261
  0.05517103479331728  0.06740025516941570  0.07941040848385805  0.09115887825059152
  0.10319239018548834  0.11546009845538630  0.12796712969279939  0.13999048001236719
  0.15100107317692632  0.16168277483090601  0.17229210556048943  0.18350596360286053
  0.19351474538409796  0.20325622364577853  0.21354909190609661  0.22503022856882424
  0.23629897231196179  0.24665334484859927  0.25734294900077631  0.26827584657805381
  0.27883780669465630  0.28850263302425039  0.29846762431327228  0.30818434735136152
  0.31785836135105744  0.32739572032668240  0.33682725697884219  0.34607395954235309
  0.35489997338742113  0.36383149048545260  0.37309898660307872  0.38259464258217690
  0.39229384599074268  0.40186675633364427  0.41101707284784489  0.41936545686984700
  0.42658443892136183  0.43388949244172470  0.44195218549297738  0.45194242365198706
  0.46264355731033774  0.47327524560022999  0.48474132303920514  0.49489491146570780
  0.50425499498792326  0.51244320289890610  0.52099915712483080  0.52946641642416448
  0.53783839084914298  0.54642393102963538  0.55532618281578783  0.56505626915442209
  0.57514027823779135  0.58503224665575593  0.59480796968045191  0.60472957232835223
  0.61491401370220600  0.62491547064177300  0.63463077808880053  0.64469792299636919
  0.65520212393074562  0.66600982005101472  0.67708469725250398  0.68827717792299903
  0.69921647136606491  0.70956680020281448  0.71932931340482753  0.72903873339189063
  0.73870971143564368  0.74855954834558669  0.75847610120896947  0.76872545470369535
  0.77875818199084135  0.78913595990548258  0.80043197335452554  0.81126539191617442
  0.82095307529056716  0.82995733961641516  0.84028632039781814  0.85182801600907565
  0.86229909458339171  0.87270607771949971  0.88463325985604890  0.89676221235243836
  0.90879542853329820  0.92019339253600818  0.93124448539306570  0.94304743843656902
  0.95616811497023702  0.97041824037434288  0.98486231662153501  1.00000000000000000
 -0.00217029069736570  0.00927592637413336  0.01926088696301834  0.02972418471374062
  0.04042865361945470  0.05198516635906242  0.06399870944955550  0.07603046483101152
  0.08775756086088736  0.09862312079048022  0.10902841238643823  0.11867009974646131
  0.12828050707101890  0.13805610358097278  0.14792616524170410  0.15801366922460969
  0.16827225020339237  0.17866189336024629  0.18897581411688910  0.19967839342031662
  0.21094692917626218  0.22192636596422594  0.23164096700813130  0.24059921746927193
  0.25023365004230663  0.26149382020091494  0.27311499495170938  0.28412523348276508
  0.29459265554533176  0.30492175438270697  0.31535240760755845  0.32715885960289570
  0.33914329458040837  0.35123101947979440  0.36319598188304780  0.37517653081348362
  0.38705174258982261  0.39856951027664184  0.40913118226544509  0.41989912281137143
  0.43087745456416565  0.44225946517668446  0.45314410595486271  0.46467547568663398
  0.47681198565794736  0.48820867154316272  0.49998808881409523  0.51135765748634476
  0.52258539629509149  0.53258413686533124  0.54216026828682118  0.55189682671782259
  0.56224386243773650  0.57205967996937901  0.58229705921263508  0.59175291432641541
  0.60165080924808367  0.61137693915613611  0.62090601167437753  0.63078154776126638
  0.64119824462349828  0.65146557080702150  0.66141707492490676  0.67113804930366960
  0.68084024598888093  0.68995917287649033  0.69913812195207536  0.70912357758548827
  0.72066993036028204  0.73103568116235473  0.74094745668612005  0.75076943371910343
  0.76195051808950642  0.77347541561486832  0.78498175904257439  0.79593549721504919
  0.80756735211743214  0.81915347048254872  0.83099628103400969  0.84225604035898671
  0.85319768267287266  0.86312179748851636  0.87254345905275432  0.88143957070820822
  0.89068334734132160  0.90040981758068861  0.91078036578159149  0.92118147915619319
  0.93046941138200712  0.93945422429289671  0.94842349689247107  0.95769834812586763
  0.96753733633445504  0.97803326422850767  0.98920361551067704  1.00000000000000000
  0.47619505867863393  0.53536926770284243  0.54492214012328200  0.55400755303087545
  0.56514485605893561  0.57308805813197350  0.57992561510925567  0.58709666521857695
  0.59300105966324113  0.59939420191447024  0.60608752975739866  0.61387769950173432
  0.62164617721181914  0.62919834812725628  0.63639352697057316  0.64272640338814024
  0.64810947526536034  0.65297759382348186  0.65826740954607543  0.66427822615742615
  0.66980024805630767  0.67501401238419378  0.67984725585438721  0.68455409911800047
  0.68916722139441833  0.69402464786810059  0.69925980089331219  0.70467503275547649
  0.71041929763799694  0.71614421179694554  0.72161043064423347  0.72674869444354295
  0.73181773630906166  0.73696516368238640  0.74241236646831121  0.74771058746556118
  0.75268466874113560  0.75731274061321341  0.76180691705470149  0.76628888725719568
  0.77074070768116254  0.77515328194001587  0.77971502273264903  0.78453096311506931
  0.78921041438344064  0.79355513167155634  0.79770213613590646  0.80180540165215575
  0.80596655699539188  0.80992334754090844  0.81377253999500099  0.81753722360991488
  0.82117826091969259  0.82493900593648539  0.82852937245504366  0.83231902631764410
  0.83616332500201840  0.84012846242418981  0.84385194289907262  0.84759134404259606
  0.85115377332305364  0.85486624840096648  0.85850651047927018  0.86208911103941532
  0.86565635396156271  0.86924368444880962  0.87297025425134944  0.87687412715625446
  0.88072804067346144  0.88436324790097876  0.88782570496567081  0.89125469187402839
  0.89484463242481793  0.89865774506037355  0.90251756974510577  0.90638169494340737
  0.91032148260303514  0.91426148236877836  0.91826648870596594  0.92218593091510170
  0.92608561852253146  0.92998652499069412  0.93387924156464575  0.93776635052044388
  0.94162831122830204  0.94546599808585385  0.94940636173701565  0.95344625547607564
  0.95729932199499601  0.96163363927816170  0.96602682807447193  0.97107367844593384
  0.97655776407766859  0.98308553686474875  0.99102874584247280  1.00000000000000000
  0.01222462741324947  0.16566993990735102  0.19021816932071575  0.20845512887171797
  0.22262437449870823  0.23423685944867104  0.24443417146875338  0.25369976391841492
  0.26217725125125219  0.27063949919825420  0.27891638755286546  0.28740709782285861
  0.29558223933508926  0.30325203297055991  0.31056851311580963  0.31756876717878446
  0.32435162003682422  0.33154251880433883  0.33924316501376028  0.34712046215415648
  0.35448637014332207  0.36128366029848852  0.36784976664605518  0.37418755206046383
  0.38029944667525184  0.38620359542553656  0.39138522939956638  0.39645618549381556
  0.40136730692153655  0.40645623727157243  0.41191371309986025  0.41760112953883677
  0.42342483651213597  0.42941220646721157  0.43515919585776702  0.44049637807488001
  0.44561193832379953  0.45084448576106140  0.45603666026040196  0.46131951011530825
  0.46676698840515524  0.47212969029230162  0.47786353345447208  0.48359301253425035
  0.48880752945033279  0.49386631245080087  0.49899537465743182  0.50430908306728095
  0.50982590802482708  0.51542174603659152  0.52108869086633758  0.52658711567393068
  0.53162773643346228  0.53639240495881635  0.54113876497460123  0.54603227592576986
  0.55120547602745928  0.55630741717334597  0.56163720047967536  0.56718474917041772
  0.57297085172400741  0.57865598677174634  0.58438511912895774  0.59017204634977205
  0.59612592580572543  0.60235217964887910  0.60848770211219172  0.61430394216688988
  0.61996332947847121  0.62557122164522572  0.63101015155490969  0.63659870923659123
  0.64259658947528697  0.64881156764405590  0.65541273281793311  0.66182238930330095
  0.66858972681934958  0.67571380244351109  0.68317149403292476  0.69144699743897176
  0.70080214202246338  0.71025758250325832  0.71884750266742536  0.72666373302899379
  0.73457013685305139  0.74260778266210892  0.75140195288410083  0.76110794450477226
  0.77223012573181338  0.78323331921962747  0.79268459121972512  0.80227246543421038
  0.81370740020275789  0.83286977724958078  0.86596787681196219  1.00000000000000000
   7.2471876337269260E-007  -1.0000000000000000     
 F F F F F F F F F F F F F F F F F F F F F F F F F F F F F F F F F F F F F F F F F F F F F F F F F F F F F F F F F F F F F F F F F F F F F F F F F F F F F F F F F F F F F F F F F F F F F F F F F F F F F F F F F F F F F F F F F F F F F F F F F F F F F F F F F F F F F F F F F F F F F F F F F F F F F F F F F F F F F F F F F F F F F F F F F F F F F F F F F F F F F F F F F F F F F F F F F F F F F F F F F F F F F F F F F F F F F F F F F F F F F F F F F F F F F F F F F F F F F F F F F F F F F F F F F F F F F F F F
  <DiscreteSampler_grid>
  grouped_processes
  1 # 1 for a reference and 2 for a running grid.
  10 # Attribute 'min_bin_probing_points' of the grid.
  1 # Attribute 'grid_mode' of the grid. 1=='default',2=='initialization'
  0.0000000000000000 # Attribute 'small_contrib_threshold' of the grid.
  0.5000000000000000 # Attribute 'damping_power' of the grid.
 # binID   n_entries weight   weight_sqr   abs_weight
    10   10   2.057768795833972E-002   1.452216396342746E-003   2.057768795833972E-002
    16   10   2.109427223243597E-002   1.053785546077082E-003   2.109427223243597E-002
  </DiscreteSampler_grid>
