  0.00311202845986949  0.01322575545165373  0.02474745417937481  0.03554343553210143
  0.04628456917770057  0.05695463628907253  0.06733229827599724  0.07731911654411007
  0.08695025914052348  0.09702367780326768  0.10717884396945486  0.11840780825907737
  0.12994127045411671  0.14142382296183387  0.15268952178408088  0.16387997536278293
  0.17429985022226629  0.18403575237031966  0.19320132427740727  0.20210153386886981
  0.21280540366741729  0.22344599709436766  0.23454888064790463  0.24575686075157646
  0.25776991204764116  0.27056967110122976  0.28309835443610065  0.29471180281903070
  0.30664586629868223  0.31778074761680236  0.32906076952305563  0.33957629168329412
  0.35079048658282547  0.36175270509379437  0.37356653575443266  0.38553892543282992
  0.39692290825279969  0.40826094535856861  0.41948131158535001  0.43079952379205355
  0.44221393055402813  0.45374994482096576  0.46515525579045985  0.47622451551444173
  0.48643593689726922  0.49588133690085423  0.50512332299646667  0.51415096523438986
  0.52335276313736501  0.53318462617817064  0.54400925556085555  0.55662727137230061
  0.56943959961359958  0.58212156635521017  0.59359173904212570  0.60542247818553874
  0.61594419864511396  0.62546145957311161  0.63360318746327371  0.64142307302522195
  0.64975808132529356  0.65862839605044932  0.66805060820979278  0.67831710953663549
  0.68946369091719562  0.70048123836142684  0.71038621746888519  0.71950587538537225
  0.72892500963174178  0.73829294299183112  0.74874492146716620  0.75977338606126665
  0.77121451491324011  0.78207689338266995  0.79191607396652541  0.80190629050952522
  0.81282094960506612  0.82575102763591457  0.83855566589264496  0.85028288426572529
  0.86061057498780547  0.87022153239188305  0.87946575171547470  0.88821314224390502
  0.89710417338760828  0.90557436488515664  0.91434582344537352  0.92321913164603542
  0.93288022201807819  0.94244997644212347  0.95281697524153974  0.96351558430246265
  0.97457085242414676  0.98455509367969241  0.99261742317515911  1.00000000000000000
  0.00005118203504099  0.00005807727447051  0.00006568677398992  0.00007203580400826
  0.00007729763892219  0.00008196655239940  0.00008637103800326  0.00009068036728565
  0.00009499717753679  0.00009933162665333  0.00010371623042533  0.00010819437489274
  0.00011269115646895  0.00011713927367823  0.00012164801870417  0.00012626221394734
  0.00013080363985655  0.00013521676764519  0.00013988564057217  0.00014458337713746
  0.00014931953147940  0.00015406942674274  0.00015874668041646  0.00016344490716192
  0.00016833060713010  0.00017348107867138  0.00017883484860609  0.00018422880997696
  0.00018948202265387  0.00019455675763136  0.00019977124390263  0.00020522840853898
  0.00021094429013493  0.00021712528751939  0.00022393087136415  0.00023099452007553
  0.00023790099881514  0.00024472568533910  0.00025199619813431  0.00025985694961063
  0.00026943818699390  0.00027894991702949  0.00028852512093952  0.00029825273358569
  0.00030807188986974  0.00031816858837048  0.00032786414395308  0.00033720801855663
  0.00034653329702636  0.00035608432756557  0.00036614397126196  0.00037770457937648
  0.00039027476791804  0.00040282029136122  0.00041462122766406  0.00042682568475454
  0.00043951982508846  0.00045473475445390  0.00047004734956169  0.00048535700055338
  0.00050231104353146  0.00051966322753811  0.00053790374717385  0.00055846688457920
  0.00057967061905357  0.00060149257313801  0.00062276728973311  0.00064504517608337
  0.00066937722918591  0.00069494793077508  0.00072158808436427  0.00075054282561527
  0.00078053732014294  0.00081725134431398  0.00086461759521764  0.00091923440353602
  0.00098087972716804  0.00104470768172845  0.00111449229139992  0.00118814234631233
  0.00126993455466178  0.00135896581801809  0.00145760521366096  0.00155247574725029
  0.00167089264911112  0.00182893517629487  0.00204717977213753  0.00229911910668106
  0.00259022753232273  0.00295581414714452  0.00349879436843770  0.00414736176172454
  0.00486373646513999  0.00573239186553145  0.03692675849935460  1.00000000000000000
  0.00319022171771882  0.01536202729013532  0.02790210416051452  0.03935660466366557
  0.05010588342275570  0.06098204944621523  0.07202931033747496  0.08259788500472448
  0.09267521638826218  0.10216757260600454  0.11215854332174471  0.12258806602164136
  0.13436764860198025  0.14671952889714485  0.15879033953021493  0.17004931217423150
  0.18021816858908285  0.19059399540115937  0.20109543434906230  0.21213692570127024
  0.22357175563001216  0.23547674868758778  0.24729650311463658  0.25828499634136409
  0.26934982053569023  0.28111464505081379  0.29362580948733380  0.30605377306265308
  0.31772433230560149  0.32923189371370132  0.34030145578530502  0.35089053679334914
  0.36151819370510629  0.37254257082979308  0.38396680744384426  0.39578561892335112
  0.40742436402550719  0.41873558509716319  0.42982263849937297  0.44097713028794105
  0.45238628163031325  0.46352461996229122  0.47455153313617476  0.48552419759591642
  0.49596540759888563  0.50558945078108819  0.51490648079278001  0.52493135046547845
  0.53531710188218029  0.54581635738841494  0.55563077646362913  0.56568689990418353
  0.57562856932403750  0.58650697640780058  0.59758236296579748  0.60866939829448341
  0.61972233686726852  0.63072803004079692  0.64181164926401890  0.65161450434602286
  0.66077974905207038  0.67013462397081103  0.67975948088595617  0.68861533369243288
  0.69784867101223880  0.70601419060286708  0.71595281985519099  0.72595016106805188
  0.73608362619979706  0.74657620556260551  0.75707774662334504  0.76732907583794407
  0.77738004611895029  0.78706421770019008  0.79663742751537225  0.80675820759154371
  0.81721689046633139  0.82821591412062368  0.83894998752106187  0.84914724285008192
  0.85858387638622680  0.86807341218769207  0.87760932875701980  0.88669014721255834
  0.89533501365601664  0.90425587524060402  0.91439797845315007  0.92574358385780198
  0.93712348093502928  0.94840495835704275  0.95892896556030949  0.96863356854729399
  0.97780934861455515  0.98591171374457243  0.99233128893153089  1.00000000000000000
  0.00019765817986797  0.00025585388199893  0.00027920237905061  0.00030062353676543
  0.00032173430604891  0.00034210320698400  0.00036195364410845  0.00038150478894256
  0.00040139197566517  0.00042206882700248  0.00044302515071184  0.00046396348015953
  0.00048510049840836  0.00050613000921183  0.00052754369862698  0.00055012900175857
  0.00057383534065102  0.00059815285819165  0.00062266366424651  0.00064669961696700
  0.00067141889733591  0.00069604993658467  0.00072106540512029  0.00074605568782111
  0.00077106459665677  0.00079570115992302  0.00082247962330838  0.00085146166565400
  0.00087847895502120  0.00090603093527147  0.00093406005385127  0.00096337427285564
  0.00099428916950141  0.00102713492056098  0.00106116988485715  0.00109565320910753
  0.00113069119635072  0.00116802036424053  0.00120598652614402  0.00124247899422315
  0.00128060733602477  0.00132115109265557  0.00136470990021910  0.00140867423813992
  0.00145460611786134  0.00150395861058390  0.00155373296009857  0.00160293230251219
  0.00165223389493560  0.00170332456655321  0.00176148033548843  0.00182679222300912
  0.00189055340745247  0.00195240447686988  0.00201507963252684  0.00207597480802265
  0.00213647630811906  0.00219602719327691  0.00225872750320345  0.00232903046245806
  0.00240271493062834  0.00248477046410433  0.00257652303454127  0.00267767262862831
  0.00279381642104849  0.00292665645461612  0.00305328067550079  0.00319177405435152
  0.00334203120823708  0.00350939991922565  0.00368990403654901  0.00387871426492780
  0.00404971571020605  0.00420504505806542  0.00436239179130626  0.00453327700039554
  0.00473848113131146  0.00502084437958791  0.00535370626737564  0.00571668720847945
  0.00613433868097376  0.00660125376902777  0.00710566803429045  0.00763079672466504
  0.00817138150638241  0.00878592731341381  0.00932429083391242  0.00999920972508059
  0.01092352770948683  0.01232757936629038  0.01413521577503038  0.01759120360499421
  0.02436993498079380  0.03005104556154552  0.05206804433631143  1.00000000000000000
 -0.00296920482516286  0.01282496583418415  0.02642510750915108  0.04118864823999456
  0.05643392037609971  0.07031153205167934  0.08310548327755445  0.09647982915142576
  0.11128774101024715  0.12563644964819476  0.13850138366485057  0.15078492035517399
  0.16257022430552409  0.17374216206691689  0.18438499155509375  0.19486560010911733
  0.20552083215268460  0.21684325076319727  0.22815215534801220  0.23887102468358992
  0.24894351490308722  0.25862774886481743  0.26798748678169382  0.27714208537412982
  0.28629837577121381  0.29584604567935968  0.30568964039290020  0.31565085411071292
  0.32494625920522180  0.33366019626557525  0.34191207613997288  0.35003009040488070
  0.35848172522887839  0.36767815304634338  0.37765618782473220  0.38772678301167895
  0.39737618455382212  0.40705646530960404  0.41692537255772277  0.42674158964737047
  0.43598923661677752  0.44437933972825366  0.45269123492070384  0.46100075055427459
  0.46919408304045207  0.47799593036313170  0.48698907497359772  0.49648527835814199
  0.50626765399950802  0.51533776069436388  0.52409553148581645  0.53277138929426682
  0.54184147775528657  0.55149890445698102  0.56150111883229925  0.57143655116655556
  0.58094489421919060  0.59030409021484409  0.59944738397223085  0.60842146353592397
  0.61738149236351092  0.62647401976458461  0.63557799913505664  0.64467298589534894
  0.65379222216208377  0.66310735957913447  0.67238231518363101  0.68169542318737475
  0.69019480294096702  0.69833229593060353  0.70684162861617594  0.71602059635388637
  0.72604687309137317  0.73613853657763673  0.74601022204546441  0.75636435624763609
  0.76695810298771150  0.77714165050549633  0.78670540367232811  0.79673144503826099
  0.80719954006570482  0.81778687170029729  0.82841482131050748  0.83941166397218125
  0.85034650266596390  0.86064869241286002  0.87120462978642277  0.88264914770358027
  0.89529605256755829  0.90894610678708199  0.92332084072087706  0.93875747433096224
  0.95438153395433178  0.97057034075559800  0.98546428616081116  1.00000000000000000
 -0.00190585913432847  0.01004507419529532  0.02129163165929500  0.03351628894394683
  0.04494141122760359  0.05561786396410470  0.06675425063806673  0.07834376686732553
  0.08938363782928929  0.09898501994635354  0.10896799035182507  0.11905608655035298
  0.12887986530451270  0.13904169164769026  0.14813257762480869  0.15744059813372679
  0.16630750190901206  0.17585064685838511  0.18560863102659758  0.19629171955376923
  0.20714126828583623  0.21849313654797833  0.22960439356989487  0.24018376103337913
  0.25097583780047211  0.26205182218057876  0.27294951524429478  0.28329941293184668
  0.29399013642875299  0.30559068238792636  0.31712488334869932  0.32789677113514493
  0.33709385526831481  0.34562227202259438  0.35426921319340726  0.36376131124675337
  0.37348038287807400  0.38252337881081599  0.39058722354788350  0.39909693235467214
  0.40822755727746235  0.41871188086400724  0.42960833271429683  0.44017311667139658
  0.45107101754573087  0.46249534635707956  0.47405915726480752  0.48461864871949539
  0.49421109346012126  0.50324255766759118  0.51318887437228522  0.52292308926111342
  0.53319141082555166  0.54342169508357907  0.55455759973186902  0.56655226493568622
  0.57838942153833628  0.59044450755949418  0.60299401565306121  0.61460390522887043
  0.62562630958453069  0.63555322936444369  0.64589236398636984  0.65710357036381462
  0.66839488560694860  0.68024025486170947  0.69143853929435406  0.70381603786146674
  0.71538783205275891  0.72641301285891668  0.73623279715244250  0.74639493459513784
  0.75579231768859967  0.76538704726065498  0.77493901838261103  0.78522601046998330
  0.79690738753643964  0.80870575869297745  0.81960202655668946  0.82957904801784665
  0.83926278787011199  0.84918581339965682  0.85946468533364329  0.87046815850368142
  0.88121330745770809  0.89273840849675556  0.90366512921390274  0.91601471738525786
  0.92746312789629903  0.93871722223550635  0.94824626417325364  0.95849470047928942
  0.96893918308520810  0.97930126644870041  0.98967811693065177  1.00000000000000000
 -0.00354842912055027  0.02160505506736684  0.04309888089620710  0.06379253275048484
  0.08475936434913364  0.10810537820996116  0.12963137406737679  0.14694616983861583
  0.16292873051269097  0.17868258950642274  0.19566216755437135  0.21190605274830396
  0.22740108131246731  0.24240989183314718  0.25700862813936848  0.27159442504665426
  0.28660728468809332  0.30229546272061658  0.31755293652037730  0.33252402481939902
  0.34725593561099694  0.36172793737808651  0.37589982281975398  0.38900818022707989
  0.40242552131802911  0.41530937718069572  0.42800701827114579  0.43974108408022661
  0.45133898571534625  0.46330251633161174  0.47620095670026635  0.48941106245496857
  0.50235641604198200  0.51514524888866497  0.52721694522666462  0.53861481220984753
  0.54973869548115784  0.56035822377749467  0.57011991494829706  0.58002479131475670
  0.59070777263476004  0.60173723714756600  0.61237867690240078  0.62290376116863577
  0.63314323407198891  0.64217496612875902  0.64991597610590890  0.65717337348890748
  0.66467658760151993  0.67232049308165864  0.67967546613272745  0.68713709048028582
  0.69505764536595471  0.70321843820103802  0.71153616949388165  0.71972594887350161
  0.72850953385439676  0.73771883670741367  0.74645148840117526  0.75521936553453040
  0.76380875813046123  0.77262227535847938  0.78202730519632069  0.79060157790063024
  0.79797052424035975  0.80484165278874276  0.81188938836003477  0.81891131098009373
  0.82584508477546648  0.83247538881008898  0.83890138487560517  0.84543696558961789
  0.85175305037091409  0.85871091582918058  0.86554879941083540  0.87236215134321815
  0.87958092608476346  0.88703091829295833  0.89492318738393317  0.90293304041607481
  0.91063015111469536  0.91783613556748977  0.92429840580035727  0.92997932629092905
  0.93570456135347591  0.94116010830704644  0.94736879675763119  0.95420357670355538
  0.96056824923162532  0.96692665887567120  0.97273031501791085  0.97816570991482865
  0.98352717281225477  0.98863260802575970  0.99390304376374605  1.00000000000000000
 -0.00207538143624967  0.00909898702174836  0.01891869132387898  0.02859314253365991
  0.03940586832064311  0.05050772118954811  0.06113078708258974  0.07083803187613388
  0.08084754094805782  0.09187853392814754  0.10277158537016906  0.11373126431612145
  0.12490904369379834  0.13702840778053868  0.14901267766045079  0.16032003698132355
  0.17129702840304886  0.18175082851145985  0.19230508404071128  0.20255890951771252
  0.21321211801210721  0.22400057321852887  0.23480952529826313  0.24572867903729764
  0.25629966064680731  0.26598379844350489  0.27550040881347149  0.28540638978196203
  0.29582302815801204  0.30537272466940341  0.31530224012869346  0.32503099433154037
  0.33609953117472363  0.34615123350513544  0.35680427255764047  0.36667159396159044
  0.37709789721621234  0.38721415491591715  0.39680831469225264  0.40624079169401955
  0.41574383415385102  0.42680400834401899  0.43799202188130282  0.44851077329525663
  0.45838585519984593  0.46840224761829680  0.47861058321412198  0.48926838780107529
  0.49977468082556775  0.51028537515403805  0.52018318196445301  0.53070362997270526
  0.54179270770414623  0.55428297349613009  0.56580759503113021  0.57689193899906621
  0.58802138289434669  0.59976953270622357  0.61090098560209471  0.62143807277375707
  0.63225101624864688  0.64305233589440702  0.65375295031241187  0.66376605459123239
  0.67327447168934296  0.68294032699214779  0.69310496046930492  0.70436234427863487
  0.71508792233118768  0.72526936104763240  0.73610119983179345  0.74745278131686277
  0.75855736385709904  0.76941363516049022  0.78053556040693162  0.79179223883481054
  0.80258669695189377  0.81279197622140742  0.82316266389108717  0.83325970865483190
  0.84317765803361089  0.85270476579326282  0.86253400044098849  0.87281553039096960
  0.88420719169263651  0.89623530358512038  0.90660564289210277  0.91678279497336945
  0.92627507821248745  0.93583168775509062  0.94510497400424331  0.95431556680925123
  0.96490677033770811  0.97610120206210738  0.98797042327321283  1.00000000000000000
 -0.00273584663528086  0.01207476097464259  0.02406190895169927  0.03632442163973835
  0.04850049635063874  0.06151460428196957  0.07359494003296042  0.08569841014774458
  0.09738799652472488  0.10947197086588950  0.12206025070076008  0.13469045471721902
  0.14594201441264254  0.15656443653073732  0.16663645758548409  0.17696459930231784
  0.18760792770555512  0.19878916970034216  0.20989231885392107  0.22001990168634453
  0.22937676120007933  0.23847445420018010  0.24790724126935601  0.25796591911177741
  0.26842032093296969  0.27958956360572845  0.29049043593177465  0.30092602278052177
  0.31134715566745780  0.32263064265416441  0.33335425029047067  0.34300143204514599
  0.35220410706247285  0.36117810519708704  0.36942514610077931  0.37808572135793816
  0.38668583319611471  0.39573145528272163  0.40505242356767612  0.41470421765097054
  0.42497568664346264  0.43526279296368098  0.44512994317511884  0.45405521186585107
  0.46218644995183489  0.47059106487231123  0.47929214469271575  0.48846413990355014
  0.49762485065618683  0.50663757931255404  0.51603303989283422  0.52563166617314516
  0.53472875972297484  0.54324980742476137  0.55151439614229070  0.55979075869125317
  0.56903830110812870  0.57860567565410315  0.58893407301617040  0.59927760545353304
  0.60996564657016106  0.61970218833413715  0.62957959187160228  0.63890523838177382
  0.64806705743819093  0.65715864230536059  0.66616531587493755  0.67578176787708921
  0.68595940356442087  0.69673724815351135  0.70758991511063751  0.71839431904978668
  0.72929413534634435  0.74004167966238488  0.75043154335575923  0.76014973919483320
  0.76978032334985658  0.78020463363927661  0.79167242517646486  0.80394269994147671
  0.81552875294312011  0.82630430516795816  0.83634885392080771  0.84607421229506985
  0.85627002605672020  0.86765416244311944  0.88048196704604564  0.89397873793633964
  0.90806716452083480  0.92163387931668450  0.93486824973509552  0.94863425463334383
  0.96202314398015198  0.97404393022110503  0.98637320340850765  1.00000000000000000
 -0.00282098508258284  0.01234520902096051  0.02367958469517750  0.03437364193770837
  0.04487202019226676  0.05648956984664968  0.06834915974269647  0.08058102092767666
  0.09330670474812525  0.10642225547957768  0.11854209723212557  0.13015348155533532
  0.14088024398898205  0.15185633658888600  0.16256915247332784  0.17345213590512326
  0.18449131732103063  0.19718669240117959  0.21013083302289332  0.22085007666497453
  0.23037928535682273  0.23878136418512594  0.24708108054809391  0.25574825560488529
  0.26544994507856490  0.27673915505137031  0.28881830145764675  0.29960900126257323
  0.31004778388055404  0.31955459428267036  0.32925737166233759  0.33916591503683158
  0.34980670634296379  0.36072289739473029  0.37101148530843736  0.38161908180194498
  0.39163272005690963  0.40120743841433620  0.41066786958612772  0.42004547546291354
  0.42985365793823277  0.43942237353050545  0.44866915973173532  0.45806960168560934
  0.46769193103216278  0.47738087152272557  0.48695953056122515  0.49614359889836818
  0.50544622945029238  0.51504518263749022  0.52534950987457274  0.53622437875197226
  0.54742971152965769  0.55874744655776687  0.56996269494853691  0.58045827811630224
  0.59059433507604753  0.60050082875171029  0.61122653752810630  0.62234807268803549
  0.63291831247204300  0.64292029075563784  0.65315358188382422  0.66297032852504290
  0.67303553158895768  0.68313840837814643  0.69325173823942732  0.70400942475799300
  0.71456528512317907  0.72536266417718920  0.73660586873500755  0.74756576652270967
  0.75794700720895614  0.76754612197893313  0.77741913373774685  0.78771785759097679
  0.79804654447319257  0.80817080936335151  0.81910594081204779  0.83000010640580901
  0.84029690541124813  0.85033491376234183  0.86252720781388303  0.87446803196506551
  0.88544176553179610  0.89515540847094444  0.90503499363572981  0.91546538272579892
  0.92574383638720481  0.93627750500903140  0.94614810014035855  0.95687959453894533
  0.96781259200354752  0.97910744619244727  0.98949776104179599  1.00000000000000000
 -0.00119100860545261  0.00505006318546449  0.01130790557813387  0.01743787360214408
  0.02360372383716320  0.02975854904111281  0.03575022406976330  0.04170793792871863
  0.04793318998909495  0.05449054380522321  0.06144511236084439  0.06834166597429753
  0.07547568098057601  0.08223116683410327  0.08973314364398240  0.09675508231901563
  0.10427214537436752  0.11228231350158467  0.12108084600783067  0.13014200826583289
  0.13890912035606776  0.14744907364974313  0.15593729302311640  0.16469365566355665
  0.17351732336145459  0.18249278211360795  0.19146628220721001  0.20046984881698995
  0.20971467312782999  0.21907510823839343  0.22807118882935618  0.23784375984923184
  0.24772100729108831  0.25863422491250981  0.26926061729483092  0.27991735029830833
  0.29045609545044448  0.30138344495194341  0.31320824483644838  0.32606947010091086
  0.33862573277620128  0.35042331766601553  0.36227909885502169  0.37490911673640009
  0.38749264397398986  0.39949675360010245  0.41004858299545227  0.42061355354645941
  0.43185991057134698  0.44438283710976340  0.45681087572750873  0.46996482696242242
  0.48116237252928368  0.49143952043345529  0.50129038038817186  0.51221229943411406
  0.52377767165394318  0.53565358844792521  0.54794378338127370  0.55995607818476512
  0.57145819169992929  0.58304683064904228  0.59551816007262848  0.60998850405196325
  0.62535528547327623  0.64049482862890617  0.65471975614630462  0.66832320099315834
  0.68134128204859401  0.69384095284556246  0.70580827989274408  0.71698504163430632
  0.72723404243717193  0.73805955554511948  0.75007748070674807  0.76268047541647699
  0.77615051762580056  0.78951803335867921  0.80279196792005925  0.81552094483920501
  0.82761695547211711  0.83956365834916002  0.85099610327076614  0.86256673654052451
  0.87472572286634365  0.88760736810394625  0.89969483855779087  0.91063080646966865
  0.92127545801760669  0.93284512401998620  0.94457613174030652  0.95577588569368599
  0.96721368831878252  0.97795097738023895  0.98908923317908914  1.00000000000000000
 -0.00249528491099186  0.00857054095870926  0.01854000131802141  0.02759822373567195
  0.03705036248855260  0.04695818072586694  0.05671327630047528  0.06620958970748275
  0.07514119712400086  0.08455209742529740  0.09506047435808140  0.10646454180744479
  0.11844368018776992  0.13040520526896776  0.14243169736794961  0.15437776900317038
  0.16598134144898019  0.17684205761229865  0.18674752077805318  0.19602477133707047
  0.20450760575950364  0.21422116440183672  0.22469523151852885  0.23650509545880213
  0.24783187283978050  0.25837863600834282  0.26905547434368482  0.28014501304645523
  0.29148968746508247  0.30248488926063233  0.31395660482926857  0.32593075691332879
  0.33734651034096258  0.34902270644157612  0.36063901106154023  0.37198088086581432
  0.38295539942192469  0.39381720380743540  0.40502885025683888  0.41637420602271680
  0.42804243486016830  0.43915425584452172  0.44955210630877324  0.45999425314704762
  0.47044176219525868  0.48042357494640053  0.48959677985312200  0.49811476215544342
  0.50637175395470524  0.51526678891958511  0.52498131718890084  0.53599782416236375
  0.54711293513819170  0.55833991085143553  0.56933763633426715  0.57936803834788786
  0.58908133801923035  0.59846446142680965  0.60750593659815955  0.61702553941656024
  0.62697074992958735  0.63707378629922440  0.64684398387547737  0.65662975978544325
  0.66766995902356541  0.68009994445494026  0.69290874833049598  0.70610365182241319
  0.71989016425202057  0.73211200069007054  0.74321030158644663  0.75354206359851827
  0.76360979769962334  0.77335032771524259  0.78329550726690278  0.79312201917646175
  0.80252927672383878  0.81167123208581238  0.82121785258175972  0.83113502134771833
  0.84116986301891894  0.85154065964005377  0.86313097302837027  0.87501398233790861
  0.88558309935796165  0.89622275688177455  0.90537914508572381  0.91439037197848916
  0.92374050912985062  0.93331922546655977  0.94304268812949354  0.95269200288654809
  0.96342557670025764  0.97533023987139222  0.98780257774533431  1.00000000000000000
  0.00033334809051839  0.01281693550039048  0.02630704578241068  0.04132084791439335
  0.05576830552504843  0.06868139732148422  0.08086509129068391  0.09304724418106511
  0.10518821328082792  0.11750572952329433  0.12997133362806662  0.14218707424260493
  0.15386984832476505  0.16429532540037245  0.17413753841648605  0.18423932688715111
  0.19583700824832534  0.20839408333431303  0.22041044010071403  0.23144913121035082
  0.24252268120577286  0.25384386369715933  0.26482397051833551  0.27510803013719431
  0.28560421000114561  0.29645534020188397  0.30749629803231782  0.31779135309164069
  0.32757792410558578  0.33712846416426007  0.34614851341965064  0.35517893044802762
  0.36409044927832751  0.37324763098520863  0.38252746376637725  0.39172552953990319
  0.40033134116279850  0.40864774120418412  0.41713289852348623  0.42623748352295954
  0.43625000344012782  0.44604996370989791  0.45569896692708212  0.46585273058242455
  0.47614439246901141  0.48642534482688821  0.49635780941040658  0.50554482706485715
  0.51443079464458241  0.52387210373924553  0.53308557089453235  0.54294040824677747
  0.55264923181492498  0.56227241520120308  0.57189474334459767  0.58115094741759898
  0.59058135688373647  0.60015994393954764  0.61002606968600714  0.61996758700204324
  0.62947727210662718  0.63802212655450796  0.64624004844000249  0.65458987854977124
  0.66326473534207975  0.67232416222896052  0.68138129372410750  0.69056834371543796
  0.70035132734505590  0.71061156276064175  0.72023183681838443  0.72952526704990917
  0.73786009846225753  0.74644695013288742  0.75512663763051646  0.76411420246283157
  0.77357564242716381  0.78372290369136299  0.79455387514577935  0.80695257216856398
  0.81902319532310552  0.82968878813285807  0.83995208301226043  0.85076749954799524
  0.86217127695204065  0.87402926700246342  0.88554007829332348  0.89755844372979943
  0.91024440868333201  0.92240113260986734  0.93301878368432367  0.94404423688548800
  0.95522993596370032  0.96683360338799540  0.98025436567275537  1.00000000000000000
 -0.00247490207100854  0.00818683554268489  0.01765676044385103  0.02745809325128200
  0.03823356220007956  0.05003112620681217  0.06239352649346398  0.07420179160660913
  0.08547263112066912  0.09552252182798855  0.10522393379179204  0.11516939729169065
  0.12600949620085450  0.13649348756118007  0.14652520313942405  0.15625030763610581
  0.16589682111292106  0.17573588464540665  0.18575162307751625  0.19580855254845470
  0.20594317237278476  0.21644222943927258  0.22615997127558696  0.23519518640057924
  0.24408211453208434  0.25399429263740109  0.26477696037826698  0.27526062763556236
  0.28570275523771388  0.29640879850453011  0.30676620426541756  0.31718827956461898
  0.32846002368654492  0.34092385008098969  0.35381254567947801  0.36591417333876075
  0.37726899045120793  0.38822982879197088  0.39933500605759031  0.41076671163304412
  0.42244526872092020  0.43452418740983678  0.44682706411010398  0.45865644883932838
  0.46939817615067780  0.47967258724165274  0.48987411623153487  0.49964209102362966
  0.50956982265886752  0.51967366360831291  0.53067094288446715  0.54118217125667067
  0.55156119114983182  0.56180131071773576  0.57181468346782549  0.58177010490946890
  0.59150855984189965  0.60185236150047028  0.61283049079284346  0.62455725101635162
  0.63563161082997066  0.64631569344871009  0.65691205940231812  0.66837169776861927
  0.67979904597273111  0.69072732406387527  0.70093484177990706  0.71110441903200949
  0.72152564973783528  0.73191172080678191  0.74126221913417734  0.75024156019535670
  0.75889899701804542  0.76778834429474219  0.77685371897129052  0.78613316247449772
  0.79585679480399962  0.80652127985495403  0.81759363400655083  0.82887301651114342
  0.84020117189462618  0.85130008403217949  0.86251417771879768  0.87468678881984330
  0.88683477495415941  0.89822576780317720  0.90896589123969218  0.91910238366857422
  0.92899546630042817  0.93849000877029265  0.94737672771887316  0.95702750302459605
  0.96693995154927104  0.97704889675986273  0.98828104766820946  1.00000000000000000
  0.63066034256078707  0.64035344555415796  0.64981752707801976  0.65835780212199568
  0.66696384550993915  0.67579861019361787  0.68501518253045968  0.69313854853858758
  0.70050746810810050  0.70698936334293738  0.71281655454829806  0.71860508661613465
  0.72481143429965189  0.73122673995892196  0.73749652061762205  0.74350260001097257
  0.74952645703324250  0.75514863360410511  0.76062939283852293  0.76597386262238276
  0.77119145606048867  0.77602551775958628  0.78074335304834053  0.78539528660587288
  0.78986678024624002  0.79397204056372417  0.79781412261413587  0.80169972788204502
  0.80565445772784572  0.80970303190209325  0.81344081357254094  0.81706184721349928
  0.82081610194453980  0.82486733597794482  0.82876790575769810  0.83245962271251195
  0.83598448134050052  0.83957747870622368  0.84331379823052965  0.84706148959785144
  0.85058459976245526  0.85393310100719499  0.85725436231566210  0.86055733044831972
  0.86390894690656550  0.86726939361147393  0.87063222142793828  0.87397229295503587
  0.87718370523544809  0.88028336004728125  0.88329933760364965  0.88625320933168938
  0.88910247405853815  0.89191357863153542  0.89476490525853469  0.89752830571613240
  0.90020446947402788  0.90284912919081639  0.90557508459079716  0.90817087258392581
  0.91074767915873545  0.91321942120661048  0.91573024715314455  0.91825625045960302
  0.92066516977177859  0.92293098116702110  0.92517877705460072  0.92744985003117586
  0.92989578822390628  0.93228115662948952  0.93462493087743692  0.93695027181908996
  0.93929210323633094  0.94172881854642776  0.94396136763843264  0.94609819825551733
  0.94831928865112525  0.95048079258097873  0.95279010783955853  0.95507127447769824
  0.95739520679805246  0.95985128084573934  0.96231656995714698  0.96476783177703018
  0.96729073649074604  0.97001851983892207  0.97274791065974087  0.97534091093402686
  0.97782015655811527  0.98023964245964423  0.98296374949613452  0.98563866589286331
  0.98842535482283667  0.99140858885596284  0.99507243814442470  1.00000000000000000
  0.06019140845963595  0.11408499905178578  0.13358817397116607  0.15141704014123641
  0.16442441292166401  0.17295734413595032  0.18095561987607128  0.18821387952858290
  0.19461952525907042  0.20264101678466021  0.21085733102453494  0.21903481344693915
  0.22676391802175680  0.23379530699370604  0.24006407439824148  0.24633550058649656
  0.25200871564406924  0.25723714901349642  0.26177653064436063  0.26603570302456370
  0.27015059313122647  0.27466373939785976  0.27951093678556566  0.28440653463659732
  0.28948827551084194  0.29471621885840965  0.30003391640366045  0.30554264992251473
  0.31090139514088055  0.31668393946382789  0.32212390682922104  0.32756564112767356
  0.33270579363350988  0.33770155378775890  0.34302156123988936  0.34864047959241923
  0.35475522399341181  0.36092993309579519  0.36621467135551611  0.37079071330136271
  0.37533002287988959  0.38025540305108629  0.38558597399159961  0.39116884790055345
  0.39669600074491029  0.40208430537913836  0.40742616192857639  0.41271815185232485
  0.41805630395869942  0.42341531118379366  0.42878176211753444  0.43403107070837793
  0.43945571276457046  0.44483851242337075  0.45033923836773171  0.45583988576514201
  0.46117769644243678  0.46657076728999275  0.47181447233858559  0.47787519992060928
  0.48444793210781090  0.49146494726295398  0.49842269790982319  0.50486132534723327
  0.51128053851892596  0.51780407369345383  0.52439176972947565  0.53120980373489035
  0.53824007149852382  0.54575534021238215  0.55340913694105121  0.56109165270491923
  0.56877554712729694  0.57635169444687262  0.58397780869874361  0.59156771905048844
  0.59951739247370772  0.60791388441605143  0.61640160530017207  0.62544223503890295
  0.63474032499637512  0.64385045261240292  0.65317369782220702  0.66333875628618022
  0.67426930265524654  0.68544906816889128  0.69678395957883521  0.70858907132962712
  0.72071420187098534  0.73291127363105790  0.74616823502716056  0.76290412308731581
  0.78582767853132995  0.81275565044034648  0.84604428981341906  1.00000000000000000
   2.3401105376477119E-011  -1.0000000000000000     
 F F F F F F F F F F F F F F F F F F F F F F F F F F F F F F F F F F F F F F F F F F F F F F F F F F F F F F F F F F F F F F F F F F F F F F F F F F F F F F F F F F F F F F F F F F F F F F F F F F F F F F F F F F F F F F F F F F F F F F F F F F F F F F F F F F F F F F F F F F F F F F F F F F F F F F F F F F F F F F F F F F F F F F F F F F F F F F F F F F F F F F F F F F F F F F F F F F F F F F F F F F F F F F F F F F F F F F F F F F F F F F F F F F F F F F F F F F F F F F F F F F F F F F F F F F F F F F F F F F F F F F F F F F F F F F F F F F F F F F F F F F F F F F F F F F F F F F F F F F F F F F F F F F F F F F F F F F F F F F F F F F F F F F F F F F F F F F F F F F F F F F F F F F F F F F F F F F F F F F F F F F F F F F F F F F F F F F F F F F F F F F F F F F F F F F F F F F F F F F F F F F F F F F F F F F F F F F F F F F F F F F F F F F F F F F F F F F F F F F F F F F F F F F F F F F F F F F F F F F F F F F F F F F F F F F F F F F F F F F F F F F F F F F F F F F F F F F F F F F F F F F F F F F F F F F F F
  <DiscreteSampler_grid>
  grouped_processes
  1 # 1 for a reference and 2 for a running grid.
  10 # Attribute 'min_bin_probing_points' of the grid.
  1 # Attribute 'grid_mode' of the grid. 1=='default',2=='initialization'
  0.0000000000000000 # Attribute 'small_contrib_threshold' of the grid.
  0.5000000000000000 # Attribute 'damping_power' of the grid.
 # binID   n_entries weight   weight_sqr   abs_weight
    31   10   2.017754729607027E-008   1.870532854671371E-015   2.017754729607027E-008
    32   10   2.017754729607027E-008   1.870532854671370E-015   2.017754729607027E-008
    34   10   4.035509459214054E-008   7.482131418685483E-015   4.035509459214054E-008
    35   10   4.035509459214053E-008   7.482131418685480E-015   4.035509459214053E-008
    37   10   4.195303986974893E-008   8.103402192260400E-015   4.195303986974893E-008
    38   10   4.195303986974892E-008   8.103402192260392E-015   4.195303986974892E-008
    40   10   8.390607973949786E-008   3.241360876904160E-014   8.390607973949786E-008
    41   10   8.390607973949783E-008   3.241360876904157E-014   8.390607973949783E-008
    43   10   2.092607164018782E-008   2.030714747372735E-015   2.092607164018782E-008
    44   10   2.092607164018782E-008   2.030714747372736E-015   2.092607164018782E-008
    46   10   4.185214328037563E-008   8.122858989490941E-015   4.185214328037563E-008
    47   10   4.185214328037563E-008   8.122858989490944E-015   4.185214328037563E-008
    49   10   4.362231069704218E-008   8.843185389097074E-015   4.362231069704218E-008
    50   10   4.362231069704218E-008   8.843185389097079E-015   4.362231069704218E-008
    52   10   8.724462139408435E-008   3.537274155638830E-014   8.724462139408435E-008
    53   10   8.724462139408437E-008   3.537274155638831E-014   8.724462139408437E-008
    58   10   2.017754729607027E-008   1.870532854671371E-015   2.017754729607027E-008
    59   10   2.017754729607027E-008   1.870532854671370E-015   2.017754729607027E-008
    61   10   4.035509459214055E-008   7.482131418685484E-015   4.035509459214055E-008
    62   10   4.035509459214053E-008   7.482131418685478E-015   4.035509459214053E-008
    64   10   4.195303986974893E-008   8.103402192260398E-015   4.195303986974893E-008
    65   10   4.195303986974892E-008   8.103402192260392E-015   4.195303986974892E-008
    67   10   8.390607973949786E-008   3.241360876904159E-014   8.390607973949786E-008
    68   10   8.390607973949783E-008   3.241360876904157E-014   8.390607973949783E-008
    70   10   2.092607164018782E-008   2.030714747372735E-015   2.092607164018782E-008
    71   10   2.092607164018782E-008   2.030714747372737E-015   2.092607164018782E-008
    73   10   4.185214328037563E-008   8.122858989490941E-015   4.185214328037563E-008
    74   10   4.185214328037564E-008   8.122858989490947E-015   4.185214328037564E-008
    76   10   4.362231069704217E-008   8.843185389097072E-015   4.362231069704217E-008
    77   10   4.362231069704218E-008   8.843185389097079E-015   4.362231069704218E-008
    79   10   8.724462139408434E-008   3.537274155638829E-014   8.724462139408434E-008
    80   10   8.724462139408437E-008   3.537274155638831E-014   8.724462139408437E-008
  </DiscreteSampler_grid>
