  0.00000208955337467  0.00000220704012495  0.00000228891067353  0.00000236739796717
  0.00000244317769708  0.00000253231693867  0.00000262716966280  0.00000271600920563
  0.00000279101415766  0.00000286297885698  0.00000293403364245  0.00000300676112140
  0.00000308426586619  0.00000316599381976  0.00000325105119179  0.00000334661447041
  0.00000344809357924  0.00000355451029169  0.00000365702778078  0.00000376283039277
  0.00000387876278511  0.00000400026878546  0.00000412493896009  0.00000425293219911
  0.00000438729918453  0.00000453688885228  0.00000469028947151  0.00000484692843614
  0.00000499209979582  0.00000515694100261  0.00000532255399101  0.00000547718434674
  0.00000562933866150  0.00000579232499039  0.00000597438546220  0.00000616595502097
  0.00000635395943780  0.00000652521872830  0.00000669109462318  0.00000689017000465
  0.00000712121901686  0.00000735366730785  0.00000757739089266  0.00000779771832415
  0.00000803450429587  0.00000826328088272  0.00000849565731851  0.00000874049431394
  0.00000900845809138  0.00000932581367433  0.00000964411739321  0.00001001318183677
  0.00001039827253764  0.00001080416912888  0.00001124602259002  0.00001169940575436
  0.00001215191353134  0.00001262057549462  0.00001315291831872  0.00001375413409437
  0.00001435977996467  0.00001506797318332  0.00001581568053522  0.00001657997479629
  0.00001740461359045  0.00001832145160626  0.00001930661878204  0.00002035782256508
  0.00002144196401500  0.00002249811941262  0.00002366384979005  0.00002487669181690
  0.00002633524695938  0.00002797431798340  0.00002981572475255  0.00003182135511620
  0.00003426862669760  0.00003679998246366  0.00004022022431458  0.00004417676190956
  0.00004881667274928  0.00005380644499106  0.00005992817490433  0.00006857931271689
  0.00007899584721971  0.00009109808231216  0.00010664210077950  0.00012874572027942
  0.00016491078622973  0.00021829040743457  0.00030268917802821  0.00043620516503197
  0.00074989606675567  0.00187592340025381  0.04472664412803917  1.00000000000000000
  0.00001113018515146  0.00001188320876315  0.00001225335330859  0.00001244446797272
  0.00001260477862405  0.00001277789458379  0.00001298291797056  0.00001326379218101
  0.00001354089966997  0.00001380015879523  0.00001408302797721  0.00001435660228236
  0.00001466735021942  0.00001509492823713  0.00001560025541844  0.00001614900265877
  0.00001661268281935  0.00001707362713476  0.00001751776141498  0.00001794395640971
  0.00001835536773562  0.00001875012826580  0.00001916274085602  0.00001960345692317
  0.00002017080019648  0.00002077342654391  0.00002135224212101  0.00002191583975092
  0.00002248121380794  0.00002305855013954  0.00002366422698231  0.00002432037849714
  0.00002498801546487  0.00002563705079993  0.00002627884022368  0.00002705429569802
  0.00002787380196456  0.00002868920800833  0.00002953967406807  0.00003045900152358
  0.00003152816084054  0.00003274382265625  0.00003403941453513  0.00003532711189690
  0.00003675333777908  0.00003835195107255  0.00004007585179306  0.00004183416095144
  0.00004360591134212  0.00004537937849657  0.00004708470359974  0.00004886325171920
  0.00005077105631835  0.00005293322056793  0.00005548382907265  0.00005803092907838
  0.00006085176113643  0.00006388928627171  0.00006708583874174  0.00007092109607299
  0.00007540540211794  0.00007995154561004  0.00008504678813786  0.00009057685771084
  0.00009669817527704  0.00010325705450030  0.00011024244563961  0.00011813978975855
  0.00012709127966273  0.00013698642895185  0.00014826237107109  0.00016145796720917
  0.00017643376831865  0.00019349003229831  0.00021102606492226  0.00023148437651186
  0.00025533329074474  0.00028199602940748  0.00031127667695093  0.00034520775838048
  0.00038742413543335  0.00043667534030367  0.00049404189847224  0.00056616264087348
  0.00066599455769833  0.00081304500289217  0.00102398058460840  0.00126630229697969
  0.00154352537027570  0.00226676882756906  0.00357376987627592  0.00560404091192241
  0.00800137456291740  0.01538178546855019  0.39041836932950980  1.00000000000000000
  0.00088648865979761  0.02658689527683609  0.04545665736415085  0.06082064642909886
  0.07517525650894692  0.08803701974710118  0.09941771805535335  0.10931980382334344
  0.11879089658674441  0.12803130112524938  0.13848578542324708  0.14991768942684386
  0.16087418880059234  0.17177749664232658  0.18336022508628730  0.19271280992516074
  0.20108216875716445  0.20932794639552330  0.21844121854829160  0.22937068732811766
  0.24082477556272769  0.25038395464611485  0.25842125077444639  0.26630566978676667
  0.27496736556288554  0.28588207424113976  0.29584172180609558  0.30467411483951706
  0.31371792789023473  0.32399191778771952  0.33375556461352884  0.34303671121591450
  0.35286465431771480  0.36436465756329361  0.37625600690293970  0.38762248477051936
  0.39839245646230481  0.40852408352700520  0.41851193181538038  0.42866186068896106
  0.43886715540616611  0.44923778701796085  0.45964318272976151  0.47007509214503806
  0.47978212603796561  0.48989661389855482  0.50144504502096532  0.51396700888123503
  0.52535304648378511  0.53729212278165150  0.54822836822620380  0.55991244748778768
  0.57314634968059897  0.58481345622998870  0.59526656831521263  0.60542079812322469
  0.61594311695419013  0.62542139868227897  0.63346834955571463  0.64113295620861777
  0.64967801033629657  0.66083350655604256  0.67128044098220019  0.68142139650873990
  0.69132921354340937  0.70189793042290627  0.71315201573277309  0.72403771832280228
  0.73376315702605310  0.74279689067591537  0.75195554340959869  0.76181759277523020
  0.77210014559406659  0.78201221977507096  0.79202220471310181  0.80247003379386328
  0.81356729168033526  0.82552566162513730  0.83683972822100217  0.84707861200886136
  0.85685712515713741  0.86664096626264076  0.87656779476662328  0.88611207679884796
  0.89520438467419017  0.90442321382359014  0.91425735561909116  0.92440404683099320
  0.93311279305633565  0.94175123882650391  0.95055237153010519  0.95942049515174377
  0.96866416104894271  0.97761255234605760  0.98878927720894971  1.00000000000000000
 -0.00172220691242990  0.00767163761058306  0.01396234227549389  0.01999676134358141
  0.02548719426593158  0.03066503222285842  0.03684486817357929  0.04381222792319001
  0.05080760938913324  0.05806584894975642  0.06552428685303659  0.07330362691711849
  0.08109179541572938  0.09084829616663222  0.10176527610775547  0.11180775112513239
  0.12145341829600297  0.12998554569758908  0.13860459346532450  0.14744708809840892
  0.15576884363220628  0.16472169546263118  0.17370445020978206  0.18232114564442742
  0.19116169198467678  0.20013406150793395  0.20945707265784005  0.21904884076080261
  0.22866166396548646  0.23909195687342194  0.24958909864887469  0.26017063359409265
  0.27179709391186863  0.28440799051031956  0.29714979544711878  0.30862363210742388
  0.31880325436126977  0.32883140314999937  0.33788281056879499  0.34712409733831412
  0.35662195952735870  0.36614672781324642  0.37581427330698558  0.38479512224066548
  0.39340796010159146  0.40289331754739449  0.41145339537432113  0.42069086284591833
  0.42950845864408371  0.43805338320218529  0.44774608512627040  0.45753097369907869
  0.46776475132918116  0.47899517487025955  0.49204007407497374  0.50540121178210273
  0.51715326752844382  0.52888926116157331  0.54097009265594653  0.55301268004012416
  0.56494955883651155  0.57726327556694212  0.58988342593489995  0.60285706319071053
  0.61512376591862084  0.62586222137974412  0.63618862056646686  0.64722144301895157
  0.65970014434611657  0.67248396464702265  0.68374584915134506  0.69386361565961807
  0.70355041483554470  0.71426832554503750  0.72619891828011751  0.73957330208941152
  0.75391192399563078  0.76803053166485391  0.78112456575325051  0.79332006848883629
  0.80636858144626211  0.82034958253148749  0.83422173334271910  0.84757421057598015
  0.85998545195256071  0.87189959313438570  0.88455058212083715  0.89718538150397509
  0.90971453533532642  0.92269282924581164  0.93729851311368251  0.95132067696688549
  0.96380037871569080  0.97497802535425993  0.98628743817753139  1.00000000000000000
 -0.00233678502397574  0.00901289959164209  0.01879685126651467  0.02839109008321817
  0.03818947084360744  0.04933792951105510  0.06241064714920891  0.07564036220531667
  0.08781078726130212  0.09947141460405434  0.11064182881573155  0.12177558184057218
  0.13269112029417318  0.14421479598549203  0.15582894404700270  0.16613698993531398
  0.17583150238117382  0.18571793135348499  0.19692616667403481  0.20892197893081466
  0.21962169232759915  0.23023807216097530  0.24035557485744968  0.24969479186209498
  0.25874148803750890  0.26778300744702216  0.27898663059445011  0.29148067840645780
  0.30413563839986990  0.31690158009747810  0.32979755803587801  0.34222212148698200
  0.35417913304295295  0.36543420347520172  0.37571663571531511  0.38572851648490863
  0.39699974849879294  0.41030921380452523  0.42382939883098747  0.43675942977023674
  0.44979985483253376  0.46287901465749476  0.47515768699045413  0.48603857302822578
  0.49640241087310932  0.50713856301180116  0.51740709980871080  0.52792016766421090
  0.53837566235142509  0.54963894507189792  0.56070120149379110  0.57158641634939122
  0.58231314115866839  0.59242573933147080  0.60206495495040069  0.61168541630096673
  0.62134206089961919  0.63049127027309138  0.63965281734908097  0.64927558635644911
  0.65904356945682108  0.66920211181724698  0.67968444294272856  0.69057552494567576
  0.70223855434422178  0.71476382088339674  0.72773295768796853  0.74101940626920304
  0.75390655877439228  0.76568316598172148  0.77714239700475629  0.78803573427150486
  0.79897484826008780  0.80976965043916893  0.81891585087590457  0.82715560283735079
  0.83522013210586077  0.84329225432605004  0.85187332402318150  0.86103810228939925
  0.87011640813001145  0.87864778070523186  0.88650519772669611  0.89423448893319624
  0.90288555469060783  0.91263003787113617  0.92303336708827044  0.93338966860745642
  0.94285782607231439  0.95169760344984489  0.95974162428811838  0.96745055884449926
  0.97615987118227743  0.98515598579037111  0.99307504288037851  1.00000000000000000
 -0.00188418052963473  0.00851041788943878  0.01749622005237436  0.02640099712540193
  0.03511425292988917  0.04312367606466539  0.05195341042842549  0.06183379537461887
  0.07460849018056234  0.08833924220940080  0.10306322688377888  0.11891151035776744
  0.13423481664228981  0.14828930103372723  0.16113806886169219  0.17383191172639145
  0.18663939754978337  0.19835822091007874  0.20964295749393586  0.22037391902307249
  0.23248533357997556  0.24617645133240582  0.25979549877681124  0.27291265648820617
  0.28600006139911216  0.29938999111724263  0.31234899425971685  0.32424469303896108
  0.33615601689839913  0.34757908700148754  0.35872836990945461  0.36943465340174780
  0.38003526859807235  0.39007378302291845  0.40054652119044892  0.41165196833364742
  0.42343213544503250  0.43501290070192561  0.44467592913101361  0.45557605163158799
  0.46660206171163832  0.47734529973792711  0.48715039238656693  0.49663916966429661
  0.50630309282464347  0.51636621090876089  0.52675457288397909  0.53710166431853412
  0.54723611445686293  0.55631113168475743  0.56460454812709515  0.57323995533890182
  0.58201436778221161  0.59081784729742071  0.60039165055280130  0.60952251883954311
  0.61955482930576455  0.63039239247636503  0.64180413759662558  0.65333346555377736
  0.66425071892343457  0.67444063436060619  0.68386103679194932  0.69402542677235146
  0.70439176309325136  0.71548509031153840  0.72562457933335789  0.73543134300599378
  0.74534294368441179  0.75590754822537742  0.76743952455509867  0.77835914859431610
  0.78890650661131345  0.79904224324363493  0.80926222351282129  0.81853962918732914
  0.82789216237748608  0.83837693891913634  0.85102968222646180  0.86190579034958348
  0.87159777855467091  0.88108935881805672  0.89036681288243502  0.89883072310119771
  0.90651985336731844  0.91343732131652555  0.92067143850012201  0.92892240223062739
  0.93802861715882468  0.94742499489459553  0.95678780540303876  0.96598892727838925
  0.97461955238977949  0.98296040793019268  0.99159099913943094  1.00000000000000000
 -0.00263645578899094  0.00956560187970253  0.01992434658424009  0.02967808537484808
  0.03916522024284948  0.04885338080326014  0.05952726780592800  0.07057432638017008
  0.08057003570149311  0.08965456040750927  0.09823397471058326  0.10754570284275561
  0.11793481302337942  0.12886625283652306  0.13984683436320086  0.15104639150621574
  0.16333981628624589  0.17558252499749125  0.18705018030859089  0.19840777719804129
  0.20985994969472438  0.22094495353040391  0.23152098592465600  0.24196481330561354
  0.25252062778039686  0.26356933259479093  0.27526457659159592  0.28612040765624946
  0.29638490891033908  0.30623228038587702  0.31562655759391256  0.32468381504635313
  0.33439721107411874  0.34598659618788452  0.35837826206478046  0.36978833146018453
  0.38165815642573508  0.39345541337711459  0.40483866516995959  0.41505357187595515
  0.42497299730372351  0.43497433755556458  0.44546304855527902  0.45586684933983923
  0.46536743975774397  0.47466042725316843  0.48462710877754650  0.49551600196856654
  0.50715049799796263  0.51857961687547705  0.52824262454516324  0.53715639127427206
  0.54647532607076232  0.55642438600376576  0.56694561275927302  0.57768345968749657
  0.58838556557447563  0.59939034061399277  0.60971030671678517  0.62086935063128690
  0.63237062939986233  0.64266263742827934  0.65215171795169236  0.66175718318164667
  0.67278721080889914  0.68350565433651866  0.69338735753409075  0.70326700121450914
  0.71179593607839842  0.72041664121330240  0.72859932764317237  0.73717532125178342
  0.74613615035938041  0.75664719040817385  0.76765826582239471  0.77817010410091769
  0.78909947921698553  0.80119789075589343  0.81397868035669163  0.82707387044823832
  0.84033613821752007  0.85270007781186830  0.86373555253045453  0.87380184952591489
  0.88332035395460540  0.89294409017504139  0.90292008541190827  0.91369871963902327
  0.92482387283284062  0.93635952351270291  0.94659686941765586  0.95721118018955309
  0.96731523942756148  0.97812219891930674  0.98909578652093866  1.00000000000000000
 -0.00211107523005696  0.00934582403342853  0.01947345513893441  0.03151507109376261
  0.04262353084889294  0.05415657496677881  0.06514069512486244  0.07716309762282321
  0.08795079670380822  0.09716999712232990  0.10595580546657556  0.11496099694986758
  0.12441125046215756  0.13471072161253778  0.14562651551540848  0.15667158457044755
  0.16717302191802175  0.17811348648235367  0.18957993155230263  0.20099950535791136
  0.21168452773667473  0.22320111167672788  0.23482296572175376  0.24655612148941641
  0.25687964267231939  0.26622572847246911  0.27565575346350268  0.28550233735435726
  0.29576311880464684  0.30536153312509656  0.31449158009271810  0.32403380499793122
  0.33383042680814523  0.34522907025592081  0.35676125246930934  0.36872050266479722
  0.38107238163116108  0.39164713825372804  0.40049878949275641  0.40810714178062174
  0.41623021861213194  0.42559266185052325  0.43573551674165190  0.44529698453372790
  0.45440752364921499  0.46397777272896690  0.47430208417876052  0.48513683774629879
  0.49443924571436937  0.50308787252510978  0.51204061184457716  0.52111620939655445
  0.53228850998324828  0.54395708376435925  0.55405082122416249  0.56512707308399346
  0.57618250429467688  0.58756820179904756  0.59782799103055040  0.60746812942058426
  0.61671003310361194  0.62606412007371248  0.63527140199749155  0.64538366938737701
  0.65701225048831846  0.66919064105648463  0.68062314213161379  0.69019096711136485
  0.69996793997715223  0.70996266286315557  0.72026696915713584  0.73183070194171407
  0.74483329425873301  0.75698109680767511  0.76795848227301844  0.77945468588892675
  0.79192852899521493  0.80521517938559684  0.81893061738802875  0.83206534328783044
  0.84424464100877883  0.85602638596452818  0.86760643072906274  0.87927742390873131
  0.89040381323226148  0.90119370394503406  0.91146530920551105  0.92269333119987396
  0.93399222017554373  0.94401002537523648  0.95291281186156362  0.96088284777894661
  0.97032681506320195  0.98064978213508525  0.99021685715646635  1.00000000000000000
 -0.00329851555864730  0.01334249525438558  0.02642588162150219  0.03837007506599826
  0.05062176282851552  0.06160585126463500  0.07123103960416570  0.08048978868203609
  0.09004709292025447  0.09990989125375922  0.10941045205195324  0.11918959416057408
  0.12975381349444107  0.14113310867986573  0.15069825948852114  0.15979675249090622
  0.16963506922330085  0.18045744738413541  0.18874021936760024  0.19655785160989256
  0.20436031464962662  0.21403802629957952  0.22528376162765920  0.23677113036219860
  0.24929580752901545  0.26236268335746854  0.27424260882292600  0.28536012295904944
  0.29642809987471253  0.30727530368668143  0.31747847427961823  0.32749957615315178
  0.33815530089730028  0.34841038508611916  0.35878789328162591  0.37027253491698375
  0.38294447671532944  0.39546935118068605  0.40706885929108227  0.41818866786870978
  0.42863810389528068  0.43888205774621736  0.44948190545448491  0.46011843367073785
  0.46997033109122960  0.47958122832308120  0.48805304601063165  0.49817898316922260
  0.50781492750898016  0.51673513945429295  0.52561962133768203  0.53564128417819556
  0.54698024774887899  0.55854461352351259  0.56997574823797714  0.58179349982460171
  0.59426217160725292  0.60627374004814172  0.61680857663935740  0.62645444836282083
  0.63569751114570916  0.64503825230670131  0.65421834088590824  0.66342615747694533
  0.67346608364328764  0.68449839684812608  0.69674579349343502  0.70894930412460466
  0.72214778420472592  0.73647331173782626  0.75100659765322986  0.76322708930469896
  0.77333479573363195  0.78290188334013866  0.79240334238445942  0.80205778860350307
  0.81192039534791971  0.82187462141779888  0.83096197680959860  0.84110087534002043
  0.85141807968985506  0.86114212654526034  0.87092349901755550  0.88048208492270641
  0.89055809295210930  0.90141990195579802  0.91187814075924911  0.92203972603555628
  0.93173681065340885  0.94173903232699396  0.95200742303152031  0.96110700390128201
  0.96990990044514724  0.97896413601543164  0.98860540628553639  1.00000000000000000
 -0.00355818953962368  0.01934818189869367  0.04035534680349517  0.05875580546732767
  0.07621737594650015  0.09277537943003498  0.11011524860270545  0.12752937465071171
  0.14461197196550296  0.16202174751356596  0.17903362828204117  0.19571870993435586
  0.21185115243284064  0.22645603821350641  0.24042246090934982  0.25337410125292587
  0.26458224895101595  0.27530698783124463  0.28547709804259180  0.29513390916065513
  0.30454250499345342  0.31388353246400663  0.32491340325735474  0.33617676869341601
  0.34734651218485546  0.35829060264073742  0.36967750363643104  0.38136126135264281
  0.39320043783702913  0.40501296534944997  0.41693966558233297  0.42823440581446520
  0.43871615575239126  0.44853472072374551  0.45844292657921981  0.46915060108530066
  0.47922326305201746  0.48904154897865132  0.49864926323881742  0.50843822843291209
  0.51849593312888820  0.52862972823254839  0.53917853925856152  0.55016982217078403
  0.56141476957303071  0.57203587305492609  0.58229252513368224  0.59194912680878509
  0.60164085985952132  0.61154206459461580  0.62235963920509552  0.63454174340078828
  0.64760554752624211  0.66013936996149469  0.67112611006779765  0.68096480996465725
  0.69101291729342940  0.70102510323405032  0.70972508730697725  0.71774653153679802
  0.72645102513209092  0.73701163002899361  0.74800798792366952  0.75814025326653556
  0.76758444308896367  0.77652930603739334  0.78592484088580306  0.79658495856994227
  0.80820510304074034  0.81872038288150084  0.82819833975795509  0.83714626636558409
  0.84523767283735540  0.85370122243170554  0.86235029494702742  0.87140804117195980
  0.87984788751627629  0.88770934872227114  0.89514793799375114  0.90201720159860499
  0.90824294953784557  0.91402157283734231  0.91961326285862299  0.92503433875285312
  0.93069125330153812  0.93680992969192911  0.94286577812729455  0.94917882799159781
  0.95543906738097939  0.96168812704751738  0.96811770689721433  0.97427479132953265
  0.98031650619629662  0.98659738536801966  0.99328331389901792  1.00000000000000000
 -0.00277129322505492  0.01135808144009343  0.02290696898097061  0.03544222671246042
  0.04777218749360609  0.06002696970277702  0.06883218077768238  0.07722315346472018
  0.08548043823251331  0.09419732805386584  0.10371063019808044  0.11370513592660580
  0.12254300346960210  0.13260454866590174  0.14243287591499204  0.15179427442740981
  0.16083922607165949  0.17004088702482728  0.17876335357489032  0.18973863478934436
  0.20053437292436088  0.21158372159465122  0.22311141193038775  0.23439591821061015
  0.24533433334504651  0.25694544826366156  0.26863422697426320  0.27939840824984102
  0.28929204536519953  0.29930454620695035  0.30926429617287160  0.31828774191212605
  0.32790433405354980  0.33779636168955668  0.34774944130774543  0.35736743810612975
  0.36724084543716934  0.37812722757220679  0.38872535532721775  0.39902356663356819
  0.40990682514400351  0.42111459593172768  0.43238055485051852  0.44331321150769259
  0.45366885434583110  0.46387624620426349  0.47401217589564093  0.48471295656666730
  0.49648078013571761  0.50749695216331991  0.51752713732794176  0.52698203197657623
  0.53605940209572922  0.54497697521787813  0.55454585811531576  0.56613353994343196
  0.57879424042569605  0.58926297743310585  0.59884732165166288  0.60841351731206905
  0.61834494375618243  0.62895746908311789  0.63918609504293633  0.64900162573656128
  0.65783249929801635  0.66667301325901052  0.67606263639724673  0.68617780428040887
  0.69708848125059519  0.70858588116837373  0.72064075885938239  0.73202325889142206
  0.74318622991415051  0.75336122309794962  0.76338116020091262  0.77360980051161687
  0.78515134827819733  0.79888700767738252  0.81389337038555976  0.82732505847745064
  0.83936939086690021  0.85117624934698655  0.86310126042814084  0.87435877395788841
  0.88501696553347675  0.89422168935031998  0.90339846825977665  0.91184005010909175
  0.92047127746501634  0.93020877041745365  0.93982268476686404  0.95016745929277890
  0.96150074317421985  0.97351246374681266  0.98587666130108143  1.00000000000000000
  0.27375126959853274  0.48497867781160769  0.52403277690947014  0.54605014125937812
  0.57220542259931240  0.59075224157150885  0.60253153935122106  0.61164471266987230
  0.62208525828682049  0.63492768934052035  0.64272247552761663  0.64874802595081493
  0.65511502327419657  0.66290674771166858  0.67014391339980295  0.67880609175103890
  0.68749915873898471  0.69645767109368706  0.70406788638611550  0.71058067448115292
  0.71674767511331650  0.72300405508340715  0.72941546524679524  0.73536391650923483
  0.74103268811059353  0.74634274742771867  0.75145285210665169  0.75665145686306412
  0.76176277874935172  0.76677786000111381  0.77173672641006641  0.77597086558552486
  0.78029818909061532  0.78457451528832090  0.78884836643279188  0.79319693917589329
  0.79770597364742946  0.80242435602598683  0.80718202170235909  0.81202785622149898
  0.81664582377143147  0.82067119056068150  0.82428516893619330  0.82787640259226902
  0.83167103370267914  0.83532243622587810  0.83872916487174609  0.84178403978639937
  0.84475212194476001  0.84779379948421829  0.85100665164140277  0.85459807069214710
  0.85814865477915980  0.86157415562399975  0.86486507846612493  0.86813937229346061
  0.87158436417653384  0.87524479073030848  0.87872746377161282  0.88243044202755616
  0.88605793270045063  0.88957816929941291  0.89277475405654283  0.89573046255535782
  0.89867508960952514  0.90164756673066460  0.90457491422517788  0.90740173061030205
  0.91016374866667116  0.91293574893655183  0.91563210233045189  0.91860353041149445
  0.92164750565682430  0.92481430286906163  0.92798642700902201  0.93112222497352393
  0.93429442141712571  0.93745653928547723  0.94059532309851102  0.94375393655924866
  0.94673082413195664  0.94947796768457149  0.95220656854951957  0.95483823515898736
  0.95762751789264811  0.96090255675525382  0.96419579679160761  0.96764183936485060
  0.97094911287488328  0.97417110620916691  0.97751047966396265  0.98110992591409041
  0.98481779213321907  0.98885893409546444  0.99384707166779052  1.00000000000000000
 -0.00336769267052443  0.09068860163105599  0.11201798412953258  0.12387290074648136
  0.13387580153787335  0.14339332885337183  0.15213192161003297  0.16002585751130946
  0.16714924207496470  0.17443438880827555  0.18154300143658894  0.18787958898240709
  0.19433962115069633  0.19970396323189479  0.20503375733783785  0.21023391014126389
  0.21516591087744949  0.22013637224842339  0.22523518113251820  0.23056105433801055
  0.23623422640931216  0.24171096746298834  0.24729093232840635  0.25250455273099892
  0.25743353449592649  0.26263644470901382  0.26754485570254660  0.27253975090193472
  0.27763200109058178  0.28279616757231146  0.28767845093633282  0.29221636774711712
  0.29669224758659268  0.30138780578452423  0.30663685350804287  0.31194418202772217
  0.31710395899844135  0.32197911212807323  0.32638254989985699  0.33072240573280426
  0.33502776239341908  0.33991846119053537  0.34487679069840987  0.35023020800734012
  0.35545331268529490  0.36116118230278155  0.36715308313916650  0.37357407357378286
  0.38043420196061301  0.38769907984958102  0.39533323080573834  0.40268785730702383
  0.40934634634665457  0.41548090846023467  0.42148363166158698  0.42765791622112842
  0.43365776603332068  0.43997489704176945  0.44618758174110573  0.45276401089531404
  0.45933189288067838  0.46634153344013507  0.47396697424060846  0.48101324828054459
  0.48777350519345797  0.49469358260767043  0.50157610877336889  0.50883607065934644
  0.51557908153985310  0.52217781571942090  0.52921984421220869  0.53657085824194772
  0.54377383520739520  0.55107354778371487  0.55838946248990939  0.56673492211820919
  0.57559705924860205  0.58430880157890730  0.59243243914821686  0.60033715615611827
  0.60950317202094428  0.61973140206865263  0.62992226423484365  0.63963584767530546
  0.64981279265430014  0.66009288952475387  0.67070288762471841  0.68120278480310814
  0.69313856175675859  0.70566763650067577  0.71981772673299260  0.73772659071719238
  0.76187047029393018  0.79342954008614641  0.83886610791298077  1.00000000000000000
   1.2029032690963556E-005  -1.0000000000000000     
 F F F F F F F F F F F F F F F F F F F F F F F F F F F F F F F F F F F F F F F F F F F F F F F F F F F F F F F F F F F F F F F F F F F F F F F F F F F F F F F F F F F F F F F F F F F F F F F F F F F F F F F F F F F F F F F F F F F F F F F F F F F F F F F F F F F F F F F F F F F F F F F F F F F F F F F F F F F F F F F F F F F F F F F F F F F F F F F F F F F F F F F F F F F F F F F F F F F F F F F F F F F F F F F F F F F F F F F F F F F F F F F F F F F F F F F F F F F F F F F F F F F F F F F F F F F F F F F F
  <DiscreteSampler_grid>
  grouped_processes
  1 # 1 for a reference and 2 for a running grid.
  10 # Attribute 'min_bin_probing_points' of the grid.
  1 # Attribute 'grid_mode' of the grid. 1=='default',2=='initialization'
  0.0000000000000000 # Attribute 'small_contrib_threshold' of the grid.
  0.5000000000000000 # Attribute 'damping_power' of the grid.
 # binID   n_entries weight   weight_sqr   abs_weight
    13   10   2.019928048874713E-002   1.420261442696899E-003   2.019928048874713E-002
    14   10   2.019928048874713E-002   1.420261442696898E-003   2.019928048874713E-002
    16   10   3.627510406657044E-002   5.836409083181617E-003   3.627510406657044E-002
    17   10   3.627510406657043E-002   5.836409083181617E-003   3.627510406657043E-002
    22   10   2.019928048874713E-002   1.420261442696899E-003   2.019928048874713E-002
    23   10   2.019928048874713E-002   1.420261442696898E-003   2.019928048874713E-002
    25   10   3.627510406657043E-002   5.836409083181613E-003   3.627510406657043E-002
    26   10   3.627510406657042E-002   5.836409083181613E-003   3.627510406657042E-002
  </DiscreteSampler_grid>
