  0.00382133786614991  0.01192449106036451  0.02068930588157374  0.03086309941417433
  0.04207423135697617  0.05612984871481601  0.07060522099139779  0.08408247146848132
  0.09645668573939291  0.10768798945206165  0.11726837109948712  0.12572221274944548
  0.13386891597671149  0.14216030426184600  0.15024842313933495  0.15837415583084960
  0.16725472193634425  0.17736205317835818  0.18832357215085921  0.19895597091175049
  0.20896539166769218  0.21819489618218774  0.22727164133484792  0.23764938240093939
  0.24963713989328326  0.26204454307922231  0.27365806803487275  0.28373988854996052
  0.29332934452461656  0.30304460125401195  0.31335541082610557  0.32494292643520023
  0.33736749644987202  0.34928845799246216  0.36026986526884991  0.37098672251080422
  0.38266647659106900  0.39484745643071623  0.40690921957876286  0.41841889070308680
  0.42953952258682609  0.44045636386066039  0.44941642077246713  0.45862749150020471
  0.46716223352862346  0.47677702817250878  0.48686688339308598  0.49739295795324379
  0.50743526008169704  0.51554778069391771  0.52243130144748373  0.52974194958310294
  0.53683952654003841  0.54509044772133530  0.55471726732977111  0.56449296768605373
  0.57493042197202571  0.58673941440022626  0.59681106870160372  0.60850953000861197
  0.61855795047115425  0.62907933368884872  0.63924118568071608  0.64960090152685290
  0.66022084672838344  0.67060139767418125  0.68120575172552256  0.69187812724024422
  0.70322771969401354  0.71496045237696149  0.72609837055170001  0.73561459693826459
  0.74439981483043116  0.75353690202034962  0.76361674900722143  0.77555996878626998
  0.78719213546867728  0.79986823870600621  0.81162152782826402  0.82338572861066472
  0.83474863607610428  0.84602279959548110  0.85701387305162280  0.86741806357695550
  0.87792833802993353  0.88925507571392293  0.90073944636708903  0.91326289443773390
  0.92481211058030421  0.93613673981502654  0.94668798176408708  0.95698343203099878
  0.96658286302048213  0.97629180776965774  0.98751859275303189  1.00000000000000000
  0.00002269733866726  0.00003662884241317  0.00004096001849043  0.00004438221241037
  0.00004714187903493  0.00004961455298876  0.00005205299029266  0.00005465156831586
  0.00005721109788937  0.00005955979766831  0.00006178545353395  0.00006398275006192
  0.00006618238785052  0.00006853072687790  0.00007108883203779  0.00007368815927736
  0.00007622134238596  0.00007872288134100  0.00008130425697912  0.00008402720395539
  0.00008688896798583  0.00008967868953069  0.00009265246722498  0.00009561416956886
  0.00009859710906587  0.00010170689013992  0.00010492929971398  0.00010818592103729
  0.00011128918171461  0.00011440545158660  0.00011764028463172  0.00012089353920924
  0.00012418789840553  0.00012773932655858  0.00013142312858897  0.00013475096325035
  0.00013875161033375  0.00014304671215040  0.00014768740397114  0.00015241333083927
  0.00015725533019155  0.00016232597799622  0.00016726074275758  0.00017273360553150
  0.00017867244971026  0.00018518971037705  0.00019200907483978  0.00019899927232293
  0.00020657990176328  0.00021421200385310  0.00022202317579079  0.00023146368509090
  0.00024191105983894  0.00025147408693521  0.00026138333187987  0.00027144185529438
  0.00028191879872099  0.00029370048243382  0.00030758841114511  0.00032293577770323
  0.00033880955352211  0.00035463224536081  0.00036970406702602  0.00038392513611832
  0.00039982450647315  0.00041566759546380  0.00043636061789096  0.00045759483390683
  0.00047984471506371  0.00050202048359395  0.00052614635987938  0.00054940752839673
  0.00057495124919591  0.00060305286866160  0.00063545632491116  0.00067579046476459
  0.00072367099688104  0.00077994890275685  0.00083069851511761  0.00089222717268083
  0.00096226632513109  0.00105743783820285  0.00117974345839478  0.00129755484077737
  0.00144275112304700  0.00160889014430931  0.00181718447098188  0.00203156841340327
  0.00228559922071821  0.00265466147492505  0.00324868301749732  0.00417599710651469
  0.00547680034752649  0.00800362778490488  0.77528919110551309  1.00000000000000000
  0.00005900881963449  0.00006971919806917  0.00007186791987674  0.00007402467556949
  0.00007656336008506  0.00007927045200198  0.00008236931224172  0.00008558293816309
  0.00008896909579712  0.00009265093387640  0.00009624703755783  0.00009996131282683
  0.00010393927694941  0.00010842308506776  0.00011319157784331  0.00011743133866588
  0.00012157311412753  0.00012568551759375  0.00012987681465506  0.00013445598582137
  0.00013973115094009  0.00014532180356568  0.00015090532191586  0.00015671232134647
  0.00016229225460495  0.00016784355800476  0.00017382071416857  0.00018023457631832
  0.00018689295020334  0.00019367298593735  0.00020038428975955  0.00020782694729947
  0.00021553029041176  0.00022349640616068  0.00023178270756447  0.00024032772093824
  0.00024910136618879  0.00025746692883197  0.00026724494989232  0.00027573940273350
  0.00028415353545014  0.00029296855826879  0.00030254435216314  0.00031304227729121
  0.00032466822567837  0.00033807618226883  0.00035324970675211  0.00036815438397592
  0.00038346784927000  0.00039936966987968  0.00041604448163600  0.00043347345042086
  0.00045125774051882  0.00046940170103710  0.00048826500332059  0.00050861159917587
  0.00053113680683721  0.00055031091532580  0.00057218865143605  0.00059408077141004
  0.00061925601545261  0.00064733267694214  0.00067482503373182  0.00070443651211811
  0.00073276981205074  0.00077146703839605  0.00080796448432864  0.00084625084130377
  0.00088855813935999  0.00093651729669560  0.00099079122307430  0.00104446416958252
  0.00110339814605867  0.00117727348970711  0.00125964691322051  0.00133633655292253
  0.00141791487825216  0.00153170396985861  0.00168325944590784  0.00184151209889984
  0.00198714379962677  0.00212371767371136  0.00226626609180127  0.00243428088068467
  0.00267051459527337  0.00309581925188577  0.00348620506582606  0.00386047693106862
  0.00429778662438662  0.00486975272162269  0.00570984502096926  0.00676560153815874
  0.00863485302855749  0.01199404094364849  0.02326767867241422  1.00000000000000000
 -0.00323381399140890  0.01229063704933134  0.02582164153139510  0.04035385085355214
  0.05387956149225401  0.06646371223401451  0.07769930729863385  0.08809927458285956
  0.09836980069453478  0.10822749002689863  0.11888141364702738  0.13102489271127599
  0.14376885487950203  0.15617691241055245  0.16695079488566683  0.17702778680544931
  0.18615712107128762  0.19619008265628132  0.20644831970470534  0.21708454591522908
  0.22647516608044690  0.23601024836094714  0.24613222289263775  0.25625218456129933
  0.26600515739499625  0.27572714580643992  0.28587010124387013  0.29483047815678554
  0.30184067922506025  0.30842133211264894  0.31531144562598229  0.32290162515204424
  0.33179010551492089  0.34132457981574749  0.35127464568982503  0.36276283421479100
  0.37469310228416969  0.38771295205870770  0.39890213243743256  0.40983632505792328
  0.42014670796174114  0.43066099418601689  0.44155794499376833  0.45176923888044668
  0.46107818008262696  0.47007072503631059  0.48014992701671894  0.49257445704339126
  0.50279734542235488  0.51246106619509946  0.52224952810152847  0.53410751776383480
  0.54607556134000867  0.55856459371193223  0.57015407112526817  0.58157673468393034
  0.59186267071993270  0.60205589821019523  0.61195139611163962  0.62161119338760129
  0.63176869036240146  0.64230356907480546  0.65291532325034063  0.66353311115490043
  0.67376546207386623  0.68415560334811110  0.69466380654078708  0.70533998545576115
  0.71680038262733847  0.72769062870962842  0.73756151878818277  0.74745207258150093
  0.75661789989151651  0.76654729915709474  0.77666205983340575  0.78733618281519480
  0.79786865376891269  0.80807485871923079  0.81928346021110587  0.83077475937741130
  0.84243205989783465  0.85367903786468935  0.86593884822054479  0.87725381586940920
  0.88687403971234879  0.89660984022379453  0.90692679162378287  0.91677414622646924
  0.92613628781868518  0.93554476354755578  0.94521693666633544  0.95589930726695915
  0.96662058873369205  0.97809482502762823  0.98962348939547018  1.00000000000000000
 -0.00291930833047346  0.01032366138643758  0.02135274291729526  0.03221175625118497
  0.04271599522791340  0.05291771901990931  0.06289755316230597  0.07298665072880423
  0.08339068064450297  0.09357803764998680  0.10324878962787558  0.11379342900385392
  0.12474292539648896  0.13452580455282798  0.14426336966048500  0.15473405529441703
  0.16413049892644488  0.17348016030368762  0.18257015798779438  0.19484907946747654
  0.20811628296844506  0.22111889040785360  0.23298304700116187  0.24408345653550845
  0.25553376858466897  0.26701958639919093  0.27676920506172847  0.28641791113670390
  0.29669613958392449  0.30758853171863459  0.31728959225075509  0.32555180328425781
  0.33392991204959332  0.34097004786792789  0.35043207669342757  0.35887638300919833
  0.36819037298088553  0.37800562110348740  0.38858039732200755  0.39932656850785436
  0.40966229749287647  0.42027984399142121  0.43170024750100228  0.44219623953336962
  0.45134273924053764  0.46044754470538746  0.46971064295419407  0.47896520351303479
  0.48852182688846912  0.49893610101903030  0.51057341677667623  0.52215080821074267
  0.53268694043396503  0.54301201905917540  0.55301470022690302  0.56286512164346769
  0.57277130936647846  0.58384954448314863  0.59621240003524767  0.60896599719680500
  0.61973057078876326  0.62963440881855648  0.63925538076379362  0.65079060403107636
  0.66305975739987466  0.67690199298320097  0.68910268053662316  0.70038653775246784
  0.71048587251362649  0.72068371377498941  0.73186280155840522  0.74446400053507500
  0.75674663569696798  0.76943330117398712  0.78148024555845130  0.79210665017847426
  0.80140657196271403  0.81017274551672691  0.81882639523473455  0.82843012120353376
  0.83872186723569309  0.84965069125253945  0.86099560129773633  0.87195098019130057
  0.88301862648687446  0.89488670265220416  0.90678928387693636  0.91747961289833202
  0.92722906923247506  0.93725077963364878  0.94871515550878183  0.95994747779393530
  0.97045933697143127  0.98040352968818345  0.98985871526726898  1.00000000000000000
 -0.00163559562142591  0.00936578789464731  0.01863620488795211  0.02700118960961826
  0.03483627940538737  0.04295504176066375  0.05236706507875245  0.06353799875068680
  0.07606099967623908  0.08832094941137122  0.09963539435149216  0.11049935806224773
  0.12096014630785233  0.13095495649835789  0.14107201611659759  0.15166651209264359
  0.16262981312612890  0.17361218975776957  0.18441578396631514  0.19512045139178377
  0.20530633778476604  0.21630602795738374  0.22776636213068133  0.23718376276277023
  0.24646485917139602  0.25556352257469411  0.26524853777903179  0.27552500119745232
  0.28625436222357081  0.29795162238948036  0.30851037365620654  0.31870786335438089
  0.32771365389140766  0.33763265013821619  0.34768586400113710  0.35810950624335941
  0.36878657720702046  0.38047440306167024  0.39212513265411580  0.40350765680309780
  0.41480789780339955  0.42609354560478291  0.43780569229682426  0.45119335195626725
  0.46502322635451609  0.47978449733960638  0.49315839207819900  0.50581923449626942
  0.51722563560022983  0.52816876128669910  0.53896362541510701  0.54994136658397663
  0.56076133029258102  0.57245882423855932  0.58474921660961099  0.59696820959436026
  0.60920936203116038  0.62022060017670655  0.63101563905814484  0.64156304319463453
  0.65185390601232507  0.66136734343288517  0.67052553001510373  0.67945473218061114
  0.68907924437703261  0.69907603814146224  0.70996898663962438  0.72199590351450260
  0.73374104725677070  0.74566375606235191  0.75771048436444011  0.76900771459033801
  0.78049521700000479  0.79211537343154681  0.80438745853614924  0.81700666907271913
  0.82751945560686024  0.83592217043528905  0.84384230151959405  0.85151475639688989
  0.86104378049924724  0.87230611319300744  0.88330910389160022  0.89362138873536090
  0.90381453825808789  0.91454029732734088  0.92628512527371831  0.93920407074404577
  0.95096579930629910  0.95987575695940852  0.96782303656876500  0.97478359996269126
  0.98168358554533297  0.98819783879410239  0.99431042142768733  1.00000000000000000
 -0.00287479119352351  0.01079404110889030  0.02262219076962377  0.03421050609832589
  0.04513398098036593  0.05563308557741415  0.06559421477353874  0.07576578012618290
  0.08592367769480397  0.09662747965560117  0.10795582870879156  0.11866387930939158
  0.12892840975095207  0.13910709371775587  0.14927058812506724  0.16036237289005542
  0.17132880877064627  0.18279225930378329  0.19446252800568206  0.20586468894014329
  0.21720605907478008  0.22686663514152824  0.23640724025034854  0.24616999331965597
  0.25807243235907357  0.27027241215320597  0.28080912796929203  0.29182266409574470
  0.30377798885438057  0.31706686897108022  0.32963745909913816  0.34131366441925565
  0.34980510880041016  0.35807399920688332  0.36648253458596847  0.37535476205479124
  0.38695326444776951  0.39898331908473911  0.41101520803808195  0.42400015526520402
  0.43788440988204586  0.44847526432279805  0.45680985696926663  0.46376769161919806
  0.47055780175669903  0.47725584171767926  0.48468054823987727  0.49368868958075612
  0.50378539728075222  0.51317164035413765  0.52269813835742152  0.53264563926412922
  0.54340972544886279  0.55472303267198853  0.56689454400705619  0.57992933010440473
  0.59286391423548257  0.60469092861132745  0.61498016125347432  0.62551074794541162
  0.63763329035968075  0.65145676932752661  0.66308768717829625  0.67434598510152710
  0.68530186262204040  0.69510521044973572  0.70469987618839269  0.71361516403881431
  0.72359168411540287  0.73356566704672366  0.74339893714472127  0.75369360618922399
  0.76322748857239875  0.77391063763106671  0.78555690721424976  0.79702637500604034
  0.80681217008379580  0.81674195284941975  0.82744741884132433  0.83819187151185315
  0.84737752898379970  0.85684286785864106  0.86685492117007401  0.87693341554019077
  0.88680420514756808  0.89700258592420801  0.90720534311219359  0.91838752642512855
  0.92919236759601154  0.94004124564937974  0.95036974050703227  0.96033061654686214
  0.97022794251621880  0.97979482944053597  0.98954974900867110  1.00000000000000000
 -0.00220489266647835  0.00728128248523231  0.01519311123103793  0.02256984052018506
  0.03015648089482735  0.03773593195220087  0.04633385056146308  0.05528249894489978
  0.06377111325372593  0.07219128298360417  0.08096953927177553  0.09020015253277908
  0.09973204717388078  0.10930399840495604  0.11887984236480117  0.12854664644089975
  0.13779422904016725  0.14698971794604135  0.15709689000281105  0.16606489286655041
  0.17368101072913242  0.18174338024356013  0.18911359878306067  0.19734046607396083
  0.20610876323767063  0.21566106012789973  0.22554120341703757  0.23488138571057476
  0.24376198919280384  0.25301261970922689  0.26316303389558238  0.27298303272975277
  0.28297865473864547  0.29231736643341655  0.30125940053362060  0.31028693193354062
  0.31990021616651904  0.33001246844028426  0.34180923599046237  0.35331153641007618
  0.36661095799881227  0.37923357030428723  0.39206482709340107  0.40422785277282863
  0.41657123771247018  0.43010228689085628  0.44404545379169541  0.45683225345763800
  0.46846213542238696  0.47904215934275435  0.48927813701964062  0.50037918551564309
  0.51216725461049784  0.52405923512732433  0.53519612185804721  0.54576995429669239
  0.55656695403360545  0.56747747409888660  0.57835666825538357  0.58950865262537289
  0.59957611044815018  0.60957098092707573  0.61975135029851902  0.63089360077266532
  0.64323396936886146  0.65579929590265240  0.66839371213672150  0.68187897769852501
  0.69469504551097383  0.70717800069289583  0.72017561547086906  0.73352596778818879
  0.74683581518348563  0.75907947845659651  0.77027340367219643  0.78085506667200644
  0.79086589209387226  0.80093043060240043  0.81139408149889991  0.82184226456079790
  0.83150204965669938  0.84042032636522190  0.85003581967955266  0.86118686364738029
  0.87431992999245967  0.88767581593741030  0.89953202215826100  0.91054401239139604
  0.92136862643566242  0.93345292316748374  0.94638414785656277  0.95987667954165612
  0.97229641300774305  0.98297777832326516  0.99182680264174783  1.00000000000000000
 -0.00305369860217801  0.01263438818605044  0.02482462864015157  0.03356708579749612
  0.04272018823209701  0.05220113048397989  0.06211056385577877  0.07323307686479864
  0.08454100951331385  0.09540832787645621  0.10562040914184333  0.11621955394081981
  0.12716838272650086  0.13871658706993109  0.14925077105444820  0.16002121077767817
  0.17144719317886353  0.18308295184705634  0.19561682210992409  0.20718192876625430
  0.21930871611583053  0.23126871077729250  0.24203319491420566  0.25184086930471883
  0.26110712254025259  0.27086320315309870  0.28131992913438031  0.29314219008326292
  0.30515766867836347  0.31643819811884161  0.32744483665157892  0.33750772283364910
  0.34754235348741136  0.35769383450913661  0.36731442757572241  0.37608642587858426
  0.38468661341411858  0.39355034894418328  0.40315228627921273  0.41338301288137314
  0.42268643854558968  0.43217651175949717  0.44107967699446254  0.44916674149621860
  0.45706918384172107  0.46513795665850971  0.47364542964675210  0.48379747093297859
  0.49460737153005352  0.50666467624083489  0.51945002088426728  0.53229203119122503
  0.54307175160551535  0.55193177776152957  0.56058961935586438  0.57027266139000232
  0.58115935317522738  0.59293506589329481  0.60565687877819918  0.61825538331515784
  0.62992995887088543  0.64072438948190347  0.65221167734110264  0.66498044306832294
  0.67765598607595390  0.68916930558319600  0.69970280733581813  0.70968273284236150
  0.71889993803528884  0.72800353087027636  0.73736913867406373  0.74722079826064125
  0.75594012822805390  0.76455046132379267  0.77291683157432001  0.78224572581436835
  0.79229005408651221  0.80300748155215429  0.81416214304579759  0.82512896831248905
  0.83478037529805604  0.84363433899079721  0.85214236739134896  0.86171660524036398
  0.87253588237399304  0.88342510779321037  0.89463546036505703  0.90639675456987057
  0.91920250161460593  0.93146975705793977  0.94319135835612400  0.95420410599534555
  0.96427449827735756  0.97492292458330621  0.98624302307044187  1.00000000000000000
  0.00162950767085998  0.00590141031319913  0.01164033909032318  0.01717286099487417
  0.02338626642773030  0.03173319976580626  0.04106838040649821  0.04942308998427444
  0.05756305203034300  0.06539169556134845  0.07270937685436675  0.07964115289406844
  0.08707180584463851  0.09482167058672654  0.10276657813022834  0.11110642627065695
  0.11911528339255892  0.12817678170906491  0.13817188723222623  0.14885444179298229
  0.15927976823959564  0.16918439216530654  0.17887883224100903  0.18782710173591763
  0.19659419716519097  0.20540841177829200  0.21414467371299767  0.22270168878103280
  0.23129006535652788  0.24088514049394316  0.25301959624291709  0.26573248746933548
  0.27748327718416366  0.28859528837544784  0.30010252157078704  0.31173779162321985
  0.32413184389264088  0.33589698433771947  0.34797517528156086  0.36213634448846055
  0.37681414863313389  0.39106090255935899  0.40533813484292419  0.42021417412574580
  0.43431211982104556  0.44853899859469237  0.46234694720589037  0.47529305019242390
  0.48745839526733220  0.50095592450685722  0.51192877318369656  0.52361504859862629
  0.53457585932741147  0.54812515564488817  0.56117584655022101  0.57417403358234165
  0.58706844279655435  0.60117415506813743  0.61631097466611395  0.63159219104572195
  0.64593174705433154  0.65940485371983681  0.67207923169153105  0.68554958764615126
  0.69865021853354459  0.71093142928904196  0.72251916575129471  0.73357310503127693
  0.74417389162389991  0.75639197301040517  0.76892035445218831  0.78074218174275367
  0.79239394105579442  0.80331963554067121  0.81509666613912335  0.82617993892541230
  0.83706572937323220  0.84768287842725332  0.85798558841244088  0.86767710822332389
  0.87665149114432384  0.88584269946801752  0.89499374366643247  0.90454359085587144
  0.91376304485222726  0.92297120130338972  0.93065158437318740  0.93802347500407524
  0.94577370027172336  0.95450979372735179  0.96326249534269326  0.97153028567801591
  0.97932859459293675  0.98666290341626894  0.99355688130387088  1.00000000000000000
 -0.00205832392762679  0.00703551143346524  0.01490287244919177  0.02322114925251762
  0.03214754212670100  0.04207891406746363  0.05299791723043252  0.06419621014064267
  0.07243439917702078  0.08017430774542000  0.08853364462073676  0.09758025046050155
  0.10857444208432887  0.11997369596005880  0.13148196568393147  0.14356559052416357
  0.15475045856219827  0.16524637356792957  0.17589447874314662  0.18631883978634897
  0.19766809639140601  0.21018624688719645  0.22318437282196063  0.23413155191113441
  0.24363563563797017  0.25343980075756067  0.26366207096534483  0.27423653051726099
  0.28432980437563821  0.29441999797551938  0.30471801098602591  0.31560475493121498
  0.32720815789705388  0.33896274706365159  0.35006602868824616  0.36113034441408864
  0.37177649711435218  0.38214852367054930  0.39299816784610409  0.40442500482931781
  0.41556377964946589  0.42581648899364094  0.43565580465921799  0.44618674697833693
  0.45685066106103939  0.46729414861182067  0.47783243046860285  0.48803287130166362
  0.49772036168616507  0.50705481946764486  0.51615080841971062  0.52600011825296311
  0.53542873389615031  0.54481537816880088  0.55504576723327315  0.56623847624861723
  0.57851256801202899  0.59092702269574460  0.60276665494658332  0.61398790093857791
  0.62511444220500156  0.63617651774845463  0.64709784221268130  0.65808251274667651
  0.66951373026948902  0.68185349029192777  0.69342476137483999  0.70400126594090706
  0.71422454620998499  0.72470205034511925  0.73586596476186306  0.74787807145702256
  0.75917027070176113  0.76987648137661091  0.77959972376863407  0.78883437902882836
  0.79832446131365342  0.80785797768595469  0.81765441732851496  0.82805368282708836
  0.83830430940949574  0.84750019504300234  0.85629062403367173  0.86546132065820947
  0.87476558152874084  0.88478727367032128  0.89528833859727275  0.90681589448856448
  0.91859930864310924  0.93050385065757102  0.94266027737379554  0.95459173144147891
  0.96724371182235025  0.97927277265210788  0.98989155025339937  1.00000000000000000
  0.48658049054668939  0.63825821628389201  0.64784316523791174  0.65599119010435047
  0.66451077613078213  0.67227256376691336  0.67987411839383904  0.68682159542083676
  0.69277767768046961  0.69837601549947725  0.70483606859666115  0.71204069849634888
  0.71845621314856078  0.72459826315343812  0.73041238415916176  0.73667181652989333
  0.74268009767922527  0.74856938875924994  0.75423388157054894  0.75995655548913976
  0.76595146296397676  0.77204577340430691  0.77768473321769338  0.78344964924844185
  0.78888161825897918  0.79398599789919244  0.79863250694809962  0.80323585548043996
  0.80781311111434728  0.81235388452140911  0.81681556626665053  0.82136345337403383
  0.82585644608727626  0.83027495094080694  0.83444515853216505  0.83825226334454472
  0.84226958465349100  0.84636305853130223  0.85060193660616601  0.85490163358211257
  0.85914964061947618  0.86334570335722016  0.86725923306447605  0.87079020423533249
  0.87438799047312599  0.87811453336869905  0.88218692473401894  0.88622192700631353
  0.88981627763752635  0.89311418561124911  0.89618303511093689  0.89911686151684211
  0.90188983333496553  0.90454756577982121  0.90711491253131338  0.90967186126258015
  0.91233740257735563  0.91510047065041022  0.91801846236840257  0.92053178532349833
  0.92297737687050352  0.92541789369531402  0.92790933722027547  0.93044820503885717
  0.93289418706944904  0.93535039827877842  0.93772977638497146  0.94023286714102583
  0.94268549625731857  0.94511371035175940  0.94769295724122027  0.95010623852788556
  0.95209783600406939  0.95400084276458785  0.95598512485487730  0.95789369137806613
  0.95976548909069193  0.96175481882715774  0.96390706359803435  0.96605481184283182
  0.96825221375660375  0.97044337998820496  0.97251870892592007  0.97456221298466017
  0.97654471964211431  0.97847945951112303  0.98042219037826228  0.98224656452318249
  0.98420450577596652  0.98622530474344949  0.98822004726657497  0.99015828954043172
  0.99214202646522376  0.99433482439517296  0.99694259260873075  1.00000000000000000
 -0.00316836741628260  0.16427609335093621  0.20087069478268499  0.22745596508037227
  0.24751310177385316  0.26358299201839280  0.27928952495700082  0.29571482932855309
  0.31103364613135598  0.32491756513216236  0.33663499692133980  0.34704402824511260
  0.35694724767825259  0.36765978554164808  0.37923095134029672  0.39128394692515950
  0.40167693926335102  0.41050108777158667  0.41897490677354426  0.42792750864598350
  0.43786258899503683  0.44770948420717516  0.45688761521474591  0.46571132640728324
  0.47382437848829334  0.48182319003807733  0.48907629398614544  0.49591993783242738
  0.50330799962494821  0.51089427973394763  0.51833370866379924  0.52548453289534047
  0.53189217235475661  0.53782491946097122  0.54358371741359213  0.54973432973751102
  0.55619101864177767  0.56251817902544088  0.56868706222347754  0.57484677929780392
  0.58160545434032862  0.58837068507225176  0.59485652886018747  0.60103615692487944
  0.60715487683411018  0.61271215614823071  0.61795853587503213  0.62308997215091400
  0.62816858811250820  0.63347846886754333  0.63909361117114050  0.64475302328229234
  0.65007087290837340  0.65508521468401593  0.65967895261235288  0.66336345670202013
  0.66699890490900027  0.67051985744076770  0.67392858773906072  0.67729794485442496
  0.68213368436974608  0.68753536431627738  0.69258388922866865  0.69734224946310142
  0.70209597808616653  0.70705933813730837  0.71250365418249850  0.71799607712980373
  0.72289930730221852  0.72779449892793624  0.73289416629487580  0.73832895088390627
  0.74432885023092166  0.75059688835987715  0.75627671781593342  0.76125583568695654
  0.76591547675206206  0.77053918397857890  0.77537815161100088  0.78060090704156038
  0.78562089624340958  0.79081548149334968  0.79621657798856027  0.80176959559662009
  0.80810143464997386  0.81417211899399999  0.82008822015984661  0.82527057255488867
  0.83088989397354873  0.83813394312143707  0.84850508981353234  0.86250048703099613
  0.88185957399185655  0.90461464847016504  0.93189786880038927  1.00000000000000000
   2.5407622738941091E-008  -1.0000000000000000     
 F F F F F F F F F F F F F F F F F F F F F F F F F F F F F F F F F F F F F F F F F F F F F F F F F F F F F F F F F F F F F F F F F F F F F F F F F F F F F F F F F F F F F F F F F F F F F F F F F F F F F F F F F F F F F F F F F F F F F F F F F F F F F F F F F F F F F F F F F F F F F F F F F F F F F F F F F F F F F F F F F F F F F F F F F F F F F F F F F F F F F F F F F F F F F F F F F F F F F F F F F F F F F F F F F F F F F F F F F F F F F F F F F F F F F F F F F F F F F F F F F F F F F F F F F F F F F F F F
  <DiscreteSampler_grid>
  grouped_processes
  1 # 1 for a reference and 2 for a running grid.
  10 # Attribute 'min_bin_probing_points' of the grid.
  1 # Attribute 'grid_mode' of the grid. 1=='default',2=='initialization'
  0.0000000000000000 # Attribute 'small_contrib_threshold' of the grid.
  0.5000000000000000 # Attribute 'damping_power' of the grid.
 # binID   n_entries weight   weight_sqr   abs_weight
    67   10   8.233509697487936E-004   1.842875465729756E-006   8.233509697487936E-004
    68   10   8.233509697487930E-004   1.842875465729753E-006   8.233509697487930E-004
    70   10   1.494642903106841E-003   9.698143335903515E-006   1.494642903106841E-003
    71   10   1.494642903106840E-003   9.698143335903504E-006   1.494642903106840E-003
    88   10   9.085437903373955E-004   4.738736282452488E-006   9.085437903373955E-004
    89   10   9.085437903373949E-004   4.738736282452483E-006   9.085437903373949E-004
    118   10   4.419659623307663E-004   1.049941379490855E-006   4.419659623307663E-004
    119   10   4.419659623307646E-004   1.049941379490845E-006   4.419659623307646E-004
    121   10   6.401897300307632E-004   1.378764188583384E-006   6.401897300307632E-004
    122   10   6.401897300307614E-004   1.378764188583374E-006   6.401897300307614E-004
    139   10   4.394722327296315E-004   8.172706152852730E-007   4.394722327296315E-004
    140   10   4.394722327296308E-004   8.172706152852695E-007   4.394722327296308E-004
  </DiscreteSampler_grid>
