  0.00241059575659226  0.01519418742311719  0.02792391322383080  0.03963283787729275
  0.05107394242409938  0.06236321845625338  0.07388435193294915  0.08516500521813852
  0.09659790394863654  0.10738014876462372  0.11783061549772766  0.12844791643248360
  0.13930461253904464  0.15096251458850690  0.16224267265429057  0.17379755615059686
  0.18506989511550043  0.19603675922153860  0.20692243546896433  0.21776777311517212
  0.22870605009142464  0.23945661829727491  0.24990608668287556  0.26015224549089527
  0.27039194699006441  0.28090428683897156  0.29165345475330323  0.30259358389039148
  0.31364721101854642  0.32471387068433122  0.33561457157459512  0.34641732539233200
  0.35714079783883035  0.36757737687885167  0.37803857243370786  0.38856452725662022
  0.39951861283470508  0.41080688872777010  0.42215566852538383  0.43335857272586736
  0.44426842491408397  0.45507720483736913  0.46583161558015995  0.47649282557640604
  0.48693107542337488  0.49737206471400003  0.50768037458039250  0.51792833666695637
  0.52823987977138975  0.53860919470101198  0.54876869658561722  0.55840874295978027
  0.56813875458687368  0.57813165100250574  0.58838928257760337  0.59871314560439748
  0.60893602234306698  0.61909248674756245  0.62928450622707788  0.63973587469560922
  0.65064248931776603  0.66167380355400063  0.67238233683524795  0.68285663705088417
  0.69336072993297271  0.70379571010580955  0.71394495038732120  0.72378633444992380
  0.73363656181816783  0.74389297344552574  0.75469446589966804  0.76542025049399609
  0.77587247326945086  0.78594996125167083  0.79636181533151895  0.80670492571411789
  0.81710449847346678  0.82735118967592225  0.83772726044982371  0.84820944877728421
  0.85866061315375652  0.86901503167011407  0.87928210182530619  0.88940699055957850
  0.89944611717895584  0.90967598542908834  0.92007096631051710  0.93036145518045699
  0.94032952150671179  0.95015095051895837  0.95950639688755357  0.96836863782036531
  0.97680226296296746  0.98457140761697637  0.99254464343370352  1.00000000000000000
  0.00298627253927770  0.01315015840892889  0.02508910214646631  0.03647922760028996
  0.04788564187861966  0.05912416203158346  0.07025979895202729  0.08116924430995891
  0.09187367679798879  0.10256801284686978  0.11290757684096618  0.12357096120667956
  0.13421427646925202  0.14490218915115174  0.15537681215282781  0.16623193284638846
  0.17739888662985931  0.18871534554625194  0.19937567420779187  0.21000466297100018
  0.22044732979842863  0.23132458823552948  0.24250338715510206  0.25350754576458845
  0.26430837244928473  0.27465256825723877  0.28535024028846812  0.29590682585948935
  0.30660606264868617  0.31722125085524749  0.32795516260770807  0.33909793849779774
  0.34997019522132289  0.36069038959439831  0.37145568550827857  0.38236380313862395
  0.39376889876804111  0.40488483671009357  0.41582691834221475  0.42658020654131562
  0.43743172152268611  0.44784036169149527  0.45770020425305380  0.46749055150240870
  0.47775591116609128  0.48887861795202853  0.50031448217075625  0.51139615483404499
  0.52217578667643383  0.53261558301691625  0.54317716139941408  0.55361660866913409
  0.56423177071421138  0.57381145521699706  0.58338005355102218  0.59286222346661366
  0.60305261486056605  0.61340402802639615  0.62389657010828770  0.63449954747877402
  0.64484295310251039  0.65515490001280074  0.66555600185312358  0.67546168577201016
  0.68533448249765594  0.69523298902056230  0.70528466840864779  0.71566988686377175
  0.72583369058682912  0.73608829049965363  0.74655421662351718  0.75708969125188397
  0.76767917568092470  0.77829393847336714  0.78897420545962527  0.79929742319695674
  0.80943547192199794  0.81999365645654021  0.83042547071731321  0.84051884914883357
  0.85033978192349924  0.86034751739458160  0.87083127163660567  0.88099343506606176
  0.89115667288185496  0.90128259737675664  0.91180390583906401  0.92233274544138633
  0.93285687744267576  0.94302782565979304  0.95302537842938806  0.96262431249048219
  0.97205257876221240  0.98124779741490653  0.99059287762917458  1.00000000000000000
  0.00000324018907635  0.00000339094179341  0.00000350762243030  0.00000359837032743
  0.00000368336854645  0.00000378081914508  0.00000388494234290  0.00000399500191317
  0.00000411740175392  0.00000425855346647  0.00000441588091756  0.00000458313337988
  0.00000476037130971  0.00000494992824809  0.00000517055463157  0.00000542600172234
  0.00000569675405558  0.00000600513199883  0.00000632608101412  0.00000666944010560
  0.00000706282498874  0.00000750125818088  0.00000797163922459  0.00000847275435421
  0.00000899170655855  0.00000954226284769  0.00001014316449745  0.00001079827450463
  0.00001150223790459  0.00001224775440752  0.00001305117335062  0.00001392694606873
  0.00001485742587946  0.00001589572796952  0.00001700649980040  0.00001829839750409
  0.00001967028585740  0.00002113520631187  0.00002272622421833  0.00002446296417545
  0.00002635791373892  0.00002840818933140  0.00003059866039051  0.00003305625566423
  0.00003571149392370  0.00003862699555709  0.00004176044179983  0.00004513003025920
  0.00004879611409724  0.00005279693331919  0.00005719875683356  0.00006200618671997
  0.00006715957602924  0.00007285023680298  0.00007907867222414  0.00008600871430831
  0.00009368405104000  0.00010229492300477  0.00011171560986341  0.00012212866074195
  0.00013341419809801  0.00014602174125089  0.00015997223098491  0.00017533624625389
  0.00019219540995289  0.00021058026399451  0.00023156160773349  0.00025504541850652
  0.00027990378740697  0.00030616840556687  0.00033651313360055  0.00037317377298492
  0.00041517864977931  0.00046292777292917  0.00051761393065100  0.00058216669906882
  0.00065678363228317  0.00074228646972875  0.00084329691772144  0.00095575946090254
  0.00108015260280373  0.00121872655700411  0.00139155948160739  0.00161038344277866
  0.00189478842278716  0.00228228034449679  0.00276048611883379  0.00290689264118222
  0.00308427882814069  0.00330114265430727  0.00353628225750482  0.00381175701601877
  0.00409051802003203  0.00543187147315919  0.01092435825390712  1.00000000000000000
  0.00000415225602424  0.00000556921194289  0.00000764772670554  0.00000955765268192
  0.00001136709990630  0.00001317842950063  0.00001507612136137  0.00001712537733391
  0.00001928673073346  0.00002161174283391  0.00002409902081850  0.00002677870493139
  0.00002967953469340  0.00003288571721494  0.00003644784252616  0.00004033306664798
  0.00004468801430304  0.00004969682356387  0.00005514915121552  0.00006126991621375
  0.00006775199090441  0.00007473667720074  0.00008201908260730  0.00008962742583688
  0.00009760876537782  0.00010591434883289  0.00011429531390658  0.00012280805233365
  0.00013161439901412  0.00014104363775077  0.00015110262607134  0.00016169892150669
  0.00017264929349969  0.00018402238219497  0.00019579011722257  0.00020819620624917
  0.00022072553076227  0.00023367202233645  0.00024672323647970  0.00026165405899671
  0.00027737544970904  0.00029397864284011  0.00031117007644218  0.00032985735652450
  0.00035064800456944  0.00037304910123923  0.00039725770992256  0.00042299048058257
  0.00045096404985111  0.00048082696789578  0.00051348761400649  0.00054691895987999
  0.00058087542800203  0.00061487585525735  0.00065073222027072  0.00068770737067300
  0.00072644843903764  0.00076788936183052  0.00081378629202533  0.00086454343682549
  0.00091897188788473  0.00097564040707057  0.00103137058085024  0.00109394914880057
  0.00115750361549512  0.00123017202534119  0.00131387165145475  0.00140562737243192
  0.00150393514618248  0.00160655132391558  0.00171343281680977  0.00182635067638659
  0.00194223005650289  0.00206217079491831  0.00219417768278587  0.00229541230070136
  0.00242387915871000  0.00255826207633090  0.00269989535444711  0.00287668216507059
  0.00307704111053182  0.00329008814081193  0.00353149548961444  0.00381119867863516
  0.00401051604179153  0.00423661673472527  0.00448156535609538  0.00471424392260293
  0.00497652349054713  0.00524299883036404  0.00547722020072862  0.00601185050334449
  0.00682216871461563  0.00769751875226024  0.01567120437997938  1.00000000000000000
 -0.00263967952124168  0.01050914881279382  0.02160562423249534  0.03350019313879055
  0.04401205673355580  0.05427977465712280  0.06461959641187198  0.07575515065627357
  0.08698026946779602  0.09797339648094244  0.10842327255209462  0.11865167325893819
  0.12934573572844948  0.14033088927558551  0.15080251396838798  0.16074515039265466
  0.17042787426362233  0.18065177269817867  0.19122346498069273  0.20187812212667500
  0.21336885027141000  0.22415975746462702  0.23440909342552460  0.24461270357041809
  0.25486315075781790  0.26578254279224317  0.27636855016245937  0.28698334536878822
  0.29725431226695626  0.30774031933649559  0.31830180303118760  0.32840011480075088
  0.33832454538356632  0.34804982608739582  0.35797325172946270  0.36786094272878378
  0.37747269409570477  0.38732487790572878  0.39729808143492135  0.40766836403207618
  0.41805895472420734  0.42809459479996081  0.43796201569062676  0.44785251911343976
  0.45787382889706579  0.46812383825701664  0.47820008311564355  0.48829242592207522
  0.49826454826596195  0.50789311681488458  0.51733833445696253  0.52677730364058428
  0.53624552895908861  0.54582670697752234  0.55534447588551372  0.56502816730205807
  0.57491908860625052  0.58486333552078418  0.59498192143076678  0.60531489923811810
  0.61564480950697964  0.62559413015130894  0.63516519408769923  0.64463030435836999
  0.65439595085172386  0.66442968451365947  0.67451911913245188  0.68459109022917908
  0.69462640233272288  0.70495432642309375  0.71547581444489750  0.72596590243849490
  0.73636282338305525  0.74679444144135754  0.75749585449715440  0.76836674009108319
  0.77907444919357471  0.78940313367314097  0.79935247345876670  0.80948030765810775
  0.82008211074369541  0.83145126564787086  0.84324839226867787  0.85519703636096489
  0.86705815638213501  0.87855318001033955  0.89021906057841627  0.90220445532196558
  0.91481886344017571  0.92728523475097124  0.93969527405618669  0.95159672106186211
  0.96339147559421556  0.97504741447979471  0.98735736240264560  1.00000000000000000
 -0.00251278088674827  0.00966844289672490  0.01947559479232016  0.02960689078959451
  0.03953411705261643  0.05004503954809662  0.06065223736837556  0.07147037384604249
  0.08221971991156572  0.09297038965514379  0.10369383698766749  0.11419202495300712
  0.12467311795779247  0.13511393566567712  0.14547411035542654  0.15595956799918545
  0.16638047536296521  0.17664248526850593  0.18669661330132281  0.19673899035488376
  0.20715762829135501  0.21733420653672753  0.22760751138480728  0.23835551334548075
  0.24846059560142375  0.25864013519534401  0.26926089038966577  0.28057710321160939
  0.29158958188110773  0.30173600887701940  0.31141870225496926  0.32139048543415244
  0.33149563813924809  0.34188289343535855  0.35234193285602866  0.36291151785613474
  0.37349933807045121  0.38416431243487892  0.39458668181704121  0.40538320217779594
  0.41601367399554673  0.42661886150236972  0.43671572077411364  0.44693351286998484
  0.45737196239724631  0.46814664465374467  0.47920802160412795  0.49029752309469671
  0.50044119630934225  0.51059943501433469  0.52074744032040066  0.53151234557195859
  0.54244519704007133  0.55323323599260965  0.56397265665816798  0.57490533696173385
  0.58625241961029251  0.59777285825804782  0.60929506676639800  0.62061021590346555
  0.63125846406345199  0.64154712063779851  0.65151202702855326  0.66186155655050993
  0.67243459455851851  0.68293962329606428  0.69335783142226615  0.70372122798783932
  0.71411172984815419  0.72479076769702211  0.73552514901439581  0.74624581736989737
  0.75683009524373623  0.76719153055421674  0.77757873595880123  0.78826931573977954
  0.79907941195289445  0.80984997395353553  0.82061790009956548  0.83146022270081221
  0.84207927375270397  0.85242941743335443  0.86249168997591730  0.87266298147772059
  0.88288273438862419  0.89335875306272194  0.90375240493466968  0.91417671090678665
  0.92495147250526932  0.93614541274820173  0.94711986492710876  0.95774721493869941
  0.96778368740249821  0.97817369534379062  0.98878880986378037  1.00000000000000000
 -0.00265636808544904  0.01058538060862154  0.02181625170989615  0.03408014645262695
  0.04602272143541954  0.05735444348724086  0.06848386090910810  0.07976898196933792
  0.09087013035616771  0.10176940274691609  0.11250100857524861  0.12344756619686033
  0.13439324062510630  0.14547001968942441  0.15634973322902332  0.16653857733985697
  0.17619263500287971  0.18575055049013195  0.19554257330951963  0.20620509175481874
  0.21679588337248598  0.22728802111376997  0.23748162429622555  0.24749785866501289
  0.25753161056586121  0.26771849594411123  0.27809983778078379  0.28856897320153779
  0.29898555289116657  0.30934295119409699  0.31949763466490633  0.32938749282356589
  0.33942049112079886  0.34952370079765549  0.35945288984524698  0.36933518566189011
  0.37918363176344372  0.38916373968258600  0.39922242294189819  0.40913767633454279
  0.41884349233872481  0.42840151754387179  0.43824916582514861  0.44847316849189545
  0.45884339232241461  0.46888919327333717  0.47859375935675258  0.48821313840062397
  0.49788167300113523  0.50762027541094135  0.51742077952647081  0.52741619329937339
  0.53746492245309185  0.54718061757334524  0.55656901527167502  0.56600797001803549
  0.57576251332817530  0.58565425347234101  0.59555230142278970  0.60549817614080836
  0.61556408178460364  0.62563578984617318  0.63570565231158738  0.64591829389160749
  0.65619565157956827  0.66651402043340646  0.67662559313844717  0.68679238026331613
  0.69691338206981734  0.70669825889104076  0.71642520716279079  0.72643302475497407
  0.73692667292618352  0.74771210708326141  0.75835425807842638  0.76878306480194181
  0.77916515682226029  0.78969196163081790  0.80048520991558192  0.81149629137674140
  0.82258840724000915  0.83330901224039444  0.84391741563759926  0.85476176623559597
  0.86589618187149031  0.87752699285884406  0.88888154990700574  0.90084213009628822
  0.91319011517136339  0.92599885166253737  0.93873383481351091  0.95145266616914326
  0.96367453991300223  0.97604607602028892  0.98786155917760454  1.00000000000000000
 -0.00242281030450901  0.00945506686128921  0.02010714422546577  0.03072820082627220
  0.04172319848188216  0.05183475272973197  0.06204782143211011  0.07230978129757598
  0.08308316332387283  0.09342316738580012  0.10353893743312262  0.11359717227666041
  0.12382933157874333  0.13408378904962509  0.14447332574691599  0.15514336424587563
  0.16564809638917261  0.17568075323255639  0.18538574214210241  0.19539172257376128
  0.20588208737372396  0.21684790548330915  0.22768399586102531  0.23821932403187066
  0.24846371743817727  0.25863485041551948  0.26919948073989403  0.28019131159517585
  0.29133224740479047  0.30231095409343900  0.31297559482200754  0.32370643462775495
  0.33411638150368295  0.34484912028153647  0.35527669632638026  0.36602234703592368
  0.37655083565554731  0.38677261119418510  0.39728978634461826  0.40758528187961773
  0.41794448945184171  0.42829302777728046  0.43903670816197932  0.45015083844256476
  0.46128368559643612  0.47219756330143459  0.48281022740987528  0.49313808569623679
  0.50359076803138692  0.51452303359219376  0.52560366854693197  0.53617859466384599
  0.54623040101266562  0.55612493944212771  0.56596031507680189  0.57610975905462058
  0.58635549049592062  0.59680032802213567  0.60728150995120456  0.61757356045116463
  0.62777367805506290  0.63806784352224521  0.64857207048534027  0.65921756579873347
  0.66991165949722786  0.68076261020710516  0.69169404011298830  0.70247382220574883
  0.71292478430016448  0.72318438302694099  0.73362279821461307  0.74435962850668080
  0.75491413590185108  0.76513522578438442  0.77524295112818187  0.78542670232698875
  0.79620006160656964  0.80696782621637420  0.81804053580366565  0.82903469527229434
  0.84009439554791832  0.85136216228976236  0.86259879827236108  0.87354738746302651
  0.88382747688242091  0.89411207784287960  0.90467694391002151  0.91559783801137862
  0.92653073225034843  0.93730117660658663  0.94805664052715499  0.95869763831579746
  0.96900911156091152  0.97951469817766756  0.98978559342062578  1.00000000000000000
 -0.00257284932603818  0.01009609374976882  0.02086687861422427  0.03152824214434906
  0.04247958823555713  0.05286657804891596  0.06336069968894242  0.07341780421348271
  0.08387572292607499  0.09443268724037147  0.10493478627298945  0.11557825952997559
  0.12642372848338745  0.13738103820418396  0.14843058346409332  0.15916187605477539
  0.16966896016641606  0.17999426170557087  0.19066035102691362  0.20122516721192835
  0.21182651175834422  0.22232374215629255  0.23290039399506640  0.24347370753696074
  0.25421634016480693  0.26519331062793644  0.27616515552534832  0.28648850333933268
  0.29632900814015523  0.30630743849524511  0.31627602718120423  0.32663625024120924
  0.33680113646127141  0.34701188690697343  0.35749067003375873  0.36846993870699835
  0.37953359969230599  0.39056192686030344  0.40135687941714215  0.41213372177158597
  0.42281551515147947  0.43356004906644202  0.44438283176589416  0.45536925698565039
  0.46635515521487397  0.47742033900384806  0.48862421457051508  0.49983968244180810
  0.51098884025645874  0.52191338999578063  0.53259468575258817  0.54281730266470629
  0.55265105068392406  0.56235220615532866  0.57241510286448005  0.58266642486126830
  0.59307034574263506  0.60348093870648534  0.61389618981139160  0.62433137233326963
  0.63455762744847422  0.64426298992912134  0.65387626787857034  0.66400586376212234
  0.67492054664159384  0.68582767820998303  0.69658576955706764  0.70744517942399077
  0.71866766917509495  0.72973506301663260  0.74068683700986770  0.75162759686865344
  0.76242351857667545  0.77333217227305140  0.78405041558406996  0.79461445578206147
  0.80499911155600057  0.81528214555948664  0.82594878797661642  0.83667562581954924
  0.84659927590406370  0.85646381221680623  0.86633055872238840  0.87648680940236567
  0.88645221768265936  0.89663121322755324  0.90732772206463941  0.91805759210781168
  0.92831417422260998  0.93819229611391741  0.94813977427384177  0.95856046402391315
  0.96870519150592971  0.97901573442409906  0.98906094752186446  1.00000000000000000
  0.00008797213699733  0.00016566086322075  0.00027471600628543  0.00040260671047296
  0.00053373409109856  0.00061963118922232  0.00069530518884661  0.00077017564352920
  0.00084720823248020  0.00092408479924778  0.00100189483219552  0.00108139690990066
  0.00116149147063273  0.00124169417606579  0.00132264068492505  0.00140378626956236
  0.00148563627556603  0.00156855872535142  0.00165217457728928  0.00172986788107907
  0.00180843638303937  0.00188682038109817  0.00196261058487716  0.00203659048766140
  0.00211472947744644  0.00219370202154131  0.00227511948723719  0.00235550661528418
  0.00243441186125893  0.00251352965339997  0.00259214345735590  0.00267476092703398
  0.00275847268441149  0.00284402060368453  0.00293122910117642  0.00301526083856848
  0.00310077536848461  0.00317984776692839  0.00325290304252806  0.00332345538542191
  0.00339417724346163  0.00346622338500393  0.00354139456961972  0.00361795668791543
  0.00369882705199339  0.00379147141684396  0.00389291860096043  0.00399583814065937
  0.00410034109371467  0.00418821733798036  0.00426811097751606  0.00434820960679513
  0.00443279914239514  0.00452588673984993  0.00464504388091506  0.00476843780645835
  0.00489646367350647  0.00503320930146767  0.00517513826295832  0.00530536373095902
  0.00543450695838009  0.00556258355442375  0.00569642245779869  0.00584383481793461
  0.00599981977117604  0.00616431035644752  0.00631621093006898  0.00646189005885555
  0.00661037740498295  0.00677498153920808  0.00696001617050723  0.00715297047767982
  0.00733761226071828  0.00747721023615037  0.00763812586747946  0.00780950701905215
  0.00805940288453906  0.00824636706508976  0.00838259714184337  0.00850338735932169
  0.00866332728323155  0.00887411502532372  0.00919182487990666  0.00957104439668583
  0.01003706818843329  0.01038767474786797  0.01074011896936410  0.01129101120893525
  0.01185091839896040  0.01230081758022807  0.01266552611748028  0.01320121648056644
  0.01471533450400511  0.01698716364979992  0.03486431825401924  1.00000000000000000
 -0.00206851155803500  0.00767356334351622  0.01645502486998719  0.02539577345703979
  0.03460912232869007  0.04433946509294071  0.05440580653093952  0.06457284894854094
  0.07435312570153550  0.08394683161225017  0.09357089778399277  0.10343922779054641
  0.11351184081740689  0.12380549115331130  0.13435347593603722  0.14506299783672888
  0.15543456153618454  0.16540124120382343  0.17544505688654899  0.18576356679199968
  0.19633416428768546  0.20717189698437183  0.21799886441680250  0.22903244261539957
  0.24014252297306710  0.25136979194959441  0.26267962833543024  0.27412340254693390
  0.28596495622002382  0.29768474165329484  0.30971141121048901  0.32120094239191949
  0.33228138186782719  0.34296306133904697  0.35408506434799997  0.36527952173540879
  0.37615327734268811  0.38650999839388228  0.39684461683364858  0.40686156210827834
  0.41681920923832727  0.42692874395506097  0.43732987286432112  0.44786761332350850
  0.45829236400702672  0.46862483747040112  0.47881605341021982  0.48918306988058963
  0.49984887033743342  0.51076697734260368  0.52171396503093415  0.53219933318810553
  0.54298958253374807  0.55377335189953847  0.56491717189424007  0.57608790438527835
  0.58747395731137908  0.59898189848832173  0.61024006141884135  0.62114091295678009
  0.63175391747945964  0.64266209810646424  0.65381551690284501  0.66514614108144143
  0.67678166132624284  0.68872161109196450  0.70083791164063347  0.71289492441397928
  0.72475485395637052  0.73619315420576148  0.74732676633152817  0.75819314217250711
  0.76930717387175018  0.78055343204135197  0.79202464195054312  0.80276391478192366
  0.81321835635637829  0.82361972989060928  0.83424281502519659  0.84471881696166451
  0.85513550085432732  0.86530882124213082  0.87542010744610788  0.88524416233070558
  0.89487754532670805  0.90467458995031935  0.91473926769849523  0.92488762206924935
  0.93459612427408978  0.94400948201690393  0.95334946573617452  0.96256834377493250
  0.97179484480615219  0.98113881523234214  0.99047883618790000  1.00000000000000000
  0.38383833285738167  0.58458874814725903  0.59913305019252405  0.61237869800800637
  0.62447572644423877  0.63535046312244314  0.64516494203294772  0.65406079298570974
  0.66224332259406493  0.67009934098769652  0.67763683549581299  0.68484468353489347
  0.69161527798969080  0.69811118711665998  0.70440879710495719  0.71045969107388307
  0.71625744209859599  0.72185557944564638  0.72733999309897679  0.73260295712609103
  0.73790344590814527  0.74317154730090118  0.74835975485989836  0.75332872473586066
  0.75821661864935463  0.76304317758055618  0.76773394643856585  0.77224489414209063
  0.77660169656892708  0.78094501597387878  0.78521538375220146  0.78938344558421425
  0.79346235545081878  0.79743160878504882  0.80140978293281995  0.80534328124021271
  0.80930942452450860  0.81321659283974079  0.81697611291623240  0.82062160183293065
  0.82412518864865447  0.82750895481400710  0.83076646363320972  0.83394315943280217
  0.83696405542741181  0.83989031167885264  0.84274979147193207  0.84563915791739941
  0.84850083376785967  0.85131239978129136  0.85401198545467283  0.85664250492149097
  0.85926013709028493  0.86186416023116841  0.86470766408908462  0.86764400210315185
  0.87054157684629907  0.87333084304758835  0.87605720846128998  0.87873112139871967
  0.88142730738461961  0.88422548121706335  0.88707880678927609  0.88991520356092924
  0.89274088257382056  0.89557565968885333  0.89842051443139270  0.90131513843136879
  0.90418697317985663  0.90689982619574705  0.90958334757425785  0.91230698766487184
  0.91510945385979836  0.91803705757791698  0.92099284342578291  0.92394208361316421
  0.92686671388893471  0.92980600225936072  0.93275203038943877  0.93566902725469525
  0.93865990929404575  0.94175027579775650  0.94490227934898363  0.94803190183526398
  0.95116809240416911  0.95438783370696456  0.95760156221249482  0.96100601050067225
  0.96466761265550782  0.96844018415864253  0.97255169732751290  0.97670824593614858
  0.98106836088550964  0.98598901706493458  0.99197735837710521  1.00000000000000000
  0.12151222503606376  0.15791523603498106  0.16840699988444743  0.17699084742375151
  0.18425951552629485  0.19088253861298826  0.19691263903194922  0.20280654974478865
  0.20904075960564855  0.21538927804073404  0.22172423733877339  0.22780324176550967
  0.23380870831758332  0.23942361237379647  0.24475293136905873  0.24987178241446997
  0.25484910645015502  0.25994044293194835  0.26482646449713754  0.26960645177540937
  0.27430474647537906  0.27905355991762582  0.28377621250195062  0.28856873751751522
  0.29329312157455140  0.29790782598166704  0.30251083987123195  0.30713567670324948
  0.31170060765339080  0.31617893908127076  0.32062715731916075  0.32503465542414123
  0.32950648881210209  0.33404114068214991  0.33860502113010521  0.34314207701800981
  0.34770462635276000  0.35194455931671698  0.35595855722029968  0.35999382830084814
  0.36409182263097878  0.36850735842223598  0.37321230281809531  0.37796359422139741
  0.38289902707931828  0.38783134334986574  0.39273946479535510  0.39765670372721551
  0.40255971116814659  0.40753482548006770  0.41264680490763439  0.41785376519210971
  0.42307432844997950  0.42831414733523354  0.43362756328712321  0.43904919826484179
  0.44459493433930108  0.45019981449786228  0.45584222623983567  0.46156386134892208
  0.46728245441512800  0.47306169892293892  0.47898339637050524  0.48503075581454969
  0.49129717796964495  0.49729546447539641  0.50333334334336910  0.50945603371500892
  0.51566449185042762  0.52204101302655037  0.52865190135866202  0.53543271402456805
  0.54264946539990389  0.55011358886650807  0.55768446902379398  0.56538831106035126
  0.57336657972002469  0.58156376171923052  0.58986156046644389  0.59832639181076930
  0.60707727580408410  0.61628342607116182  0.62553925788018871  0.63506007304052658
  0.64482023853281789  0.65531092140853930  0.66631374904108998  0.67807380433235098
  0.69066838038223244  0.70499860331245856  0.72075660336487113  0.73765422867918695
  0.75686230975222668  0.77863547501874741  0.80818876880367607  1.00000000000000000
   8.5014878983410474E-009  -1.0000000000000000     
 F F F F F F F F F F F F F F F F F F F F F F F F F F F F F F F F F F F F F F F F F F F F F F F F F F F F F F F F F F F F F F F F F F F F F F F F F F F F F F F F F F F F F F F F F F F F F F F F F F F F F F F F F F F F F F F F F F F F F F F F F F F F F F F F F F F F F F F F F F F F F F F F F F F F F F F F F F F F F F F F F F F F F F F F F F F F F F F F F F F F F F F F F F F F F F F F F F F F F F F F F F F F F F F F F F F F F F F F F F F F F F F F F F F F F F F F F F F F F F F F F F F F F F F F F F F F F F F F
  <DiscreteSampler_grid>
  grouped_processes
  1 # 1 for a reference and 2 for a running grid.
  10 # Attribute 'min_bin_probing_points' of the grid.
  1 # Attribute 'grid_mode' of the grid. 1=='default',2=='initialization'
  0.0000000000000000 # Attribute 'small_contrib_threshold' of the grid.
  0.5000000000000000 # Attribute 'damping_power' of the grid.
 # binID   n_entries weight   weight_sqr   abs_weight
    31   10   1.657248897798192E-002   1.420591124261938E-003   1.657248897798192E-002
    32   10   1.657248897798193E-002   1.420591124261939E-003   1.657248897798193E-002
    34   10   3.314497795596385E-002   5.682364497047751E-003   3.314497795596385E-002
    35   10   3.314497795596386E-002   5.682364497047754E-003   3.314497795596386E-002
    37   10   3.453921352564023E-002   6.158747399267445E-003   3.453921352564023E-002
    38   10   3.453921352564025E-002   6.158747399267457E-003   3.453921352564025E-002
    40   10   6.907842705128046E-002   2.463498959706978E-002   6.907842705128046E-002
    41   10   6.907842705128051E-002   2.463498959706983E-002   6.907842705128051E-002
    43   10   1.636674651665088E-002   1.467105227286944E-003   1.636674651665088E-002
    44   10   1.636674651665089E-002   1.467105227286945E-003   1.636674651665089E-002
    46   10   3.273349303330177E-002   5.868420909147776E-003   3.273349303330177E-002
    47   10   3.273349303330177E-002   5.868420909147779E-003   3.273349303330177E-002
    49   10   3.408482573306265E-002   6.374109684272826E-003   3.408482573306265E-002
    50   10   3.408482573306263E-002   6.374109684272815E-003   3.408482573306263E-002
    52   10   6.816965146612530E-002   2.549643873709130E-002   6.816965146612530E-002
    53   10   6.816965146612526E-002   2.549643873709126E-002   6.816965146612526E-002
    58   10   1.657248897798193E-002   1.420591124261938E-003   1.657248897798193E-002
    59   10   1.657248897798192E-002   1.420591124261937E-003   1.657248897798192E-002
    61   10   3.314497795596386E-002   5.682364497047753E-003   3.314497795596386E-002
    62   10   3.314497795596385E-002   5.682364497047750E-003   3.314497795596385E-002
    64   10   3.453921352564025E-002   6.158747399267449E-003   3.453921352564025E-002
    65   10   3.453921352564025E-002   6.158747399267455E-003   3.453921352564025E-002
    67   10   6.907842705128049E-002   2.463498959706980E-002   6.907842705128049E-002
    68   10   6.907842705128051E-002   2.463498959706982E-002   6.907842705128051E-002
    70   10   1.636674651665089E-002   1.467105227286946E-003   1.636674651665089E-002
    71   10   1.636674651665089E-002   1.467105227286945E-003   1.636674651665089E-002
    73   10   3.273349303330179E-002   5.868420909147783E-003   3.273349303330179E-002
    74   10   3.273349303330177E-002   5.868420909147779E-003   3.273349303330177E-002
    76   10   3.408482573306264E-002   6.374109684272822E-003   3.408482573306264E-002
    77   10   3.408482573306264E-002   6.374109684272819E-003   3.408482573306264E-002
    79   10   6.816965146612528E-002   2.549643873709129E-002   6.816965146612528E-002
    80   10   6.816965146612528E-002   2.549643873709128E-002   6.816965146612528E-002
  </DiscreteSampler_grid>
