  0.00313272324902543  0.01570232669152527  0.03025446895059576  0.04417983409015667
  0.05613643910008709  0.06810824787633418  0.07977194203709199  0.09039013775144085
  0.10038410936502554  0.11017063460233562  0.11958962023026889  0.12818490099919458
  0.13747019205501659  0.14758950562526660  0.15815489967286542  0.16884324119797670
  0.17925074309222480  0.19036699782620042  0.20228453123178713  0.21427644023598783
  0.22537235155935895  0.23466512316570709  0.24378403700899770  0.25380587011553907
  0.26534819152941047  0.27680186357906578  0.28790487258231401  0.29890726830820413
  0.31013777811730275  0.32183547521425682  0.33474443720663988  0.34782899653808796
  0.35975152481829714  0.37138192097652978  0.38302676919474582  0.39374066956493287
  0.40410695539046526  0.41349235657651773  0.42290359595998173  0.43245485616629392
  0.44260828782806910  0.45318325927236247  0.46383298111323540  0.47352876220010143
  0.48344364422925207  0.49487287957812931  0.50503342714578570  0.51416246772032415
  0.52211729982390354  0.52902373372574230  0.53609644643008614  0.54433023231179212
  0.55398890028267711  0.56354170574260809  0.57339557495009386  0.58389062740223863
  0.59349696625806270  0.60279638717226458  0.61127019438143948  0.62085417407183818
  0.63057657141929102  0.64142182676833814  0.65149907090039516  0.66116010174736495
  0.67219794002704192  0.68436181507015248  0.69721859668334829  0.71023610857293240
  0.72225658112574798  0.73268137032931857  0.74218735494798249  0.75191031081436588
  0.76167938564163640  0.77181815189991776  0.78262829821385627  0.79432610954245886
  0.80675568447574464  0.81817439024093319  0.82876105401786349  0.83894698473893259
  0.84970871832881423  0.85938609152638401  0.86933100903259775  0.87887324850371529
  0.88979920513773536  0.89991011608120297  0.90958160349855899  0.91918942713712870
  0.92856043633973429  0.93797511157126201  0.94849362801199311  0.96023835161814552
  0.97272494282173205  0.98327740252603002  0.99231234331896201  1.00000000000000000
  0.00002944316894403  0.00004920738956017  0.00005881874649012  0.00006691531260579
  0.00007367784918572  0.00008022180487352  0.00008686573949313  0.00009346737000612
  0.00009956828572805  0.00010568528974512  0.00011180222783489  0.00011828902218665
  0.00012440110124873  0.00013042686172883  0.00013655473541208  0.00014287291510316
  0.00014948737314271  0.00015644207123235  0.00016342292661570  0.00017042332161397
  0.00017736221799927  0.00018437291188379  0.00019185764578992  0.00019992664718664
  0.00020840299951564  0.00021723546317848  0.00022618051479265  0.00023462433787529
  0.00024314180185589  0.00025134913021605  0.00026132329941162  0.00027166872734059
  0.00028193762095738  0.00029237630802758  0.00030288166122174  0.00031322180894371
  0.00032384867494815  0.00033510922872756  0.00034671195264439  0.00035812786329107
  0.00036897494892641  0.00038026932999483  0.00039210513479633  0.00040514401899303
  0.00041774769791326  0.00043024081502931  0.00044424298219999  0.00045561042865166
  0.00046776115616381  0.00048078551837395  0.00049579971952093  0.00051401039528196
  0.00053472496079552  0.00055964459808702  0.00058655953281576  0.00061473356687252
  0.00064340203394565  0.00067333203923264  0.00070548252986957  0.00074165847622719
  0.00078218993723354  0.00082594381059059  0.00087427994538304  0.00092370978344311
  0.00097597306202745  0.00102624408628924  0.00107151253027272  0.00111380562776829
  0.00115549554139036  0.00119848510496237  0.00125144947057778  0.00129803459173928
  0.00134896017802694  0.00140131968193332  0.00145527928587499  0.00152238151983878
  0.00158659145299888  0.00165519775863907  0.00173327397170405  0.00183585199202628
  0.00193764915611170  0.00203903393294266  0.00214770704958148  0.00229841649903442
  0.00250134981178435  0.00271156710726256  0.00293546862302148  0.00316880785233634
  0.00345152284165267  0.00378463312296985  0.00438820416397157  0.00529362663968820
  0.00662743291758813  0.01049126262701445  0.68791902546605843  1.00000000000000000
  0.00271039311548591  0.01414195816595942  0.02672142741636108  0.03802978663860635
  0.04982628069389403  0.06159448986888921  0.07237478190747602  0.08306459607093127
  0.09428137090403596  0.10708174297783277  0.12134281007071328  0.13501113043114349
  0.14737911092726086  0.15873900471819660  0.16941149728275262  0.18022556663830724
  0.19161114749786076  0.20298076149814551  0.21439472701021356  0.22411228763583593
  0.23412988469608897  0.24413964052275325  0.25491334530716020  0.26601194547080448
  0.27679490368827553  0.28743071630420003  0.29763487833025071  0.30747271186483405
  0.31683831175571930  0.32674279697789232  0.33825111164110067  0.35124834795961951
  0.36372662448795356  0.37551963399933136  0.38554224506006146  0.39543493512625943
  0.40535209338342726  0.41427029175252528  0.42215226077516138  0.42939419504540538
  0.43788915359396108  0.44837291216579844  0.45902792568857514  0.46891597055972489
  0.47971751248545152  0.49080935720913565  0.50159880215313968  0.51138608052072199
  0.52116456924997234  0.53118646720390383  0.54121107366059329  0.55149010860231829
  0.56160149394000713  0.57221333799913365  0.58340126276353466  0.59526275359965453
  0.60766875738085158  0.61738471263969630  0.62784598526746505  0.63838562145352662
  0.64949550293788483  0.65936773466428700  0.66948589885755116  0.68111503987250377
  0.69233211108717230  0.70330879481796771  0.71436481047699074  0.72553634018826285
  0.73595483503580050  0.74540908981746912  0.75428492987838347  0.76515048989236090
  0.77437903970434485  0.78357468127297847  0.79246470722874662  0.80176378809569571
  0.81208953450162114  0.82272950542144829  0.83397034950840931  0.84659784555635131
  0.85826611281760001  0.86615158898002287  0.87411414449738778  0.88197000922060365
  0.88983128489146668  0.89836423592242398  0.90728775880242041  0.91615734470288157
  0.92651664678188461  0.93826471516404486  0.94950195357426326  0.95978439551215133
  0.96938640310164881  0.97937106614395242  0.98925293801456460  1.00000000000000000
  0.00020928952878252  0.00023629653950340  0.00027202314261643  0.00030283111470684
  0.00033161728423531  0.00035658765491566  0.00038179630813597  0.00040687956940127
  0.00043315564001592  0.00046101569436275  0.00048924274357583  0.00051781032261505
  0.00054687448199603  0.00057637190845120  0.00060612158824424  0.00063615681744568
  0.00066723291323925  0.00070009143127191  0.00073470949125899  0.00077024281490894
  0.00080535104307667  0.00084096135428238  0.00087847519891246  0.00091748045041771
  0.00095891713796568  0.00100102724622321  0.00103944545246968  0.00107632868055327
  0.00111408811928156  0.00115253189952138  0.00119333194595994  0.00123740405332453
  0.00128258040056852  0.00132668405320727  0.00137050565033560  0.00141357738672353
  0.00145454904335532  0.00149928526615365  0.00154496713077876  0.00160001442060384
  0.00165048009606099  0.00169608088138186  0.00173848672574942  0.00178004950581687
  0.00182198635128425  0.00186795414787702  0.00192008944584113  0.00197654017575973
  0.00203318795683681  0.00209570144197825  0.00216383275659067  0.00223071142212620
  0.00229258883453282  0.00235559216844363  0.00242199958580983  0.00249805099945450
  0.00257830019693764  0.00269765476669213  0.00281792278714558  0.00293350850128595
  0.00305228128487498  0.00318780213250776  0.00330756976238440  0.00340178139343463
  0.00348505166854327  0.00357109374330801  0.00366295503310569  0.00375692341630840
  0.00384755146614538  0.00393752162214450  0.00402029492347324  0.00413893919568572
  0.00427565251497529  0.00441842564663351  0.00456772155895418  0.00477545199594126
  0.00502555254014956  0.00526119104287327  0.00546407965749124  0.00565694526823917
  0.00585719672669525  0.00606653025544408  0.00636884444434539  0.00676190020274063
  0.00741005353463531  0.00819003206503484  0.00892178185550678  0.01001695932217635
  0.01139395517574747  0.01266076588508058  0.01406862630585910  0.01582306030326098
  0.01797042280409046  0.02159061586079084  0.75904867156890976  1.00000000000000000
  0.00000354627253072  0.00000412061486735  0.00000459252742144  0.00000499354772997
  0.00000530008102482  0.00000564730768883  0.00000598858200054  0.00000632941355817
  0.00000666231613198  0.00000700584428734  0.00000737004184793  0.00000771221668833
  0.00000808724410236  0.00000853586557572  0.00000899290838594  0.00000953603713170
  0.00001014272023513  0.00001075255415148  0.00001143757412572  0.00001220593856244
  0.00001303678516659  0.00001394914805048  0.00001494381738603  0.00001598907663969
  0.00001709024564220  0.00001823863124949  0.00001947218134433  0.00002084425425116
  0.00002225922232022  0.00002392035853204  0.00002565254596408  0.00002737510000681
  0.00002922633626078  0.00003109198899546  0.00003302823459380  0.00003512021374387
  0.00003729869372541  0.00003978600843611  0.00004251591471106  0.00004554778504320
  0.00004870981763526  0.00005194456347482  0.00005549545138971  0.00005991116112592
  0.00006515651137169  0.00007037795092697  0.00007575582414600  0.00008148226975380
  0.00008756704908169  0.00009375368818025  0.00009927090484737  0.00010563178811447
  0.00011211648066117  0.00011968680112044  0.00012817224971629  0.00013734966389914
  0.00014674310996221  0.00015632657254131  0.00016695929840875  0.00017901047777140
  0.00019199792573438  0.00020508181315100  0.00021967675893284  0.00023700385455212
  0.00025595971192663  0.00027529283276985  0.00029677765532521  0.00031921754897156
  0.00034240736891167  0.00036314153829745  0.00038274693750107  0.00040252730047660
  0.00042556751376440  0.00045390508543388  0.00048743076170495  0.00051901946891506
  0.00055509806798676  0.00060933223608768  0.00066156069202813  0.00071274585770543
  0.00077479327964345  0.00085534995957562  0.00095593491483581  0.00109001401382066
  0.00127046111433109  0.00149043559463779  0.00179782999362157  0.00217755059137574
  0.00250295578387215  0.00283507003170322  0.00320391767891175  0.00373188320419408
  0.00506310870065623  0.00862285036723368  0.11394350419489299  1.00000000000000000
 -0.00304613951982621  0.01080144559663809  0.02316333341780482  0.03478785176615307
  0.04605825913637818  0.05689023870396752  0.06829668345778395  0.07969110471916177
  0.09059303838871585  0.10136414271848958  0.11007321253610822  0.11804030934083236
  0.12512856724379109  0.13207749274289754  0.13978979662661881  0.14744506339816787
  0.15494190844388026  0.16260199439753614  0.17083000829869380  0.17922198602124204
  0.18694867335356258  0.19738808108171510  0.20816398104368680  0.21935878058888125
  0.23136128976938816  0.24331661778798794  0.25461808756683102  0.26411238475844451
  0.27245342103240883  0.28002157976411368  0.28823642553682882  0.29579168675492878
  0.30382945601645678  0.31232602888637045  0.32346036464758193  0.33381248160343802
  0.34502031366484404  0.35463732290598265  0.36494775092902193  0.37476270522965394
  0.38517379532866486  0.39524084744506449  0.40521068002318789  0.41480612265382183
  0.42412808377831790  0.43360570165921258  0.44322257953467081  0.45270471945175034
  0.46265875715032906  0.47348371546448709  0.48390412373409764  0.49499545535914674
  0.50637078970185156  0.51749595043339225  0.52816631712356121  0.53869383297644702
  0.55009708720593331  0.56295293899792254  0.57574891541401052  0.58731638477394144
  0.59744263076442328  0.60666867256618673  0.61557016098067197  0.62483135947203472
  0.63360864606667600  0.64309477749718347  0.65352242530536642  0.66559997361360712
  0.67843886227959671  0.69175003744244334  0.70538233189036625  0.71871463285861459
  0.73199166536004689  0.74315618796047400  0.75332577127947764  0.76211449318899571
  0.77216768670820157  0.78265952713256537  0.79414911468089255  0.80483641672690109
  0.81492235842684058  0.82594698004402167  0.83722085845426664  0.84925861092353117
  0.86183954997577605  0.87386941051198530  0.88531462754495438  0.89632407570488548
  0.90723052365243451  0.91865406044724829  0.93041440393523056  0.94375493095343599
  0.95703265031205864  0.97070668588977504  0.98460070111062037  1.00000000000000000
 -0.00227501276917704  0.00914081338201546  0.01911236390196113  0.02965181330833170
  0.04032693814479014  0.05056281697724421  0.06130271559677565  0.07173162954740400
  0.08252729171675693  0.09281319558607065  0.10297481031384005  0.11440526574907051
  0.12607627655521475  0.13795405179801920  0.14964663386155297  0.15923942610383637
  0.16829769380416637  0.17760823808980536  0.18880537156860172  0.20238015602085355
  0.21551134589655016  0.22679645787221175  0.23775776546038194  0.24896538030576465
  0.26021153117297269  0.27024346374495378  0.27895262531281290  0.28758952223832951
  0.29669166513538298  0.30552349452976674  0.31398078376482641  0.32236744773381670
  0.33118946416588024  0.34085751325544084  0.35108168043139454  0.36089111713456462
  0.37127240394696487  0.38198012514886609  0.39250727968775029  0.40250429274621868
  0.41283180183168239  0.42389109367500233  0.43557795761187701  0.44653313860019450
  0.45720838254368734  0.46940868844406242  0.48216680498255060  0.49570069652583387
  0.50785179386028845  0.52015131384467628  0.52954905330009594  0.53919356697399423
  0.54908617690585082  0.55990647631626533  0.56861159244717963  0.57649444438162600
  0.58428498078797897  0.59225059418323889  0.60048140475581435  0.60884333298487692
  0.61658933424990936  0.62536332087980961  0.63628736494987470  0.64913360584509971
  0.66317192391254942  0.67675665383331363  0.69010954730434615  0.70219355421918683
  0.71282087471621969  0.72306168899885392  0.73294310507780402  0.74266334559087255
  0.75297977960883189  0.76415597021528947  0.77599584936238908  0.78825838569699125
  0.80068302867739150  0.81283960109271092  0.82438034061689891  0.83556099269825024
  0.84727393421981467  0.85966611392548975  0.87197420690770233  0.88204010107121245
  0.89109818828816612  0.90049915482501819  0.91074349264794041  0.92153197386426311
  0.93086345731315057  0.93954918187929981  0.94839945605884779  0.95750677632913295
  0.96724626521726598  0.97783332284791291  0.98866237316238670  1.00000000000000000
 -0.00247466125797046  0.00987830102613880  0.02050089784284052  0.03205300463987222
  0.04483539285748901  0.05693007443128924  0.06786518306837348  0.07846841905948949
  0.08914574804196199  0.10032758638108728  0.11181070890014845  0.12420789013857934
  0.13640645567942211  0.14889360173988531  0.16150529883360498  0.17236526703180671
  0.18245805002208368  0.19266539684365150  0.20366157058926310  0.21541943466946978
  0.22639106563411099  0.23683000758236103  0.24677262772895486  0.25706911441009178
  0.26785909405150293  0.27788338816748226  0.28885026531335140  0.29980956421666516
  0.31060482473665779  0.32205252664118134  0.33283321049165709  0.34394081145374356
  0.35441790769059145  0.36537513953376843  0.37707172157182423  0.39012243067222796
  0.40337517756665059  0.41606006343920904  0.42896011909364345  0.44132995532145891
  0.45304939024696922  0.46411842418952576  0.47487621270952945  0.48585970297176551
  0.49810205015598663  0.50997200494001083  0.52178750092954851  0.53252625158065747
  0.54224476910834296  0.55135161591629001  0.56093616618959707  0.57077074404675421
  0.58241046505463767  0.59366493962686195  0.60527357200594989  0.61655966628854642
  0.62913393965033382  0.64207083006564347  0.65303435228910611  0.66265593714554827
  0.67197671720945606  0.68178642027786129  0.69228886239116094  0.70241556355407686
  0.71399361875568879  0.72642791623292524  0.73770269492866269  0.74830703243915464
  0.75904824606246957  0.76985653968520695  0.77994801600368968  0.78868813558275275
  0.79750930146216326  0.80720566835145091  0.81807269122159876  0.83018240727619019
  0.84112462212843442  0.85012738300891189  0.85888724372283454  0.86778651677230023
  0.87594705337636936  0.88213316051713275  0.88780227699087677  0.89436324629922759
  0.90268257904072946  0.91215837135043021  0.92088991006324594  0.92922373227357036
  0.93762048541262721  0.94729007026073198  0.95780824200196235  0.96678501306036380
  0.97481011696114106  0.98244515494377416  0.99108082535796238  1.00000000000000000
 -0.00212624409092845  0.00769048192641369  0.01759705667632614  0.02872381868613143
  0.04121094155545113  0.05346909206207866  0.06467499961076149  0.07553901699504297
  0.08636086410716971  0.09696826445037442  0.10734980059398393  0.11832111084947541
  0.12937660494087649  0.13989095632240478  0.14922788693857486  0.15828295852044172
  0.16709877187788424  0.17528831671916928  0.18387050778271960  0.19362877498870348
  0.20396295215556393  0.21331384471793324  0.22220065309764822  0.23134749797158613
  0.24209516817022322  0.25421021646826586  0.26715593719648933  0.27982615400875904
  0.29243199416396382  0.30516552604709102  0.31656068079847055  0.32625998135093176
  0.33555382171440479  0.34535761598425152  0.35484035757032878  0.36312161335144344
  0.37149864629884971  0.38057214636401338  0.39141658417447256  0.40124897663528059
  0.41158941195008342  0.42281413144647023  0.43371970709664676  0.44480522302609049
  0.45578284171001726  0.46638492038337753  0.47684292633288661  0.48553455193685718
  0.49347599566807676  0.50149074863017895  0.51039434109660942  0.51998531358125877
  0.53047887723101150  0.54026155377743057  0.55113213433725616  0.56289895896245845
  0.57415791353112344  0.58520422946260076  0.59553910693750656  0.60678878580826223
  0.61754612368588835  0.62747621489071403  0.63695608741934562  0.64649326141752150
  0.65688408700722178  0.66770356241770290  0.67771108321939155  0.68741090832933782
  0.69705595296905121  0.70686560145723976  0.71607350347034104  0.72578147274528115
  0.73665262802891496  0.74727369241101860  0.75744573724389275  0.76732149064474142
  0.77815080548441018  0.78999133186083470  0.80108451876509690  0.81242623071934150
  0.82365438353472664  0.83565914164858002  0.84854136178421480  0.86061165377006388
  0.87230984977487724  0.88430471223931795  0.89684776143232259  0.90945875536054499
  0.92113735265247243  0.93248649472075340  0.94402019470319254  0.95567089891706747
  0.96602159252098507  0.97652745568873034  0.98738341788540718  1.00000000000000000
 -0.00142927271736246  0.00803096894127680  0.01754247637018989  0.02705263843545175
  0.03562348127820905  0.04498302171204580  0.05399813073358531  0.06288478722804521
  0.07133396331266657  0.07937366015135405  0.08890311442619644  0.10012648053163027
  0.11119882400587650  0.12268842375667971  0.13408798197185848  0.14484110676900322
  0.15462221250446762  0.16451608627300826  0.17433712470908386  0.18532927712389713
  0.19756368172890207  0.21101779326148706  0.22521373619626905  0.23796091936217056
  0.24964921305127694  0.25990542067755046  0.26973153841000214  0.27997030206653745
  0.29048275856809014  0.30160899680553088  0.31282099696440752  0.32409785589470053
  0.33604847075735317  0.34868746973840220  0.36091828710846791  0.37224873405164294
  0.38228470270065068  0.39138517539153916  0.39995291473138905  0.40916981012113235
  0.41903853418925674  0.42951528121761584  0.44026314488248547  0.45037213223315981
  0.45985635417846560  0.46741025412611692  0.47536205626709754  0.48387817525198623
  0.49334704171416927  0.50172730715995184  0.50958148573601036  0.51687661495021420
  0.52603590805133338  0.53671710419861762  0.54807978657076228  0.55999979532467770
  0.57239177607524538  0.58456757567175088  0.59614803233528380  0.60802402022824087
  0.62026721072487512  0.63345721757898321  0.64666929618521729  0.65865458253865905
  0.67022880030863508  0.68133353501425487  0.69022497750694323  0.69813942362988379
  0.70582753877504056  0.71346440514341802  0.72122099099513537  0.72981566496021721
  0.73949573757954945  0.74923886277218266  0.75939076378596382  0.76937997881580955
  0.77934618195500527  0.78966442238785584  0.79974535447310779  0.81055621736356753
  0.82188688464705173  0.83449198341534292  0.84485621784797960  0.85545011486433242
  0.86672648435838062  0.87876197158641900  0.89077227668036207  0.90283072716475310
  0.91565563393703708  0.92776867207617797  0.93911299494664402  0.95099453192926986
  0.96334152801731210  0.97621098808780893  0.98824471680289994  1.00000000000000000
 -0.00259456820480695  0.00883024777004013  0.01905361119616877  0.03031940887647826
  0.04176233096874602  0.05282871040803277  0.06381615527410003  0.07486840280465758
  0.08587391016984457  0.09665862347725433  0.10862857835938247  0.12111674976341379
  0.13454618694933540  0.14691027240115195  0.15737652636186733  0.16679168232734354
  0.17573121792894400  0.18489134286772410  0.19429997063905008  0.20325214453639612
  0.21366754390309334  0.22524637396144501  0.23591541065396968  0.24658223760228165
  0.25775361584775863  0.27043945725597979  0.28227054163041443  0.29256386562816461
  0.30353421546095477  0.31461207679672953  0.32579874080433024  0.33729602770117434
  0.34945448312707916  0.36147770897094855  0.37286191443001698  0.38375588688057144
  0.39423003453105687  0.40565976161928080  0.41634777699284187  0.42644371860242813
  0.43533559650550707  0.44362705287256993  0.45154593913245711  0.46023620770333951
  0.47015048585458918  0.48070999819836763  0.49091404538655403  0.50085340589956340
  0.51218094786697077  0.52368717855796143  0.53352711475277681  0.54310946301312368
  0.55235072575315713  0.56077297434811901  0.56919115675432286  0.57780823662642611
  0.58768091323534399  0.59908735416234282  0.61045699058255953  0.62145019569861815
  0.63332866470736360  0.64618607486871704  0.65916438801135047  0.66953176948719861
  0.67839690283283338  0.68704680837301635  0.69625314165357377  0.70624921778338712
  0.71718179334271859  0.72768028679475216  0.73791796500673612  0.74826885245848507
  0.75953328960416322  0.77038273986431716  0.77961168274177373  0.78848560696876158
  0.79868079167884276  0.80925456468160373  0.81826618022251063  0.82638701118418390
  0.83508639369425108  0.84514062130343270  0.85572897812943027  0.86666466582008794
  0.87816326107792997  0.88809607346214747  0.89865333823608318  0.90961671053632820
  0.92097514519743751  0.93213406374668140  0.94314338377908569  0.95433156445955691
  0.96588868140222872  0.97752702451030737  0.98890147925349414  1.00000000000000000
 -0.00111893822437837  0.00305812386523952  0.00725453842768083  0.01170882574750254
  0.01649199395699131  0.02130949651131970  0.02618068922533312  0.03135892494853577
  0.03621869065662620  0.04051389841040345  0.04459813596450039  0.04887834955356705
  0.05270986691359925  0.05629008080909417  0.06003217752738556  0.06420414760554241
  0.06901301960377597  0.07397011764732303  0.07872806053582151  0.08350384436990733
  0.08880311434164631  0.09442964975760684  0.10063526622205403  0.10754813525747357
  0.11501067058857224  0.12245284227206171  0.12976302754462607  0.13839557969901753
  0.14781949407966374  0.15816645516157865  0.16946256540823895  0.18063866941382653
  0.19105146104374005  0.20082093074688306  0.21010750567109321  0.21939266710769015
  0.22822902515733987  0.23678330911478146  0.24594178591920401  0.25596856686411107
  0.26598011913428332  0.27540223053618873  0.28498664258305900  0.29528459332484747
  0.30629694955556647  0.31789745828184152  0.32989676024429582  0.34066804929234568
  0.35010810934497028  0.35986763173893194  0.37129987113843704  0.38360541332124043
  0.39610005481888977  0.40829392171800688  0.42014621278888614  0.43168814878624939
  0.44356371595488969  0.45615218480678993  0.46940845855036839  0.48166707078754117
  0.49445102319335349  0.50713238935119687  0.52243431973563603  0.53832884045919882
  0.55318572803004817  0.56811870960783906  0.58409030503282411  0.59891660481328401
  0.61366252934440602  0.62837132413332442  0.64199456504804175  0.65478463805652287
  0.66679221664077037  0.67883034458053992  0.69192376678721013  0.70596124112172576
  0.72050183733548601  0.73526666720875722  0.75057973859205396  0.76540325302175238
  0.77998727848206162  0.79605352217754066  0.81235041121162255  0.82859777413233082
  0.84497917490172303  0.86079053355449975  0.87600504851420558  0.89110336184012973
  0.90599911148807766  0.92025047939715565  0.93444090323002282  0.94867297538601492
  0.96314668179963048  0.97607162789619140  0.98848386278539180  1.00000000000000000
 -0.00274462023784775  0.01048122991247888  0.02125952035111903  0.03154226139047008
  0.04126161352255387  0.05123642698956880  0.06248999446723028  0.07490734646542181
  0.08699646714950070  0.09781117886420045  0.10843126087843655  0.11941012295212373
  0.13007731183938975  0.14102559382274016  0.15182273280749328  0.16203800395245460
  0.17164289404013905  0.18108418775989660  0.19087121224192513  0.19960235937939275
  0.20823907746465470  0.21703466837950111  0.22725886097548964  0.23914140291689309
  0.25109394980199051  0.26362877534226120  0.27544296117125328  0.28703765455577956
  0.29907588113557582  0.31146581938920587  0.32263771598818958  0.33345278485176832
  0.34434756049555604  0.35603165853434038  0.36775909445259708  0.37977256226510431
  0.39008274907488583  0.40031816626617861  0.41137228704865009  0.42389998441349080
  0.43746039050420688  0.45068624162894144  0.46259413316404308  0.47378139978832307
  0.48485251660149753  0.49423703199858504  0.50281351102970895  0.51136468309162320
  0.52087428447428219  0.53193069194408904  0.54220300909801744  0.55201972763434093
  0.56133088850692570  0.57072508312873760  0.57997375391291306  0.59052626062019720
  0.60163415077241134  0.61274203508854097  0.62445478946257249  0.63690283191140762
  0.64989399653771174  0.66249798670651405  0.67391459158510869  0.68444138523840592
  0.69491377657644193  0.70478406686241646  0.71487957051218398  0.72452017223770671
  0.73402633242948689  0.74387254815284409  0.75412967162040290  0.76408698553036469
  0.77314371392095416  0.78132702558668932  0.78932677515878247  0.79822028877922280
  0.80869808903643225  0.81987470462385303  0.83051976437257080  0.84114446596830117
  0.85082807196495025  0.85923321188540824  0.86654475574151657  0.87481392252167445
  0.88313712641059749  0.89157632083365057  0.90032947252879669  0.91000560149488730
  0.92079395949885379  0.93241461718878649  0.94449703922708428  0.95543265136016553
  0.96621425141131190  0.97664394335129379  0.98739707169428514  1.00000000000000000
 -0.00410061582244895  0.01414839912871689  0.02772671107696068  0.03919796169828751
  0.05003712703788969  0.06087670848287732  0.07109405125461569  0.08143196044559209
  0.09294292240092643  0.10487214617792986  0.11596672513283306  0.12583984850805158
  0.13445478679742356  0.14303230577308176  0.15135787805184783  0.15953531984244099
  0.16723669982650194  0.17512456632932186  0.18339362132247766  0.19332405504002645
  0.20422772884318044  0.21604247172839983  0.22844692352572135  0.23969990801953492
  0.24976865171542514  0.25944658003862486  0.26942406401512736  0.27956150147145759
  0.29027684989507940  0.30136607185345482  0.31304344533443262  0.32462450728243541
  0.33644731046420001  0.34858106305013814  0.36158815964535063  0.37478177868314971
  0.38835557526829434  0.40251286797016311  0.41522419690184981  0.42763905115144424
  0.43880365750660222  0.44898308531569020  0.45997362026211425  0.47127470755460976
  0.48235558014845092  0.49232761168568934  0.50117220735041523  0.50999393369732071
  0.51923321180515958  0.52953382023382534  0.54015182975396514  0.55088600132897270
  0.56221371519071783  0.57371653394450972  0.58538099966416102  0.59666007822589684
  0.60739184585666262  0.61703299765465680  0.62622718882802286  0.63486242754862643
  0.64374156213255007  0.65349825115706739  0.66499401845378325  0.67669695954377085
  0.68946865706302440  0.70236614960301913  0.71363004857224155  0.72314800571797933
  0.73220143162685580  0.74178565198221025  0.75172166784015526  0.76201327711002687
  0.77337327310349446  0.78456483453775805  0.79496364862177760  0.80434449048898027
  0.81429539302777787  0.82473378032081823  0.83595237737404759  0.84707491099935694
  0.85806042700349783  0.86853755551717227  0.87926877308434936  0.89030864144696731
  0.89994485589852702  0.90815200901715720  0.91633124101240082  0.92383083727897641
  0.93143396261047828  0.93963189444493567  0.94766173067457371  0.95505860333286174
  0.96350374491908231  0.97279025451033030  0.98465258397514033  1.00000000000000000
  0.59582583008756795  0.61712346076611968  0.63254182528323311  0.63954063488857582
  0.64474348474289644  0.65885549520982356  0.67697810735567154  0.68792833151575483
  0.69603700762991161  0.70350873855296381  0.71117191654491130  0.71804752521550130
  0.72479197197009737  0.73257914280242942  0.74121081193898208  0.74974122845835767
  0.75707636081044660  0.76294730583536507  0.76810016180722085  0.77288919980717996
  0.77741840243092819  0.78252245234899886  0.78798028845075652  0.79374507477120815
  0.79878490531795021  0.80361155372026594  0.80822281851252076  0.81362861750497184
  0.81879900786552684  0.82437818424057607  0.82950609373587492  0.83438824393411704
  0.83886281586203326  0.84311268489823521  0.84705706568841754  0.85074157160309705
  0.85426408006444143  0.85737787395718490  0.86035229500060562  0.86327845284043014
  0.86648536818616095  0.87006216034432560  0.87373759283544128  0.87716298774705292
  0.88023918718392036  0.88310021596068811  0.88596861796067550  0.88893236796384623
  0.89198425859857133  0.89525239483206553  0.89798677105815461  0.90029506047483776
  0.90254717903357551  0.90468086704934858  0.90695752681160646  0.90933798930785570
  0.91170597357900685  0.91417229770037411  0.91651138661839382  0.91875703353259042
  0.92100851805259121  0.92332309830546877  0.92540098123995818  0.92726992473953185
  0.92906707445640602  0.93091052336038682  0.93299327374321772  0.93504888691081289
  0.93695759041748750  0.93880448347636913  0.94064172023735559  0.94268210398777130
  0.94472950286579449  0.94657931801674822  0.94836900884860587  0.95015790525033694
  0.95197950637599882  0.95381271057353623  0.95562956247377817  0.95749648736635662
  0.95954816091562334  0.96184526508397228  0.96396352518011674  0.96596848217753128
  0.96783622073763798  0.96969365905564131  0.97171049937365495  0.97382821906941608
  0.97592893339668507  0.97814028186379376  0.98053907803858431  0.98316252953722216
  0.98601904386324946  0.98942682763796619  0.99398225814052810  1.00000000000000000
 -0.00783097703400159  0.14317623784855729  0.17793111982712262  0.20382480565184147
  0.22264955468070036  0.23766846800217689  0.25090277640207592  0.26317140389743388
  0.27418135629289025  0.28228345523756343  0.29090969561475016  0.29946855447231568
  0.30838085472906657  0.31624144682180427  0.32331259828871795  0.33010969584994826
  0.33646262458463799  0.34290062901243046  0.34909241482620995  0.35542954568265961
  0.36213346623108600  0.36909797741264755  0.37607386225115080  0.38304715346386620
  0.39004739409623718  0.39708601653560716  0.40364026991464408  0.40973954606408763
  0.41561906604437587  0.42131756798134284  0.42689660602560847  0.43241960894777565
  0.43720869912936683  0.44160401936464577  0.44585027087888246  0.44985026615276863
  0.45419959259995191  0.45921779849442657  0.46432075740772855  0.46909603654757714
  0.47360220435739547  0.47803582731325894  0.48265363992658289  0.48750679285047088
  0.49228696647357972  0.49718758256425322  0.50266315423691832  0.50805359973627973
  0.51394296369659165  0.51949590941710611  0.52469201784397546  0.52969150839699330
  0.53459480804206549  0.53938773951999630  0.54471209066006876  0.55019422493964398
  0.55596205914791663  0.56154628114240579  0.56648125330762644  0.57097289525751438
  0.57569588516789683  0.58027710044469638  0.58470736198148143  0.58935913512428206
  0.59407472004131279  0.59897754397980540  0.60374778660682615  0.60848362873676987
  0.61321911800837225  0.61797062546803005  0.62275141904998543  0.62773453720729167
  0.63310161197168735  0.63847054808400261  0.64417988796874903  0.65036058633144533
  0.65707784068621056  0.66361389730635190  0.67092374757307705  0.67874293878863989
  0.68695059913370560  0.69498473987923082  0.70319909255955970  0.71157214236550481
  0.72029577662093058  0.72908468312972219  0.73793670283271484  0.74728941137301730
  0.75732147426683871  0.76846732115086258  0.78094821597198882  0.79606499804364583
  0.81443501128821016  0.83592496956503060  0.86607820600942986  1.00000000000000000
   1.2463887223782201E-009  -1.0000000000000000     
 F F F F F F F F F F F F F F F F F F F F F F F F F F F F F F F F F F F F F F F F F F F F F F F F F F F F F F F F F F F F F F F F F F F F F F F F F F F F F F F F F F F F F F F F F F F F F F F F F F F F F F F F F F F F F F F F F F F F F F F F F F F F F F F F F F F F F F F F F F F F F F F F F F F F F F F F F F F F F F F F F F F F F F F F F F F F F F F F F F F F F F F F F F F F F F F F F F F F F F F F F F F F F F F F F F F F F F F F F F F F F F F F F F F F F F F F F F F F F F F F F F F F F F F F F F F F F F F F F F F F F F F F F F F F F F F F F F F F F F F F F F F F F F F F F F F F F F F F F F F F F F F F F F F F F F F F F F F F F F F F F F F F F F F F F F F F F F F F F F F F F F F F F F F F F F F F F F F F F F F F F F F F F F F F F F F F F F F F F F F F F F F F F F F F F F F F F F F F F F F F F F F F F F F F F F F F F F F F F F F F F F F F F F F F F F F F F F F F F F F F F F F F F F F F F F F F F F F F F F F F F F F F F F F F F F F F F F F F F F F F F F F F F F F F F F F F F F F F F F F F F F F F F F F F F F F F
  <DiscreteSampler_grid>
  grouped_processes
  1 # 1 for a reference and 2 for a running grid.
  10 # Attribute 'min_bin_probing_points' of the grid.
  1 # Attribute 'grid_mode' of the grid. 1=='default',2=='initialization'
  0.0000000000000000 # Attribute 'small_contrib_threshold' of the grid.
  0.5000000000000000 # Attribute 'damping_power' of the grid.
 # binID   n_entries weight   weight_sqr   abs_weight
    13   10   3.475946544204333E-006   6.331391712731762E-011   3.475946544204333E-006
    16   10   3.475946544204333E-006   6.331391712731762E-011   3.475946544204333E-006
    22   10   9.255540785235688E-007   3.537539610646412E-012   9.255540785235688E-007
    25   10   9.255540785235688E-007   3.537539610646412E-012   9.255540785235688E-007
  </DiscreteSampler_grid>
