  0.00317312161386018  0.01584457748544969  0.02762605554992384  0.03803067819259203
  0.04797472865257926  0.05831591753087173  0.06874708166364442  0.07946568018356101
  0.09042205123396849  0.10197529162761644  0.11386909948508704  0.12567402200719871
  0.13743860814148556  0.14890437338409016  0.16046343395543061  0.17171475008474113
  0.18297827199160488  0.19474771923136894  0.20666471712588494  0.21856935050400919
  0.23067727883445635  0.24270542967442124  0.25386041339864157  0.26366406758611965
  0.27322755736105409  0.28346472025638275  0.29480304664373380  0.30684263980516474
  0.31836476952355908  0.32970516906021557  0.34077202317872513  0.35176857176985793
  0.36344989286082036  0.37571256505753248  0.38764722667991008  0.39867199406622800
  0.40752727018854645  0.41607896398452504  0.42470445220902681  0.43368594063939270
  0.44345603412815487  0.45294437884715355  0.46247514944335960  0.47175211329546279
  0.48148410686681631  0.49120005659949217  0.50144520731132813  0.51141243123336799
  0.52171600016529418  0.53255016269469824  0.54397698396876615  0.55488181997931507
  0.56552914507720298  0.57654038091098680  0.58714687891648154  0.59692742456241810
  0.60647868860210530  0.61573121746056148  0.62537673071823874  0.63540588038671642
  0.64478860262289639  0.65486185980601952  0.66566579183272234  0.67688987554787672
  0.68819332166733127  0.69886413615254694  0.70906689859386007  0.71914077715417823
  0.72910831055772773  0.73996000609011914  0.75095882897857780  0.76135042411837950
  0.77110300547663613  0.78091969338845491  0.79163538676524248  0.80367533021253756
  0.81579112897180117  0.82733801013115493  0.83827623782865079  0.84880293062637491
  0.85911033746536025  0.86918328313316995  0.88003027651012722  0.89151339243219252
  0.90289699434654203  0.91331319998258997  0.92349482805753880  0.93330556727046343
  0.94281505541582256  0.95217732701680013  0.96155568611437525  0.97044512823158646
  0.97835971520038445  0.98566467661913648  0.99256142707310491  1.00000000000000000
  0.00000306459647659  0.00000364218823563  0.00000385525976987  0.00000408146227095
  0.00000432007804915  0.00000456337109331  0.00000479556885165  0.00000502262751192
  0.00000525464218116  0.00000548898709905  0.00000572189920729  0.00000596187966639
  0.00000622203580810  0.00000648872668264  0.00000675860779145  0.00000705362711523
  0.00000736652671113  0.00000770323721691  0.00000804274257562  0.00000838650802912
  0.00000873467426763  0.00000907790481136  0.00000943799392962  0.00000981920810674
  0.00001020541972057  0.00001057633809756  0.00001095784670144  0.00001135653026510
  0.00001178557850102  0.00001223884412446  0.00001269728560920  0.00001316491097066
  0.00001367541388285  0.00001420635240737  0.00001480271269674  0.00001548140364199
  0.00001619934756618  0.00001695207303994  0.00001775791595074  0.00001861905110365
  0.00001949471921692  0.00002041659610056  0.00002145011272202  0.00002244733041033
  0.00002346291280976  0.00002456045457670  0.00002572263648738  0.00002703536204811
  0.00002844298858547  0.00002986601401590  0.00003142641211547  0.00003317961384328
  0.00003497736164027  0.00003675312893895  0.00003862750905634  0.00004064791940388
  0.00004275454513850  0.00004523427710582  0.00004769293151884  0.00005035170773154
  0.00005316714053300  0.00005643138631762  0.00006012315172091  0.00006423330398994
  0.00006856142008002  0.00007347389367643  0.00007912422035193  0.00008554292776777
  0.00009320679523667  0.00010155164205265  0.00011002239504256  0.00011914560309691
  0.00012981658344111  0.00014233641263132  0.00015513692053167  0.00016914677744007
  0.00018568116986176  0.00020616281382926  0.00023411297845830  0.00026964398778587
  0.00030209074560940  0.00034006178477126  0.00038359011843931  0.00043584977059046
  0.00051815848006070  0.00062335679928523  0.00076306155004068  0.00093931205844143
  0.00121009160996319  0.00159348558328974  0.00211919210141738  0.00273836589079012
  0.00352521465762185  0.00496069798364508  0.39869699562869376  1.00000000000000000
  0.00000320215622159  0.00000334569720596  0.00000348479391387  0.00000360573697843
  0.00000372175727026  0.00000384433360115  0.00000397925578743  0.00000413164533799
  0.00000430185190994  0.00000447219340469  0.00000465191037471  0.00000483797090010
  0.00000504573538001  0.00000529237168293  0.00000556621834400  0.00000585675774201
  0.00000615882628202  0.00000643198329167  0.00000671728032309  0.00000702869367121
  0.00000738651196890  0.00000780248594779  0.00000823235484972  0.00000867702792561
  0.00000913953515782  0.00000963264674699  0.00001016193955191  0.00001069105568454
  0.00001125480975137  0.00001185365014406  0.00001250113121200  0.00001319291860927
  0.00001388516925231  0.00001457088666079  0.00001529956601035  0.00001609397137552
  0.00001693790687161  0.00001784725892915  0.00001881792153655  0.00001981084573502
  0.00002092413510570  0.00002211722096962  0.00002337689341758  0.00002468815201059
  0.00002603661190712  0.00002756503703527  0.00002929496460966  0.00003111169833640
  0.00003300504263030  0.00003496947850696  0.00003697235364549  0.00003937398221110
  0.00004184210798597  0.00004459108678071  0.00004749127749925  0.00005058577586588
  0.00005398703984648  0.00005776228582639  0.00006193376106493  0.00006641695714195
  0.00007117187712459  0.00007647777187391  0.00008221035080364  0.00008830412229075
  0.00009499674485801  0.00010280385901190  0.00011107836326385  0.00011889378491643
  0.00012637204781938  0.00013748067429862  0.00015095102982097  0.00016743440091753
  0.00018623502884754  0.00020721704527696  0.00023060815862888  0.00025527324692354
  0.00028435886873631  0.00031726790222097  0.00035839226539657  0.00040698361533830
  0.00045888879584226  0.00051413645059830  0.00058189793199305  0.00064963684980882
  0.00071371582829069  0.00078230710059350  0.00088979501143833  0.00098894359735087
  0.00114510244410999  0.00138172573299940  0.00166838423114888  0.00194290909618651
  0.00242914996502398  0.00307784208004866  0.08529838312528799  1.00000000000000000
  0.00000307837640771  0.00000452905543447  0.00000505536699485  0.00000555652863064
  0.00000610319257239  0.00000683880501939  0.00000755800812737  0.00000834050773763
  0.00000912930056549  0.00000997691892734  0.00001090082763156  0.00001183823692602
  0.00001286107648614  0.00001399423334086  0.00001515413744740  0.00001625284201973
  0.00001736384943512  0.00001855445858698  0.00001985412584100  0.00002133055615168
  0.00002293003313362  0.00002472395037238  0.00002660540971909  0.00002876502674735
  0.00003108201317125  0.00003364315330106  0.00003642352671348  0.00003962118613475
  0.00004321096000373  0.00004726850383954  0.00005174995541674  0.00005679566816269
  0.00006233974882350  0.00006801428258595  0.00007409389851054  0.00008040212761683
  0.00008785178334080  0.00009601351591306  0.00010530959753383  0.00011471445533087
  0.00012495492351873  0.00013573612639446  0.00014813372492127  0.00016060130215305
  0.00017352556086094  0.00018714264385600  0.00020228436901876  0.00021878763601266
  0.00023685687876505  0.00025669345631912  0.00027703592923310  0.00029655762300838
  0.00031901432489979  0.00034163524280993  0.00036415762956975  0.00039105551409412
  0.00041908691651686  0.00045281633668961  0.00049096686038357  0.00053001231142802
  0.00057697794707378  0.00062695243322704  0.00067853497922816  0.00072005847792255
  0.00075994894873711  0.00080519221907995  0.00085341718581519  0.00091140165089103
  0.00096350319409400  0.00099800699498196  0.00104076282839720  0.00108940383001688
  0.00114416812430009  0.00127532461990106  0.00140122115525330  0.00151105141967934
  0.00161492509573642  0.00171152832938816  0.00179695898297488  0.00187761565514869
  0.00196176017845735  0.00205994470570125  0.00218474420340296  0.00229808779864610
  0.00245630142470202  0.00262743007647633  0.00280393955508261  0.00301262339386809
  0.00330519722581338  0.00360177508417941  0.00391861135888752  0.00423544763359564
  0.00462102790640959  0.00506111242210122  0.05152290139331609  1.00000000000000000
 -0.00602048003212209  0.03635790241231653  0.07267356983985931  0.10814384964402224
  0.14086008017725110  0.16528642873370569  0.18655257192426472  0.20432604068671753
  0.22548875271817326  0.24703188837546858  0.26861964380357972  0.28779090977231353
  0.30421428517483712  0.31975710571346039  0.33573537323951907  0.35236377573789490
  0.36870051544711091  0.38311271296912836  0.39678832275764070  0.41096624821432437
  0.42540119476304294  0.43852823769168836  0.45072650703384221  0.46272066414606106
  0.47388588243671564  0.48470163274473266  0.49596934022915057  0.50771578954960150
  0.51927379320774147  0.52987070923777579  0.54007666381010333  0.55052843490606151
  0.56069154844677505  0.56943672347912921  0.57764763143297415  0.58593908304771247
  0.59504041569190191  0.60446983789344788  0.61404401257945085  0.62296663173033762
  0.63228597968410982  0.64124477139516889  0.64904556284893000  0.65659229714304390
  0.66421491454397852  0.67246317347351625  0.68030993715628196  0.68765803571468331
  0.69490856249832300  0.70131257215491538  0.70842709715661589  0.71556550289502285
  0.72296128126337311  0.73026107553969322  0.73707135704959681  0.74404699208932568
  0.75146026861733928  0.75931449437587184  0.76746457424381198  0.77542253585262422
  0.78319894870984585  0.79093459933542232  0.79860942596577655  0.80604870766012637
  0.81263901223075685  0.81845510624848616  0.82425445000300146  0.83000984824961266
  0.83585739733225106  0.84156305620219263  0.84750419557658319  0.85394552316827288
  0.86071178808381299  0.86756888100075247  0.87455552500524736  0.88177025368404127
  0.88902105884922267  0.89599935539597086  0.90273490340656248  0.90948424449655441
  0.91591538368210212  0.92234107252973474  0.92867222013003781  0.93502372737517203
  0.94139228133342912  0.94726248932513679  0.95265658899890127  0.95792608248190980
  0.96292338750260575  0.96841424665333409  0.97391365069161184  0.97915052251981549
  0.98416039561961799  0.98939849209438047  0.99452139499077674  1.00000000000000000
 -0.00150159146150652  0.00682229654717363  0.01545947133406092  0.02487369529144752
  0.03505712639108803  0.04603367055783533  0.05707579670696530  0.06725925256576984
  0.07676408592171266  0.08603682518090985  0.09571735731561719  0.10650014340723228
  0.11717543705722092  0.12754064794370643  0.13806615001874351  0.14901208186382270
  0.16132901621974188  0.17175019403603245  0.17974038147874527  0.18798305953128991
  0.19647314980030256  0.20569758749982794  0.21530239795481132  0.22419593394140802
  0.23447630763597027  0.24525318368696095  0.25613758749132354  0.26711143410711469
  0.27816010122707469  0.28958600547300661  0.30184191028306695  0.31234821578498678
  0.32052902537427913  0.32877388370695504  0.33763732001475066  0.34733737743793358
  0.35794601930919084  0.36792751502336513  0.37806809702598010  0.38871886676224854
  0.39963706935559462  0.41089810008875449  0.42160949990954427  0.43234983627488521
  0.44344620385541073  0.45497316889906680  0.46702444077589816  0.47834614935206354
  0.48906362522290492  0.49938571293148198  0.50970992490624789  0.52039407989511077
  0.53046833443442420  0.54033669579802313  0.55017038045656996  0.56104526213650596
  0.57190053642106453  0.58316033659427235  0.59428160220395976  0.60550727052539466
  0.61659985917035265  0.62769620657347369  0.63925223506736617  0.65072635610637652
  0.66272234491941806  0.67426818896553131  0.68626277561141003  0.69841203439975919
  0.71064030295100578  0.72194206980394560  0.73266063193737763  0.74366847738541775
  0.75492957690309026  0.76596664525960989  0.77691073850923864  0.78766985437237824
  0.79845296000143984  0.80900539748338107  0.82012767958115262  0.83176805646543484
  0.84362012703759814  0.85554845063036411  0.86737322195547661  0.87723484253775641
  0.88646996872615280  0.89510911907865909  0.90522226543385587  0.91465213329042261
  0.92486341263228411  0.93466589297342795  0.94474324327942361  0.95411690780730274
  0.96405449638826080  0.97504266112516302  0.98709409126645009  1.00000000000000000
 -0.00134701668671396  0.00652496740970160  0.01422458350336315  0.02255094203488581
  0.03295503020053752  0.04352968805876060  0.05342982273959999  0.06265261424238207
  0.07196732704658980  0.08153066905565262  0.09156338017806309  0.10178619696701685
  0.11118990850484523  0.12019676408505246  0.12990371611725426  0.13966892234905320
  0.14946511239643145  0.15917782369855296  0.16967211960660494  0.18129752799083698
  0.19262679143237932  0.20359187861776445  0.21447726061504521  0.22586806967388748
  0.23754888402951022  0.24919524944011309  0.26031795961885956  0.27142444531151810
  0.28150200489889415  0.29127884706351903  0.30084147238039122  0.30982537085955358
  0.31910562778863788  0.32905463878112895  0.34007572682397269  0.35225076057426513
  0.36342271971664714  0.37349417778950128  0.38305563968396572  0.39207429312956660
  0.40240059440688475  0.41369273592884204  0.42546502925500779  0.43779631944236563
  0.45001854387663737  0.46183981312048478  0.47318159132085907  0.48401384050678187
  0.49492773924792305  0.50532094916526382  0.51535134205949762  0.52546948159838469
  0.53546470854245121  0.54590025892057548  0.55595123843096950  0.56689023064667254
  0.57801113586643438  0.58928423304593980  0.60033873253612691  0.61117478687532256
  0.62191634637277537  0.63212614941665257  0.64196812404899140  0.65187659641193862
  0.66219508175533304  0.67284900162719019  0.68325934508365060  0.69333505341421664
  0.70341181190094682  0.71400458737158246  0.72527698836673316  0.73645509070601489
  0.74808322769577074  0.76015134803083317  0.77180459558999226  0.78244369874065256
  0.79259757288531385  0.80270129215322494  0.81315217467987544  0.82367181299719827
  0.83422248920010456  0.84480856618271283  0.85598165269631332  0.86798415247021954
  0.88072715564058024  0.89342735666418338  0.90519741965747513  0.91694184531621636
  0.92916804643603434  0.94126245585378643  0.95285789674960919  0.96324130674148012
  0.97306213323432722  0.98213417248053825  0.99105338533041709  1.00000000000000000
 -0.00005059629364022  0.00028061522151466  0.00059012757607312  0.00086201650859810
  0.00100215012124026  0.00114034303860643  0.00127371436767499  0.00139670275954126
  0.00152041129974259  0.00164417009757431  0.00176006830368077  0.00187818462912734
  0.00199920667106236  0.00211970171555765  0.00224055306207498  0.00236220060078675
  0.00248473795841876  0.00260845114789742  0.00273395947755636  0.00287191572176865
  0.00301312088385540  0.00315364643625504  0.00328980351927555  0.00341223115824261
  0.00351842266355861  0.00361014662815182  0.00370034395099703  0.00378843088858111
  0.00387702551960083  0.00396738281675360  0.00406181737074259  0.00420233803149463
  0.00434572707557785  0.00449212145770071  0.00465633819572677  0.00477630478094315
  0.00487600510634409  0.00498144718525242  0.00509635374160369  0.00521123034793096
  0.00532595235046117  0.00544067435299138  0.00565174637404987  0.00578268221190012
  0.00588889825272195  0.00599618983833768  0.00610459358289899  0.00620710620790676
  0.00629220747474755  0.00637730874158834  0.00647465340284670  0.00659029027803519
  0.00670510333795540  0.00681790506292963  0.00694190173328454  0.00714497670687854
  0.00736984449887567  0.00764308729382205  0.00799867422155685  0.00835505997430133
  0.00867815869077351  0.00895632522955770  0.00919215760281039  0.00937138155029496
  0.00955375927103491  0.00973469943358488  0.00988002909280704  0.01003277790838437
  0.01022653440159023  0.01041914023920554  0.01065368423323608  0.01101597628603738
  0.01146141808282852  0.01201464538300299  0.01253711509634920  0.01304060471294517
  0.01352643383775734  0.01376436366368743  0.01400648281296922  0.01425591366147020
  0.01450378021828494  0.01475079921987497  0.01562937204306107  0.01620359418040838
  0.01675968271738103  0.01708486126135525  0.01741691774195591  0.01776032302896433
  0.01823901741634653  0.01903975833604915  0.02064477122616374  0.02189557321025208
  0.02318477230765852  0.03404121321827188  0.34808854695572722  1.00000000000000000
 -0.00292881191079025  0.01129427212260290  0.02313829500127566  0.03558932621366350
  0.04789116853509917  0.05925097485261752  0.06907923314249498  0.07787001304901538
  0.08678476313228112  0.09694300625387146  0.10815965545106818  0.11979687716903789
  0.13153946055121490  0.14268759189938718  0.15488539218817149  0.16675248776125762
  0.17819677007044996  0.18951417487698147  0.20128107789858857  0.21257276041721723
  0.22326927303233660  0.23478656210863577  0.24692669228995659  0.25766717658018129
  0.26683681932551168  0.27660264064624396  0.28726934318438613  0.29742636259293997
  0.30693153669771051  0.31622070512461625  0.32439822496786330  0.33337586923268858
  0.34274722088107656  0.35328217022883851  0.36426617727288435  0.37475464888550725
  0.38428803208288814  0.39300901577224884  0.40143734974225398  0.40981538087544661
  0.41861497670529352  0.42723269843296452  0.43566614854405161  0.44471320177310247
  0.45499928452732263  0.46604618100431644  0.47607651346991542  0.48483461322599364
  0.49350512409437797  0.50315284937671712  0.51407079581641002  0.52512677086066328
  0.53615219715567464  0.54659081011794963  0.55608706357258697  0.56546539982259947
  0.57538660222443616  0.58678753031911313  0.59914313837406818  0.61215769290234867
  0.62514741746391767  0.63732783553356165  0.64859287360839146  0.65907986149967979
  0.66929664426472657  0.67836122190936288  0.68684982201479527  0.69502798561600743
  0.70453921544885123  0.71512655939948633  0.72599617591586030  0.73616008394206622
  0.74597336292973770  0.75654210991599224  0.76783184258032411  0.77916268555593526
  0.78984163146076525  0.80085406785743662  0.81141431970401501  0.82202222642995748
  0.83236189465298838  0.84282792007058516  0.85403720034447439  0.86567392013552635
  0.87748344851396376  0.88893767387371136  0.90045039633048718  0.91199539329316426
  0.92290050674941104  0.93360851083412777  0.94438128860113457  0.95576595947884702
  0.96759194140234561  0.97867807121765404  0.98957425695089074  1.00000000000000000
 -0.00004196913445941  0.00025754825803352  0.00049064621423250  0.00070379816290977
  0.00081927326997706  0.00092581595773726  0.00102785581355589  0.00112744713580978
  0.00122909934559284  0.00133165115860109  0.00143476299400329  0.00152029102494300
  0.00160451834981102  0.00169035111229877  0.00177640126190070  0.00185926711872906
  0.00193728266197713  0.00201053956372706  0.00208406623302226  0.00216053053373099
  0.00224165264122259  0.00233306839791967  0.00243100497275623  0.00253326068872245
  0.00263891563623099  0.00275034062045493  0.00285614539880620  0.00296555431748425
  0.00301991308740476  0.00306975590303931  0.00311912767216352  0.00316798484003358
  0.00321684200790365  0.00326240049640729  0.00330789945660757  0.00335565225445342
  0.00340860331331787  0.00346155437218233  0.00351203339822097  0.00356251183188892
  0.00363018035365535  0.00371007959422183  0.00380444560272458  0.00392196911358207
  0.00406660849546992  0.00420238487318782  0.00432267377705741  0.00446706354848210
  0.00457834630796082  0.00466324197472600  0.00474488619028321  0.00481347525687824
  0.00488206432347327  0.00495003395494907  0.00501632194891589  0.00508260994288271
  0.00514977255854129  0.00521846065922370  0.00528714875990610  0.00538131396607581
  0.00548421326114819  0.00555853242265519  0.00563273604093690  0.00571972859461005
  0.00581633017864120  0.00591878504728959  0.00602580365843839  0.00618204585043632
  0.00639475580947272  0.00661152191233870  0.00697049490225712  0.00715989376810047
  0.00736960573735471  0.00811957762450163  0.00824527960787660  0.00837015324405031
  0.00849561060451057  0.00862548736078155  0.00890407948472908  0.00962242175915993
  0.01013423626491163  0.01068420879420813  0.01088033853392652  0.01107638943856443
  0.01197218909821909  0.01223054381398349  0.01240123133737928  0.01266852079900166
  0.01293620152745848  0.01348058819268504  0.01469569772039193  0.01511316416797842
  0.01548771598492799  0.02423734249333712  0.19503952904918018  1.00000000000000000
 -0.00191967377474260  0.00931968582672023  0.01935680784033470  0.02982083650313418
  0.03976931473985606  0.04918393717091293  0.05890782176154252  0.06985676493190722
  0.08156929283792909  0.09258226799889503  0.10318666434890272  0.11301115973754039
  0.12244612639382159  0.13186440040691005  0.14217309605379744  0.15358401758291518
  0.16486361805847088  0.17597935911542154  0.18720704368497651  0.19959922665003219
  0.21253260086214121  0.22474273131556818  0.23691387885835075  0.24823944538718618
  0.25851347515090006  0.26791585504188503  0.27862531601553642  0.29005446208639074
  0.30194556450076465  0.31336956610521560  0.32453471846628112  0.33560922615995831
  0.34639711365647780  0.35709825504505638  0.36732692885715895  0.37704926103989556
  0.38719889160684950  0.39749539814259816  0.40781114970908422  0.41715307504220389
  0.42618799735269836  0.43514978801898646  0.44413711065175598  0.45295824231973159
  0.46147277361118649  0.46961253544365006  0.47781672448572809  0.48652864368757381
  0.49599533117275274  0.50554046872501812  0.51500055880580342  0.52444358983601858
  0.53340734814555224  0.54339252289571949  0.55274019085658255  0.56227770439698566
  0.57142171329574865  0.58079644050824375  0.59060314785375367  0.60119566555506154
  0.61143593576928024  0.62276020998120807  0.63271909753035849  0.64300551737516409
  0.65259830793600015  0.66255231949549365  0.67386418701686135  0.68626078548911762
  0.69954762076047627  0.71271368654085099  0.72408711625160915  0.73477582238300443
  0.74502454335590296  0.75537597534044665  0.76601774573714054  0.77715977887894894
  0.78915194389714050  0.80165187752450917  0.81387197014812229  0.82520015428060545
  0.83596422673628790  0.84677266758923320  0.85789611295547941  0.86934194044443103
  0.88109410946198696  0.89269413529196950  0.90375640839672589  0.91440597112639510
  0.92359173551834028  0.93338418924666544  0.94356908869310918  0.95481761638473173
  0.96568072460689613  0.97771067353225360  0.98876041798602876  1.00000000000000000
  0.47564886221235009  0.56979216879888150  0.58113621686635164  0.59040629211601725
  0.60005091750003769  0.61147235526652544  0.61848771529028146  0.62354836590476115
  0.62831245644510270  0.63311612376109749  0.63820297050886876  0.64403054399151605
  0.64954533623384847  0.65454329579224713  0.65994736532354892  0.66513215502999390
  0.67088035298165094  0.67673733868771779  0.68310438803706153  0.68921140896289812
  0.69491947643135221  0.70035472447102609  0.70567318558476677  0.71093573163385282
  0.71618847064205815  0.72129257334000507  0.72617424490732319  0.73080976621422822
  0.73534234134367682  0.73969257238705921  0.74398948966166778  0.74820977739015293
  0.75293418985509075  0.75800058147296256  0.76321630556011277  0.76803619586561611
  0.77232158648817073  0.77617831981067520  0.77994458051955251  0.78392002552380990
  0.78814782794517646  0.79250491528015321  0.79706527279964912  0.80176680607382467
  0.80648106461641123  0.81109643660529118  0.81543735783434756  0.81959319418899923
  0.82367087440679643  0.82770000107110231  0.83163546113334263  0.83591202876665782
  0.84053665925176702  0.84540379616306771  0.84984813091703171  0.85405313859253673
  0.85826477111242294  0.86257518798763888  0.86704239204003264  0.87139951040632913
  0.87585606697662088  0.88011858146760824  0.88435113427603962  0.88855760217973589
  0.89274124450957737  0.89685525569484636  0.90091592728629888  0.90492859314038632
  0.90891707734288485  0.91293944633276825  0.91688125237285689  0.92045698051940372
  0.92384011546361544  0.92687533925940158  0.93000011499515300  0.93319206322642367
  0.93637039100346264  0.93955575927182144  0.94277266199717824  0.94590982393418055
  0.94918900273885420  0.95238347335697249  0.95536289361777738  0.95836587325962352
  0.96140565279203993  0.96443208635438371  0.96756329934070573  0.97085499207138903
  0.97411385586535193  0.97765721984067555  0.98108005084920280  0.98440492282438574
  0.98771946308992364  0.99124525525715035  0.99530931745441165  1.00000000000000000
  0.00755503496068955  0.20340733515860956  0.22830178600722537  0.24867374144706389
  0.26485154939519601  0.28388156231079914  0.30024921795266141  0.31419661696241064
  0.32624460065624672  0.33760516519707201  0.34843298155681784  0.35877192956225734
  0.36903256755396663  0.37857246373969233  0.38744023382103138  0.39564106570107671
  0.40371695198461083  0.41208955969132832  0.42076737522084223  0.42923229892449921
  0.43700712457442253  0.44431730880983078  0.45162227770984437  0.45880623076928700
  0.46609985118566910  0.47353502500725697  0.48110264141050924  0.48842957846063628
  0.49506263962374414  0.50155172095554756  0.50815587308815335  0.51480125726734416
  0.52128412317323825  0.52720023372701730  0.53305514266876219  0.53898470214613070
  0.54488059403610811  0.55075943349910250  0.55666747775251979  0.56261973779775298
  0.56823743062332577  0.57341921869740842  0.57832611202588147  0.58332887756801843
  0.58874450259566435  0.59438800964052585  0.60014870898293082  0.60574994659055803
  0.61101434963337720  0.61633447707635414  0.62143162213849745  0.62619572272657631
  0.63051733797727194  0.63476221684007039  0.63923430758282052  0.64384964927654587
  0.64862617541361167  0.65381294625625130  0.65900373273076307  0.66420355874845594
  0.66923551543158333  0.67387074672966185  0.67828776604046637  0.68264111963252572
  0.68680571389664147  0.69181586390735728  0.69720254061005149  0.70272929293438846
  0.70821956628121896  0.71295862394788512  0.71729205586184530  0.72157143249517142
  0.72567988202013700  0.73005243904051365  0.73504338465622487  0.74064981518455852
  0.74517941073699379  0.74965937090593682  0.75387717923103137  0.75826577353207492
  0.76348262616997331  0.76871969931056205  0.77485202894740801  0.78223719341101849
  0.78998071666782044  0.79702743336035264  0.80289240548361074  0.80829544473893067
  0.81377369357418095  0.82018978409051613  0.82800767617496718  0.83753805342256660
  0.84543951154177255  0.85394201853727836  0.86750832230296782  1.00000000000000000
   1.0961095464802654E-005  -1.0000000000000000     
 F F F F F F F F F F F F F F F F F F F F F F F F F F F F F F F F F F F F F F F F F F F F F F F F F F F F F F F F F F F F F F F F F F F F F F F F F F F F F F F F F F F F F F F F F F F F F F F F F F F F F F F F F F F F F F F F F F F F F F F F F F F F F F F F F F F F F F F F F F F F F F F F F F F F F F F F F F F F F F F F F F F F F F F F F F F F F F F F F F F F F F F F F F F F F F F F F F F F F F F F F F F F F F F F F F F F F F F F F F F F F F F F F F F F F F F F F F F F F F F F F F F F F F F F F F F F F F F F
  <DiscreteSampler_grid>
  grouped_processes
  1 # 1 for a reference and 2 for a running grid.
  10 # Attribute 'min_bin_probing_points' of the grid.
  1 # Attribute 'grid_mode' of the grid. 1=='default',2=='initialization'
  0.0000000000000000 # Attribute 'small_contrib_threshold' of the grid.
  0.5000000000000000 # Attribute 'damping_power' of the grid.
 # binID   n_entries weight   weight_sqr   abs_weight
    10   10   3.378346182533363E+000   5.123715551071499E+001   3.378346182533363E+000
    11   10   3.378346182533359E+000   5.123715551071490E+001   3.378346182533359E+000
    16   10   3.378346182533363E+000   5.123715551071499E+001   3.378346182533363E+000
    17   10   3.378346182533359E+000   5.123715551071486E+001   3.378346182533359E+000
    22   10   3.378346182533364E+000   5.123715551071499E+001   3.378346182533364E+000
    23   10   3.378346182533360E+000   5.123715551071491E+001   3.378346182533360E+000
    28   10   3.378346182533364E+000   5.123715551071499E+001   3.378346182533364E+000
    29   10   3.378346182533359E+000   5.123715551071490E+001   3.378346182533359E+000
  </DiscreteSampler_grid>
