  0.00352287866222079  0.01337363957431307  0.02399559960929191  0.03278922997903926
  0.03992363254134221  0.04729145568568238  0.05543657579077946  0.06616946080457387
  0.07711649641501880  0.08719609505952605  0.09769874868404403  0.10933444190026360
  0.12065674332680544  0.13325406372974136  0.14575358965148186  0.15825994702196505
  0.17001422657293919  0.18093879418970010  0.19094712646626616  0.20041467597878065
  0.21096111367174861  0.22304503951942431  0.23712661534134077  0.25218323831668882
  0.26566384584451258  0.27545843416337318  0.28428888122921192  0.29284429428727565
  0.30128821312855425  0.31032388494521929  0.31967454146461738  0.32979200577690243
  0.34155215696006452  0.35446134463759987  0.36832643073921795  0.38117828631037048
  0.39403267591204216  0.40662269467765455  0.41724541496636397  0.42685375426542260
  0.43488619333272427  0.44346119632469200  0.45389878401274969  0.46554942573313224
  0.47625541584794812  0.48527511151185138  0.49351690044789237  0.50197501680250900
  0.51074635794383860  0.51978138280960784  0.52832147996873957  0.53617863177696379
  0.54472585771435700  0.55881447950300833  0.57177804195325754  0.58522172072985745
  0.59737665516006844  0.60890809789482803  0.62056817817855259  0.63128404169315611
  0.64292855722833397  0.65490790302125701  0.66731418357775552  0.67871750648792373
  0.68915414801024266  0.69809213968764194  0.70582206034802486  0.71397021514895398
  0.72331427189595532  0.73492906553974735  0.74620305018745825  0.75720999163409386
  0.76740923669583849  0.77753968945478835  0.78707036140766728  0.79874594195360160
  0.81114334902988106  0.82096249277875932  0.82930920622173443  0.83867522928070715
  0.84778237849417515  0.85624299169756024  0.86405202790782010  0.87226517042428320
  0.88275729370223766  0.89506955515791498  0.90796559717556458  0.92133857925342610
  0.93300732381844187  0.94112865888859132  0.94894413950934242  0.95659657635225015
  0.96407673090606905  0.97214071831039373  0.98539002105540896  1.00000000000000000
  0.00003390093481998  0.00003970044573316  0.00004479394513098  0.00004921635888461
  0.00005328432205025  0.00005726281927381  0.00006116196880259  0.00006503437135596
  0.00006877536227703  0.00007204546377208  0.00007487331583039  0.00007785506400841
  0.00008096255904603  0.00008402378371610  0.00008722575961761  0.00009047812359368
  0.00009347585039104  0.00009668431239703  0.00010054335433579  0.00010459268320504
  0.00010911569644730  0.00011353283121277  0.00011780666689969  0.00012265590251330
  0.00012738825979054  0.00013162924530847  0.00013512697189850  0.00013896774069489
  0.00014304719440687  0.00014700239117541  0.00015170915308135  0.00015699329573238
  0.00016208317841211  0.00016742839386192  0.00017317914231187  0.00017920419121853
  0.00018532698345504  0.00019162586045755  0.00019830811024739  0.00020546467369742
  0.00021282807739940  0.00022005444134343  0.00022737705103286  0.00023779462882029
  0.00024937627960696  0.00026117542838839  0.00027245186498057  0.00028313437038653
  0.00029420463379369  0.00030613382306688  0.00031941262621082  0.00033480439362490
  0.00035210144533303  0.00037072377806033  0.00038909046942056  0.00040837115589230
  0.00043017726440488  0.00045281881784400  0.00047224702653273  0.00049048927878232
  0.00050831253433314  0.00052725737729423  0.00054900251007257  0.00057238562436992
  0.00059680161233656  0.00062319855719419  0.00065396506697324  0.00069197039464123
  0.00073679909342809  0.00080255615646670  0.00086809893548106  0.00092471948364793
  0.00097746296953133  0.00103227957065154  0.00109312426556991  0.00116275474260402
  0.00124189273574983  0.00132062670296677  0.00140243806589074  0.00148732152513682
  0.00157532029816969  0.00167525149367317  0.00181058424037469  0.00192839542345602
  0.00210328717037809  0.00230200269732070  0.00257479304026475  0.00291248882794837
  0.00318564600716079  0.00353265782472842  0.00390297566970862  0.00458792784112290
  0.00560896527558145  0.00699617744510231  0.53247996583878310  1.00000000000000000
  0.00000337085393072  0.00000341874407778  0.00000346948517948  0.00000351789137529
  0.00000356716101465  0.00000361917693098  0.00000366230792724  0.00000371211592334
  0.00000376814204240  0.00000382688133259  0.00000390624312624  0.00000405886288480
  0.00000417350500243  0.00000428283149790  0.00000439454717802  0.00000452835732990
  0.00000468538706800  0.00000486409690182  0.00000504697051610  0.00000520739976770
  0.00000536246749522  0.00000552694055777  0.00000569753492859  0.00000587214528809
  0.00000605344556905  0.00000628094186693  0.00000661692815489  0.00000697489691494
  0.00000736658099741  0.00000785661610279  0.00000835236252598  0.00000878858003693
  0.00000923575479377  0.00000972494714043  0.00001027895903583  0.00001092237265596
  0.00001154626706176  0.00001217340510860  0.00001286901119648  0.00001353164084121
  0.00001417692830909  0.00001486356061414  0.00001563481877126  0.00001648766082315
  0.00001751711618509  0.00001877197533997  0.00002032192305743  0.00002226886412891
  0.00002466162803046  0.00002722572498463  0.00002964983193591  0.00003204415058185
  0.00003442104351261  0.00003669707091625  0.00003927115603965  0.00004225244337678
  0.00004657191855598  0.00005127260447388  0.00005734033750566  0.00006440568070659
  0.00007246561199195  0.00007987504401743  0.00008828164579717  0.00009774870436943
  0.00011023200563339  0.00012332476535613  0.00013754014755839  0.00015357499442613
  0.00017204111148130  0.00019006443493172  0.00020718801208466  0.00022611397054927
  0.00024858484075657  0.00027509020792266  0.00030630567369212  0.00033890019664638
  0.00037448837726410  0.00041529350507260  0.00046354451382089  0.00051987780611682
  0.00059183248745587  0.00067136569594146  0.00075467945457984  0.00085058899684082
  0.00098999678246747  0.00118373474666395  0.00143304861309414  0.00172757612700694
  0.00207003011124225  0.00250640784547736  0.00292545504817346  0.00348317396097356
  0.00512780898304287  0.00991543579931871  0.09285772850840270  1.00000000000000000
  0.00000304026370428  0.00000336456559841  0.00000355782732930  0.00000373776531055
  0.00000393850268081  0.00000416340483003  0.00000438187663926  0.00000455692301150
  0.00000473548339687  0.00000490680264634  0.00000512383504432  0.00000539733996931
  0.00000562879546424  0.00000586392618270  0.00000610274350242  0.00000639642360509
  0.00000681771049852  0.00000741656900243  0.00000800252493956  0.00000849480137370
  0.00000895156905690  0.00000942533895140  0.00000993442351916  0.00001045306841847
  0.00001100078493876  0.00001158637424211  0.00001216022921712  0.00001277215223531
  0.00001362424137570  0.00001462967103832  0.00001578291798208  0.00001710315987077
  0.00001819396467452  0.00001914568250217  0.00002015313533762  0.00002135871029267
  0.00002281911746165  0.00002452169067289  0.00002616204552949  0.00002743131620431
  0.00002885540206153  0.00003037142062390  0.00003195266245905  0.00003387424243134
  0.00003630738851335  0.00003887571608340  0.00004173686219393  0.00004475994706279
  0.00004828277735078  0.00005209653908910  0.00005609287059209  0.00006044124856428
  0.00006506582521238  0.00006971292743759  0.00007463228632650  0.00007974089759086
  0.00008501804895183  0.00009122034099300  0.00009851480591347  0.00010790789442802
  0.00011796136627415  0.00012779704751920  0.00013786732374533  0.00014812927495775
  0.00015994729778796  0.00017104038372859  0.00018217491070301  0.00019366789048516
  0.00020630658711070  0.00022168713050415  0.00023680746067093  0.00025148833253099
  0.00026694455999150  0.00028295217212037  0.00030028220171095  0.00032667092180373
  0.00036680852888156  0.00042360997555761  0.00048968230335347  0.00056417731304220
  0.00061920587309272  0.00066181862632520  0.00069984202063326  0.00073509644824386
  0.00078237125719419  0.00088432918629687  0.00099911146512196  0.00109604781572620
  0.00124562266495947  0.00150389650432590  0.00208174975878409  0.00267234701034279
  0.00334275685477405  0.00463079395469338  0.18583709893636302  1.00000000000000000
 -0.00268795214296217  0.01226135562584526  0.02392828223584396  0.03471162467288588
  0.04537873337864660  0.05633730260755664  0.06805637438337994  0.08090997337236344
  0.09479945380567857  0.10962097160477785  0.12394898430613793  0.13748077522643670
  0.14975835819507158  0.16114857830804105  0.17218268314053850  0.18388802382143482
  0.19643517093791321  0.20773374551694740  0.21677255353383021  0.22508526045655919
  0.23308571279986401  0.24097454436994153  0.24866517708324512  0.25647502436641584
  0.26451693366929235  0.27277257013254230  0.28292087004277694  0.29323310347213105
  0.30345241255039990  0.31512995910997627  0.32835892137537148  0.34169393816411442
  0.35198075031973108  0.36255637132659729  0.37204795994128603  0.38154428140578545
  0.39075758110612996  0.39957129345015591  0.41001255301283274  0.41761881898044145
  0.42655938611065863  0.43603884140660987  0.44609338880783589  0.45693925806916696
  0.46391144712084986  0.47068909291646549  0.47774025575400908  0.48536504163876310
  0.49454902712074844  0.50326442682487904  0.51132489702542350  0.51964986657849221
  0.53010988121989566  0.53977160949382186  0.54700136554665635  0.55350700821975141
  0.56003607716053816  0.56657062288036653  0.57347035802511548  0.58059540183200520
  0.59191164291029974  0.60222492486530310  0.61166480370489984  0.62090125218824355
  0.63116667567716012  0.64170185399421531  0.64961591094260451  0.65705086405117741
  0.66435296811258771  0.67292154310042607  0.68519330748945817  0.69966940405395972
  0.71508482439385079  0.72938658503822851  0.74258475844504179  0.75545513995132096
  0.76862073233105499  0.78220513503892553  0.79594188305237679  0.81060002687008148
  0.82568617773136699  0.84118499111726630  0.85641915321064832  0.86829549220430302
  0.87707935373896340  0.88477347581996058  0.89256261510539769  0.90176924321378105
  0.91455238706307096  0.92814114858310504  0.94077588921970234  0.95193456085477812
  0.96334410770327128  0.97537875872141555  0.98803106832059884  1.00000000000000000
 -0.00201235081561210  0.00973770911703382  0.01847275023846960  0.02633804732945831
  0.03404437817601531  0.04269770866176421  0.05199350849445677  0.06090250703908274
  0.07028885516711196  0.07903439448339898  0.08870258159136217  0.09808634139661859
  0.10763858427402015  0.11796618951718940  0.12910818598697657  0.13962784207839138
  0.15028778383681562  0.16154143006666741  0.17263058271342321  0.18363296885693600
  0.19446423683156491  0.20471835125901108  0.21335826771683730  0.22264196613464243
  0.23157974367746881  0.24070385453191837  0.25096713248484565  0.25899090003805397
  0.26643139688974105  0.27351996540605145  0.28108470955318737  0.29045836468705644
  0.29970360766862320  0.30753997468154637  0.31616424452725306  0.32758184317294842
  0.33771528367213283  0.34592443469666195  0.35434026593286766  0.36325983455404487
  0.37394915234700737  0.38575582596728447  0.39728801225423416  0.40868184382675715
  0.42064564359921836  0.43464049925000398  0.44949295797940186  0.46550836639264548
  0.48178798675498569  0.49682491582074795  0.51157877799848894  0.52582732186804970
  0.53675447701583967  0.54462989209933688  0.55256327693847240  0.56053891872370099
  0.56857023553679398  0.58072014720274545  0.59376842093163495  0.60712971807958438
  0.61902887354315905  0.62977179488269286  0.64006253942974189  0.65033644845020067
  0.66125475709028947  0.67290618396572022  0.68531319118897138  0.69957346454670977
  0.71483217326085502  0.72958613410241091  0.74216585319551820  0.75358834980762590
  0.76447135723209914  0.77489145743444876  0.78472020407963916  0.79471291453646231
  0.80540344689261367  0.81507937901144267  0.82423288549881590  0.83323776031875052
  0.84683572869618151  0.85798388369011580  0.86893609312137288  0.88056616808109456
  0.89087726098985887  0.89922472692660516  0.90637851632305089  0.91325534991304302
  0.92088886715785534  0.93025895235967826  0.94140371141279278  0.95171538774874065
  0.96204837169499002  0.97237037555666628  0.98553342205092209  1.00000000000000000
 -0.00118059785504108  0.00505405718413369  0.00957034131271051  0.01404998758864935
  0.01866713459509332  0.02480409353888386  0.03075393196210469  0.03636861587716320
  0.04195506511809306  0.04778070108626042  0.05402912306840325  0.06081258096211016
  0.06820627442659548  0.07612076698307564  0.08447687708351792  0.09297376076657582
  0.10300866941896346  0.11318795476454532  0.12206752620283377  0.13087868907599864
  0.14012011119924472  0.15041183817273629  0.16171939932950047  0.17292267666294525
  0.18436739931187252  0.19671885042942533  0.21002040618351697  0.22355411654461460
  0.23702524714331893  0.24970038594030278  0.26198614801272202  0.27520222472665773
  0.28863703494367488  0.30169823932230599  0.31432685926020776  0.32497391871728531
  0.33535091828155361  0.34584516807251636  0.35572141724182882  0.36600262956622437
  0.37777635026862066  0.39154559176757392  0.40605052006392028  0.42004899920671129
  0.43287620708730390  0.44496190162262639  0.45686492719574739  0.46898722028030443
  0.48197401816442254  0.49628364253900281  0.51014326921285480  0.52314086104705937
  0.53636681336954317  0.54971046572263260  0.56362872106879147  0.57834342657223126
  0.59186946516608197  0.60310937051684887  0.61246327750141494  0.62238884279486484
  0.63316240820151826  0.64531191998214799  0.65783707101768429  0.67285557420036091
  0.69045502570820971  0.70142068880413633  0.71243091136448355  0.72232022034698407
  0.73353993878561230  0.74772919526321380  0.76273896630833027  0.77824598550849744
  0.79169769866149808  0.80271901007149604  0.81375500732092210  0.82307863625541422
  0.83317500040653591  0.84386901383285284  0.85457407002398422  0.86227951387111712
  0.86751300041934132  0.87268041827468834  0.87795911003587557  0.88347321871584306
  0.89198109608741083  0.90304447866017379  0.91386531746407285  0.92363264542687118
  0.93500709456637399  0.94594717200229261  0.95561862706280820  0.96381546035239296
  0.97151660826285213  0.97920635416486268  0.98821092629500740  1.00000000000000000
 -0.00297829040018806  0.01162620515795041  0.02269415340860081  0.03276813456387775
  0.04290891237761200  0.05349320131191787  0.06400838290479291  0.07290977417989555
  0.08207597711568160  0.09166076205586551  0.10145374863355799  0.11016377221383437
  0.11924461046643757  0.12910020071199957  0.13982931095090359  0.14975559927601204
  0.15653912468329920  0.16324465456810838  0.16767785232560117  0.17240791619587903
  0.17740935700519470  0.18284762156538692  0.19103394354255163  0.20245698293789341
  0.21355077873691902  0.22557673317969520  0.23824751300928099  0.25130284815968706
  0.26368768829191108  0.27624348795751613  0.28765009876139258  0.29853552871993516
  0.31003602071951836  0.32184360347873503  0.33277905097147353  0.34325072586572947
  0.35380454297402730  0.36656239623513243  0.38130606262854366  0.39341503704412067
  0.40334228132295963  0.41319576531171986  0.42392921129692779  0.43603724917950748
  0.44632783717822028  0.45443804743757144  0.46396013805456932  0.47458199117479838
  0.48837554382422127  0.50459506799470799  0.51999727209609015  0.53316074917728429
  0.54519818486990790  0.55778432069992467  0.56958239463269456  0.58085919589216772
  0.59231891038099682  0.60525702792593894  0.61745785613678128  0.63024246572383191
  0.64305775836931689  0.65580207360429166  0.66507869412654541  0.67272626644772826
  0.67882230595237358  0.68464557711088603  0.69261375763829791  0.70441413056655167
  0.71408489934307473  0.72203554373685264  0.73045053695515860  0.74065690621653912
  0.75527587814785369  0.77089746585394214  0.78657532981425149  0.79883090609984087
  0.80947976679541767  0.82047357655028552  0.83150896843401145  0.84132884204552116
  0.85054215206409245  0.85940291800748259  0.86943519891118082  0.88058370493368754
  0.89286403274971149  0.90351887229830641  0.91335791267018107  0.92209551071247575
  0.93071493015492446  0.93952939019576509  0.95064206114747296  0.96125239987282463
  0.97167406335986051  0.98231225049058080  0.99129082936549950  1.00000000000000000
 -0.00268302816634037  0.01044417264318148  0.02174771455734527  0.03325901967154486
  0.04525838903682464  0.05495440783639868  0.06518561877129529  0.07528796256996080
  0.08728314460410662  0.09762598357542913  0.10553623359575624  0.11458555460080878
  0.12388326098493799  0.13359535137661169  0.14225043922284700  0.15031377365000123
  0.15810941525370517  0.16628434877280532  0.17535391724264729  0.18461520934010120
  0.19783613488047391  0.21229616711889282  0.22486671601242478  0.23540606313787490
  0.24591592734298262  0.25624932631020730  0.26836297738332765  0.28028226620994451
  0.28999937586766228  0.29623812216343504  0.30219201070769131  0.30797633717275502
  0.31412952033832564  0.32200922213495398  0.33321806969113726  0.34381083187832429
  0.35407745806599517  0.36380515391721474  0.37401603888926355  0.38319494617787553
  0.39204402944796057  0.40045176799155940  0.40886247029568340  0.41833537632570367
  0.42948984258623846  0.44198825098587008  0.45572684506291383  0.47173078487078962
  0.48876607919570919  0.50457455796502548  0.51936601276551697  0.53249418115479807
  0.54309686700351134  0.55099423649292145  0.55776659007738505  0.56467387092209442
  0.57089591066803869  0.57739753421592166  0.58597928194577431  0.59556939337468917
  0.60823424593246689  0.62172226508788719  0.63415743343166986  0.64624142591957401
  0.65821613943651935  0.66960946244897468  0.68040511152861349  0.69098937301231567
  0.70232515815269958  0.71396355253817190  0.72506247004941637  0.73530625500321212
  0.74471790343196065  0.75297185453911819  0.76029764887610407  0.76842763284483273
  0.77819610749689205  0.78982284729466268  0.80309783580682315  0.81495870844289964
  0.82302882392389298  0.83110165247307888  0.83940939789310987  0.84962892046216254
  0.86514249467747972  0.87906596883299504  0.89157847027229831  0.90404279633320683
  0.91711666651580737  0.92997186898974105  0.94231374898408526  0.95579300999244032
  0.96877408952210853  0.98004256146030355  0.99050921460666863  1.00000000000000000
 -0.00000177824718414  0.00007461654516760  0.00015101133751935  0.00024481381821982
  0.00038084927583299  0.00051688473344616  0.00059789634574666  0.00066733530302263
  0.00074410910779259  0.00082422706301204  0.00089932389636763  0.00097341140444283
  0.00105458757504215  0.00113724162457364  0.00122532575266380  0.00131474115140158
  0.00141128078965771  0.00151038314776424  0.00161673487598341  0.00172462650288186
  0.00183928859433314  0.00195545352126631  0.00207470149044994  0.00219663493553238
  0.00231995737262717  0.00242821413614944  0.00253620821906849  0.00264384643448971
  0.00275219079818365  0.00286589748184458  0.00298125087780419  0.00310251513189810
  0.00321855884140196  0.00332789679056287  0.00343826128937307  0.00354933357953638
  0.00367414729309956  0.00380725436526289  0.00395178051868030  0.00410048228023186
  0.00425249661970214  0.00439926465795363  0.00453573560559136  0.00466628419476032
  0.00480075588286062  0.00494456121158908  0.00510287866587097  0.00526087298010904
  0.00540835707100736  0.00552719283815226  0.00562831591369217  0.00572742516185322
  0.00582062196095091  0.00589753386763903  0.00597156769278036  0.00604537039231457
  0.00611958641996776  0.00619468169777722  0.00631115398499181  0.00645222335552615
  0.00658376429529787  0.00670469813898933  0.00680199320319302  0.00689622833857011
  0.00709300931413633  0.00728270469244224  0.00746451319595610  0.00768378199048234
  0.00791819695102833  0.00818233340807740  0.00846685498228241  0.00870351681895483
  0.00891221610847795  0.00910655861994826  0.00930414523618531  0.00952312815222611
  0.00979599009206141  0.01009857415456011  0.01043688520009076  0.01081071191602887
  0.01117238758027311  0.01158018046244277  0.01203722578377717  0.01302922167819004
  0.01398961315444154  0.01491861201312498  0.01542780083181426  0.01601003788164586
  0.01683209879503986  0.01771431656385643  0.01852601145255839  0.02336339679562771
  0.02889892465792348  0.03008415484607362  0.62516726714686754  1.00000000000000000
 -0.00142851254463800  0.00792380435555154  0.01829281166366254  0.02940875736717223
  0.04182997328907501  0.05192838804682491  0.06163100662366976  0.07155016326883680
  0.08223430544874219  0.09291798128284111  0.10367804138383158  0.11439603751153339
  0.12380676278694230  0.13331545135664366  0.14263880000187176  0.15337459484430982
  0.16300068904092035  0.17135419717211259  0.17800001217658504  0.18582368429873433
  0.19365579158376484  0.20117879848976994  0.20878949252319595  0.21892612167730613
  0.22776917243751055  0.23671678407595420  0.24593472182809048  0.25550119498545326
  0.26704956492248888  0.27756561928347773  0.28786371525115056  0.29631053429790266
  0.30434526123216726  0.31346882478229926  0.32302154616719830  0.33151939459302893
  0.33944814852606287  0.34819777103308569  0.35806312332326234  0.36944396342064328
  0.38054705786729798  0.39200641225054267  0.40359637310672064  0.41505440599900423
  0.42672526908689157  0.43963549278047243  0.45400491547453703  0.47006198636531915
  0.48270791538306013  0.49394480366538401  0.50408528115331341  0.51492190619504719
  0.52582540520301635  0.53759912964798418  0.54862254446356151  0.55941355911898560
  0.57049424881629573  0.58189386122682352  0.59392899823801770  0.60538840502430635
  0.61778775911663941  0.63052910987489430  0.64234851205011301  0.65359982914895254
  0.66413675142746953  0.67386189708249100  0.68385153988664726  0.69571032021340173
  0.70868472624623935  0.72016432508203987  0.73146992738451644  0.74516741257283792
  0.75889816311683433  0.76910667013806833  0.77557645563619237  0.78200032409430664
  0.78837886460780071  0.79431890017961493  0.80190184947545506  0.81075245336443913
  0.81962687483328789  0.82889276956198021  0.83800186947293209  0.84770986666606407
  0.85807179976167014  0.87116409992004584  0.88602311144969936  0.90092056941005039
  0.91504316118197238  0.92833243226759110  0.94101186505634726  0.95359856274603050
  0.96648955949029836  0.97792806621892203  0.98937745398821564  1.00000000000000000
  0.49230996551669304  0.57351180792282208  0.60438484464840880  0.61823992156245067
  0.62780530279542490  0.63631786034818194  0.64541484853941800  0.65425000817175194
  0.66347777569264599  0.67334593324500291  0.68292222887575915  0.69105981159262286
  0.69876728819515033  0.70629804189892620  0.71399971129766293  0.72094153805665051
  0.72818193658117480  0.73525886341259161  0.74209290392430260  0.74865059417920854
  0.75480070579065528  0.76137658919885454  0.76775642999582316  0.77346944257539629
  0.77852078571923022  0.78336713903852861  0.78890348276439326  0.79471077112175093
  0.80009720646694582  0.80504468550279273  0.80964810668138043  0.81431841435945340
  0.81922866535837036  0.82442953339652769  0.82967430021291122  0.83451044432531740
  0.83885336378139064  0.84272002273303692  0.84619555375832711  0.84941195097201361
  0.85267527427995393  0.85585401778136339  0.85896627243813639  0.86220179303457956
  0.86570784114584443  0.86922438691547610  0.87239400278019741  0.87534321161855455
  0.87833948467032397  0.88145103103806488  0.88510688979075069  0.88876081891996939
  0.89242233666810022  0.89567498871220319  0.89841982017611943  0.90098915439352112
  0.90323085295795935  0.90530160035477270  0.90715051491827758  0.90872717932055058
  0.91058117538125483  0.91258843825414049  0.91467153130330470  0.91687655454679207
  0.91954026867216943  0.92191233630982072  0.92415111298814290  0.92633000082789529
  0.92834705070056078  0.93066896788200937  0.93308656236731502  0.93541994793769900
  0.93782988194875849  0.93992861497043956  0.94180082743053706  0.94376930315466789
  0.94595248014488620  0.94850676541226686  0.95149571939692879  0.95457025627438907
  0.95785779794803816  0.96111504941714843  0.96440489817546571  0.96747076328049320
  0.97003752026009382  0.97226602586829725  0.97436011103436948  0.97655319630584325
  0.97898838495902463  0.98161910099316330  0.98427239264163857  0.98685607509477624
  0.98947567703016170  0.99231158434476907  0.99580228911121682  1.00000000000000000
  0.02986013073562786  0.14249600057293463  0.15695089428304004  0.16847696695887054
  0.17826908624966958  0.18625672192290482  0.19296199936755781  0.19959853754005882
  0.20613606366475909  0.21176474608512549  0.21966325070566051  0.22969648033751466
  0.23937607292896670  0.24709411987529020  0.25459719584580442  0.26066902025187605
  0.26741515473130284  0.27379604876343427  0.28033505797044822  0.28673905035932029
  0.29285548305580850  0.29901242133444539  0.30491700622915335  0.31115452838180457
  0.31755259004358766  0.32347493440498526  0.32921192730295185  0.33501576685445306
  0.34106408061105276  0.34724131952398957  0.35370113654187924  0.35988499546951858
  0.36503700566730374  0.36940107591376686  0.37367944164464095  0.37828318928733823
  0.38352826390318845  0.39043959548736967  0.39757688703751098  0.40338411304845667
  0.40820164931009367  0.41210465976122418  0.41522170035814571  0.41846306541506084
  0.42176707049911077  0.42528699482588944  0.43004067379918820  0.43449215644043343
  0.43912631158328519  0.44274730387369471  0.44649763568247386  0.45034945638521895
  0.45453712201440583  0.45912550981060002  0.46407749544232807  0.46904889811815392
  0.47477802949829490  0.48090047063465530  0.48687957345911409  0.49245205235871747
  0.49715933857307992  0.50192520490126069  0.50713334685961287  0.51316566734541413
  0.51926294954124563  0.52516315793270052  0.53110674962911830  0.53780281808680253
  0.54478472781936305  0.55199342518499928  0.55741654616654235  0.56264320889555319
  0.56777190927183363  0.57351873135712794  0.58010821356971076  0.58822684185088947
  0.59623634495421907  0.60477961872062247  0.61445925452986749  0.62319145699162648
  0.63063267129018208  0.63820632069478311  0.64595919850139616  0.65504866528407191
  0.66533686316223961  0.67597747188731239  0.68835500698566954  0.70037059625581544
  0.71179487958511034  0.72628376226999103  0.74215690631918330  0.76346897132083169
  0.78910585830096536  0.83387714425877657  0.96064938251559429  1.00000000000000000
   3.0471591553314430E-005  -1.0000000000000000     
 F F F F F F F F F F F F F F F F F F F F F F F F F F F F F F F F F F F F F F F F F F F F F F F F F F F F F F F F F F F F F F F F F F F F F F F F F F F F F F F F F F F F F F F F F F F F F F F F F F F F F F F F F F F F F F F F F F F F F F F F F F F F F F F F F F F F F F F F F F F F F F F F F F F F F F F F F F F F F F F F F F F F F F F F F F F F F F F F F F F F F F F F F F F F F F F F F F F F F F F F F F F F F F F F F F F F F F F F F F F F F F F F F F F F F F F F F F F F F F F F F F F F F F F F F F F F F F F F
  <DiscreteSampler_grid>
  grouped_processes
  1 # 1 for a reference and 2 for a running grid.
  10 # Attribute 'min_bin_probing_points' of the grid.
  1 # Attribute 'grid_mode' of the grid. 1=='default',2=='initialization'
  0.0000000000000000 # Attribute 'small_contrib_threshold' of the grid.
  0.5000000000000000 # Attribute 'damping_power' of the grid.
 # binID   n_entries weight   weight_sqr   abs_weight
    37   10   8.306331387882025E-002   3.056582730776357E-002   8.306331387882025E-002
    38   10   8.306331387882013E-002   3.056582730776344E-002   8.306331387882013E-002
    49   10   1.887099539656058E-001   1.708562119414320E-001   1.887099539656058E-001
    50   10   1.887099539656057E-001   1.708562119414318E-001   1.887099539656057E-001
    52   10   1.910046309813040E-001   1.525383137494024E-001   1.910046309813040E-001
    53   10   1.910046309813037E-001   1.525383137494017E-001   1.910046309813037E-001
    55   10   1.586926268830237E-001   1.140572423555074E-001   1.586926268830237E-001
    56   10   1.586926268830235E-001   1.140572423555069E-001   1.586926268830235E-001
    64   10   7.889234914385926E-002   2.786648265878099E-002   7.889234914385926E-002
    65   10   7.889234914385926E-002   2.786648265878098E-002   7.889234914385926E-002
    70   10   8.306331387882024E-002   3.056582730776356E-002   8.306331387882024E-002
    71   10   8.306331387882013E-002   3.056582730776342E-002   8.306331387882013E-002
    73   10   1.583061426570930E-001   1.145300504225233E-001   1.583061426570930E-001
    74   10   1.583061426570929E-001   1.145300504225229E-001   1.583061426570929E-001
    103   10   2.603869820161337E-001   3.681731479635407E-001   2.603869820161337E-001
    104   10   2.603869820161335E-001   3.681731479635391E-001   2.603869820161335E-001
    106   10   4.930373882737455E-001   1.329395959971148E+000   4.930373882737455E-001
    107   10   4.930373882737450E-001   1.329395959971141E+000   4.930373882737450E-001
    136   10   2.603869820161337E-001   3.681731479635407E-001   2.603869820161337E-001
    137   10   2.603869820161335E-001   3.681731479635391E-001   2.603869820161335E-001
    148   10   5.358431147986524E-001   1.514672971484641E+000   5.358431147986524E-001
    149   10   5.358431147986520E-001   1.514672971484633E+000   5.358431147986520E-001
    151   10   5.193761074801839E-001   1.512791930268619E+000   5.193761074801839E-001
    152   10   5.193761074801834E-001   1.512791930268611E+000   5.193761074801834E-001
    154   10   4.917890583329596E-001   1.315222671169564E+000   4.917890583329596E-001
    155   10   4.917890583329589E-001   1.315222671169556E+000   4.917890583329589E-001
    163   10   2.546330556517264E-001   3.321912869391411E-001   2.546330556517264E-001
    164   10   2.546330556517261E-001   3.321912869391392E-001   2.546330556517261E-001
    196   10   2.546330556517264E-001   3.321912869391411E-001   2.546330556517264E-001
    197   10   2.546330556517262E-001   3.321912869391393E-001   2.546330556517262E-001
    229   10   7.889234914385926E-002   2.786648265878099E-002   7.889234914385926E-002
    230   10   7.889234914385926E-002   2.786648265878095E-002   7.889234914385926E-002
  </DiscreteSampler_grid>
