  0.00000208402923800  0.00000216384700084  0.00000223863726828  0.00000230920025368
  0.00000238407015594  0.00000246099074432  0.00000254564358389  0.00000262760409220
  0.00000271432251906  0.00000281632093070  0.00000294097152325  0.00000306643539904
  0.00000317952926890  0.00000329545101716  0.00000342286307139  0.00000355896557094
  0.00000370763489500  0.00000386868537714  0.00000403690347795  0.00000421855692992
  0.00000440885204312  0.00000461346732547  0.00000480885693757  0.00000498884275783
  0.00000518886620255  0.00000540032021588  0.00000560910476285  0.00000584593584989
  0.00000609908087891  0.00000635640693002  0.00000663211898772  0.00000693704698377
  0.00000726290648869  0.00000759913824872  0.00000793828144349  0.00000828549373080
  0.00000866359921204  0.00000905068686416  0.00000946947861434  0.00000990261996556
  0.00001034100516463  0.00001079824413481  0.00001131384205446  0.00001187698693038
  0.00001246425545378  0.00001311816733311  0.00001382839107266  0.00001455973001132
  0.00001546455776356  0.00001637760560097  0.00001741307223157  0.00001843600918639
  0.00001942045833124  0.00002041586584891  0.00002153725511277  0.00002272147934796
  0.00002389722755071  0.00002503550655616  0.00002626575883746  0.00002756870254968
  0.00002899394221262  0.00003123178341996  0.00003384124112242  0.00003683663921438
  0.00004027017751729  0.00004400787270577  0.00004794302568863  0.00005215809131852
  0.00005711287410265  0.00006278646106632  0.00006937281482072  0.00007674311389598
  0.00008550428761094  0.00009510620498130  0.00010431398867638  0.00011353977917405
  0.00012468926624537  0.00013815950329696  0.00015701966819230  0.00017987911192765
  0.00021064571631127  0.00025579516089653  0.00030851027933233  0.00036969523206247
  0.00043800480893056  0.00052806275541299  0.00067013911078802  0.00089555135095309
  0.00122966223260254  0.00158480482770363  0.00190275104950206  0.00225951831930144
  0.00300210713955137  0.00589785300768421  0.10491870032596906  1.00000000000000000
  0.00396472830500898  0.01375528402913513  0.02574335806694796  0.03814299343213275
  0.04990102018944234  0.06203305605455385  0.07488130710280348  0.08719685556198772
  0.09864087089235497  0.11001059100099962  0.12188482295116443  0.13339425391290233
  0.14416903327513006  0.15549871196382142  0.16708830976734690  0.17787268605943499
  0.18868074465006332  0.20030007211024153  0.21283386943448945  0.22568698298500275
  0.23724030208722438  0.24809364802320197  0.25825520718119299  0.26900338360178072
  0.28106428069785100  0.29496048366045058  0.30939629682623865  0.32255591141608853
  0.33485615550487996  0.34647451564679410  0.35677983347721498  0.36668538682572216
  0.37651174353612604  0.38887734860669892  0.40135902218169106  0.41346556805580859
  0.42532935318006548  0.43756344519407547  0.44899025685173666  0.46037053565520974
  0.47243496842421390  0.48446429634861737  0.49660905618861251  0.50837655821978589
  0.52001489824768365  0.53235375756819803  0.54441774728954484  0.55616864593668769
  0.56731961106139894  0.57791758806247384  0.58872053385490031  0.59911360591597151
  0.60788075770477679  0.61537678509947069  0.62313537572644717  0.63119592049757833
  0.64042230574088876  0.64987874461454143  0.65905659067469757  0.66893545303439372
  0.67978592685072770  0.69033294426192116  0.70031107977522244  0.70982202577960962
  0.71974806124829793  0.72578467730630714  0.73208886560659958  0.73893924599821448
  0.74644213310815166  0.75553567158921542  0.76682158133911205  0.77678635734678514
  0.78564012510285020  0.79491931541963923  0.80510787297492392  0.81613973680890417
  0.82648114836801079  0.83633620339354875  0.84484968233942315  0.85372888606335040
  0.86339092292250952  0.87346893845220352  0.88535401276015679  0.89733383490889396
  0.90813380714963832  0.91872771194061753  0.92851447488764494  0.93848883241487768
  0.94610809970327747  0.95421584125330505  0.96178837236484682  0.96973176786501636
  0.97822643182977542  0.98564487269360557  0.99269615455059401  1.00000000000000000
  0.00000315341242233  0.00000387143829481  0.00000428528646162  0.00000463527083127
  0.00000495424375681  0.00000526836664048  0.00000562503709197  0.00000600870666587
  0.00000641129499036  0.00000682053860591  0.00000724381218245  0.00000768579567546
  0.00000810495609087  0.00000853129239546  0.00000896715344749  0.00000943821814477
  0.00000996503798532  0.00001051860997660  0.00001114794973056  0.00001179396002466
  0.00001240506837089  0.00001299390983000  0.00001362968526384  0.00001427417507340
  0.00001499185186135  0.00001581659579117  0.00001682334247707  0.00001792963062863
  0.00001905859639616  0.00002017817517844  0.00002131399468250  0.00002247409278940
  0.00002370149122958  0.00002502011029105  0.00002640641668485  0.00002789665224930
  0.00002950621853082  0.00003114685277983  0.00003286951900062  0.00003480181043311
  0.00003676685089625  0.00003890791211811  0.00004110245835315  0.00004342336059724
  0.00004588761568399  0.00004847405706278  0.00005101683677265  0.00005316485487541
  0.00005530927943019  0.00005752644230260  0.00006011718679918  0.00006347755299570
  0.00006768968844301  0.00007238810438647  0.00007740066990703  0.00008285580405879
  0.00008829913161243  0.00009415596627890  0.00010038356728745  0.00010626781681488
  0.00011351384430155  0.00012100953227987  0.00012904436233043  0.00013902681744626
  0.00014972543463309  0.00016299708639519  0.00017549902233582  0.00018820656507677
  0.00020182641446898  0.00021705600915353  0.00023465389809977  0.00025614654924373
  0.00028438434041628  0.00031741480180103  0.00035443419864743  0.00039355299438228
  0.00044056994664841  0.00049062497121532  0.00054452854259405  0.00060437009083663
  0.00066976451048928  0.00073701037865843  0.00081046920071111  0.00090028281500088
  0.00101390965797087  0.00115066503852481  0.00130374836778415  0.00150078985008850
  0.00174753120754786  0.00210916510353532  0.00256791971730558  0.00315969857808330
  0.00408866487359304  0.00557535687946145  0.02532832731195999  1.00000000000000000
  0.00000455001204552  0.00000550972457238  0.00000704044338871  0.00000846846694935
  0.00000987362385404  0.00001131541437799  0.00001287291046511  0.00001479326375702
  0.00001733931845704  0.00002020081280019  0.00002365329572832  0.00002773273294951
  0.00003236080746573  0.00003826179547691  0.00004486591339876  0.00005221837006422
  0.00006065391163973  0.00007009362034988  0.00008065870561224  0.00009190481451099
  0.00010448067531806  0.00011800994923395  0.00013188050343875  0.00014675023941369
  0.00016283726479899  0.00018025719148515  0.00019889561866065  0.00021829083410968
  0.00024049909128886  0.00026376906795180  0.00028756063201247  0.00031145762492751
  0.00033772742587775  0.00036585980895688  0.00039533397311995  0.00042323608025586
  0.00045136740388898  0.00048016517837239  0.00050964835512883  0.00054186782369755
  0.00057872375089204  0.00062302903292908  0.00067237677769337  0.00072741714121326
  0.00078636815546870  0.00084970817164288  0.00091550496247430  0.00098567355018993
  0.00105500246287221  0.00112192554744179  0.00118698919467572  0.00124280337108065
  0.00130334375634246  0.00136795647337745  0.00143004253510063  0.00149869432856171
  0.00156833658018692  0.00165464143513550  0.00176684564877100  0.00189049413307239
  0.00200094704165145  0.00209991901028897  0.00219993629833613  0.00225464554142575
  0.00230852586439589  0.00235687208532122  0.00240723551015532  0.00245766268232139
  0.00250239182014143  0.00254632771140087  0.00259291130632671  0.00265212397671015
  0.00270491303802739  0.00278256305778657  0.00288362857898857  0.00298972333674047
  0.00310708784079046  0.00323259629624281  0.00336418530742016  0.00361652105843047
  0.00377815020173060  0.00389171532785035  0.00400528045397011  0.00411884558008986
  0.00438351787226742  0.00467281866162956  0.00496211945099170  0.00528020170600557
  0.00585540995239369  0.00643061819878180  0.00700582644516991  0.00763782011716740
  0.00833337342735152  0.00902292269805424  0.06653604700280089  1.00000000000000000
 -0.00189772508125605  0.00698983562206755  0.01366781229064705  0.01956471417693492
  0.02610037756181707  0.03239877296694372  0.03853151255441267  0.04535447241034519
  0.05330462711393046  0.06177494461119866  0.07102977101573762  0.08105400311715028
  0.09097488932418557  0.10084648458761764  0.11128525216310557  0.12200340858320481
  0.13145344442159335  0.14124765476284487  0.15197161611548579  0.16345512281545052
  0.17540194968784947  0.18731786202368006  0.19839198886135737  0.20914052382452725
  0.22026175119978353  0.23216958083956185  0.24423428993778221  0.25626849358300346
  0.26848347890959823  0.27958385866253849  0.29048619533200304  0.30201455451802889
  0.31467171814049905  0.32640775068941313  0.33761272808033110  0.34827517237927408
  0.35908176406643583  0.36965170676163578  0.38042639295201813  0.39198072637040993
  0.40533414256808215  0.41930670534087916  0.43187110837919496  0.44372396661056734
  0.45569548529310400  0.46602954893685677  0.47417775265257806  0.48270118180463212
  0.49147560881451124  0.50065110085299958  0.51266099158130862  0.52457116739226073
  0.53627758628518585  0.54829569518761057  0.56092825253817236  0.57366946713138089
  0.58667686329412772  0.59994115873946574  0.61379774086759631  0.62753662582406189
  0.63970415736515740  0.65143964193140902  0.66261419191261040  0.67448756356927497
  0.68665057894605996  0.69844689932878468  0.71065156293135023  0.72375301110540458
  0.73598207684459938  0.74728760204620182  0.75763711207133921  0.76853557584548193
  0.77907269262704848  0.78915281765810485  0.79936120253699305  0.80969742094952091
  0.82088208533667961  0.83276467596136172  0.84444148323771884  0.85541509962478568
  0.86469743570403812  0.87406034418529566  0.88251761088758274  0.89118487391334977
  0.89985083551601963  0.90813859950186504  0.91646707919579473  0.92475138342827268
  0.93330559608592112  0.94317483753964793  0.95343660497279914  0.96296638835200588
  0.97216761524784534  0.98119600194166667  0.99068131455583486  1.00000000000000000
 -0.00203210273116126  0.00772341019679385  0.01667437728098549  0.02677868653702425
  0.03733758351243018  0.04919533656167507  0.06237333650999076  0.07531877553877807
  0.08907762759859986  0.09963102760239476  0.10891403338696733  0.11804888799246002
  0.12787635435696920  0.13984745360689449  0.15212157996298448  0.16379908381372843
  0.17472675224451392  0.18534270350209636  0.19670530183460003  0.20837626493611305
  0.21950027793665955  0.22981492798964795  0.24157835028850433  0.25523504089727522
  0.26748738763241164  0.27764094923129351  0.28717712711325039  0.29692985059129356
  0.30728850714738598  0.31703387605781636  0.32630996903703779  0.33572774174865222
  0.34581414336321875  0.35632136516160756  0.36677891573737126  0.37775896198349490
  0.38876379541530276  0.39892191560287177  0.40886689720001834  0.41955862299431701
  0.43068045767746860  0.44106449146369475  0.45071032252476889  0.46005192742073359
  0.46906500827991393  0.47877276965643417  0.48889049190930733  0.49745782449215453
  0.50595198315694456  0.51417295799774498  0.52411030289551885  0.53545573543868863
  0.54729434913262986  0.55695732387049657  0.56636143631640723  0.57488826597361808
  0.58424608465744499  0.59429460347923735  0.60431703928826042  0.61476569994596153
  0.62631432616941285  0.63925523867514189  0.65362723875245454  0.66618585054873447
  0.67797126019284548  0.68964992013826898  0.70107483448015773  0.71240013095267252
  0.72417052172061858  0.73670880673604211  0.74939875805663703  0.76163011107335798
  0.77372641917933349  0.78537669985025582  0.79571907162118771  0.80610106405396198
  0.81646957627074135  0.82835475898180477  0.83989856525654960  0.85253790843472466
  0.86391119047786213  0.87431997213327906  0.88401125380393419  0.89346360347380904
  0.90309703488027693  0.91150700603039347  0.92025393694305779  0.92970913231959118
  0.94065855744350002  0.95311978229334060  0.96593093571404021  0.97396127673538779
  0.98144625590272083  0.98836411208213959  0.99431602042196454  1.00000000000000000
 -0.00533330185798553  0.03028576923674153  0.05792629708154957  0.08304377699828254
  0.10783086046115166  0.13191080964448668  0.15579085283915708  0.17878656330939624
  0.19712317430808102  0.21504859280903219  0.23222738155723871  0.25051779554111414
  0.26931021135329242  0.28740941818414140  0.30506365384934553  0.32251481440178265
  0.33967628099977520  0.35530480143758114  0.36911199893218039  0.38246825610658380
  0.39521786097857081  0.40675242753366270  0.41852302700939376  0.43110086336978232
  0.44313608057794041  0.45560601862260330  0.46803477503952778  0.48204765091371582
  0.49582271003638040  0.50946403064278123  0.52292177717624100  0.53554085302386645
  0.54727225484678244  0.55866169032997615  0.57008119268627522  0.58066080771423356
  0.59006022559199844  0.59880650623789344  0.60747152837129204  0.61529622455680144
  0.62225135144726684  0.62896463915350365  0.63591365626775653  0.64476522938365222
  0.65429397532064104  0.66299968229774331  0.66886243957962543  0.67488180649886265
  0.68104294542492605  0.68729641351002979  0.69462847678733930  0.70474737083828254
  0.71393612126592865  0.72144421790578772  0.72812327068928251  0.73468252302537540
  0.74156015528117292  0.74898887270534087  0.75692263287811423  0.76547918140321070
  0.77388315153818754  0.78181320140200683  0.78994631886471334  0.79690508108307523
  0.80474460114428159  0.81210332828784870  0.81987219869436168  0.82677437137216292
  0.83334611560637040  0.83996364850665994  0.84669367311720500  0.85363845720374476
  0.86100078426551752  0.86889817642719325  0.87686925401819049  0.88377446044553754
  0.88975710586289414  0.89561213439288767  0.90175095397116412  0.90791725420699676
  0.91390481643144694  0.91952884150427572  0.92514673941555226  0.93071945664917499
  0.93667016746335940  0.94293508853735986  0.94933418079482590  0.95585536264946347
  0.96175653611437173  0.96728047961325214  0.97264054288180923  0.97794180656089547
  0.98336413878072648  0.98882164868826905  0.99448740293656002  1.00000000000000000
 -0.00238292659002683  0.00950803277333919  0.02029973413743658  0.03222611555322621
  0.04314266411933035  0.05373479803985124  0.06496161826808686  0.07692637300508157
  0.08867250772711781  0.09856944579495165  0.10638245735847253  0.11356941995279962
  0.12063915317861534  0.12987409714882492  0.14094492439875975  0.15181235969288912
  0.16247479927208794  0.17273482006724006  0.18289221047096652  0.19286812987244786
  0.20247833462985160  0.21153041280285403  0.22030949879359399  0.22973521303211639
  0.24063531879439623  0.25179322113575997  0.26234101847134889  0.27304458456599145
  0.28419681354711429  0.29661110494895510  0.30953081179260006  0.32243605974145878
  0.33506734205000210  0.34722988639861502  0.35873577657500721  0.36995780540042206
  0.38134414242829440  0.39253088685039517  0.40263097866831682  0.41211584856790306
  0.42189965170012966  0.43163232229198695  0.44199021613048489  0.45221772080323408
  0.46318312393751099  0.47324718762288293  0.48359674855498880  0.49330242790819240
  0.50284336226803228  0.51224669239831033  0.52261329001258694  0.53247174097623651
  0.54298539697608095  0.55394034224022870  0.56575116072190035  0.57631880740799801
  0.58301905979851543  0.58981050885498332  0.59668931766982003  0.60347578213479625
  0.61045213674720966  0.62202297076655111  0.63335860775646224  0.64393079107076967
  0.65500118290649689  0.66605293552765299  0.67667369692634272  0.68721679646375222
  0.69809552227953753  0.70958255986678520  0.72027536550256999  0.73102148683837886
  0.74289744447765582  0.75456150277797407  0.76544204794939119  0.77649962897314595
  0.78796082024236624  0.79878845738267490  0.80966189507818509  0.81990366097612721
  0.83166620303593286  0.84429061307866438  0.85763059457632074  0.87084640648346112
  0.88367261563571664  0.89566903327936320  0.90703802796719213  0.91871038695285656
  0.93062984419315764  0.94257109972463804  0.95314714494631925  0.96281788184397021
  0.97203061696324489  0.98114577298626782  0.99083643916435848  1.00000000000000000
 -0.00178545286567565  0.01065699689313619  0.02161819498309811  0.03247570166856604
  0.04266128376867934  0.05271058114323775  0.06279842467820543  0.07332557100741727
  0.08382348008492464  0.09464746504558212  0.10589056414262314  0.11807307070727535
  0.13175000062619815  0.14571892862064995  0.15737936972704261  0.16781090605398602
  0.17850861456436717  0.18926661569901584  0.20012798746024546  0.21107343762693734
  0.22237597825409910  0.23352321574767618  0.24459871556061449  0.25582228288248587
  0.26641881507990611  0.27670600958765929  0.28711795593459305  0.29847280812515520
  0.31034723489099941  0.32239543931202996  0.33333768636732097  0.34395599242245972
  0.35506023829343641  0.36692250005004390  0.37898285851465974  0.39001082953813415
  0.40061634807466323  0.41141726830811198  0.42163570312979620  0.43131205772350473
  0.44087657342352904  0.45123647735979228  0.46351601733302805  0.47611888383794765
  0.48752934299445222  0.49755871393825174  0.50725373935463014  0.51701893768098528
  0.52740911748228492  0.53891899507639529  0.55056566181221600  0.56178820636432081
  0.57288798223453385  0.58444370670573775  0.59505466457532274  0.60343791121100865
  0.61167758963069641  0.62004503619373830  0.62874954246656711  0.63950222297262382
  0.64975252501735958  0.65916573125045130  0.66880597318560442  0.67906218683662056
  0.68949647651295098  0.69913005321859079  0.70965266594131304  0.72032773259689609
  0.73213948350157398  0.74232186421088719  0.75202984487683189  0.76064045978798756
  0.77012405725837807  0.78086250578887717  0.79082877187442613  0.79990561839021401
  0.80945565870054448  0.82116263695884772  0.83228049396394577  0.84089893254333803
  0.84891629455213491  0.85756294775200026  0.86725760098287019  0.87775265357645194
  0.88763877637951150  0.89742307288773260  0.90726746022765314  0.91682095279715903
  0.92669291709964829  0.93752365552078853  0.94896777092381079  0.96052734143566021
  0.97106881910643417  0.98086503755037580  0.99042198814130189  1.00000000000000000
 -0.00008479987127160  0.00044595071871200  0.00080993824365857  0.00107865902977874
  0.00130333761414260  0.00151522744241771  0.00169831129752349  0.00188520130332614
  0.00207578038559872  0.00226924081425013  0.00246218179278123  0.00265565876462584
  0.00284133346413118  0.00302141003052583  0.00320032379032152  0.00337724479426679
  0.00356878719163628  0.00378563382400456  0.00398204640232040  0.00417850496972238
  0.00437503398058095  0.00454653861374375  0.00471042915156279  0.00488362701583236
  0.00505943036652948  0.00515975398958999  0.00525117018186532  0.00534258637414065
  0.00543457622025951  0.00553393869778948  0.00563330117531945  0.00573266365284943
  0.00583788763962522  0.00595079285585442  0.00606369807208362  0.00617660328831281
  0.00642270728672220  0.00668663438556204  0.00694171949290291  0.00716294163897011
  0.00737031879974685  0.00758186778671262  0.00779456937327380  0.00800948752376257
  0.00823638734504206  0.00852028653871697  0.00881254753506472  0.00912171550290324
  0.00945539276699282  0.00978428341881285  0.01010075315637015  0.01040837525502564
  0.01071879983608870  0.01103468353549683  0.01132392481343459  0.01151879142646614
  0.01169165173264676  0.01185108052309061  0.01198626594568916  0.01212847035234146
  0.01230077632736547  0.01246870842703120  0.01264497552494246  0.01292997979099837
  0.01322501063804155  0.01350172818440845  0.01367010723663886  0.01381025580735877
  0.01397766624686998  0.01417236724704564  0.01450086209462043  0.01467223802911789
  0.01478811689944358  0.01490007157006527  0.01502491534813771  0.01518711195684728
  0.01569625669613927  0.01656071648704514  0.01794900018149116  0.01850626915349673
  0.01879069327675241  0.01895095413009998  0.01911148982337673  0.01927247638572831
  0.01943345619622063  0.01959436012759654  0.01975526405897245  0.02067188658070461
  0.02212202587436405  0.02419662212797453  0.02484699941483579  0.02649862538662481
  0.03581045251114397  0.04104718486874136  0.29309330630995811  1.00000000000000000
 -0.00239400365834635  0.00933581028101038  0.01871954849742938  0.02906384720551213
  0.03998533034724543  0.05027677598833539  0.05976097832576517  0.06942032496716127
  0.07947850626851084  0.08942953617618359  0.09881995173840881  0.10800944668577848
  0.11803621687322266  0.12809546030074623  0.13793615519368591  0.14830541400842542
  0.15829597524179201  0.16662598406372930  0.17496128995786864  0.18298475165297556
  0.19303516603599455  0.20440397765149704  0.21601134537307681  0.22794767680634923
  0.24073287228699203  0.25351367881503417  0.26507063084527438  0.27511384798190058
  0.28416320104819165  0.29324710922014302  0.30261343449376948  0.31239596002371928
  0.32278498758163665  0.33387532593124969  0.34476040700205901  0.35535486892753559
  0.36550429686809649  0.37656773526217419  0.38836853014733319  0.40138942829932961
  0.41349406431172098  0.42560043271026116  0.43734360137563366  0.44790824685355518
  0.45826463551122576  0.46967494642047392  0.48160297347694958  0.49300724396228024
  0.50427489528059033  0.51569188555735623  0.52801489439217475  0.54137187060796055
  0.55464534643413765  0.56701173075534750  0.57859269221576592  0.59006334128734184
  0.60121169679792708  0.61132634842744704  0.62138393039876860  0.63187182180218748
  0.64296502163971425  0.65327951438551835  0.66305813619188980  0.67305379411796606
  0.68395252180913779  0.69596241040382512  0.70770516146137696  0.71860878936155348
  0.72927286139236525  0.74012207708313049  0.75119587575533353  0.76193591189871890
  0.77289442447355561  0.78395347599825138  0.79540066493760353  0.80672908721977421
  0.81754479695117022  0.82536160458771124  0.83309777577285515  0.84076026619963551
  0.84819067746464372  0.85795499369015515  0.86885087980800713  0.87830057005221029
  0.88683420471733743  0.89549994462726878  0.90554093284002335  0.91709281669473208
  0.92785052015258440  0.93806504651392864  0.94893789262610628  0.95915168471574186
  0.96887336605500440  0.97842051289116572  0.98936305601843288  1.00000000000000000
  0.52736300226353094  0.56214686539219250  0.58476920526254927  0.59545034687639864
  0.60464851233511396  0.61252448830432837  0.62167516671747081  0.63150206009733756
  0.64045460101284823  0.64883465655036898  0.65653652697744458  0.66399339190752737
  0.67128450853554322  0.67791530771774344  0.68440279914551638  0.69077441813321072
  0.69657273599000413  0.70192838319359663  0.70740518942952424  0.71307197795128952
  0.71820653298039627  0.72335544629599535  0.72912384825958509  0.73511369793636216
  0.74059892647693637  0.74602997622793699  0.75166571243611113  0.75700476092589741
  0.76210472749487812  0.76721866828022933  0.77256887424035281  0.77804728655442490
  0.78367302655457194  0.78921977556223111  0.79442295108305361  0.79921278851495825
  0.80391801695376586  0.80877705553920121  0.81341983809065632  0.81761871621051196
  0.82161740873967160  0.82559639601934987  0.82970475557485801  0.83381634168703911
  0.83800884871118186  0.84200179558646393  0.84571675229743670  0.84940680828550252
  0.85332059653257863  0.85785588128925738  0.86247071496237426  0.86686297450130312
  0.87100664911022341  0.87503283882492566  0.87913356135326404  0.88310613759235745
  0.88703532994156375  0.89069340050553725  0.89433752134186528  0.89780319126362373
  0.90135614326895541  0.90493641901279920  0.90851606017612918  0.91196579984967452
  0.91521095879347791  0.91822688407720365  0.92110605073798013  0.92384703451643424
  0.92651123370937150  0.92923779114697413  0.93199777328728117  0.93477850896943870
  0.93758260914503488  0.94040205165039881  0.94321042402760058  0.94592956271803819
  0.94869440510399139  0.95162223507000254  0.95448973118150360  0.95756558836701133
  0.96067930324005146  0.96373080682615120  0.96674594927921997  0.96973976233165771
  0.97261551371788479  0.97544831378937136  0.97803620960293358  0.98054359477563791
  0.98304518217235060  0.98549127326372055  0.98749675048308250  0.98959051540020415
  0.99183532522271478  0.99418505383667954  0.99669234178399091  1.00000000000000000
  0.00668140968126252  0.13648754282912179  0.17133286377038684  0.20275384510052244
  0.22794103636274562  0.25106855135792722  0.27093197362964305  0.28578226182798561
  0.29951129901155688  0.30976525978137898  0.31803076568107075  0.32588900368724283
  0.33345267549521307  0.34128959550900395  0.35326131016225676  0.36397352485178003
  0.37401405099876972  0.38260283328858702  0.39071722959241195  0.39852828368639731
  0.40667374665535305  0.41448220444006756  0.42235199116044347  0.43004326621632094
  0.43810408813549934  0.44663207135531890  0.45523322683857137  0.46274361954572663
  0.46979045048730278  0.47680602275560074  0.48401019823796526  0.49133743993937273
  0.49884561167893582  0.50630775323778954  0.51373325174485118  0.52037743828143379
  0.52670062879275015  0.53287508800382954  0.53925333280371679  0.54597451603824299
  0.55312193530520193  0.56049296913059199  0.56749829450451927  0.57355003032372553
  0.57889689350869677  0.58408568152411977  0.58894174781357489  0.59348670140129045
  0.59879728652102582  0.60425680606684562  0.60967011666624393  0.61533375213597197
  0.62131873139006988  0.62742356992425963  0.63329061170496992  0.63859555707747484
  0.64395901575409609  0.64976038872892039  0.65606486632868188  0.66233310390446642
  0.66791418141436398  0.67297102408000398  0.67792987893486012  0.68315174513264765
  0.68889792297961594  0.69481901722121031  0.70088016876281101  0.70651458232481867
  0.71207586935284573  0.71750600605430903  0.72291671752312092  0.72840863936769973
  0.73343495542920212  0.73801927949448454  0.74274222596175110  0.74718189085671738
  0.75213579351003823  0.75721070062651585  0.76276540573344287  0.76826368429730485
  0.77295333988091552  0.77707002757770827  0.78085506968796514  0.78493767983262974
  0.78958263037261223  0.79426448572757535  0.79854396981756293  0.80310854697125555
  0.80836350297242332  0.81478432184611915  0.82158344960350005  0.82770644694225404
  0.83446925901316493  0.84323764181278227  0.86150377069165573  1.00000000000000000
   1.1494419738792850E-005  -1.0000000000000000     
 F F F F F F F F F F F F F F F F F F F F F F F F F F F F F F F F F F F F F F F F F F F F F F F F F F F F F F F F F F F F F F F F F F F F F F F F F F F F F F F F F F F F F F F F F F F F F F F F F F F F F F F F F F F F F F F F F F F F F F F F F F F F F F F F F F F F F F F F F F F F F F F F F F F F F F F F F F F F F F F F F F F F F F F F F F F F F F F F F F F F F F F F F F F F F F F F F F F F F F F F F F F F F F F F F F F F F F F F F F F F F F F F F F F F F F F F F F F F F F F F F F F F F F F F F F F F F F F F
  <DiscreteSampler_grid>
  grouped_processes
  1 # 1 for a reference and 2 for a running grid.
  10 # Attribute 'min_bin_probing_points' of the grid.
  1 # Attribute 'grid_mode' of the grid. 1=='default',2=='initialization'
  0.0000000000000000 # Attribute 'small_contrib_threshold' of the grid.
  0.5000000000000000 # Attribute 'damping_power' of the grid.
 # binID   n_entries weight   weight_sqr   abs_weight
    10   10   2.656970229411683E+000   1.967152615866276E+001   2.656970229411683E+000
    11   10   2.656970229411685E+000   1.967152615866278E+001   2.656970229411685E+000
    16   10   2.656970229411684E+000   1.967152615866276E+001   2.656970229411684E+000
    17   10   2.656970229411685E+000   1.967152615866279E+001   2.656970229411685E+000
    22   10   2.656970229411683E+000   1.967152615866276E+001   2.656970229411683E+000
    23   10   2.656970229411685E+000   1.967152615866279E+001   2.656970229411685E+000
  </DiscreteSampler_grid>
