  0.00263267767711744  0.01556119917117799  0.02736073968370960  0.03799655281491976
  0.04893697107572416  0.06091714481094124  0.07392000721924219  0.08847843634770321
  0.10295415353121454  0.11607663112230006  0.12837011712624316  0.14113675120455679
  0.15499382745582113  0.16569821015720754  0.17488876752432755  0.18386067242246207
  0.19411648314117774  0.20558093749026357  0.21612322433367243  0.22522592839301334
  0.23373887337842708  0.24192160680469557  0.25147874280938304  0.26146830303998847
  0.26983420030342786  0.27749606955073336  0.28546916615446283  0.29425879377563963
  0.30646264169002435  0.31800471521011214  0.32956489193106536  0.34056462741898980
  0.35108615067315180  0.36206615775398837  0.37260753599181190  0.38361843743298923
  0.39485565643699161  0.40616945956365530  0.41663107311008141  0.42676468998992623
  0.43742774262043671  0.44768247584952392  0.45713355641356096  0.46654251355586907
  0.47731535927412638  0.48984330207522853  0.50243615519375295  0.51460753549838156
  0.52795359551548737  0.54157323049768458  0.55355884999503369  0.56161641207095803
  0.57035867923018468  0.57847508234833445  0.58739793160534415  0.59656775168154819
  0.60613968714873334  0.61648866905130606  0.62772931155966638  0.63909369315539055
  0.64959167422611142  0.65988455500650800  0.66988484381358337  0.68009836018375147
  0.69015027029060194  0.70130998870074479  0.71280493014597324  0.72622254776198203
  0.73886406417487582  0.75135126435480593  0.76324603979926620  0.77398095570230163
  0.78158813569635510  0.78784059363223591  0.79387416320371584  0.80000865158126988
  0.80669522100603686  0.81247709083439767  0.82133741005119110  0.83150400607367159
  0.84022065862659323  0.84946368498170044  0.85966948417691669  0.87099152745038655
  0.88116452754559582  0.88998265409317157  0.89954217003869674  0.91030468882567028
  0.92144583223965371  0.93212065118586029  0.94341843037681783  0.95480460292657987
  0.96520233655063659  0.97471121313970999  0.98393631472663434  1.00000000000000000
  0.00004702369016492  0.00006389890019842  0.00007627282570946  0.00008691342667004
  0.00009774785418321  0.00010899514717044  0.00012012773337233  0.00013148894351932
  0.00014285873953471  0.00015379948859267  0.00016393000537090  0.00017378586783659
  0.00018368172009178  0.00019446412875677  0.00020697216900672  0.00022042988076731
  0.00023373265401724  0.00024735010642482  0.00026280850132950  0.00027975119216248
  0.00029635451607068  0.00030838593137987  0.00031794502799883  0.00032758862112025
  0.00033734065889761  0.00034865376149671  0.00036157804562691  0.00037883397959473
  0.00039868673320643  0.00041648127845631  0.00043719151342499  0.00045843175774821
  0.00048138259196411  0.00050572455699394  0.00053000791472033  0.00055467530533719
  0.00057965794914321  0.00060557820518226  0.00063427684441415  0.00066360759843577
  0.00069430297163798  0.00072643822545745  0.00075919594828637  0.00079567275474240
  0.00083423921701218  0.00087200072132807  0.00091026042361291  0.00094623819499112
  0.00098523171786948  0.00102780218098587  0.00107344704643992  0.00112074685507618
  0.00117129836444577  0.00122335817236137  0.00127870126587214  0.00133857035633350
  0.00140960745252729  0.00147851891097751  0.00155710647737132  0.00162570210470270
  0.00170083505961158  0.00177525562735267  0.00185121307573991  0.00194102420164171
  0.00203551601374028  0.00214518460666956  0.00228808441942641  0.00245638686167891
  0.00262968790652155  0.00278409409844439  0.00293377566093491  0.00310581085286808
  0.00328243475403463  0.00347264854219448  0.00368006630722327  0.00389545572928823
  0.00404135210740360  0.00416972688219221  0.00429571906999404  0.00442760658088062
  0.00461225065722607  0.00484469367287666  0.00514349207156959  0.00539664857005456
  0.00566011491716517  0.00595351037290782  0.00627165814980706  0.00666320411931372
  0.00709902113202942  0.00769816215402882  0.00897986686648417  0.01086313543807881
  0.01199234011363702  0.01275537146247588  0.05009044540189707  1.00000000000000000
  0.00345279589440251  0.01359130484153682  0.02555997430694121  0.03783219635500232
  0.05036528058447283  0.05977638313730790  0.06652049162073641  0.07362745289906783
  0.08070217539529329  0.08754477775894982  0.09661510972045083  0.11018729542231283
  0.12219727085378375  0.13155559653992363  0.14064988337370371  0.14878751563011672
  0.15898286824010985  0.16894159323861188  0.17740085502221511  0.18573791300925588
  0.19474218528813328  0.20528983487164337  0.21625998333419216  0.22834910365765781
  0.24079703775125441  0.25251388702233962  0.26231912963743964  0.27121229616383252
  0.27934531967154119  0.28936205619542210  0.29889129105612894  0.31047843820343196
  0.32204163103601791  0.33363610023947321  0.34529053457981429  0.35617155658157851
  0.36515921691969033  0.37445144343528808  0.38397780054435687  0.39441906046791769
  0.40496676988085778  0.41468747303669018  0.42352324528847091  0.43230837241995868
  0.44133854694076824  0.45107742044457527  0.46095203328396733  0.47175692178266049
  0.48261643744645011  0.49371405663955642  0.50470481080180196  0.51601449250987608
  0.52868006368870268  0.54114929411755963  0.55275082117863938  0.56331031642018869
  0.57366400895051461  0.58456705897214312  0.59765960838734378  0.61204830569962798
  0.62398868640342342  0.63373169755339376  0.64292638147739611  0.65175861428385351
  0.66120252010977509  0.66994365617857843  0.67845174225477634  0.68732675142036026
  0.69560587255408191  0.70542550836094609  0.71605226951153189  0.72711702841149184
  0.73863640917956941  0.74959265742793246  0.76048883723399319  0.77134842834892214
  0.78211548214735249  0.79319245607239286  0.80443874975092577  0.81625413356480803
  0.82750279662939519  0.83818032341941884  0.84885722480522108  0.85955151066379643
  0.86996927785457034  0.87989665611188339  0.89035406275546558  0.90151692243109394
  0.91320423191013611  0.92447106050541195  0.93621438890360620  0.94815676855257491
  0.96144968993432789  0.97479345713447285  0.98794896161629253  1.00000000000000000
  0.00001923088477647  0.00001980770892502  0.00002046972182974  0.00002158214417054
  0.00002296482640653  0.00002412880327180  0.00002525547086476  0.00002654107071018
  0.00002810845080053  0.00002986840408992  0.00003139440796926  0.00003307437591842
  0.00003462968176578  0.00003674809366114  0.00003921514537396  0.00004119807923844
  0.00004323283594998  0.00004557984263518  0.00004779670279907  0.00004991871312068
  0.00005325989536999  0.00005664404921383  0.00006095413788711  0.00006484467090554
  0.00006814741905559  0.00007146096118335  0.00007493227475858  0.00007790810914654
  0.00008079160782470  0.00008356691143372  0.00008782602876843  0.00009404559526960
  0.00010125198899203  0.00010988233584049  0.00011961778376335  0.00013016166302712
  0.00014236363724896  0.00015622353196967  0.00017098676440383  0.00018657965259786
  0.00020329781618585  0.00022133732000078  0.00024208183487456  0.00026645205153758
  0.00029251453721664  0.00031876356271096  0.00034733585759904  0.00037732016267337
  0.00040937925331087  0.00044252858758909  0.00047957612042405  0.00052013307919476
  0.00056337701915000  0.00060964067661086  0.00066261612133472  0.00072104928928998
  0.00078023303561413  0.00083973246419767  0.00090616912513689  0.00097886874561592
  0.00105639825410535  0.00113557495603453  0.00122152055151737  0.00131275138576014
  0.00141865269208158  0.00153863677638221  0.00167073843363776  0.00180741908994698
  0.00195267178416389  0.00211879569304146  0.00230512598243284  0.00252638658942872
  0.00273882384099186  0.00295531447348904  0.00317826140798949  0.00344446949626020
  0.00361526429220621  0.00381121697582543  0.00408667793451685  0.00437052523707041
  0.00472165583324308  0.00508737161699005  0.00552489172996529  0.00608476331082827
  0.00673338893952457  0.00731733876588524  0.00789808196533785  0.00891753988733830
  0.00970348299545711  0.01022532882916534  0.01169948980225334  0.01349685671881466
  0.01637948874489500  0.01946576032749099  0.06865444718919761  1.00000000000000000
  0.00000835763832084  0.00001141954287691  0.00001321630808886  0.00001446982088899
  0.00001650470548212  0.00001863723743487  0.00002100884486202  0.00002366958135049
  0.00002678486697366  0.00003055486241304  0.00003440814418321  0.00003874704171367
  0.00004340359370946  0.00004791352715059  0.00005264840808037  0.00005766985221731
  0.00006470159007803  0.00007280974939850  0.00008128204535447  0.00008991173984774
  0.00009908130182930  0.00010893014728344  0.00012070692940902  0.00013346578716700
  0.00014683524428825  0.00016033283433306  0.00017434057389028  0.00018957138308369
  0.00020624807886430  0.00022353581983038  0.00023940717332276  0.00025368458685250
  0.00026775026963122  0.00028265264261731  0.00029695611219052  0.00031132666434328
  0.00032460276088546  0.00033828745901378  0.00035315656711915  0.00037269853493340
  0.00039645897352899  0.00042240661417359  0.00045074548943666  0.00048106317908442
  0.00051422815696345  0.00054851154003762  0.00058343832353774  0.00061947823588800
  0.00065722090720135  0.00069584571422779  0.00073926638767586  0.00078228928085232
  0.00082367974021540  0.00087202809961748  0.00092247924592251  0.00098006420277716
  0.00103370760894282  0.00108915098222957  0.00114846491162004  0.00121637378129946
  0.00128304220248499  0.00134179719849127  0.00139925313714519  0.00146236938884765
  0.00151983675749726  0.00158205076160768  0.00166141756829904  0.00175493395413183
  0.00184673403599746  0.00193605145925544  0.00203526868545823  0.00214331857648727
  0.00223912674289570  0.00237167317897441  0.00252095689319843  0.00265207491837805
  0.00277291776822011  0.00290730927831979  0.00306041398981155  0.00319299365350903
  0.00334338944263345  0.00351821873143623  0.00372045701805568  0.00402101278114481
  0.00438328797033577  0.00489425613936218  0.00529440762649594  0.00568204967377355
  0.00603436697266791  0.00642210512968101  0.00700217320782733  0.00748923252173984
  0.00814210324998219  0.00924250168392827  0.12072837601768401  1.00000000000000000
 -0.00255126562391109  0.01279910347577344  0.02486870619267828  0.03670151486862059
  0.04825152329065786  0.05963325233847549  0.07090721243693766  0.08187662856493121
  0.09314348634114458  0.10443789393172691  0.11562496153189325  0.12462232398459247
  0.13416216259059002  0.14346709912938957  0.15312506213680799  0.16416051005646171
  0.17741791314362559  0.19247916290854925  0.20748751352993863  0.21973350522003762
  0.23177709984352451  0.24130105822124728  0.25061917732034023  0.25964068338179269
  0.26815683621347908  0.27925279084969085  0.29165669410392958  0.30430926790470642
  0.31835825981344895  0.33216115421582781  0.34442033599087202  0.35594227844436793
  0.36722185892042425  0.37934265609897100  0.39157552596588197  0.40317772018516873
  0.41347842654873990  0.42278468260879049  0.43214667429791703  0.44128770176799903
  0.45168170069296681  0.45695856636186749  0.46250510957359775  0.46842450270949088
  0.47427656748888852  0.48006444922912211  0.48842781154958287  0.50103533489983409
  0.51166771869561489  0.52134817402092914  0.53112025835669108  0.54211850810250395
  0.55401547116461924  0.56588862042849597  0.57722575208006521  0.58803787082477998
  0.59874235438924550  0.60945617395380824  0.61989588465480849  0.63124676782917699
  0.64291475043659774  0.65480999745116808  0.66522590949693194  0.67371433438007844
  0.68218347682876934  0.69140651747466064  0.70239957627214256  0.71407629851809329
  0.72533596496375341  0.73640199962537789  0.74704408455694538  0.75695555312750529
  0.76528572728759481  0.77291902891164521  0.78091420773589748  0.78980119549052197
  0.80067568976792935  0.81267555076104459  0.82453440674360290  0.83631831846294280
  0.84803839296793193  0.86070808920965125  0.87234999510566247  0.88145791461547662
  0.88935352123393885  0.89683192851470350  0.90440127296366868  0.91156750976213041
  0.92041882983327827  0.93203280447968317  0.94406872134572062  0.95503176711472337
  0.96588555339968307  0.97733819657339072  0.98870854880839476  1.00000000000000000
 -0.00297320080314213  0.01282919038642095  0.02475463441044333  0.03612778667483342
  0.04848530594625039  0.06200595226885455  0.07638107643987382  0.08846529721803412
  0.09843676331615339  0.10770845511664952  0.11779234347926860  0.12856803211739273
  0.13999246988350750  0.15144585698813978  0.16395551550898468  0.17570728199512575
  0.18683655132184585  0.19739869779439004  0.20809574263554001  0.21896112030186865
  0.22941718713764817  0.23988382194341989  0.25034615863446619  0.26181978116335447
  0.27404121438441592  0.28651204480977144  0.29746820296636639  0.30970569491264177
  0.31929876807392527  0.32647691692903730  0.33325248665660961  0.34062811293910705
  0.34780923483475257  0.35463116776380432  0.36345269855602480  0.37499414975944689
  0.38645687841975507  0.39854625969454421  0.41123778188750609  0.42320225745688106
  0.43404552055079676  0.44399460228257526  0.45477537461137618  0.46706194849153171
  0.47844239176911257  0.48915643159455025  0.49974281141200211  0.51068902152157014
  0.52105321482670985  0.53209538631091580  0.54366188100036772  0.55513204348951040
  0.56773860209840687  0.58122760224995174  0.59367120052709643  0.60557392581621383
  0.61740918847523119  0.62855093215614199  0.63920393582139790  0.64694236744884981
  0.65445773501917281  0.66203113142949199  0.66938822098029183  0.67690973217267569
  0.68590371106445269  0.69539562401956778  0.70659961613688593  0.71850497646137235
  0.72950728103531304  0.73981038549817335  0.74987999604107813  0.75978957678107539
  0.76969666065890685  0.77969873511488419  0.78898483772961647  0.79857379164692077
  0.80853614211652503  0.81842643564180351  0.82807371739435010  0.83817656212364389
  0.84895546064900917  0.86191097232889746  0.87438023285849875  0.88625338351785365
  0.89766665971246973  0.90768102292126540  0.91663873888213643  0.92456776154075460
  0.93283585362393651  0.94164032847943846  0.95087863385996851  0.95885545298951624
  0.96930147863220528  0.97962946385554495  0.99007718508824194  1.00000000000000000
 -0.00175671224897243  0.00820158938093012  0.01660083090423151  0.02497004908984528
  0.03315277322137708  0.04228455231521015  0.05258166510441784  0.06318241104186346
  0.07241882593558358  0.08104854908240136  0.08976161757295478  0.09895238725157474
  0.10868907528336752  0.11832546321597374  0.12675227165869873  0.13523596167238378
  0.14339176232001585  0.15239617825891161  0.16266737312634066  0.17420553138801773
  0.18723792274577966  0.20039893759352972  0.21275599971975095  0.22363093572488599
  0.23304145076928692  0.24171424674601369  0.25033542399425229  0.25943215596171609
  0.26915893375348643  0.27851124429395996  0.28714134099580213  0.29590543968728017
  0.30400041060559380  0.31136275657189066  0.31847038741313705  0.32594830774490685
  0.33465780353426922  0.34478704696272872  0.35568519871375465  0.36723625192206122
  0.37934317778860654  0.39143923552157656  0.40323541574491539  0.41555142280945534
  0.42901542794662417  0.44106087186607151  0.45241685345571625  0.46483607089448481
  0.47835314627535591  0.49146690188854403  0.50425570187872870  0.51918434004721314
  0.53660359301783556  0.55363653126372325  0.56711829733028019  0.57891585786349109
  0.59201527511210483  0.60512351587597257  0.61555929929878561  0.62520197230202990
  0.63479383012180046  0.64390136230392303  0.65346930747777221  0.66413911245681201
  0.67795205675508907  0.69246426760457969  0.70567883831939493  0.71831717948801332
  0.73144493236365726  0.74591430025358241  0.76105854835515907  0.77499477260484451
  0.78803689872660421  0.79863142221855010  0.80705629566167525  0.81511201555458612
  0.82190370546513181  0.83154354599360969  0.84032618509609625  0.84783123330426546
  0.85201250278592489  0.85676485970948757  0.86137890617493884  0.86493500071353435
  0.86857249286034166  0.87368780159023263  0.88218284437156647  0.89097348786345276
  0.90173417225961383  0.91382115373884587  0.92722487154087496  0.93897513583762726
  0.95257925537521537  0.96593235671513156  0.98160956280397105  1.00000000000000000
 -0.00275568298987659  0.01085569135340462  0.02180032131734833  0.03258576552749542
  0.04307274867637276  0.05406497897983362  0.06548722165890815  0.07609655240902215
  0.08714061336300059  0.09775226789241975  0.10893169516073049  0.11948794453226445
  0.12839938625443328  0.13647616852791677  0.14459176588667436  0.15347604169935661
  0.16420216640039084  0.17509773540627294  0.18555015903240413  0.19642289785388509
  0.20773517685570983  0.21936475844319525  0.23078191189580402  0.24187923755056115
  0.25297496151817317  0.26439486612084900  0.27682096058649863  0.29048627500674945
  0.30142941641444054  0.31211017998536272  0.32253049161009212  0.33319590680552269
  0.34372687063467133  0.35554653200344793  0.36890907755519725  0.38075052064127846
  0.39140131548723578  0.40080513205662016  0.40992949720971106  0.42028657437663564
  0.43144203305233586  0.44265744480501146  0.45298293490041047  0.46448656085816187
  0.47698506395770834  0.49087070521577675  0.50261548420365054  0.51286717877081212
  0.52303097260163545  0.53300213819550768  0.54244596800782008  0.54996870639400108
  0.55785133152527810  0.56617763032206236  0.57479550556253933  0.57998943924941948
  0.58551027244025744  0.59102691266292806  0.59665128165492376  0.60263475531479249
  0.61194844194612052  0.62380234537912083  0.63588017646081452  0.64778499727904382
  0.66006443284937366  0.67219075653201565  0.68440517178628524  0.69643922093470823
  0.70798083501350773  0.72045618370248854  0.73319046099591390  0.74587083747916005
  0.75783635621545642  0.76912298969783377  0.77913067565651661  0.78692811838670451
  0.79583329207676567  0.80598067982846944  0.81904727059218385  0.83103295557872836
  0.84219843608651923  0.85311557761968737  0.86307439040271483  0.87269737007234849
  0.88193758535440969  0.89101082099419848  0.90221548201166812  0.91338609650095537
  0.92476870725678872  0.93612485357304365  0.94838247144937182  0.96063176199803102
  0.97134582989437646  0.98084591862540116  0.99035580440247584  1.00000000000000000
 -0.00216258973704179  0.01668285499608200  0.03253818076257994  0.04848340777863076
  0.06473910484561454  0.08126716904407279  0.09643659413999492  0.10945115055272472
  0.12168381610728250  0.13380753114247163  0.14699393729025123  0.16175404276895042
  0.17595371682421426  0.18971409372597622  0.20340154810549277  0.21676831378378003
  0.22965990668853065  0.24083008021730617  0.25075283239756208  0.25953877991324498
  0.26964263054232013  0.28190560777314183  0.29616187410750033  0.30949132727333034
  0.32285691211653811  0.33592145160523296  0.34411080162200136  0.34887597934723780
  0.35378489988272505  0.35871616430693160  0.36339165979535665  0.36769918629454340
  0.37520089139218304  0.38649099463885417  0.39652041788857501  0.40586192797905990
  0.41558351114053749  0.42585560710587306  0.43628513699661142  0.44627843619365143
  0.45635423640729100  0.46672366699221834  0.47682891580337455  0.48665784355110037
  0.49548393826996923  0.50508095969730948  0.51588951962224849  0.52715228437599015
  0.53782010236312661  0.54833069206618501  0.55818765354310051  0.56732040867033773
  0.57639059051107833  0.58567361529307760  0.59581980273834423  0.60520710425177315
  0.61529207755814985  0.62666560360614398  0.63831969253205723  0.64799272820657383
  0.65743893676263065  0.66656969598834104  0.67544096181033519  0.68462112622444271
  0.69427338803174943  0.70459200532534128  0.71540584529271500  0.72656835058821778
  0.73800312853709960  0.74884478796761189  0.75832742948157439  0.76710723281409721
  0.77611840952575051  0.78550171325422724  0.79459153573849450  0.80270010440908723
  0.81107997362905537  0.81976089216396686  0.82934628690679824  0.83998124326597323
  0.85127605703772746  0.86273191153229400  0.87357538908198273  0.88392201651513369
  0.89381168758142837  0.90264965902527250  0.91251307887868549  0.92265165708410635
  0.93298771265226732  0.94367894825655130  0.95298860035663069  0.96269245856044350
  0.97245903471849526  0.98196385309410872  0.99106566512914407  1.00000000000000000
 -0.00243375717741883  0.00770257119341582  0.01761617719236312  0.02807282271005849
  0.04115704215012985  0.05386430280173488  0.06491529152402624  0.07489692169093477
  0.08346067808811651  0.09273985917823913  0.10209749856332692  0.11303413504930988
  0.12403590482827739  0.13565037111605857  0.14567689983730817  0.15542067928131909
  0.16500535226808916  0.17542727447692710  0.18629603796176528  0.19657261753645208
  0.20643000226981748  0.21612932895814166  0.22614083312794772  0.23639632382284606
  0.24677777191533254  0.25702752123218681  0.26751891927705029  0.27826768262933327
  0.28997715416155817  0.30113022580748749  0.31331475780705875  0.32452357251123432
  0.33583597502246237  0.34633979117514757  0.35687909741639212  0.36671264688217037
  0.37719437974344228  0.38917501789274622  0.40192243695875063  0.41018999599290723
  0.41797415694772400  0.42545794694280686  0.43419501924303183  0.44378057439324486
  0.45344325949683734  0.46401541819930636  0.47610754988074877  0.48814777974971157
  0.49989501220666882  0.51222116523070682  0.52585169662664055  0.53894875057027847
  0.55047745374463009  0.56082809606687190  0.57022289279352123  0.58129687654781570
  0.59053315800135808  0.59908697640095254  0.60667562338643555  0.61498873664567322
  0.62491587442538099  0.63652287153509923  0.64876272233484067  0.66031470239382828
  0.67309149146312441  0.68747156299412193  0.70030930744302966  0.71226952597734527
  0.72330298575820040  0.73385697879284650  0.74459928083005567  0.75613964025671787
  0.76868168307235796  0.78198115101932719  0.79450881894206526  0.80353470297299356
  0.81192373744633506  0.82070781599449094  0.83103041657760668  0.84300002295920828
  0.85521445619535519  0.86886650052625902  0.88143969268229638  0.89198665812415479
  0.90193501747856575  0.91204468852438270  0.92391001417654961  0.93059765758659685
  0.93666919565381390  0.94294405547196047  0.94946837730186984  0.95537366928750300
  0.96373087652546230  0.97560190440022854  0.98762751509375213  1.00000000000000000
 -0.00251825634750758  0.00963163900364068  0.01995752720944837  0.03278819147145370
  0.04530565422666795  0.05848564203291468  0.07192462098764003  0.08534582179680981
  0.09721371020809491  0.10707203180287146  0.11668682765639808  0.12724093901410369
  0.13933866223803917  0.15201055388260976  0.16444503740888353  0.17450838950087952
  0.18426802408558901  0.19449738542686684  0.20522931330930275  0.21543385267938978
  0.22487326852938389  0.23472959877250166  0.24581812566629060  0.25787777459019456
  0.27021013430087681  0.28211448052670435  0.29318077009882881  0.30356673152293923
  0.31380758475564990  0.32421216171030509  0.33475924407329682  0.34485004865350860
  0.35509255657670907  0.36559404687291719  0.37644192609012456  0.38790393118211042
  0.39969293839182152  0.41188952826616043  0.42104927945679343  0.42643945509656900
  0.43022342793350071  0.43458547570753397  0.43933145749884156  0.44439537303781312
  0.44923791668012436  0.45671114395918117  0.46748486280851587  0.47901619153589692
  0.49373419985728373  0.50578791721875527  0.51592869940190644  0.52484824660771190
  0.53379425053217178  0.54272236655402406  0.55272925949930840  0.56430716498020173
  0.57782225180449454  0.59181780250080807  0.60521588151138239  0.61802187129356567
  0.63065384214333498  0.64297784303246885  0.65832099231871333  0.67077470189946586
  0.68146541596816335  0.69262597197182474  0.70419770912886526  0.71436994286676214
  0.72320026745937105  0.73083874684920280  0.73882250005012062  0.74781965269965078
  0.75881468814822750  0.76825001430742479  0.77744536276090326  0.78694970231800176
  0.79630951073708311  0.80534757926858747  0.81426858038169792  0.82395755161496187
  0.83542555980408773  0.84549315584123785  0.85470888624212049  0.86428999059428102
  0.87569341456048888  0.88957658757949021  0.90065608680709608  0.91004696511431815
  0.91935054276945050  0.93004762599307789  0.94164257629955239  0.95264814460155722
  0.96489744851008152  0.97817678663582242  0.98931343942280736  1.00000000000000000
 -0.00003569857755547  0.00018724100231999  0.00034429408178097  0.00047424846271568
  0.00059779184166706  0.00066869844075037  0.00074203243295751  0.00082086774867721
  0.00090047531037788  0.00098078878300193  0.00106479684679116  0.00115029340981712
  0.00123714872747953  0.00132605012297838  0.00141612679790752  0.00150605721214998
  0.00159595443538974  0.00170140033311598  0.00180546726893188  0.00190839354322895
  0.00201737781787324  0.00213224062484930  0.00225569566538602  0.00238976996587776
  0.00252048071180155  0.00263858132813515  0.00274100931660169  0.00282240690596311
  0.00290492776736112  0.00298842294043389  0.00307551667645124  0.00316625585060720
  0.00329284174809683  0.00344434139266771  0.00359484171202786  0.00374340828880149
  0.00389724186011616  0.00404365842581890  0.00421244017176870  0.00437586034452238
  0.00455622550627048  0.00475518905367443  0.00495441733040093  0.00518654353205366
  0.00530911694856617  0.00542694235790791  0.00553815841123465  0.00564592715264272
  0.00575179417705252  0.00597024535497486  0.00621644071328669  0.00641764152739983
  0.00658593635250123  0.00676084605259945  0.00696790350310892  0.00719845860951049
  0.00746634424256973  0.00779760125541800  0.00800021811973050  0.00820938748923570
  0.00842154776649755  0.00864955738647638  0.00893332492429102  0.00947103194085687
  0.01026827559959751  0.01097495005183152  0.01172692931855039  0.01256176097589717
  0.01329669590551840  0.01404486843379297  0.01485991523082385  0.01547657034645134
  0.01595376730712736  0.01641082913616336  0.01695788139646616  0.01757671083439336
  0.01818958523729397  0.01885810918654723  0.02050386944462194  0.02145593581832552
  0.02236073374129393  0.02304728283655877  0.02370986298003409  0.02451446211544153
  0.02608318939538178  0.03027710339488403  0.03100931761003069  0.03174153182517735
  0.03236895252829827  0.03286529289869503  0.03336163326909181  0.03374284549578656
  0.03410954765467534  0.03754048603396515  0.55070345211346539  1.00000000000000000
 -0.00144663132927339  0.00353011871341732  0.00939565928609855  0.01580910275085772
  0.02351847500852810  0.03194859280300803  0.03939915228432267  0.04609647426312941
  0.05279189530171744  0.05988803102638716  0.06781982562045888  0.07470468826686745
  0.08143410204403038  0.08816920311653099  0.09534397574554659  0.10389778071461428
  0.11384632904058217  0.12488361909038881  0.13682810884464039  0.14829311259340502
  0.15801897324285802  0.16722580640820053  0.17614400613924264  0.18641364369468535
  0.19700787362942690  0.20705842599653057  0.21801113909712877  0.22972585589832087
  0.24216857909179193  0.25517399319169914  0.26791266747692377  0.28060827474068212
  0.29330062755820419  0.30684612952415924  0.32030484152470956  0.33412540093483045
  0.34841593209430349  0.36450805381620810  0.38232360646759050  0.40113280839209997
  0.42030401078917273  0.44084556686874549  0.46108629256350225  0.47868495914959680
  0.49260636878833614  0.50834238511304219  0.52511291602694710  0.54275859249289593
  0.55939996904639444  0.57406027131836768  0.58726688422850548  0.60049354937887167
  0.61415847568118254  0.62666892544615704  0.63898538425150009  0.65017882501717839
  0.66323619321539584  0.67681410551946108  0.69101766996384684  0.70214601254787867
  0.71259306861609650  0.72173561470372816  0.73112813086996697  0.74076845894141052
  0.75152928799164731  0.76153029075671930  0.76601569669939429  0.77081063996447630
  0.77555077705745790  0.78041532519609758  0.78507585519509815  0.79471070422816981
  0.80619471433516887  0.81677086689312417  0.82600982191610106  0.83441052258342108
  0.84239486856867130  0.85092631889933501  0.85991685589622446  0.86888840600835437
  0.87718903553036975  0.88467569705831095  0.89212651343362803  0.90013990447966452
  0.90844673567719858  0.91723876042749319  0.92420826775598031  0.93081724487900452
  0.93745609109689676  0.94455375033660482  0.95270594450568657  0.96197434206177235
  0.97167833931791736  0.98144595550282321  0.99089087518831842  1.00000000000000000
  0.59461588152138289  0.64107910706366134  0.67009590079791637  0.69031162085907316
  0.70435930201496988  0.71451227589041233  0.72373262949187755  0.73217586817897984
  0.73985593878428979  0.74716292641372717  0.75411590610295398  0.76118697668739865
  0.76835433425201516  0.77522952306142079  0.78174108680069143  0.78811690163515924
  0.79404038206270089  0.80002794471952177  0.80591526935793845  0.81137911182748934
  0.81630232072955289  0.82113461190035242  0.82579026367740982  0.83015812250385834
  0.83436469642685052  0.83875344754468451  0.84341806340871284  0.84779571959916111
  0.85176499961879615  0.85544788027354635  0.85891105737675000  0.86246610536605317
  0.86605904315793691  0.86946505299928012  0.87248904509675440  0.87557483701465977
  0.87850297492920293  0.88171348163933738  0.88491751304108601  0.88828208334082381
  0.89180207509786025  0.89523111312389703  0.89825289069597503  0.90102862767983616
  0.90372355587748243  0.90645553857773908  0.90892838406202681  0.91135528540247779
  0.91347268808214110  0.91554833584059248  0.91774904814745151  0.91987701249672904
  0.92224315402695034  0.92474291290282873  0.92704520343555119  0.92915580508380446
  0.93123243379096665  0.93320822601696130  0.93525661777028446  0.93731460732389049
  0.93939375007432147  0.94148321214759834  0.94350104285508685  0.94552015131157008
  0.94752031157860439  0.94934246803814504  0.95097364072989909  0.95250761093223835
  0.95408162741225311  0.95581007098820947  0.95795560646306577  0.95980423922119751
  0.96142554034348848  0.96301319900689575  0.96462885065247528  0.96635346956508750
  0.96814701250869128  0.96967736165509055  0.97114544237774070  0.97205838699195724
  0.97307864332062788  0.97417427625174413  0.97527095223329041  0.97636665052112037
  0.97747453365607728  0.97876207870474974  0.98089144248019733  0.98270996537074906
  0.98437938902546551  0.98601615160513656  0.98770574563182756  0.98962550154840667
  0.99185206624960864  0.99421140706683286  0.99688455454045621  1.00000000000000000
 -0.01093554405715207  0.11358045231488122  0.13242306274646953  0.14085905035159854
  0.15020353734305622  0.15825832014958927  0.16760257237869033  0.17602641246302619
  0.18396343971631485  0.19221393571816112  0.20087243968455312  0.20861290651644485
  0.21550616100041639  0.22224727354237775  0.22896425084142294  0.23562242787724877
  0.24433428843300517  0.25311938942509443  0.26143210715917276  0.26900652687600851
  0.27561211462861457  0.28147250587495609  0.28711759024912986  0.29279208486438374
  0.29835030587040234  0.30416657315083456  0.31001623423658642  0.31587290190748457
  0.32174844802152069  0.32729257122327876  0.33228412481927561  0.33753166376956617
  0.34250117441663031  0.34766751873708368  0.35298667710901849  0.35827504028890816
  0.36371924483055218  0.36946720772699138  0.37513604075545642  0.38075436934460827
  0.38643449967953430  0.39211401769363924  0.39756536751545435  0.40296134980449250
  0.40885355602352486  0.41473740501395162  0.42061278419034698  0.42635662756439291
  0.43215943012106101  0.43780244553190378  0.44322907608932127  0.44880537119832825
  0.45462640912058749  0.46114931448366397  0.46738609416728433  0.47356512705062193
  0.47995698357193661  0.48690115287644831  0.49387959820127736  0.50046387983427620
  0.50693059636222537  0.51353180895801298  0.51995028446791725  0.52569972486396888
  0.53102992387080783  0.53643106838934562  0.54232846810238822  0.54805512204353524
  0.55407940429203228  0.56012967443474104  0.56486837484025654  0.56952103051803205
  0.57461619868735225  0.57978766592854036  0.58501403842632316  0.59262557128129367
  0.60123721392132101  0.60859799188296493  0.61507656834100000  0.62260915081451063
  0.62996246394741018  0.63937439460345535  0.65005591951376918  0.65924204233316719
  0.66793780183617879  0.67725013633947662  0.68747277454765787  0.70117363613936134
  0.71600716498277950  0.73137464079448211  0.74793412279941796  0.76668470235410036
  0.78725413910535391  0.81020729507531419  0.83896851307822562  1.00000000000000000
   9.8401821651976207E-010  -1.0000000000000000     
 F F F F F F F F F F F F F F F F F F F F F F F F F F F F F F F F F F F F F F F F F F F F F F F F F F F F F F F F F F F F F F F F F F F F F F F F F F F F F F F F F F F F F F F F F F F F F F F F F F F F F F F F F F F F F F F F F F F F F F F F F F F F F F F F F F F F F F F F F F F F F F F F F F F F F F F F F F F F F F F F F F F F F F F F F F F F F F F F F F F F F F F F F F F F F F F F F F F F F F F F F F F F F F F F F F F F F F F F F F F F F F F F F F F F F F F F F F F F F F F F F F F F F F F F F F F F F F F F F F F F F F F F F F F F F F F F F F F F F F F F F F F F F F F F F F F F F F F F F F F F F F F F F F F F F F F F F F F F F F F F F F F F F F F F F F F F F F F F F F F F F F F F F F F F F F F F F F F F F F F F F F F F F F F F F F F F F F F F F F F F F F F F F F F F F F F F F F F F F F F F F F F F F F F F F F F F F F F F F F F F F F F F F F F F F F F F F F F F F F F F F F F F F F F F F F F F F F F F F F F F F F F F F F F F F F F F F F F F F F F F F F F F F F F F F F F F F F F F F F F F F F F F F F F F F F F F
  <DiscreteSampler_grid>
  grouped_processes
  1 # 1 for a reference and 2 for a running grid.
  10 # Attribute 'min_bin_probing_points' of the grid.
  1 # Attribute 'grid_mode' of the grid. 1=='default',2=='initialization'
  0.0000000000000000 # Attribute 'small_contrib_threshold' of the grid.
  0.5000000000000000 # Attribute 'damping_power' of the grid.
 # binID   n_entries weight   weight_sqr   abs_weight
    19   10   3.415128361524485E-006   4.377077797402128E-011   3.415128361524485E-006
    20   10   3.415128361524506E-006   4.377077797402207E-011   3.415128361524506E-006
    22   10   3.415128361524485E-006   4.377077797402128E-011   3.415128361524485E-006
    23   10   3.415128361524506E-006   4.377077797402207E-011   3.415128361524506E-006
    25   10   2.746406315707957E-006   1.950513303629750E-011   2.746406315707957E-006
    26   10   2.746406315707968E-006   1.950513303629762E-011   2.746406315707968E-006
    28   10   2.746406315707957E-006   1.950513303629750E-011   2.746406315707957E-006
    29   10   2.746406315707968E-006   1.950513303629762E-011   2.746406315707968E-006
  </DiscreteSampler_grid>
