  0.00384148054842703  0.00969419324936807  0.01752901459200733  0.03078829585669856
  0.04505650342365434  0.05937902227834944  0.07416350184870839  0.08780715125464629
  0.09964138638380203  0.11056195295578149  0.12089250218397103  0.13053648042577551
  0.14133072200989921  0.15293199007188044  0.16362703626918013  0.17411221645407565
  0.18459157031396350  0.19624911210777388  0.20880486747907714  0.22159959063999798
  0.23412058199377342  0.24596328334245543  0.25719199390833269  0.26806992055377526
  0.27921338491797065  0.28935402748606648  0.29843265461286550  0.30647475671922231
  0.31414444706202332  0.32177825363081042  0.32920443490200518  0.33786021406027378
  0.34635698559189854  0.35732320083333308  0.36707395924670433  0.37743966997805439
  0.38936995151413589  0.40177392322058281  0.41344003523507716  0.42396775588633495
  0.43419850661181397  0.44456395069086285  0.45504523109309297  0.46819925829540093
  0.48113082563260695  0.49430642133623753  0.50583698065096028  0.51823317572878802
  0.52946057810137170  0.53961685430276995  0.54998584585026011  0.56077424582234037
  0.57298009395855209  0.58482441640449745  0.59693773305716236  0.60508293142064318
  0.61291389892495007  0.62042488623748782  0.62746184208692024  0.63418688356744879
  0.64557485301665829  0.65645305989495362  0.66680708251682208  0.67470219776885754
  0.68366323500880488  0.69305416987835744  0.70405308543066114  0.71579786860754580
  0.72718142762581195  0.73685602672815187  0.74618223740691159  0.75491779293934214
  0.76352799930671733  0.77275594596861885  0.78258319251666142  0.79322862685917916
  0.80277012020279070  0.81163315747350062  0.82120518750001936  0.83077036090944389
  0.84060547107761419  0.85043606136410743  0.86031666300572363  0.87188987565295317
  0.88470990484829082  0.89755993333675577  0.90883560489123438  0.91928342866363166
  0.93015585640143295  0.94075473438168844  0.95086752933498786  0.96058237176508821
  0.97046218066680034  0.97983573701806836  0.99017526958657431  1.00000000000000000
  0.00003676086145269  0.00003829716331798  0.00004076291384202  0.00004379885407443
  0.00004756246288448  0.00005163704847036  0.00005506577578174  0.00005819752053185
  0.00006151100481408  0.00006507458953396  0.00006890896941103  0.00007289440694503
  0.00007670596140019  0.00008017775301433  0.00008410488444276  0.00008741602130487
  0.00009094596030255  0.00009447212366508  0.00009771692575060  0.00010085207771836
  0.00010412217022346  0.00010770983200329  0.00011182860591308  0.00011653499521199
  0.00012147556339152  0.00012657081671851  0.00013171684379463  0.00013650272310884
  0.00014181995128887  0.00014675039010217  0.00015238623455346  0.00015830227945155
  0.00016469956375792  0.00017087165500082  0.00017717995887779  0.00018323959586837
  0.00018893005050672  0.00019496878487351  0.00020191898889287  0.00021004638340393
  0.00021900442130751  0.00022816243974885  0.00023760703144933  0.00024710758337894
  0.00025659641214071  0.00026663672910184  0.00027755840418750  0.00028998046269636
  0.00030396516767594  0.00031860128998033  0.00033283468467130  0.00034681470942720
  0.00036258614992127  0.00037654898703853  0.00038793743587474  0.00039996269283660
  0.00041242455882041  0.00042798100975973  0.00044825389107606  0.00046945937496591
  0.00049378789302094  0.00052154981146071  0.00054883726260942  0.00057504351937727
  0.00060160464980053  0.00062831639552869  0.00065969754523714  0.00070066880218384
  0.00075280624327615  0.00080963063134225  0.00086759556100277  0.00092097593540876
  0.00097231326211585  0.00102892459270078  0.00107104576073503  0.00111666292455380
  0.00116538059676668  0.00122089409986497  0.00131085739415017  0.00142600854753468
  0.00154249179160196  0.00165825377679910  0.00178154821372824  0.00193032250918417
  0.00207620490557342  0.00223325805360458  0.00243127758694794  0.00267873633421326
  0.00301884073109824  0.00355614335010993  0.00447092142721503  0.00545296663724367
  0.00665546661914722  0.00941988827875049  0.25052585458182197  1.00000000000000000
  0.00000300209897410  0.00000311408962915  0.00000326237818713  0.00000347672671141
  0.00000365190167721  0.00000380203344351  0.00000400307755263  0.00000422112608143
  0.00000450837809625  0.00000479224610485  0.00000505323535263  0.00000532763640267
  0.00000559561243594  0.00000587651427080  0.00000618306693081  0.00000653214331072
  0.00000691753006092  0.00000729158261001  0.00000763306613820  0.00000797773884611
  0.00000832683435346  0.00000866204428987  0.00000904913368982  0.00000946335665406
  0.00000987637875367  0.00001028245385373  0.00001066572564779  0.00001112142162643
  0.00001162506669845  0.00001218841710591  0.00001275757864607  0.00001332720185903
  0.00001390473179099  0.00001452665517782  0.00001521354830615  0.00001595890094463
  0.00001668653677148  0.00001743186525871  0.00001820233743326  0.00001897409616744
  0.00001972878149471  0.00002060202500838  0.00002158049209589  0.00002257649602658
  0.00002364050899062  0.00002492806148668  0.00002635697562953  0.00002786315849017
  0.00002936900533876  0.00003094615101673  0.00003258509871259  0.00003435618194747
  0.00003636225583940  0.00003843652229140  0.00004070017778156  0.00004283897607217
  0.00004512471348324  0.00004744084710361  0.00004952528345511  0.00005147655010533
  0.00005337452752389  0.00005548314213514  0.00005773416973412  0.00006082578124200
  0.00006543104756512  0.00007031632498426  0.00007533619077880  0.00008052413062802
  0.00008653005259136  0.00009434054292381  0.00010415844069165  0.00011427924983208
  0.00012283314974841  0.00013151938229098  0.00014101062204192  0.00015015569580420
  0.00016136481256709  0.00017608409959683  0.00019683566963266  0.00022467476607113
  0.00025297907054173  0.00028322566603069  0.00031758596732241  0.00035694273272014
  0.00042161553548556  0.00051010946595234  0.00063140349969511  0.00081597220852321
  0.00095716997824664  0.00113980939618186  0.00135761724401532  0.00164172498604524
  0.00211520228759424  0.00394989286830251  0.12267879347057116  1.00000000000000000
  0.00000425579412994  0.00000479038863773  0.00000507562673182  0.00000524876241720
  0.00000542967766336  0.00000564105477725  0.00000576805204495  0.00000589575345975
  0.00000602520110946  0.00000614729400427  0.00000626254048761  0.00000642892752995
  0.00000660446175621  0.00000679957642887  0.00000705845513369  0.00000739223404175
  0.00000774655765188  0.00000814545302181  0.00000854821529637  0.00000896511516027
  0.00000940801830157  0.00000984299531667  0.00001026410479621  0.00001073166074323
  0.00001124736648336  0.00001177232727724  0.00001225447016618  0.00001270340809670
  0.00001316709100435  0.00001372342500065  0.00001438877421478  0.00001509618131415
  0.00001592955699452  0.00001676585379088  0.00001767011294739  0.00001871455105655
  0.00001985111892341  0.00002116999231180  0.00002261777943136  0.00002404176035207
  0.00002556432095805  0.00002715268857735  0.00002877435848296  0.00003042177937708
  0.00003229169922179  0.00003464039810825  0.00003765294418138  0.00004082543133340
  0.00004387433300407  0.00004716719728207  0.00005070758991872  0.00005474115672164
  0.00005892873017959  0.00006301781566517  0.00006731997414686  0.00007256811268296
  0.00007898202649744  0.00008512135697767  0.00009052694955344  0.00009666446159522
  0.00010400231036651  0.00011320481593107  0.00012639590008669  0.00014315351465015
  0.00016029947983373  0.00017772652640468  0.00019575008139312  0.00021680094826870
  0.00024164788202666  0.00026842023574030  0.00029359009542328  0.00032059651130188
  0.00035475085438721  0.00039619715162638  0.00044178798342903  0.00049058547179828
  0.00055056811515028  0.00062426600045651  0.00071971201372287  0.00082622672349957
  0.00094265909415064  0.00106895262325884  0.00123088646636753  0.00144368737892097
  0.00161267773958253  0.00181037256219082  0.00204479305871576  0.00240465679093525
  0.00278453275915368  0.00317037594166580  0.00387559359965222  0.00588689287761883
  0.00818223121446205  0.01192855439800009  0.17733744873334625  1.00000000000000000
 -0.00011183187633131  0.00986027532100340  0.01932822509790331  0.02893003650034522
  0.03864658495894310  0.04744291424149929  0.05629732255593530  0.06534733069270723
  0.07484714501468996  0.08427711645999438  0.09333049478888099  0.10240057392020972
  0.11172306506860955  0.12188497414474286  0.13381102846774964  0.14540384840501883
  0.15663799744255616  0.16664481759759964  0.17555187088415200  0.18449092559933430
  0.19351186057770198  0.20392105276542200  0.21479649760477798  0.22468328392052675
  0.23351509261356335  0.24181019713084920  0.25054920929283681  0.25992546837017083
  0.26990927276807619  0.27850765349118051  0.28592683582502865  0.29304785318520271
  0.30060897317497920  0.30864461391007358  0.31809661839448244  0.32906873798792174
  0.34070951074473288  0.35062572281702614  0.35940319001707760  0.36769013080693314
  0.37631134466144400  0.38510265946670630  0.39397960921680780  0.40293241300325566
  0.41118308657286534  0.41899731777100047  0.42682789402715471  0.43590945881883458
  0.44589914070288250  0.45651795800365924  0.46669032196179888  0.47669461381507949
  0.48672755567233650  0.49770382390516504  0.50916835064057187  0.51774926790796705
  0.52573567738506333  0.53398804980675962  0.54401289598789349  0.55561263317694665
  0.56801231144960840  0.58020021828626234  0.58858157690321655  0.59748008069603120
  0.60686782332048339  0.61638756248407134  0.62714713190312377  0.63958822793776060
  0.65038924606154835  0.66048317819466118  0.67013258058254654  0.67961129361098760
  0.68855229023142162  0.69754028663858614  0.70721143732313574  0.71854384767392154
  0.73071864431382849  0.74232598160239993  0.75444002140315514  0.76712196910679975
  0.77987330979839975  0.79161795187240269  0.80309198699944295  0.81478439577694184
  0.82762293900246386  0.84011716134229497  0.85278307887665483  0.86502513163569028
  0.87868744121257947  0.89455048164392514  0.91514451193443469  0.93667858969050055
  0.95585527025660932  0.97179747345102019  0.98630188627823756  1.00000000000000000
 -0.00231267207235981  0.01065625146913595  0.02190753147525310  0.03394714495367599
  0.04537197620882067  0.05507583811812654  0.06412879103854871  0.07346987508274383
  0.08323358540047197  0.09342200907771106  0.10328541361266017  0.11215971699646064
  0.12087256764054034  0.13018602753292075  0.14062320127934652  0.15139660312369055
  0.16201149111713667  0.17298552887747656  0.18417380951328280  0.19543038768089949
  0.20763455793709071  0.22183253673213152  0.23680676095768022  0.25055861038463018
  0.26471128591040560  0.27795352359987774  0.28983298191887130  0.30108910370868908
  0.31211075338345179  0.32269460715156589  0.33293656104425934  0.34298030927510703
  0.35370317723545031  0.36616107113229701  0.37801897522687394  0.38778337690118941
  0.39594299475592859  0.40395421781136764  0.41148519934111910  0.42146449507117262
  0.43094725666114830  0.44036436025830394  0.45043318022301804  0.46129106459571600
  0.47067380600284520  0.47704853241934370  0.48403059370281687  0.49148100909956854
  0.50014948343283283  0.51244022836388659  0.52338062280911024  0.53461851718864017
  0.54493664087244664  0.55469517944591262  0.56394551694899719  0.57237072642187192
  0.58074643929620295  0.59012589944805649  0.59989240913132691  0.60930491757088212
  0.61900555451561246  0.62904934805096546  0.63968422071525999  0.64964662398394157
  0.65964735848572742  0.66979913318808626  0.68242504785827374  0.69587594811771403
  0.70944087250053289  0.72084696723985764  0.73154777220368783  0.74229322929464037
  0.75299226235083772  0.76330627132037576  0.77294050930806968  0.78206755881578471
  0.79185220608679407  0.80161579094924529  0.81276623465810560  0.82270116788484615
  0.83189625579221604  0.84073176810038341  0.85031833703911286  0.85985785010227056
  0.86930474031312377  0.87907601646071942  0.88812619915365110  0.89730882739449525
  0.90705648223725599  0.91826725457423741  0.93066735803345602  0.94361026769505463
  0.95672457410680534  0.96999570545228631  0.98408293207895359  1.00000000000000000
 -0.00189151428013668  0.00697658065871215  0.01484125608875951  0.02180598208212254
  0.02996194543956295  0.03830979884932565  0.04500077759217133  0.05087330905024764
  0.05647597410474663  0.06229067638449022  0.06983332591383347  0.07825756219513506
  0.08575182581422737  0.09265181411495095  0.09983480661114499  0.10867106735414499
  0.11921360741218351  0.12896573881759144  0.13869431512566635  0.14757073646703001
  0.15713569348083339  0.16749198370966425  0.18005338495908638  0.19209061070098038
  0.20144993675719702  0.20960740831471480  0.21725760102160685  0.22508211690393845
  0.23346433778588249  0.24235953764144177  0.25177290116402867  0.26273955183892517
  0.27332360755959045  0.28266233722660750  0.29140689674863207  0.29841013082082124
  0.30539849519805029  0.31324600527018165  0.32061363322218561  0.32829520873753915
  0.33649808732172715  0.34602420116236687  0.35586880754392941  0.36751739997113930
  0.38050595675075999  0.39261863377465767  0.40327986116952896  0.41187782705495646
  0.41882575608253469  0.42641572235724828  0.43427457350104631  0.44238631766018299
  0.45587835678549532  0.47087630611206194  0.48733640103674497  0.50292151334458612
  0.51751579403468795  0.53133841124659409  0.54383481719433491  0.55477663071143046
  0.56565870946360919  0.57688706969638803  0.58806216608952999  0.59985009950342083
  0.61523455121281712  0.62936558805222020  0.64301406402411088  0.65598729138054435
  0.66933436032873006  0.68203750537910957  0.69473429992054914  0.70777535106988521
  0.71999481816264199  0.73065232233535982  0.74070004097387476  0.75175632274081761
  0.76655653013353975  0.77946266546765364  0.79011086835273514  0.80038598124351845
  0.81172001525599713  0.82525982550815669  0.84019345171479187  0.85650676455070063
  0.86713861597471953  0.87643462537241346  0.88532546783355248  0.89703459651415685
  0.91074072448045329  0.92504239738342986  0.93835290843162067  0.95136918139269155
  0.96513254923606751  0.97838828502139219  0.99011994379114943  1.00000000000000000
 -0.00225157418536595  0.01255134401348736  0.02443386906797787  0.03584724774439240
  0.04703237808540889  0.05875012817335996  0.07117691789580699  0.08389998279893406
  0.09668700783139871  0.10899082121337880  0.12036374967962038  0.13127659009542927
  0.14153228153946995  0.15293354865952186  0.16360556687480401  0.17271186007728251
  0.18022746339047438  0.18832556596423169  0.19743989896064493  0.20793128626658874
  0.21977972580239796  0.23164879193089305  0.24334303984481087  0.25503586044031362
  0.26699246053369891  0.27952522595414692  0.29159035274725098  0.30228652122288202
  0.31332692723977201  0.32328995312534181  0.33439037251092396  0.34628771145879916
  0.35923233039935504  0.37076286718415186  0.38169864815229404  0.39155218560825794
  0.40209073315499316  0.41283941279448305  0.42349868017241327  0.43361072916317639
  0.44330175199793392  0.45327956968414951  0.46300921398334477  0.47285700656052099
  0.48088818937985933  0.48763804748595180  0.49438456143534526  0.50178666253349069
  0.51060632706329856  0.52051267865022299  0.53068661843548104  0.54181693816769561
  0.55185381789618360  0.56249285127468396  0.57388029267033602  0.58549388565218297
  0.59617476518513779  0.60637204953758406  0.61294543382928146  0.61922686561839024
  0.62533036520880425  0.63132597879333396  0.64066217410718740  0.65062140878494035
  0.66106895015834977  0.67133733695746067  0.68235126704882476  0.69146929531631496
  0.70025812503238305  0.70915905752853869  0.71897119085632366  0.73058466098361186
  0.74172603290997019  0.75187184195279877  0.76013709801844431  0.76757919322895163
  0.77558806986251061  0.78516693607270527  0.79704135845986479  0.81026158128364112
  0.82336350898108823  0.83705307302210552  0.85093882331069326  0.86531813638477206
  0.87863094634742933  0.89026432333473993  0.90194939204503344  0.91391100289385740
  0.92488205799102163  0.93434696749328450  0.94385439195265297  0.95460475790113386
  0.96498524556787713  0.97686578960238113  0.98857428031477768  1.00000000000000000
 -0.00218769882816019  0.01033697809631063  0.02062450739153015  0.03062265497899795
  0.03804273219235694  0.04467319096551068  0.05101950942779948  0.05763585566087887
  0.06564475253199067  0.07705526875861804  0.08883889309595031  0.10017910963187102
  0.11139556770228083  0.12224653564998246  0.13252386327144564  0.14165307634377200
  0.15057147559765874  0.15980850330736579  0.16982785036213638  0.18036799897276126
  0.18884132089788327  0.19619051095700646  0.20336528535563358  0.21161352114857226
  0.22185953387369095  0.23312455852563477  0.24593692253647750  0.25990895901368177
  0.27213401307692264  0.28146841881237067  0.29007402161708257  0.29899161040775468
  0.30805508994575515  0.31756109964613366  0.32567240717891460  0.33456497874465402
  0.34470971054356009  0.35632570582804024  0.36810927928173443  0.38036281541231837
  0.39183449256023190  0.40393063209724583  0.41674685141927831  0.43065715702846968
  0.44368731732035660  0.45562667246476241  0.46600015292549152  0.47576224754656532
  0.48352935287092669  0.49272936906003928  0.50247213346124953  0.51294780054364419
  0.52430368909520375  0.53566332984534015  0.54796992692997060  0.56099460999457007
  0.57357093231049761  0.58703926986629107  0.59967252159484219  0.61112207196407764
  0.62180966532405302  0.63176118147663396  0.64138317614187534  0.65102867380624152
  0.66073436037755473  0.67091973488169965  0.68146843913174127  0.69193939591578124
  0.70057039463886650  0.70845964439851727  0.71662427879166612  0.72505689055812728
  0.73411855836329842  0.74702284857685686  0.75971427489057519  0.77123215196939576
  0.78366367453293384  0.79623449441541660  0.81011810701575038  0.82512207904053336
  0.83952279329145640  0.85232757792905223  0.86258633725494627  0.87178421944488749
  0.88169027374215792  0.89402083487223682  0.90708140870153153  0.91929491434421406
  0.93129922164167511  0.94158831064020543  0.95067273749775616  0.96060938960516562
  0.97154980470271224  0.98234778043555748  0.99126705871891008  1.00000000000000000
 -0.00013470132917308  0.00087814826651239  0.00130943785520107  0.00166489771105965
  0.00198372836014346  0.00227685887452393  0.00256357017203657  0.00280208790620588
  0.00302895566550365  0.00324971514655227  0.00346981620292677  0.00368846143058504
  0.00393357163865825  0.00420581119427674  0.00440102186123550  0.00459505574720779
  0.00478064475613913  0.00496556371049187  0.00514858905672118  0.00534863587616576
  0.00557665817779584  0.00581667822460797  0.00607669915840844  0.00632981436764371
  0.00658037305248351  0.00678294936227576  0.00693026680015854  0.00707703844343166
  0.00722341716436001  0.00737100330602732  0.00751967337520755  0.00770018647317210
  0.00790551480713652  0.00803981815604729  0.00817412150495806  0.00829918121337564
  0.00842373521011751  0.00854774161488981  0.00867144169939146  0.00882636048535091
  0.00905139314380532  0.00933441440934986  0.00969869619999118  0.01005439915394274
  0.01037758441628548  0.01080451526204739  0.01118726025729776  0.01146344029901251
  0.01173252959376678  0.01199518161926483  0.01221726509635033  0.01241553827575795
  0.01280105680623232  0.01321391483258995  0.01345082238983998  0.01368180275541579
  0.01392494647768386  0.01425954282331827  0.01463781204657267  0.01501795129079927
  0.01528586925184636  0.01554564258059699  0.01602553889774878  0.01679407140127012
  0.01794448170664693  0.01903086337033629  0.02046985955338484  0.02110630882290637
  0.02172718462450121  0.02218956950679566  0.02256156412634102  0.02287746375355125
  0.02316943535579135  0.02346156108829659  0.02379986477680401  0.02431142052076843
  0.02540299479224286  0.02707904466029604  0.02799061136082364  0.02833726688566370
  0.02876571294268608  0.03092080197815512  0.03221761060805688  0.03255826646582005
  0.03289892232358323  0.03339890103426760  0.03417344604555234  0.03494799105683708
  0.03572253606812182  0.03602788220823364  0.03625753821910281  0.03648719422997198
  0.03707984655005225  0.05123094942903342  0.49839043106961495  1.00000000000000000
 -0.00317123151700209  0.00735189674457838  0.01712516652645532  0.02593118907455531
  0.03458867043797754  0.04424230424918713  0.05550922327042797  0.06880584221477340
  0.08348003808562830  0.09645752066850712  0.10736663994664802  0.11648183338602884
  0.12555142475227007  0.13416084377276555  0.14384987711601313  0.15395753626381944
  0.16493955633627244  0.17718813583521650  0.19014299837625429  0.20411808207742443
  0.21692503693460585  0.22931837058257362  0.24047918761768527  0.25085961194315815
  0.26086677749948084  0.27020130990732238  0.28067114835590795  0.29246118967323986
  0.30656275421966983  0.31994396424181315  0.33133412301854737  0.34232635758411672
  0.35340192815318983  0.36514781041026073  0.37732489591745638  0.38858154461777011
  0.39875807584589129  0.40795416410480262  0.41828533564347742  0.42945118702870944
  0.44249278705681361  0.45721588917080380  0.47068208586227944  0.48154654244232747
  0.49081904248559122  0.50017899169746038  0.51044984805211402  0.52153687587231778
  0.53258981705588404  0.54252425636375812  0.55318399999309176  0.56243105174556274
  0.57156170903599313  0.58056238097329727  0.58995453269357945  0.59951808768137738
  0.60902803605151101  0.61879837155521777  0.62865143360315612  0.63860226445056456
  0.64995773587630368  0.66168346644966991  0.67273540815405353  0.68416239067083107
  0.69487033677116250  0.70556938075628561  0.71642807163495048  0.72823119548554027
  0.73904020940887027  0.74929827140873706  0.76070272142992235  0.77212837134257040
  0.78168057812296721  0.79266849128341454  0.80480009680195597  0.81725226606236390
  0.82934276236071169  0.84246084329752069  0.85379748986486748  0.86242414582980353
  0.87017375920053552  0.87816725464579937  0.88691108750246095  0.89737295662880268
  0.90912621020910622  0.92065534497284662  0.93060584725933226  0.93865776592948880
  0.94534055146056850  0.95044577066501879  0.95635710246388039  0.96254238496482203
  0.96896135890992907  0.97852560851006598  0.98892638146151135  1.00000000000000000
  0.44743755630531673  0.58025832022894974  0.59574004539049086  0.61050499679900005
  0.62368110997959236  0.63641467675250107  0.64839072649221241  0.65996647821663734
  0.67085035811840954  0.68279881240042350  0.69371372795326969  0.70555885283695263
  0.71659386893427113  0.72582117056209317  0.73437623902747973  0.74423409812703734
  0.75560983821010352  0.76603067051939078  0.77442090157234211  0.78264425719361752
  0.79058984213035988  0.79682021947185000  0.80317513147453201  0.80929969987536488
  0.81501803282660634  0.82013006052058190  0.82486034662169161  0.82946098392984446
  0.83421015327257331  0.83919890820260745  0.84430733580874173  0.84924047949278347
  0.85383817410112717  0.85842592261433459  0.86292731503816966  0.86737606583967619
  0.87120169544470549  0.87509466126117941  0.87856746987467371  0.88189392185560278
  0.88560368471692874  0.88929806903818176  0.89290491408888684  0.89631102450359368
  0.89971815911052477  0.90341828170650351  0.90698104170569993  0.91008384199648518
  0.91295213815506338  0.91573875629702628  0.91817990591761123  0.92072956645578152
  0.92334546371839887  0.92601945518824946  0.92853795799258054  0.93107225701748220
  0.93346710957533940  0.93597043448543149  0.93819968989567970  0.94029997385744524
  0.94233469453206109  0.94437973172597667  0.94642630323497146  0.94832084660895932
  0.95006870351418460  0.95171589320846950  0.95339008740170295  0.95521577430224747
  0.95707790020796657  0.95884941740797602  0.96058842595987426  0.96229310740089713
  0.96394533517742531  0.96563944099836341  0.96739453307919021  0.96915609259913604
  0.97101682636960307  0.97296102357681091  0.97485209421990038  0.97658373339875648
  0.97815576348188649  0.97951331305717859  0.98084940888951988  0.98224208526502899
  0.98364041180344874  0.98504238235513997  0.98656692679866853  0.98806340230531786
  0.98952388742220332  0.99091599111516071  0.99237566968592694  0.99387964673252183
  0.99537012629944399  0.99691257300824399  0.99846024856362947  1.00000000000000000
 -0.00492546283809418  0.17741651168659378  0.20860625610374026  0.22927983813915193
  0.24757772392580540  0.26346654473156117  0.28059291124029412  0.29862622229119662
  0.31518049566582762  0.32782043122631438  0.33877657805576966  0.34896797682550357
  0.35866666995733126  0.36732092119137166  0.37575512363404079  0.38483639878705761
  0.39415648740641224  0.40243676326955702  0.41002072615354013  0.41735213114093428
  0.42418366125711121  0.43081516147212157  0.43701739196907929  0.44304117538187693
  0.44843496586685361  0.45306828410549232  0.45744105328924722  0.46169037891115150
  0.46582728594257683  0.47086296256315718  0.47621585232767577  0.48233058821147146
  0.48749974235392046  0.49212015651726937  0.49659499234717663  0.50151946827004046
  0.50697897252484003  0.51211681740564186  0.51704640517112610  0.52200410871652758
  0.52726170199921774  0.53290471442481313  0.53811702903493741  0.54200177264102556
  0.54583582302191580  0.54963706336288165  0.55340547241178983  0.55794797137351682
  0.56291506485413434  0.56791836521831862  0.57318769886603527  0.57834686232967769
  0.58322999626266481  0.58820101974201966  0.59316552284939950  0.59826449319150810
  0.60309740238183951  0.60790048277436237  0.61292219972065842  0.61822106400120658
  0.62445643147153540  0.63060390621685047  0.63762271451491370  0.64483496390429462
  0.65244399335546188  0.65947527094649716  0.66618475883768058  0.67158615084402928
  0.67702324022506555  0.68227554602361340  0.68733448498865524  0.69252771184201234
  0.69822475625332736  0.70445551850619603  0.71014661640533694  0.71502111942411695
  0.71976938502748367  0.72489476412193932  0.73205208097712759  0.74096540913159359
  0.74987167095212481  0.75804770875987937  0.76586194202627600  0.77326770815685919
  0.78085733696252901  0.78864663881873520  0.79752441668276353  0.80725248890057144
  0.81386700448676386  0.82142424769796551  0.82963991860534558  0.83762170762226362
  0.85247759887349706  0.87583061808467966  0.98637619068976301  1.00000000000000000
   1.5696949337628376E-005  -1.0000000000000000     
 F F F F F F F F F F F F F F F F F F F F F F F F F F F F F F F F F F F F F F F F F F F F F F F F F F F F F F F F F F F F F F F F F F F F F F F F F F F F F F F F F F F F F F F F F F F F F F F F F F F F F F F F F F F F F F F F F F F F F F F F F F F F F F F F F F F F F F F F F F F F F F F F F F F F F F F F F F F F F F F F F F F F F F F F F F F F F F F F F F F F F F F F F F F F F F F F F F F F F F F F F F F F F F F F F F F F F F F F F F F F F F F F F F F F F F F F F F F F F F F F F F F F F F F F F F F F F F F F
  <DiscreteSampler_grid>
  grouped_processes
  1 # 1 for a reference and 2 for a running grid.
  10 # Attribute 'min_bin_probing_points' of the grid.
  1 # Attribute 'grid_mode' of the grid. 1=='default',2=='initialization'
  0.0000000000000000 # Attribute 'small_contrib_threshold' of the grid.
  0.5000000000000000 # Attribute 'damping_power' of the grid.
 # binID   n_entries weight   weight_sqr   abs_weight
    70   10   3.966322731431011E-001   4.838028352128735E-001   3.966322731431011E-001
    73   10   4.139584247086928E-001   5.963132451770792E-001   4.139584247086928E-001
    74   10   4.139584247086929E-001   5.963132451770801E-001   4.139584247086929E-001
    76   10   2.425641072430117E-001   1.313306096523164E-001   2.425641072430117E-001
    77   10   2.425641072430116E-001   1.313306096523164E-001   2.425641072430116E-001
    85   10   4.905609707515226E-001   8.192274517790832E-001   4.905609707515226E-001
    86   10   4.905609707515228E-001   8.192274517790846E-001   4.905609707515228E-001
    88   10   5.042196568369042E-001   8.540239917399803E-001   5.042196568369042E-001
    89   10   5.042196568369043E-001   8.540239917399814E-001   5.042196568369043E-001
    100   10   6.984887983607527E-002   1.637868921720386E-002   6.984887983607527E-002
    101   10   6.984887983607525E-002   1.637868921720386E-002   6.984887983607525E-002
    142   10   8.731648249618963E-002   1.519991881039055E-002   8.731648249618963E-002
    148   10   9.265047246925917E-002   1.750242145251293E-002   9.265047246925917E-002
    149   10   9.265047246925907E-002   1.750242145251291E-002   9.265047246925907E-002
    151   10   6.984887983607527E-002   1.637868921720386E-002   6.984887983607527E-002
    152   10   6.984887983607525E-002   1.637868921720386E-002   6.984887983607525E-002
  </DiscreteSampler_grid>
