  0.00354541669727423  0.01325722322171238  0.02384988931495658  0.03362451627227678
  0.04296715932002219  0.05189133314976167  0.06097898912736647  0.07029191221969035
  0.07986923833423069  0.08995750296527877  0.10026970353260896  0.11051800921716705
  0.12121395496031860  0.13182077707926804  0.14338200404030491  0.15331008782024474
  0.16362554683146893  0.17395174390418869  0.18544026145089104  0.19656051808427644
  0.20730624231590764  0.21753697164874247  0.22767248382161762  0.23788144520569771
  0.24841058218488710  0.25876816620629073  0.26895408421689487  0.27861788396792486
  0.28845941937428182  0.29855272592325682  0.30896618892374100  0.31931050118226906
  0.32986535612512119  0.34073761897942934  0.35141818457484020  0.36179542995194391
  0.37232648993984191  0.38328959038150884  0.39440814475080521  0.40555326168426303
  0.41638212588207374  0.42649187107763248  0.43607976596779174  0.44543883709664212
  0.45444315481553288  0.46318495056289860  0.47164602557910673  0.48026546821931265
  0.48943915988612491  0.49904102208990553  0.50907821628133376  0.51963584067044133
  0.53073000857099129  0.54245260580821075  0.55461374557106091  0.56657586745687916
  0.57831144601911710  0.58951993985645790  0.60018624948646460  0.61102123210157611
  0.62230268003590339  0.63385972572426763  0.64525892123167139  0.65633584082139251
  0.66725678562777746  0.67828744608929403  0.68923010452127664  0.69951051643628881
  0.70953480265967928  0.71942269915121959  0.72946367951718250  0.73956609682212482
  0.74997237372170855  0.76067561300639464  0.77146315883757999  0.78160783308367021
  0.79107548967511288  0.79994522304581894  0.80898871408895368  0.81868360331901990
  0.82909007535758950  0.83994511280572448  0.85076356794586394  0.86160550651744783
  0.87263759135708630  0.88458184049846111  0.89654949535611794  0.90797527447196091
  0.91934828425098825  0.93193481875279904  0.94454814974070833  0.95679263632210232
  0.96768239930184541  0.97850801144440791  0.98897511223439605  1.00000000000000000
  0.00002725578826943  0.00003972129367593  0.00004642503344255  0.00005190400256333
  0.00005689527077961  0.00006171223419127  0.00006654208901296  0.00007135369686305
  0.00007620430171110  0.00008114600981547  0.00008612079576140  0.00009110766195497
  0.00009623008237889  0.00010134739270341  0.00010659762634186  0.00011211859853748
  0.00011787790899256  0.00012410169945658  0.00013047874781830  0.00013708540055455
  0.00014389152898320  0.00015092105728443  0.00015822867459187  0.00016559138973797
  0.00017292621014316  0.00018040183442949  0.00018801408484746  0.00019584630839209
  0.00020410813656877  0.00021289669773889  0.00022136786420393  0.00023033260043644
  0.00023936231897661  0.00024844575846720  0.00025781449324478  0.00026767710694903
  0.00027801637406531  0.00028840554706589  0.00029944385058577  0.00031152025040172
  0.00032408950342582  0.00033735915660850  0.00035164607009815  0.00036649343264304
  0.00038215930000116  0.00039871855917567  0.00041588073321540  0.00043499287850110
  0.00045607428008622  0.00047800170631192  0.00050006669251731  0.00052250961745922
  0.00054665614545015  0.00057415863432302  0.00060817257588978  0.00064766777697762
  0.00068355445361633  0.00071870789690034  0.00075585219973238  0.00079570620965304
  0.00084330884414200  0.00088943161806252  0.00092886773263716  0.00097132944915645
  0.00101297779758799  0.00105064672787193  0.00110245859452933  0.00115342203106586
  0.00121085832605414  0.00127592675293869  0.00135050033978807  0.00144116535316789
  0.00154030327982463  0.00164324466137535  0.00176649402222384  0.00186651144083401
  0.00197537226405483  0.00207520471537876  0.00217011183251136  0.00226165203561816
  0.00234868063440196  0.00244147734321432  0.00255033286668163  0.00268104394305166
  0.00277727559723476  0.00288364651913710  0.00299175543959418  0.00314112871284054
  0.00361203150233473  0.00421723484911401  0.00484658671413247  0.00575318142010292
  0.00651255716429644  0.00718162840773359  0.04771869620006972  1.00000000000000000
 -0.00243307120980775  0.01084311995307502  0.02199228875171852  0.03399181098699574
  0.04751606252789052  0.06187963017083276  0.07532124900097847  0.08799730858999333
  0.10003812516556256  0.11201460656245726  0.12383652881736278  0.13538127375643649
  0.14672010767352420  0.15802341199908237  0.16947450055992241  0.18101142569516029
  0.19227279228685179  0.20288443055955757  0.21329148015260169  0.22457646876570991
  0.23581015425965166  0.24778400654527361  0.25911648389113118  0.27033724418495653
  0.27952895000997180  0.28860373981686205  0.29744585599039108  0.30589713550943942
  0.31435940717949290  0.32332813858732784  0.33291954019877834  0.34309570820786883
  0.35324069748358550  0.36319826684500994  0.37342016927626243  0.38355279553315691
  0.39449770961851988  0.40492846882331662  0.41484607845539845  0.42502454883659879
  0.43567109522874869  0.44655081810829556  0.45724537963067807  0.46775657731805320
  0.47797202951890300  0.48794714092439717  0.49801329115646753  0.50861478324165099
  0.51942443465108068  0.52977145412393956  0.53981974533852206  0.55029352948458776
  0.56140541375058717  0.57247064119508562  0.58334042075313064  0.59370410690698650
  0.60412582488044486  0.61398926403831722  0.62364908814251829  0.63315324012778917
  0.64341974090712295  0.65395631085217876  0.66463119822991368  0.67512840781584649
  0.68538212655528097  0.69566118844071112  0.70582075439523229  0.71608175906217719
  0.72648503240010243  0.73639415489162596  0.74600928865326710  0.75523776992765645
  0.76439526317020789  0.77304361111877629  0.78183794892747382  0.79091259667359426
  0.80086678275175338  0.81089755747091352  0.82085443022926896  0.83083501854785446
  0.84109956608597558  0.85134188792751864  0.86124645312683146  0.87110148171388602
  0.88121430269242984  0.89165449109811312  0.90214044520800107  0.91307727708914155
  0.92357797463467461  0.93462241617753172  0.94597369606527559  0.95784549762560478
  0.96822347723841817  0.97828601894230938  0.98883658218800152  1.00000000000000000
 -0.00263230987661227  0.01106900376789151  0.02271948406559577  0.03428253338917753
  0.04547951413126558  0.05516301991788419  0.06508964021030225  0.07564725895575486
  0.08685859483556571  0.09755585592241564  0.10810702471733651  0.11877394069751339
  0.12959312733933132  0.13921595024755071  0.14829528713671225  0.15763318875698881
  0.16789212089429023  0.17836066393398003  0.18852181510009855  0.19877868928341985
  0.20922065928260786  0.21978240997304604  0.23008246218169995  0.24080016696115350
  0.25141926919401897  0.26177784485702288  0.27268855817171306  0.28397524034738408
  0.29491973120814813  0.30441957041675605  0.31414624773963284  0.32439614605286210
  0.33527284874304053  0.34549649207027294  0.35542622233236765  0.36531972456452438
  0.37539647176955998  0.38596114664895387  0.39632492708378864  0.40648422090460057
  0.41642110942491412  0.42675781612884967  0.43726090322011890  0.44762078665974941
  0.45813162715249572  0.46900890773982290  0.48014049764615457  0.49139573557019478
  0.50242792245301970  0.51313736354371198  0.52425639299194626  0.53583854039414558
  0.54758585664867965  0.55968746606997355  0.57164849822820563  0.58375230235966102
  0.59519016894034193  0.60611618546794233  0.61675063906703820  0.62680611137096998
  0.63701496653589584  0.64737583947276622  0.65798792058702693  0.66884952853574553
  0.67952156618292248  0.68994701586941665  0.70018037696194291  0.71050230241673307
  0.72102461959639008  0.73080205774921714  0.73980904181978302  0.74888014908998468
  0.75842100783666122  0.76731154492550546  0.77601495304892976  0.78460536210821497
  0.79387502749941397  0.80438133563790382  0.81471762582477592  0.82614767168298564
  0.83811655385659234  0.84957796829251020  0.86056155659091005  0.87140413497898672
  0.88188353288142096  0.89290718478739706  0.90356149408737296  0.91415596298655311
  0.92505018480812085  0.93679596175693824  0.94888026094739741  0.96010075428309993
  0.97028401024729838  0.97985121741518488  0.98972384361669230  1.00000000000000000
 -0.00137825583004816  0.01149295070306083  0.02035639833240396  0.03157111746348948
  0.04157095754572888  0.05198949067485338  0.06187020615336556  0.07154999022696508
  0.08086875036899074  0.09056676212318709  0.10040706255083606  0.11054740134691760
  0.12092779801105549  0.13185932146295393  0.14322843254598980  0.15368196425740421
  0.16375529560262100  0.17342046413555659  0.18324190401428508  0.19358723553478188
  0.20416494406710287  0.21541164619100700  0.22625170693319288  0.23697518191955683
  0.24768043464255649  0.25827345474431868  0.26917516427288801  0.27914533336012826
  0.28890188250891036  0.29915797695134810  0.31057353759474948  0.32261553818450800
  0.33412586119471499  0.34510808463518122  0.35627616110348520  0.36794967980391485
  0.37963884684206400  0.39080835101123623  0.40133140212213203  0.41188913890059242
  0.42280437005561994  0.43375966759678469  0.44432468354174615  0.45451127066561081
  0.46561927529275565  0.47666385595099570  0.48764282057260022  0.49832325003086619
  0.50912643702734761  0.52015039279353636  0.53103664025067254  0.54244605924198952
  0.55456081310546845  0.56758144226949381  0.58078348675482705  0.59174380461778442
  0.60272282995508741  0.61418507295693470  0.62645828586546104  0.63768736638836432
  0.64825093785523380  0.65843666059349359  0.66935193951574101  0.67995492846796457
  0.69003439274065337  0.69959646619401905  0.70931118034748275  0.72002907772280123
  0.73092330854391752  0.74170934678840728  0.75172467842499224  0.76197051442703134
  0.77194054308030935  0.78267520237738875  0.79211732457775308  0.80161091534349505
  0.81114729724060175  0.82156005379740193  0.83216418967783101  0.84228026903553965
  0.85194552371081500  0.86221569535847919  0.87227204552444593  0.88258943939315226
  0.89291875291566136  0.90200251322410852  0.91109871810823084  0.91995426457029938
  0.92902766955195881  0.93859997381543880  0.94813737292502109  0.95742642130553812
  0.96726472996454294  0.97767471714056386  0.98874603107986103  1.00000000000000000
 -0.00204551697112569  0.00825733040284780  0.01796297465013197  0.02841835174487566
  0.03884187709421069  0.04890194667343927  0.05827805839921610  0.06792850376884824
  0.07734519255188804  0.08644174935371263  0.09551818096533779  0.10500214963533318
  0.11570795803026332  0.12649199897459784  0.13736682686278900  0.14829787823199692
  0.15893884606830197  0.16929444745294428  0.17967307787905745  0.18996663290480006
  0.19990483865503347  0.20997360074464047  0.22021848562729163  0.23061932150281370
  0.24126765758797017  0.25258521015013174  0.26456882750511534  0.27643938095946519
  0.28780185065279923  0.29890442018526336  0.30983587203084184  0.32040443796360674
  0.33053026852329315  0.34032821646080608  0.35011639824369073  0.36036477792792410
  0.37121553573565569  0.38198343927914807  0.39232169275157058  0.40288837204733607
  0.41400621238136254  0.42551414503918539  0.43654396006390617  0.44748311980188532
  0.45811122698215634  0.46841925022993919  0.47834634149587002  0.48834036143821496
  0.49845761785896403  0.50835581883332304  0.51826363766081562  0.52829184253423767
  0.53846019650184007  0.54871563526777711  0.55905885662251587  0.56989873917706724
  0.58146128139186737  0.59344853032508094  0.60505658622358482  0.61630284108823841
  0.62749383721557084  0.63839609979186895  0.64928374945642164  0.66037168296567539
  0.67215059644515285  0.68346243048859645  0.69372516815306939  0.70353867459139463
  0.71342911018454436  0.72366858511730559  0.73460328594380608  0.74533147727859994
  0.75643875525957116  0.76741194099613097  0.77800753202882245  0.78827560212730585
  0.79807879594150055  0.80777827326325424  0.81793721645950190  0.82915993658489784
  0.84037932806144411  0.85152340116586245  0.86220488178160448  0.87377595028481847
  0.88466583973497281  0.89493434174895525  0.90434916613652261  0.91387912723800813
  0.92369901675688959  0.93342218826809309  0.94361544664274422  0.95432774223264227
  0.96669585541514136  0.97854955655749087  0.98958014934851191  1.00000000000000000
  0.02405672609000602  0.03131044284330180  0.03750277250581738  0.04432049545534306
  0.05232595014781923  0.05994145778170731  0.06791664157790167  0.07576983863674108
  0.08337064311450690  0.09117151096629965  0.09899175468516699  0.10694173740298016
  0.11525083572573122  0.12433914408125313  0.13355283312964500  0.14242423766940351
  0.15106860606250086  0.15985674094565688  0.16921086391087348  0.17837443844310821
  0.18759319518307535  0.19737231380328127  0.20760390007217799  0.21788939995779430
  0.22771430980713278  0.23766518708824957  0.24777424428728503  0.25821853484563906
  0.26887406526047430  0.27983412028302285  0.29112236948640885  0.30305932741596131
  0.31455280394480767  0.32608480084821628  0.33716805885734336  0.34884131087212306
  0.36036964666209853  0.37139819230406518  0.38197229935719246  0.39275584691439974
  0.40436956733871082  0.41643834624772852  0.42836989590457758  0.44014194479388108
  0.45197847646537082  0.46389377389267422  0.47578501560012904  0.48757899387496378
  0.49918509487402107  0.51066119329207749  0.52211086773215210  0.53325328263722438
  0.54442452710358080  0.55627737946470179  0.56912834738824392  0.58351619156586143
  0.59665907411946006  0.60945255029369572  0.62101513242867046  0.63204862374969251
  0.64289115847189882  0.65421301327853398  0.66550139824283672  0.67686008798308428
  0.68847743833666686  0.70006424571890136  0.71155210886241571  0.72289973236962968
  0.73488688662130219  0.74776618210381840  0.76070743965822807  0.77188095511301280
  0.78193821781750683  0.79169623561114943  0.80196867711815578  0.81211218629385717
  0.82221674328357131  0.83230838397717788  0.84249735570511164  0.85227175774586017
  0.86154197898686136  0.87044078808286851  0.87928641907450966  0.88822184912002466
  0.89733199449673140  0.90657235246075019  0.91531584802016008  0.92448066563028497
  0.93291904913420098  0.94192012760376254  0.95105521142351368  0.96044580466284546
  0.97005184732691796  0.97973022884441652  0.98992384072787698  1.00000000000000000
 -0.00259174388609842  0.00919441603132079  0.01971694840115494  0.02980582878549253
  0.03996766269444447  0.05058644759384942  0.06119514984846518  0.07162479930620823
  0.08171935559554939  0.09189364541404377  0.10185434614314282  0.11204262338422161
  0.12267609641810608  0.13353160900028907  0.14399820131980839  0.15364705044040636
  0.16341293179025951  0.17372341086427429  0.18325357652638413  0.19278184083124295
  0.20221568258540715  0.21258991922414369  0.22363993493764123  0.23505220898356746
  0.24689169085575427  0.25817896134843799  0.26924822817257715  0.27984724955634399
  0.29036666289279700  0.30091717288929198  0.31132219799012706  0.32222669775432883
  0.33346314823343287  0.34493727070087443  0.35665993614966884  0.36811000643564967
  0.37967182798486232  0.39111652210278930  0.40260477953834106  0.41379766589518790
  0.42429408445922961  0.43434272632975496  0.44480431094479717  0.45565679794127334
  0.46654931867134403  0.47701021047641484  0.48680200280195790  0.49568203993198057
  0.50421238882718089  0.51329478127423656  0.52371744827497402  0.53443212505228577
  0.54451187356614650  0.55408879367013486  0.56414917785383600  0.57360671094508409
  0.58326011581089354  0.59327065703936277  0.60411772949747178  0.61443456883243108
  0.62423261581434908  0.63326548015329698  0.64238019867377572  0.65145973498095067
  0.66102927937149936  0.67097973351891471  0.68115475046826102  0.69151729975458753
  0.70258033484869331  0.71451937013386924  0.72713155708168165  0.73930317969643189
  0.75036029522793501  0.76044301857648100  0.77021458099988649  0.77997244815082933
  0.79004911280358348  0.80069395572311464  0.81226853771516105  0.82456233400554779
  0.83614182251278946  0.84698465041484017  0.85770203575414261  0.86807485756937952
  0.87810950668525334  0.88822719148682694  0.89909521277741689  0.91110146869663300
  0.92280058055398551  0.93395960054561400  0.94387225898516613  0.95375092968208508
  0.96347221308534936  0.97448837626253226  0.98660487190250479  1.00000000000000000
  0.49866482230452813  0.53395336868682897  0.54508793738119343  0.55597891789587661
  0.56733142735096109  0.57937875502090486  0.58986423449188996  0.59978255995029472
  0.60951053844707659  0.61873574147919519  0.62720198498657698  0.63495184728569598
  0.64202372255272155  0.64893698422002033  0.65606200995023012  0.66336788231011434
  0.67070844804526553  0.67828134585942057  0.68582677068194864  0.69261559442563458
  0.69898224649135687  0.70542026925457735  0.71201503130300425  0.71850926539759219
  0.72500973955440540  0.73125916260747070  0.73727167825393192  0.74325219403915999
  0.74894432782010467  0.75434358649189570  0.75934523842663870  0.76440018309396351
  0.76939263874991248  0.77442649029427824  0.77937629645944173  0.78443972005642593
  0.78945385807692536  0.79447401901126424  0.79923583653639918  0.80372138690370731
  0.80796504482331877  0.81211949972256881  0.81644092561381665  0.82069457287262226
  0.82494654085039731  0.82912772784717870  0.83338846240158582  0.83748381333084732
  0.84146476990876995  0.84555720208111429  0.84978912794190054  0.85403603274023199
  0.85801013301027818  0.86181485986040751  0.86547353707059826  0.86902002026979908
  0.87263789966418115  0.87632212605290005  0.88020541046240408  0.88410343185978224
  0.88778608464334663  0.89133127758647113  0.89478206541998728  0.89819121242218003
  0.90162722484155677  0.90509672436200794  0.90857925548718965  0.91203235065511845
  0.91536344918809343  0.91854484045637019  0.92155732212654173  0.92462101297039012
  0.92773963097742529  0.93088520735636093  0.93403180187370194  0.93697625381338967
  0.93974504854809870  0.94246084165808552  0.94524206472108008  0.94817148091566261
  0.95118037650782328  0.95395908277370978  0.95680634528427133  0.95951620962626238
  0.96231584338892218  0.96511656465813689  0.96784829903174763  0.97054293575670847
  0.97323086266882619  0.97595648530443990  0.97892699752483636  0.98256967620589331
  0.98624354229698974  0.98998239620053152  0.99432119443076739  1.00000000000000000
 -0.00933356709685677  0.17489756350633881  0.20524856699013577  0.22666200406327178
  0.24362715598240436  0.26011603682104795  0.27556723549158968  0.29030947301974191
  0.30372093132558092  0.31659378512991182  0.32873803761615672  0.34061181002900859
  0.35213442654583754  0.36301562826320016  0.37316395273467134  0.38299481088516213
  0.39288462140138658  0.40251200829149758  0.41193084735076552  0.42107925442560368
  0.43016370903999290  0.43921263645190428  0.44784717453773937  0.45642546484902241
  0.46428687392560064  0.47183583121578948  0.47932398912953855  0.48649720182112932
  0.49346805145452832  0.50000154528407925  0.50701156293726768  0.51426240145517710
  0.52172024205044154  0.52907185985175387  0.53619891352582139  0.54303782093186426
  0.54971241582201136  0.55634850826634263  0.56290604108710052  0.56900059375570677
  0.57472807808540527  0.58040754420566365  0.58612258557590990  0.59204082036621652
  0.59821702506639307  0.60451480323987128  0.61049503283371742  0.61628980299926295
  0.62201266694833779  0.62757493092610173  0.63317559365370923  0.63850253511893629
  0.64368037118350785  0.64823138521412871  0.65261709171925442  0.65731116348680252
  0.66259925017249066  0.66820729904509069  0.67366376718741372  0.67890485334732975
  0.68412935657386476  0.68932818487996894  0.69437826290563531  0.69935478519773553
  0.70415785626930050  0.70890123064883570  0.71377274611208696  0.71871864022219800
  0.72374217961571730  0.72840439915079958  0.73294571349991233  0.73745521636089773
  0.74207344479036186  0.74667022230656543  0.75116596437225558  0.75581666484748378
  0.76063056351031932  0.76559397352525593  0.77075909785868568  0.77594652240892070
  0.78132239086095256  0.78690072673261868  0.79178475859731667  0.79687022128014284
  0.80207506916374161  0.80753698849271605  0.81356746442290184  0.81948993522833868
  0.82542875502038238  0.83169235043445799  0.83840558009647448  0.84735357196433481
  0.85795743113682343  0.87341272154653393  0.89872409751953175  1.00000000000000000
   4.0774544528154487E-006  -1.0000000000000000     
 F F F F F F F F F F F F F F F F F F F F F F F F F F F F F F F F F F F F F F F F F F F F F F F F F F F F F F F F F F F F F F F F F F F F F F F F F F F F F F F F F F F F F F F F F F F F F F F F F F F F F F F F F F F F F F F F F F F F F F F F F F F F F F F F
  <DiscreteSampler_grid>
  grouped_processes
  1 # 1 for a reference and 2 for a running grid.
  10 # Attribute 'min_bin_probing_points' of the grid.
  1 # Attribute 'grid_mode' of the grid. 1=='default',2=='initialization'
  0.0000000000000000 # Attribute 'small_contrib_threshold' of the grid.
  0.5000000000000000 # Attribute 'damping_power' of the grid.
 # binID   n_entries weight   weight_sqr   abs_weight
    61   10   3.388024732914401E+001   3.014459977673934E+003   3.388024732914401E+001
    62   10   3.388024732914403E+001   3.014459977673938E+003   3.388024732914403E+001
    64   10   3.954887066361979E+001   3.369466632707381E+003   3.954887066361979E+001
    65   10   3.954887066361981E+001   3.369466632707381E+003   3.954887066361981E+001
    88   10   2.579177548310535E+001   1.892426023099790E+003   2.579177548310535E+001
    89   10   2.579177548310537E+001   1.892426023099793E+003   2.579177548310537E+001
    112   10   1.381425884633926E+001   7.740795840476261E+002   1.381425884633926E+001
    113   10   1.381425884633924E+001   7.740795840476246E+002   1.381425884633924E+001
    115   10   3.109317949212400E+001   2.591566867011051E+003   3.109317949212400E+001
    116   10   3.109317949212400E+001   2.591566867011048E+003   3.109317949212400E+001
    139   10   2.561076919381589E+001   2.358871278231018E+003   2.561076919381589E+001
    140   10   2.561076919381589E+001   2.358871278231015E+003   2.561076919381589E+001
  </DiscreteSampler_grid>
