  0.00312301623532240  0.01330886282132492  0.02456954761980133  0.03566771788634099
  0.04706467660079291  0.05791528257035951  0.06841967594301018  0.07842771732693132
  0.08907651808320523  0.09913308964579354  0.10930234652203966  0.11992607125506075
  0.13166412763870605  0.14396392708182451  0.15530548166258029  0.16602658322960237
  0.17696077331978549  0.18836791982893106  0.19952156347288535  0.20930202803981421
  0.21843725137052758  0.22693103896977995  0.23584995598268119  0.24629082891295193
  0.25704496067952337  0.26827543047394625  0.27887576822159910  0.28964341934432730
  0.30061207503973936  0.31135331702043861  0.32076395416057935  0.32846668434677667
  0.33597402025378165  0.34269759288755602  0.34892210163585430  0.35596616287381516
  0.36279128602498772  0.37123345925485179  0.38198149047333069  0.39241476293414768
  0.40224200012429479  0.41148022293527375  0.42081183690095991  0.42958293478880322
  0.43847091537468763  0.44784589870497926  0.45838819232819322  0.46853603341054684
  0.47893424815940255  0.48964492794951409  0.50038833404580707  0.51085808595173265
  0.52182985577232721  0.53584083155610063  0.54968757354238429  0.56358120181577542
  0.57510915931459539  0.58756400489509109  0.60029434828038786  0.61177212926300462
  0.62152582603678430  0.63129341429727925  0.64140313881846456  0.65046567623018103
  0.65923027816788904  0.66669009982362859  0.67378427422487763  0.68130012814753571
  0.68887471518780763  0.69932877187788289  0.70951684703688700  0.72057208931484662
  0.73204561199865270  0.74373846740121885  0.75573864630046250  0.76911286086297548
  0.78197145957136360  0.79421313982953501  0.80626162296104253  0.81837914645003917
  0.83074107088474425  0.84399197225745759  0.85668852464085987  0.86804049816160556
  0.87939723673373604  0.89083494229193261  0.90122779478542459  0.91072952049504241
  0.91964108677461165  0.92901760042123782  0.93993350622125316  0.95147678647950196
  0.96308982526869291  0.97414183678064270  0.98379977433930943  1.00000000000000000
  0.00004493978449782  0.00006545255675020  0.00007480399604798  0.00008302664940650
  0.00009136842338815  0.00009857009827813  0.00010562859011150  0.00011329365605267
  0.00012102609421001  0.00012886104234160  0.00013613023054510  0.00014420252470732
  0.00015184338504349  0.00015957263318625  0.00016715915908716  0.00017501596020946
  0.00018403537570286  0.00019347389362039  0.00020313781668881  0.00021198908788146
  0.00022099732020692  0.00023006854254725  0.00023880804189613  0.00024700489836591
  0.00025505853256285  0.00026380035394524  0.00027326315839249  0.00028290376721942
  0.00029275397555513  0.00030268214400768  0.00031329624220505  0.00032423451337835
  0.00033510618461297  0.00034572268856778  0.00035638805159071  0.00036722358107786
  0.00037908915613747  0.00039082355960718  0.00040193493344200  0.00041151840340502
  0.00042231145545686  0.00043414280870102  0.00044720436216879  0.00046409147893027
  0.00048378794154215  0.00050430081011975  0.00052188663812884  0.00054002210063018
  0.00055992699124753  0.00058475851445247  0.00061187369238802  0.00063738460632608
  0.00066258745010889  0.00068780925618098  0.00071188699450317  0.00073643070085466
  0.00076131039433387  0.00078713457529819  0.00081610474240427  0.00084350070556260
  0.00086777174665703  0.00089051664937010  0.00091440725501213  0.00094180545820860
  0.00097408145284953  0.00100615576686934  0.00103955913233752  0.00106755905911405
  0.00109626239890609  0.00112799655468779  0.00116501453996763  0.00121041443897720
  0.00126635754672785  0.00133313473432539  0.00140459646929313  0.00149399266344798
  0.00157430800900896  0.00166241102245951  0.00175345818496587  0.00185389537041745
  0.00199393156109001  0.00215483324934599  0.00233576819614385  0.00256606703815884
  0.00290099482570067  0.00333656415474083  0.00368655734411193  0.00403464835703647
  0.00460320077498587  0.00547621220072800  0.00612324231262808  0.00657174113917425
  0.00707987925994293  0.00802958438104882  0.07711901762192409  1.00000000000000000
  0.00231629558922038  0.01498922592012669  0.02955844683714175  0.04371675184294043
  0.05761708239922723  0.06963307374309485  0.08121363519437555  0.09287146937851250
  0.10495562956387465  0.11690092986729562  0.12820585724568839  0.13966925677425801
  0.15144877768854401  0.16484009710347489  0.17834989377382532  0.19066529235148566
  0.20062689151950741  0.21081305143557991  0.22135445085432767  0.23200612296305334
  0.24245162007515256  0.25291600878511261  0.26313479430497028  0.27263530388431984
  0.28171343382553482  0.29185689887643174  0.30293964952939784  0.31460167098561148
  0.32569208989022475  0.33577691781240798  0.34583772359152848  0.35653365086726174
  0.36818637465309734  0.37804650086069608  0.38687875868664234  0.39625298811022486
  0.40630281582653588  0.41515951768144027  0.42258321613929828  0.43039206781710743
  0.43852263925180157  0.44796235009930341  0.45757620771869151  0.46799139275033175
  0.47854279636049746  0.48972609231456526  0.49973174413446003  0.50921650585207101
  0.51790681335382993  0.52626733908973300  0.53544664554385624  0.54556939354916678
  0.55749817173603144  0.57103089829961928  0.58544127155143233  0.60057264737804417
  0.61445759946658352  0.62592989895432571  0.63712946427562689  0.64858729887359656
  0.66155231988591223  0.67383332104006710  0.68593151056025226  0.69656511741382943
  0.70663052604575904  0.71702463769055425  0.72824087948358385  0.73780729623060837
  0.74694711383385737  0.75529344807968324  0.76394615991551107  0.77376743407196025
  0.78422935120077020  0.79482779060740028  0.80519797702840068  0.81589638685421828
  0.82708867438606937  0.83614289909956729  0.84503163405291559  0.85335040975010457
  0.86142594045057319  0.87023342288987449  0.87999031915785231  0.88892736259109384
  0.89755107347624707  0.90609123601259645  0.91485583022098438  0.92460101600595535
  0.93529278158113016  0.94596560291858578  0.95616577009413295  0.96549811387686102
  0.97369601989998689  0.98204299096335745  0.99262330926261233  1.00000000000000000
  0.00020404443811806  0.00023891285200766  0.00027801317395720  0.00031117824716979
  0.00034038926191391  0.00037041946928446  0.00040042065227365  0.00043116922736222
  0.00045796238279456  0.00048458688742477  0.00051166877445289  0.00054076602914677
  0.00057226626566134  0.00060395606137662  0.00063736126418422  0.00067211588121612
  0.00070629708914787  0.00074040080837791  0.00077445824782782  0.00080838935447072
  0.00084169043115190  0.00087753223550462  0.00091403134942542  0.00095178929549194
  0.00099101193425660  0.00103205375874263  0.00107586083861363  0.00112419930333170
  0.00117176485385919  0.00121836883843375  0.00126297728399073  0.00130532378909408
  0.00134323488537686  0.00138296414524915  0.00142429361346584  0.00147360109081817
  0.00152556064065485  0.00157348762453239  0.00162360984869349  0.00167544829587021
  0.00173249777464714  0.00179200374194009  0.00184876002293632  0.00191552089551977
  0.00198671454017703  0.00206626320402673  0.00215604796571834  0.00225478101866283
  0.00236228149405928  0.00245791837961724  0.00255117942641465  0.00264393368639964
  0.00274313143674610  0.00284601858025767  0.00295268394550965  0.00306278379142591
  0.00317627007683964  0.00329689186336536  0.00342886120852121  0.00355717475727849
  0.00368709873965943  0.00382888389977744  0.00398352807164598  0.00415686663950940
  0.00436154068381478  0.00452092016792250  0.00464623421473852  0.00474599506752154
  0.00484815818902984  0.00497755800571332  0.00511109800404167  0.00524654748380407
  0.00538961820640982  0.00552606215482700  0.00563461351462714  0.00573958139683524
  0.00584677171608208  0.00596078328608254  0.00609212471741324  0.00625329171899010
  0.00647829502522792  0.00681495100201768  0.00713560142294791  0.00748762997964891
  0.00796840333088955  0.00872325281362632  0.00958138012619539  0.01036165921321401
  0.01102166831394879  0.01184495288597103  0.01290158959000516  0.01469931638527921
  0.01880034272001400  0.02267124853039727  0.25150510446248958  1.00000000000000000
  0.00000483994229876  0.00000519619896325  0.00000549784487979  0.00000577818043870
  0.00000606945235045  0.00000641220034491  0.00000681406872568  0.00000728060955652
  0.00000777407763366  0.00000836026270043  0.00000896469549613  0.00000958080184757
  0.00001020608290853  0.00001083978180175  0.00001155002891139  0.00001204591378954
  0.00001255095634088  0.00001308984660080  0.00001368710318070  0.00001441762538458
  0.00001534947222289  0.00001631258729109  0.00001723829830630  0.00001828226436942
  0.00001946520670602  0.00002081395640576  0.00002233419901625  0.00002388245104205
  0.00002574284050681  0.00002775264431055  0.00002985175180452  0.00003198735780883
  0.00003403602614576  0.00003596131278826  0.00003782328258782  0.00003981356530851
  0.00004223315030796  0.00004543246606425  0.00004890338746525  0.00005233756797910
  0.00005557169563671  0.00005892872909552  0.00006239217836133  0.00006612719969500
  0.00007017689998375  0.00007477806604001  0.00008027387386660  0.00008687185954209
  0.00009441872336729  0.00010178715560874  0.00010902497183881  0.00011639807178514
  0.00012470840388357  0.00013403610103820  0.00014383891565831  0.00015424165037239
  0.00016541158473620  0.00017510780748333  0.00018497654547983  0.00019540217894525
  0.00020657083738249  0.00021909543537219  0.00023347410371123  0.00024986466180693
  0.00026830286422386  0.00028815016097995  0.00030902562909896  0.00033258986030685
  0.00036070632626858  0.00038915017659480  0.00041726492364648  0.00044423378045866
  0.00047660422528834  0.00051368667320903  0.00055462737174366  0.00060705575464055
  0.00068016527863984  0.00075861939547293  0.00084433375670798  0.00093643601185470
  0.00103798609423144  0.00115595250922710  0.00128394258636441  0.00142533305549858
  0.00160633081450862  0.00181549756164063  0.00208460132973419  0.00242714736245465
  0.00292736699466267  0.00358899125030777  0.00427748855913050  0.00516061200837154
  0.00649381417478170  0.00944134817124360  0.11365365564063115  1.00000000000000000
 -0.00206745777058376  0.00853661657815099  0.01945325562168898  0.02834259462645217
  0.03930969482516862  0.05041010800002886  0.06403800233938084  0.07829348927460757
  0.09056811300198676  0.10234076354980565  0.11314841884569117  0.12213289251721379
  0.13128647772396987  0.14084611665758570  0.15018280781223162  0.16127810348254090
  0.17267951690848371  0.18251422396024866  0.19101843356170700  0.19878935678309145
  0.20739875487180501  0.21734943230879117  0.22656102907655196  0.23498635265330717
  0.24340015995071540  0.25173823510248727  0.25999674426987357  0.26894357038638161
  0.27816404659392097  0.28753557982725098  0.29697321438616120  0.30684076743217409
  0.31763993156230808  0.32900596107011842  0.33916102620258087  0.34937884389423057
  0.35882404135774615  0.36807987157007438  0.37718113720672525  0.38619651167924629
  0.39523444294130888  0.40581233723106158  0.41754161685714719  0.42866745587878591
  0.43939620541319258  0.44957402634086974  0.45849110263242965  0.46759399907145605
  0.47614931948477812  0.48757891505079726  0.49992993593476970  0.51266295237527004
  0.52468470444736803  0.53456338279423998  0.54349071897611401  0.55220283207424503
  0.56153451742968574  0.57207629289889517  0.58240765924946258  0.59154320308532005
  0.60007322220197568  0.60866193014757219  0.61734465279204831  0.62780186959530349
  0.63784742602287658  0.64819254560491424  0.65871702426150791  0.66982600328922792
  0.68146986893740602  0.69282274384451381  0.70399838269049275  0.71526711348869776
  0.72663027864680885  0.73762451194123924  0.74797879251667099  0.75770197517454496
  0.76765665345749212  0.77923601619440108  0.79188278582889993  0.80356122242557271
  0.81456577094302529  0.82535226038523601  0.83703250862920908  0.84866196619573664
  0.86094882104319437  0.87377304198420735  0.88733773096882429  0.89844566301539563
  0.90833299858519145  0.91788768235237650  0.92791772075621026  0.94051821746228315
  0.95355016059544506  0.96738554674337685  0.98286744780237101  1.00000000000000000
 -0.00246003476196828  0.01037915391188821  0.02234966737699751  0.03352042840442294
  0.04547541960540948  0.05633500893794084  0.06791836505958802  0.08011621685930352
  0.09298411466483869  0.10493683628794920  0.11543453323407260  0.12535393367455461
  0.13571634682862446  0.14717691528583007  0.15767414139107994  0.16760430207856819
  0.17765541489470707  0.18815445102523873  0.19918767277711480  0.21058299330339092
  0.22189882454737131  0.23272616028478083  0.24316337429427001  0.25336062559618128
  0.26329075085117837  0.27294704900376887  0.28246674336593458  0.29219624494044388
  0.30210076856157081  0.31138800123459986  0.32076378126402483  0.32867976021937190
  0.33834564604069178  0.34903955119690999  0.35785924841504080  0.36666282591660510
  0.37543712289914527  0.38668330557526437  0.40001090119267185  0.41372757154288092
  0.42673301717146039  0.43973868589259962  0.45259911631298833  0.46429332691308539
  0.47476415855927190  0.48484643378018999  0.49397298791284416  0.50334355531866970
  0.51367539749623181  0.52529884829026796  0.53798433195039930  0.55005677398731301
  0.56125924991961906  0.57014616013290398  0.57823060703050722  0.58800575140669820
  0.59935959326145205  0.61174133442428436  0.62388439528084871  0.63612834437845134
  0.64782702430622752  0.65728753287283503  0.66688834749576753  0.67645036220233434
  0.68626851752455853  0.69724654011198162  0.70747424413256121  0.71751572402488795
  0.72780012830665453  0.73822659081056452  0.74800121970838218  0.75788439167270416
  0.76889418898525075  0.77911411083450677  0.78823715185148924  0.79689423813626270
  0.80537538975018730  0.81359385537156970  0.82186691390640387  0.82999752316577868
  0.83914517058490634  0.84973477446988632  0.86150419286565361  0.87370203440427419
  0.88429826240552634  0.89537974685206900  0.90601664616589750  0.91832539872768104
  0.92940154778684070  0.93899673854201060  0.94808115172478657  0.95720523352881182
  0.96673919778338702  0.97704138896005233  0.98831812694600985  1.00000000000000000
 -0.00301137449736343  0.01047173441816213  0.02123723893044161  0.03074892627424683
  0.04009630826944417  0.05176335298608718  0.06499282846232746  0.07767557924015973
  0.08928854150261467  0.09929221923855082  0.10885833143122552  0.11790981148441469
  0.12694157210739865  0.13610797099941652  0.14571807123127120  0.15636899312899100
  0.16688809943425906  0.17611843768580965  0.18555526586436963  0.19599077388962227
  0.20737539358412382  0.21850641565330467  0.23024277005326263  0.24364610506446305
  0.25562915903363337  0.26666967495957544  0.27659683988022860  0.28536515062262097
  0.29345341073935216  0.30113798413231974  0.30834407906431577  0.31618699486437113
  0.32409263571351266  0.33475850746035862  0.34802739998313681  0.36049629095719393
  0.37053175944034850  0.38111587192043966  0.39139898644315213  0.40115213656548854
  0.41048204988678361  0.42000515968333924  0.43036277143490498  0.44065076334397008
  0.45020062535028360  0.45992892136331609  0.47054990573623467  0.47811713606089423
  0.48599493413983530  0.49397480049504677  0.50391857059130707  0.51590394652199878
  0.52692675008844148  0.53695904166143316  0.54695060792972960  0.55913201010466829
  0.57222942397181653  0.58507962158414817  0.59820679976802904  0.61222500828197990
  0.62633642091366204  0.64033911490584983  0.65432243434998205  0.66769599733019314
  0.68177422452851144  0.69357613856628675  0.70470924136407742  0.71485475400672838
  0.72593788099025314  0.73611930442386553  0.74659531444570848  0.75696884697962452
  0.76856730632784598  0.78008190515787790  0.79080545048805839  0.80035917790231415
  0.80988621324700283  0.81927920405040167  0.82837790981633419  0.83801900331528378
  0.84836093614148855  0.85743902966947039  0.86640176460028961  0.87564389436933432
  0.88521522986453338  0.89714246963691380  0.90940658346521264  0.92096575503785860
  0.93275455291555398  0.94347936999215187  0.95176911928956287  0.95961552462414135
  0.96764962404765176  0.97663710322241271  0.98801986586208768  1.00000000000000000
 -0.00310118376610366  0.01313651806447853  0.02478322763248584  0.03336581532532013
  0.04185608278002328  0.05089552122774617  0.06136581905470374  0.07177903203583297
  0.08252590306612904  0.09465514477992437  0.10665031511942884  0.11742258455008682
  0.12722101611749898  0.13668784055428515  0.14650988500240242  0.15760555890293262
  0.16778921609449213  0.17769703171649073  0.18845473104450983  0.20116959813085347
  0.21433209566890829  0.22710749632072835  0.24095163875336292  0.25525943354722730
  0.26770178284262502  0.27773147198400405  0.28635644950965816  0.29573743346651321
  0.30652115986288708  0.31795445736125350  0.32743866802481308  0.33682143834047118
  0.34623445642494033  0.35546896293463559  0.36430385232350626  0.37284575966742600
  0.38222070855639106  0.39131753337728775  0.40081510669031045  0.41006675283070282
  0.42070314912529022  0.43177880487802722  0.44134546681062126  0.45103066743494036
  0.45992925070954183  0.47021131945282313  0.48145599983597337  0.49102190550608532
  0.49948869804615592  0.50789625973677144  0.51652546617935569  0.52669058337308239
  0.53765593177002902  0.54836034514377896  0.55888768122865351  0.56943624001010140
  0.57969865279949950  0.58931738887780227  0.59978737453574316  0.61009355342988969
  0.61988209790465465  0.62945857912927083  0.63970169917856201  0.64976912900609385
  0.65818476253775349  0.66618874979217457  0.67451470876223163  0.68508004931867628
  0.69622346007217784  0.70795878237772125  0.72247925341548769  0.73701479047813323
  0.75081797289748864  0.76494475789910799  0.77948305893713410  0.79171093618896182
  0.80082574893234082  0.81075948282284527  0.82118494364458283  0.83205841442240425
  0.84588947084964017  0.85844984955126136  0.87136316995340857  0.88293679649129875
  0.89299807103914119  0.90194613090859665  0.90928599690033585  0.91728619568949166
  0.92435380927286681  0.93326711620138481  0.94379411488839304  0.95466794926893916
  0.96535758408618311  0.97598914487168842  0.98782150590718720  1.00000000000000000
 -0.00185815419558468  0.00924275407945148  0.01868728951385660  0.02867740273428732
  0.03780633578398234  0.04664264842556121  0.05640053276379724  0.06640896655609546
  0.07605995655521723  0.08596865721019117  0.09541850903008578  0.10592801738946980
  0.11518688037328800  0.12383446823822507  0.13214763832640411  0.14080572339685923
  0.15082935279553655  0.16106065865739333  0.17155308450117060  0.18160835808311315
  0.19256108943859276  0.20457228655263782  0.21737174703381409  0.23123135227745614
  0.24583333425155071  0.25832897932108656  0.26905569735208851  0.27868790958681300
  0.28899632533343506  0.30022898154010091  0.31072060650925903  0.32048104506249270
  0.32968301585550708  0.33935958564218771  0.34868860159728188  0.35703174840911334
  0.36561478946517728  0.37452205344986378  0.38575401804030712  0.39649448391088021
  0.40628636320174771  0.41563465914010572  0.42453069087189532  0.43386738572275124
  0.44436568648472802  0.45574746662353788  0.46664218989615008  0.47769631018664699
  0.48703923986328784  0.49756907211515933  0.50806105449081207  0.51851551837399212
  0.52829863370035413  0.53740802300921964  0.54590970018844820  0.55543862432268776
  0.56382684344676870  0.57258410960024086  0.58085253567369466  0.58923411566677042
  0.59954720605373002  0.61016557813680372  0.62000314223228847  0.62961985526358699
  0.63947150949198617  0.64942962227126355  0.65910236462869920  0.66800801447897429
  0.67706150308335011  0.68770096505871725  0.69978986500670914  0.71011570213690212
  0.71884058498971215  0.72685683430527770  0.73517430962066244  0.74387185643927456
  0.75314754606332424  0.76401071719362579  0.77710474842834898  0.78802067606078396
  0.79932836930042561  0.81107878993482330  0.82617188169324085  0.84096017155416058
  0.85548103541006559  0.86833174893717602  0.88281593322245633  0.89751687437285899
  0.91403899744706651  0.92646985985682206  0.93842505935294618  0.94813359975173761
  0.95958166050628702  0.97165316499885490  0.98373776894693354  1.00000000000000000
 -0.00267029299941389  0.00986398720507510  0.02143938788267829  0.03292870326616647
  0.04486975263834056  0.05688876520253361  0.06786613025393712  0.07718462546046384
  0.08670622190888179  0.09611217986771119  0.10550558002891797  0.11440500010625146
  0.12383640168670643  0.13259499574711872  0.14134262822982030  0.14986456973644433
  0.15886672760221870  0.16854049300886734  0.17981248870642608  0.19117929512158391
  0.20239932117251597  0.21482149250772908  0.22889047597019060  0.24354396647243956
  0.25833531326906251  0.27275203268396242  0.28659753558553769  0.29654400332153424
  0.30533053554748252  0.31455779057466715  0.32478400855544165  0.33564702133160873
  0.34636817040444984  0.35848350852550026  0.37087019672477417  0.38244461760289084
  0.39429650179517378  0.40694226899001734  0.42028999361626118  0.43050034493263173
  0.43917786968925726  0.44655690020050048  0.45339870465978466  0.46062212256042301
  0.46809264865519307  0.47814156116216699  0.48805968617079154  0.49637997357233654
  0.50416921411107951  0.51282597416668685  0.52274016927746247  0.53583258605897444
  0.54707156692667558  0.55495058559772747  0.56244730103420348  0.56937961278234628
  0.57728045907729308  0.58699919811589263  0.59599227534012533  0.60505983711032330
  0.61492747466494990  0.62693743577859995  0.64113726697138673  0.65526557170572741
  0.66605211509692985  0.67738405015806846  0.68855233636051649  0.70110423683078571
  0.71315553885223215  0.72674166419174335  0.73907298188692472  0.74847896579767803
  0.75756896059960099  0.76627171255994098  0.77496605120591122  0.78448322382849456
  0.79344012213078696  0.80221302816197859  0.81174129072482293  0.82300641617926262
  0.83365485505167458  0.84322764302877973  0.85303624660963040  0.86459440001410337
  0.87828299580933933  0.89041301132377748  0.90145364303286768  0.91211579297043499
  0.92236493499011929  0.93194930995182956  0.94210146304258102  0.95348677047413088
  0.96502828748005454  0.97627016809896727  0.98797271153286881  1.00000000000000000
 -0.00115174619661892  0.00444562124811206  0.00976887353810417  0.01562812978211633
  0.02185325996628493  0.02751330554365019  0.03249460873836441  0.03746622819351497
  0.04225400363004122  0.04693061408985173  0.05202443265861974  0.05746143746200642
  0.06382370865851617  0.07094323721318155  0.07808010612076299  0.08535376113772654
  0.09252641623770365  0.09852017841695523  0.10445091759207156  0.11139166494016106
  0.11912838497935822  0.12756369537058687  0.13713624780344288  0.14658660432629902
  0.15582749590575667  0.16425914282867188  0.17303757870036543  0.18184802745601797
  0.19158525535986440  0.20103991293022533  0.20913727091400466  0.21847990838632567
  0.22739471535329578  0.23671468420154096  0.24686560089660037  0.25670020911933378
  0.26621273236866416  0.27580698021521655  0.28566226680525253  0.29723184656237317
  0.30972355130127960  0.32197729525343505  0.33390899268628549  0.34526359060935835
  0.35656725468855038  0.36793809293232932  0.37997506908075923  0.39204557515734806
  0.40388943060019433  0.41610353764531827  0.42876817855276561  0.44047606228967262
  0.45151597546341848  0.46230291923225902  0.47371504088015787  0.48344923850236171
  0.49273325947789426  0.50272767062232226  0.51513302829061691  0.52859152228624140
  0.54088242073283033  0.55190762180629649  0.56322450127494439  0.57439826770583191
  0.58377355443418477  0.59305971987995165  0.60232457016606966  0.61267711571836014
  0.62494906868692546  0.63744679699337881  0.65041611209840622  0.66379392834065420
  0.67721657478862962  0.69104911746772724  0.70335233305476907  0.71560155669056202
  0.72787488552237412  0.74114748783421247  0.75435325706465473  0.76764565162991438
  0.78247124884095753  0.79999204203802898  0.81683044990842624  0.83245770356710591
  0.84699760680311609  0.86175862532527525  0.87497120906653758  0.88704059872227481
  0.89952782879537052  0.91364201642687537  0.92832655338470083  0.94294682911714522
  0.95616884430358640  0.96955294766030209  0.98315708490090381  1.00000000000000000
 -0.00202017761843784  0.00758182288074523  0.01626028376376473  0.02737767454845010
  0.03848170942374621  0.04836949218569980  0.05815335360269280  0.06899074953797417
  0.07836014731728819  0.08762874127884156  0.09786622968839567  0.10909341911672937
  0.12048149855150712  0.13295463380333222  0.14672317949026045  0.15995651814183046
  0.17258830512727166  0.18551587669303427  0.19768542237073888  0.20830471361235692
  0.21853490580083107  0.22812045312048465  0.23866221765630849  0.24844189042059728
  0.25899068274562803  0.26911485911937244  0.27927288558009483  0.29028746784368648
  0.30082865594268904  0.31111809952637071  0.32052963331243461  0.32984422089719501
  0.33906566059375587  0.34873473135189043  0.35840251886542723  0.36780457209963585
  0.37734909913253317  0.38615272673274664  0.39394251844186784  0.40100129344644381
  0.40789503221514711  0.41526634188005246  0.42340161444830354  0.43361229425612574
  0.44376677326905478  0.45392357233797992  0.46468799233469571  0.47583527069836018
  0.48701995466119935  0.49756221850567955  0.50805093196776918  0.51843805788297503
  0.52870306009193369  0.53900473071472432  0.55014713295914297  0.56223865810629214
  0.57330974781397104  0.58479679099814597  0.59639654448950119  0.60858643424820225
  0.62097234026862469  0.63281039657339189  0.64338065449589998  0.65344351804311240
  0.66352590791353760  0.67342608961380412  0.68211209226862113  0.69078834275632939
  0.69998386099381904  0.70924438289610003  0.71839634157896903  0.72739788813975503
  0.73698891353498108  0.74743428734419937  0.75809516190475457  0.76954079462545233
  0.78182167212818643  0.79541960229526687  0.80873749510704063  0.82198308012958310
  0.83356565681834915  0.84402978940383633  0.85491788364046184  0.86645241238689474
  0.87785543983367620  0.88886854822035444  0.89863365319060917  0.91148906787257389
  0.92400630952146068  0.93467415051915004  0.94452387212623345  0.95400417131143311
  0.96492708578448938  0.97729959152379509  0.98894286951343791  1.00000000000000000
 -0.00219971201418299  0.01104168690138994  0.02126042065424826  0.03192669009563728
  0.04149989175418982  0.05021809978722906  0.05948709849542917  0.06913251839612711
  0.08087943649365961  0.09382043613544866  0.10542849200910515  0.11658458245873213
  0.12816765751859394  0.14173797807315555  0.15422284839813982  0.16421014951589413
  0.17306226659461402  0.18154266456338139  0.19051811136319588  0.20060119284441941
  0.21137875654381807  0.22338179384637630  0.23497512447674571  0.24703797761772622
  0.25911573165027391  0.27013395568998283  0.28258479824923455  0.29405091886408985
  0.30510637409481822  0.31639571369196112  0.32612396494989326  0.33536432104009883
  0.34434246661850276  0.35379630150137048  0.36381629841196145  0.37461067849627022
  0.38666315169987769  0.39880117325682102  0.41000562904211241  0.42026098480871710
  0.43025856820041986  0.43952287139001006  0.44850272291971449  0.45768256088568920
  0.46786669225345306  0.47831524269392572  0.48901378303421839  0.49993862188503735
  0.51174947360335776  0.52385610037663055  0.53481685630107156  0.54535225636239526
  0.55609089161600544  0.56676028268134171  0.57734979956222887  0.58774570787701330
  0.59733698272040403  0.60642613953764890  0.61531929089263504  0.62529500284746153
  0.63828194717053777  0.65221422434196974  0.66470630126477337  0.67499053572098322
  0.68518247410675825  0.69448347966811519  0.70310791631254421  0.71116886604052398
  0.72031394616111533  0.72921404755942731  0.74052934082495625  0.75152350022549785
  0.76224671996070559  0.77310581839214498  0.78420693907495131  0.79546955873976721
  0.80630086893220954  0.81631417812598817  0.82690019097708489  0.83773884072798055
  0.84791493535106621  0.85691901225705336  0.86479326296943648  0.87419960684248088
  0.88406852310963202  0.89431710843604528  0.90435386899864145  0.91034256804648606
  0.91694369078997817  0.92451492751660158  0.93342934996133642  0.94799504562523740
  0.96238935470964904  0.97672852009836097  0.98932502703573610  1.00000000000000000
  0.56841625218686820  0.62400166288083680  0.64434298821797664  0.66509903788195379
  0.68032217792443950  0.69145241914773592  0.70101012807187335  0.70924479091725934
  0.71686821839337866  0.72495740089808181  0.73324711456106395  0.74220988022896262
  0.75039946809985703  0.75711031345647239  0.76348959132280636  0.77062246028405335
  0.77710320016250367  0.78317663319869057  0.78938927187025965  0.79581636632947472
  0.80174803515016113  0.80675326185146368  0.81132911913101258  0.81565794207994924
  0.82015638426694748  0.82489793664798139  0.82931372316046659  0.83337611145649382
  0.83701688950294761  0.84065313454238455  0.84439564820994206  0.84806146614105082
  0.85188209451742558  0.85513917255104188  0.85794134453147830  0.86097374902137835
  0.86438668160754162  0.86793982686887217  0.87103717943827252  0.87380083235987427
  0.87635620951358006  0.87901139761522673  0.88186523233100034  0.88472975630156037
  0.88765298545120841  0.89055446708166686  0.89349172713323666  0.89624832651077968
  0.89862675340206477  0.90086851550981639  0.90311685251602480  0.90550597530348043
  0.90802651372344123  0.91063464280973172  0.91296691334834135  0.91504668257745325
  0.91697624682729806  0.91890094922306886  0.92090707890866863  0.92305976804385537
  0.92522078643626671  0.92724189903958498  0.92918532050802327  0.93108544682176764
  0.93304808070954359  0.93513480000542104  0.93723754703745399  0.93926527573722740
  0.94122033291333662  0.94319392604415231  0.94520243606729148  0.94722330547038525
  0.94915499302896977  0.95099514182337264  0.95292118232861822  0.95496879740576057
  0.95729136663071956  0.95962897923568458  0.96178478821911662  0.96360272769155730
  0.96536632438939929  0.96709927383512095  0.96886694024757625  0.97097117605041772
  0.97304923867653559  0.97491927434722869  0.97666692937770960  0.97835052932206734
  0.97991387167613830  0.98182617606518696  0.98413028316204532  0.98655031460236398
  0.98931464722279616  0.99220009750802751  0.99566043084927169  1.00000000000000000
  0.04250745829966043  0.12425345672644066  0.15060896189339146  0.17651413158975260
  0.20444351925042606  0.22361347460068651  0.23536591383336114  0.24438378634931718
  0.25295545783903001  0.26146953688942159  0.27147881253134248  0.28167306071421183
  0.29159804241424486  0.30034299854421054  0.30766131128505392  0.31495366227758281
  0.32289052964395032  0.33155029463554420  0.33898375487577698  0.34557817930324763
  0.35213708480450906  0.35914095980975491  0.36688718044580232  0.37470844782252066
  0.38177381418223544  0.38801758019000843  0.39402574860114525  0.39951182921717648
  0.40544667918861133  0.41081872007200410  0.41594163410625107  0.42083066427207461
  0.42611582445200313  0.43185699414023238  0.43684676870398226  0.44167023914618991
  0.44636748555725431  0.45120480358228243  0.45756947503893752  0.46448977154958976
  0.47085300954201470  0.47629059772257631  0.48135796575697065  0.48625930586566207
  0.49187400715008922  0.49759641185205372  0.50312312858861519  0.50882567865896389
  0.51447210434410351  0.52022114480409021  0.52554890517524910  0.53110293986737767
  0.53652178751500323  0.54192274414108943  0.54702698393744009  0.55202989758860488
  0.55707904406006636  0.56228001871245603  0.56752190704786187  0.57343204261725422
  0.57952759357160377  0.58474257556261444  0.58918177633197921  0.59340715843149727
  0.59790187025054542  0.60317175631467779  0.60885062895020037  0.61421185358180241
  0.61974015570307317  0.62541651779900564  0.63177382805639093  0.63798326732887300
  0.64446219181525566  0.65022836689154306  0.65630581758530238  0.66252656332033821
  0.66825574821806988  0.67423848770836692  0.68067073095916786  0.68768064094109083
  0.69567513403184222  0.70289794076139522  0.70975320673667630  0.71656298126449947
  0.72387970878811780  0.73337680635514424  0.74483434157398487  0.75611438763518901
  0.76725704323077082  0.77884495221315930  0.79306301247621336  0.81092291162032004
  0.83581352651797247  0.87393997588536598  0.95331836852573426  1.00000000000000000
   1.0189367561019511E-009  -1.0000000000000000     
 F F F F F F F F F F F F F F F F F F F F F F F F F F F F F F F F F F F F F F F F F F F F F F F F F F F F F F F F F F F F F F F F F F F F F F F F F F F F F F F F F F F F F F F F F F F F F F F F F F F F F F F F F F F F F F F F F F F F F F F F F F F F F F F F F F F F F F F F F F F F F F F F F F F F F F F F F F F F F F F F F F F F F F F F F F F F F F F F F F F F F F F F F F F F F F F F F F F F F F F F F F F F F F F F F F F F F F F F F F F F F F F F F F F F F F F F F F F F F F F F F F F F F F F F F F F F F F F F F F F F F F F F F F F F F F F F F F F F F F F F F F F F F F F F F F F F F F F F F F F F F F F F F F F F F F F F F F F F F F F F F F F F F F F F F F F F F F F F F F F F F F F F F F F F F F F F F F F F F F F F F F F F F F F F F F F F F F F F F F F F F F F F F F F F F F F F F F F F F F F F F F F F F F F F F F F F F F F F F F F F F F F F F F F F F F F F F F F F F F F F F F F F F F F F F F F F F F F F F F F F F F F F F F F F F F F F F F F F F F F F F F F F F F F F F F F F F F F F F F F F F F F F F F F F F F F F
  <DiscreteSampler_grid>
  grouped_processes
  1 # 1 for a reference and 2 for a running grid.
  10 # Attribute 'min_bin_probing_points' of the grid.
  1 # Attribute 'grid_mode' of the grid. 1=='default',2=='initialization'
  0.0000000000000000 # Attribute 'small_contrib_threshold' of the grid.
  0.5000000000000000 # Attribute 'damping_power' of the grid.
 # binID   n_entries weight   weight_sqr   abs_weight
    13   10   3.348093411550446E-008   2.127852256082372E-015   3.348093411550446E-008
    16   10   3.348093411550446E-008   2.127852256082372E-015   3.348093411550446E-008
    22   10   3.668203668525417E-007   9.110049693976678E-013   3.668203668525417E-007
    25   10   3.668203668525417E-007   9.110049693976678E-013   3.668203668525417E-007
  </DiscreteSampler_grid>
