  0.00000233650472345  0.00000245907812923  0.00000257241556855  0.00000267820487773
  0.00000278154486610  0.00000289329657954  0.00000302145783198  0.00000315578505360
  0.00000328697781305  0.00000341513752726  0.00000355044460677  0.00000367179971458
  0.00000379911612604  0.00000393148830194  0.00000406653505052  0.00000419999723874
  0.00000433687533717  0.00000448639355551  0.00000463640672494  0.00000479837371281
  0.00000496034083900  0.00000511437070154  0.00000528184772714  0.00000545059617950
  0.00000561646071070  0.00000579672220531  0.00000600324977605  0.00000623349684485
  0.00000647073955635  0.00000671935095307  0.00000697274802728  0.00000725083275344
  0.00000751393704149  0.00000778040083302  0.00000803863060865  0.00000831699680009
  0.00000862619100051  0.00000894446746123  0.00000928523690979  0.00000966379395510
  0.00001011100605546  0.00001057591217696  0.00001112987546948  0.00001174603359288
  0.00001236159356874  0.00001297641742134  0.00001360628783738  0.00001423086718117
  0.00001482992454441  0.00001547850847919  0.00001613999620185  0.00001681951425698
  0.00001758828591258  0.00001847933714773  0.00001942423249268  0.00002048947440390
  0.00002171029910965  0.00002299277678375  0.00002435938207421  0.00002587479975680
  0.00002756375185766  0.00002941713580375  0.00003135333364802  0.00003350163867529
  0.00003567361427648  0.00003774985871562  0.00003989997045108  0.00004213811826009
  0.00004438062971180  0.00004735844767603  0.00005030026387719  0.00005378423891876
  0.00005767206493669  0.00006188010971515  0.00006637303741907  0.00007172313151919
  0.00007792388020865  0.00008475621874085  0.00009141640269111  0.00010000574528302
  0.00011126559868556  0.00012528214776831  0.00013964073493965  0.00015727996406318
  0.00018051152878663  0.00021187025288763  0.00025190185133494  0.00029507168101836
  0.00034510064719026  0.00040212350103827  0.00048734568156199  0.00070584241770839
  0.00113072302032357  0.00222990909923892  0.14765677242695480  1.00000000000000000
  0.00399351131952952  0.01148330131972228  0.02236464871428133  0.03442776138900502
  0.04692768540597821  0.06015687660123356  0.07087785916491890  0.08045424913382632
  0.08984292074214914  0.09934762309667251  0.10821142645326866  0.11665992837645747
  0.12524861335744952  0.13431165064824185  0.14340504580648553  0.15226908703145542
  0.16107949022717702  0.17048382959374364  0.18271603332329533  0.19482268717217582
  0.20704999800038193  0.21746139679386800  0.22684448094668211  0.23610939386179469
  0.24592144436567359  0.25673636925955229  0.26810215544638466  0.28081630625782139
  0.29241287943867511  0.30340191506406444  0.31467986563220052  0.32596502345654943
  0.33641522252378436  0.34774173952602877  0.35940413777115493  0.37259244045404133
  0.38549738840656800  0.39718814221365778  0.40761390066465619  0.41784068346503650
  0.42778987762687365  0.43904246297394828  0.45103828582094191  0.46330455218732935
  0.47551976467757751  0.48747759147301623  0.49939243649212239  0.51119963837956361
  0.52208236275507236  0.53391470429495269  0.54499323900013474  0.55600101123430623
  0.56648612314048408  0.57720943435597361  0.58848773274884869  0.59928248475495605
  0.60937214001540285  0.61929894471065494  0.62943042782449066  0.64029434030408960
  0.65213143913400196  0.66362369443408431  0.67480760922896010  0.68670939464665093
  0.69925613677298148  0.70924399333549704  0.71936297568520746  0.72864218375792955
  0.73822848643164629  0.74860431980911268  0.75903710480451103  0.77047532791883133
  0.78163888234580037  0.79177287256510775  0.80116224847288986  0.81093607097355902
  0.82159827379363637  0.83329099896736114  0.84213520215072457  0.85185930117150743
  0.86069349263318018  0.87044173314729967  0.88066499779266250  0.88957229793070913
  0.89827367661424795  0.90692377036560723  0.91545542236269950  0.92401316959954327
  0.93294544726009010  0.94225708086450111  0.95084165386185893  0.95952317026723677
  0.96822965266813754  0.97816721941247742  0.98850046749503384  1.00000000000000000
  0.00005715298268704  0.00006584185525231  0.00007358517521484  0.00008159783689068
  0.00008786298631438  0.00009383378506713  0.00010027555264874  0.00010758278012115
  0.00011494871706573  0.00012238257570585  0.00013033064058465  0.00013857710073667
  0.00014646349171900  0.00015415803700765  0.00016228239272984  0.00017112634801187
  0.00018053902200952  0.00019006515984955  0.00019981752895282  0.00021052894020288
  0.00022182889487921  0.00023194674793881  0.00024218140877270  0.00025217050212227
  0.00026348681802512  0.00027606698132321  0.00028873848262709  0.00030165789300721
  0.00031554343673218  0.00032896583703096  0.00034402212135090  0.00035984144710607
  0.00037603777827125  0.00039233284037864  0.00041156083775430  0.00042920214907282
  0.00044552940037827  0.00046085179222099  0.00047624762978905  0.00049295492984514
  0.00051240813638318  0.00053479015108856  0.00055837475266726  0.00058215331398612
  0.00060614178466139  0.00063093993826683  0.00065944313336600  0.00068848136731110
  0.00071636706731408  0.00074954382207874  0.00078316272052282  0.00082047290409046
  0.00085970167086680  0.00089998335687380  0.00094828917291108  0.00100182341243957
  0.00105935987479113  0.00112393986985790  0.00118413080181725  0.00123186933904185
  0.00128319286351003  0.00135892367590155  0.00143255480402854  0.00150693652440439
  0.00159777933900804  0.00170528325982843  0.00181116677265278  0.00191039823947131
  0.00200661749258810  0.00210909237114064  0.00222888043579027  0.00238005535095067
  0.00248545822198051  0.00257836937336472  0.00269295814658435  0.00286203335692272
  0.00314940317974182  0.00344980480064073  0.00368091124591661  0.00393252614994685
  0.00419321113229170  0.00444227073527847  0.00482967743282880  0.00527458138163538
  0.00581180422653056  0.00642375714687340  0.00704244579104340  0.00786307386104269
  0.00908553238346542  0.01026762128037931  0.01139023040301975  0.01230705690401105
  0.01400988941928462  0.01943758880037404  0.19222998346370929  1.00000000000000000
 -0.00247202753529520  0.00923153187976129  0.01904445884111183  0.02967569140136653
  0.03980709719045599  0.04900645153755261  0.05700324949452863  0.06484908881936852
  0.07253709844879694  0.08020040827409287  0.08874655944970991  0.09766313510282879
  0.10724812411084376  0.11839998948321845  0.13048465143941435  0.14302959165021314
  0.15590519692962893  0.16911942868776828  0.18286885720933829  0.19520829375155971
  0.20629861762844035  0.21760538796996914  0.22916848813089177  0.24157542118298733
  0.25440205905438901  0.26645195427426044  0.27695204438298865  0.28668780023325785
  0.29769171373576470  0.30899285510598418  0.31979187812398757  0.33149828413497717
  0.34382074917880640  0.35650257668876539  0.36760046786160899  0.37697549995517365
  0.38579400719947088  0.39587936206857977  0.40612202475315001  0.41680892216349841
  0.42768813109931614  0.43786219740366034  0.44888917469175832  0.46035462074249073
  0.47271764672982086  0.48591366007716802  0.49908375458147786  0.51190766847590174
  0.52426372464598670  0.53379468898095062  0.54464288246999648  0.55349354041287835
  0.56316638752286885  0.57356483700527272  0.58732169873302731  0.60208369284990537
  0.61632132483549473  0.62823090283984007  0.63945953949984169  0.65111938464515995
  0.66410742721724991  0.67550078677522452  0.68665513409819112  0.69810646394910669
  0.70950464613266795  0.72109885570854249  0.73345882492351333  0.74569646779956433
  0.75737833544280875  0.76772782968883935  0.77909607237522394  0.79040867529333492
  0.80149114968016377  0.81280473475394965  0.82481776568665710  0.83767042260250502
  0.84838898418097730  0.85783248489841268  0.86730545402000669  0.87599533768903903
  0.88390836119509819  0.89106135300454681  0.89835755144551066  0.90765125978428984
  0.91712411947795658  0.92604372610309771  0.93455748959908846  0.94310506637397740
  0.95160259228526189  0.95896372984271272  0.96521036353639433  0.97122245987802014
  0.97776578094231481  0.98464736237440997  0.99203345921384967  1.00000000000000000
 -0.00250504597011597  0.00970770365234764  0.02123666409734144  0.03389288564138213
  0.04700605354553979  0.05831351859500768  0.06725630531287356  0.07465212374395937
  0.08200327623700369  0.08932771686785390  0.09661234543202586  0.10489571429487381
  0.11302915920787221  0.12150582274079247  0.13153193874378899  0.14341016959350023
  0.15531927851289237  0.16651206821002565  0.17593632417319718  0.18466479145557513
  0.19334081309619069  0.20150961277018409  0.21211610608277370  0.22322485414418314
  0.23521912982860455  0.24693542280301889  0.25912570760914400  0.27140013536578161
  0.28327707578140204  0.29486594090906809  0.30632498703763611  0.31750374068524478
  0.32784008251879720  0.33733159015458869  0.34673432683932237  0.35663946503437888
  0.36806649480877685  0.37993077870797110  0.39136424274428505  0.40193642268816826
  0.41223623242232915  0.42177613568288613  0.43210426896890053  0.44262394544041456
  0.45316592510610459  0.46344887239151661  0.47314719045379322  0.48303898226533670
  0.49370923356729740  0.50395596658943265  0.51340490321694732  0.52277782447988497
  0.53259122948998361  0.54252408964156207  0.55292482732150960  0.56425007151152107
  0.57942136306337155  0.59126744972906009  0.60184015108204836  0.61107017636315586
  0.62013950632052106  0.63214798583035703  0.64427759380822802  0.65488892623851080
  0.66489799070494682  0.67485152807677218  0.68431335199034438  0.69445932051915882
  0.70401224728948597  0.71527327420369358  0.72520591960990677  0.73449621192603742
  0.74396054172640269  0.75357055572924914  0.76489197135272402  0.77634413475475594
  0.78611010697745554  0.79636762808031603  0.80677747446950243  0.81642435719682904
  0.82618645259790191  0.83632228442211642  0.84864785910402485  0.86063511570710571
  0.87262848954719885  0.88480940028950583  0.89748179952732643  0.90855627145370488
  0.91821031678407405  0.92844936492105978  0.93939949234230247  0.95102206310252357
  0.96271673379316303  0.97404075249728483  0.98748046011409396  1.00000000000000000
 -0.00332048937612294  0.01501677546503376  0.02579215687955122  0.03572194515325705
  0.04524380062633823  0.05527459640557206  0.06661139174026673  0.07784903014865599
  0.08891512337580693  0.09879096425120185  0.10768462573213453  0.11412736147270562
  0.12104918589674583  0.12892309927899667  0.13998190480743342  0.15337144708161371
  0.16478370823314639  0.17518167340535959  0.18426467943781397  0.19388302513392153
  0.20268293069454579  0.21164408104148258  0.21959807933165887  0.22606089987191613
  0.23300887751745292  0.24023407977257055  0.24733760766759161  0.25635119440479875
  0.26574382212020675  0.27463165883965285  0.28291693019334330  0.29105572444118943
  0.30009314157822509  0.30921526767978280  0.31861532305372092  0.32818388809471044
  0.33828403034689675  0.35013816656160474  0.36373068683550686  0.37728468102169693
  0.38860855378369552  0.39943945895108018  0.41025059039430345  0.42111550284158572
  0.43194713746500107  0.44285032503625676  0.45446642839648344  0.46528334355557238
  0.47652073866187689  0.48899522420650843  0.50144985423498856  0.51146160707875077
  0.52082764726228248  0.53008223726157655  0.53991782791290865  0.55082182644743216
  0.56274111400765292  0.57450744525970832  0.58565675824530428  0.59679612827252249
  0.60905793635364858  0.62084095575950216  0.63120178733077803  0.64069415913171968
  0.65049749937477197  0.66045506342508664  0.67083920803155694  0.68180115623701065
  0.69243509382255142  0.70202984139653180  0.71053452358043190  0.71882727879447927
  0.72697818468108022  0.73651552583009361  0.74591880764595142  0.75765822180616316
  0.76952651090150281  0.78171101884856986  0.79321712391951382  0.80425466241527022
  0.81613810815435017  0.82815551083050509  0.84020396229711525  0.85142789023677934
  0.86469084413644937  0.87671197655072763  0.88842122689085135  0.90004549791168875
  0.91273796337861979  0.92488682534050914  0.93691157009398529  0.94963431154687172
  0.96206079818419976  0.97385055318684854  0.98662585707836281  1.00000000000000000
 -0.00193302872355598  0.00907668879235070  0.01922447155314247  0.02922047228134234
  0.03869944202322544  0.04690038281364008  0.05428004112238272  0.06297926430892876
  0.07263144767964638  0.08288500612490213  0.09303269287706953  0.10348312895397414
  0.11430062915545132  0.12555492730255916  0.13620704154675856  0.14744901592348755
  0.15980886138036868  0.17301113548003433  0.18602797213923677  0.19731353216088765
  0.20832723123635721  0.22031981500644154  0.23335838908763562  0.24625622432315544
  0.25823296963062514  0.26970035959900507  0.28022120459626587  0.29050035929293699
  0.30198647131234563  0.31379551453546256  0.32440694246704432  0.33408908915576413
  0.34454855765537407  0.35458747885824393  0.36636644847949601  0.37808023174011696
  0.38977135060464296  0.40321468969045376  0.41658051956586828  0.42893150701337979
  0.43945977474588616  0.45031256347270715  0.46070665009901812  0.47058409235570475
  0.47999032662294550  0.48769778677283981  0.49510703690465380  0.50320273648143787
  0.51221097237562463  0.52226483414094671  0.53367270753994345  0.54471732302042231
  0.55562788271980756  0.56635018962343964  0.57594119292922119  0.58462618788803400
  0.59303912217903287  0.60117155233762487  0.60933545232707986  0.61984111639705985
  0.63012654759430498  0.64084218028547413  0.65134084283364713  0.66153408613199449
  0.67057918386320881  0.68033375081775416  0.69009639173793280  0.70179619664683601
  0.71412932738808010  0.72755933463622191  0.74005717779480018  0.75113326301051297
  0.76138831631516002  0.77104487185399706  0.78044252102690925  0.79005709771414967
  0.79853789650570706  0.80750088663313047  0.81682607990196143  0.82670184265778313
  0.83685765804447554  0.84693972092373249  0.85833395588272188  0.87054172470678925
  0.88336804052772233  0.89429044922250100  0.90479788172438214  0.91512612366424217
  0.92677204213415076  0.93877391869378513  0.95018981125896163  0.96143261929414714
  0.97118622015998823  0.98053733821702904  0.99004517321294117  1.00000000000000000
 -0.00291827699286968  0.01356980370191484  0.02672790556454837  0.04032432253839015
  0.05186392924542922  0.06357647915171005  0.07453483689523882  0.08521619797483099
  0.09566813353667374  0.10645534653748091  0.11802832979644703  0.12948028220107219
  0.14019362996348986  0.15002994394882518  0.15947809744071817  0.16950878921546572
  0.18072235944072756  0.19277684979472498  0.20364301588151201  0.21364573294478251
  0.22313799550795413  0.23237497785411346  0.24110342513885466  0.24916807296915425
  0.25795638987519376  0.26703171224174793  0.27774356675437550  0.28976258149431777
  0.30178747799303340  0.31332214554143861  0.32403114383857479  0.33481651268091145
  0.34667481491534224  0.36000936408435963  0.37364708870973767  0.38420822618787659
  0.39292042196429550  0.40151672513555853  0.41129535002156148  0.42304678462639245
  0.43388704136070205  0.44378300488602346  0.45388979842561039  0.46510923750453947
  0.47735851881776464  0.49020331333426392  0.50388392299959350  0.51810958731808121
  0.53063104171827613  0.54282645329486912  0.55591524342707654  0.56894755684762399
  0.57904720436686208  0.58908901806405312  0.59931372061382693  0.60911518420826660
  0.61910134039439191  0.62907789568231853  0.63906577438422141  0.65004096696558022
  0.66184418440017978  0.67300451751757995  0.68226105597470277  0.69122412747550233
  0.69944560952908419  0.70590001964797611  0.71189928310145090  0.71791122733385160
  0.72469364219578236  0.73476334049594183  0.74598394386868938  0.75843554973054772
  0.76925524732523765  0.77994356270370235  0.79040986820947068  0.80120051964285721
  0.81339154937067137  0.82596526833122486  0.83825798848680899  0.84970204504123070
  0.85979012270871946  0.86889078574136591  0.87703004407338780  0.88399374605984182
  0.89124423400779718  0.89834889036719734  0.90516692149470857  0.91138210662359509
  0.91859982086612590  0.92780054285800129  0.93906684224051573  0.95092569259726090
  0.96215553058971981  0.97334188582226189  0.98587535696864725  1.00000000000000000
 -0.00140109417178384  0.00781045334036681  0.01674418782331948  0.02710544052678529
  0.03733828851545111  0.04752177336969787  0.05882487611346072  0.07117446585337561
  0.08362242633449288  0.09629153801847232  0.10895136462411444  0.12136125256344170
  0.13451790747715087  0.14780165981576926  0.16128698706482503  0.17374307082489113
  0.18463623471521576  0.19570672826461569  0.20666851543820333  0.21544010019221299
  0.22398195520663697  0.23292198245174453  0.24355144547874807  0.25351240180618650
  0.26136580449193952  0.26886965997052592  0.27679855671493603  0.28461488119420947
  0.29332995817717122  0.30147875799495405  0.31008986625137702  0.32165784632227046
  0.33558637542046321  0.34848373353454687  0.35901980720588805  0.36844299038479406
  0.37739873275652452  0.38608798730272276  0.39495201863218982  0.40434976047545695
  0.41360613242653571  0.42263882414643389  0.43209206125102512  0.44117332685423216
  0.45379524116626263  0.46500609240189178  0.47638086211622743  0.48796828333797942
  0.49930513266278653  0.50999140532012976  0.52094654141102426  0.52943366771938305
  0.53708027161453353  0.54485519999828957  0.55339801750588324  0.56413755424396828
  0.57477470369686701  0.58554598705304017  0.59740520021544519  0.61119294302624971
  0.62499964097234006  0.63752299095129084  0.64894760928539408  0.66094421346326726
  0.67380761592736271  0.68697720018253361  0.69995275446400951  0.71137414759472684
  0.72135949540627986  0.73141948921112698  0.74238476249539909  0.75282448141457414
  0.76109112641509491  0.76878959121760659  0.77658069762269355  0.78523577794233423
  0.79529235603824211  0.80539556872738483  0.81789108549609446  0.83106825010037111
  0.84327824726158052  0.85512541712920065  0.86586626926895260  0.87583602144093797
  0.88414744939666856  0.89175292383426286  0.89947097842912560  0.90855739208090425
  0.91990012833136692  0.93121295201067456  0.94302041329441466  0.95587304083024660
  0.96680858483390064  0.97819286458148313  0.98930870838320684  1.00000000000000000
  0.00146684784622647  0.00766114086593616  0.01400574600755626  0.02052910389126712
  0.02815352262219358  0.03534958462572697  0.04227740845822311  0.04969369088925751
  0.05697086132569246  0.06444187284392933  0.07086952410172306  0.07766639422067555
  0.08614310600798111  0.09579192441170963  0.10503599546060141  0.11341684677254928
  0.12214509946343742  0.13145762929683685  0.14039176676262904  0.14743506230667330
  0.15380164056206902  0.15981450554412338  0.16688723014214984  0.17610581813320442
  0.18580164342187860  0.19446855950359471  0.20286687253316626  0.21144748907637556
  0.22403164475614087  0.23592333645757246  0.24482340515392118  0.25299398487444130
  0.26218537723582486  0.27207820468690508  0.28276943742214439  0.29434935994028594
  0.30592189960931587  0.31715093376716746  0.32744958793340734  0.33775628916595146
  0.34951914159345387  0.36452115595434648  0.38021729164655571  0.39492038003611057
  0.40809615653478787  0.41997964343485966  0.43167690586123914  0.44398935859770966
  0.45623037051925286  0.46804630205340003  0.48081506631387616  0.49322852802829703
  0.50412120011740869  0.51431015649698530  0.52538769711193756  0.53820802574211457
  0.55269505297841337  0.56806175982024176  0.58311901555976942  0.59786741214119232
  0.61198466554393971  0.62635338463350299  0.64098627575791534  0.65526612588748534
  0.66871090985850667  0.68051115228088677  0.69108081366770913  0.70094800061986740
  0.71004745306736616  0.71874411412269945  0.72859805704820568  0.73974329159591357
  0.75078159613002149  0.76204553165461253  0.77291986727408490  0.78539107964944443
  0.79758879329400301  0.80940196109791585  0.82170935067362705  0.83349404831071849
  0.84455174450820125  0.85510212827279308  0.86532804128999996  0.87546026660942144
  0.88728393881007284  0.89828444073597180  0.90879212371271301  0.91777374042164506
  0.92709504603275705  0.93637885811978327  0.94623189291953025  0.95614338486153216
  0.96573115731077730  0.97589499814884195  0.98715411352457239  1.00000000000000000
 -0.00236189164769894  0.00966850140420227  0.01917227308030701  0.02866492713466604
  0.03869086006825065  0.04800831894805899  0.05749406148114466  0.06709555957777817
  0.07830242731424619  0.08908924358915007  0.10125207994717965  0.11322131797910595
  0.12597474309434675  0.13925233785937308  0.15217805938678119  0.16485334590269329
  0.17749242021122016  0.18945781059108893  0.20163564615658366  0.21449615583512155
  0.22527072705150725  0.23478248490001485  0.24319173843801023  0.25017985208966798
  0.25724280061542770  0.26445322872405708  0.27368943820989317  0.28599499066950335
  0.29822471239288523  0.30870982728874108  0.31881345330429783  0.32895131112699699
  0.33773162391139633  0.34785856081716993  0.35794197600453870  0.36922174087012194
  0.38206694638620153  0.39458373066870261  0.40820676682613483  0.42101534253294987
  0.43033911229080063  0.43929844155537462  0.44718378540103160  0.45524825254274948
  0.46415415463576226  0.47404939120333739  0.48499241954400002  0.49588299178871892
  0.50616518225739515  0.51788856768527469  0.53029067864736679  0.54303909374681858
  0.55325011177472372  0.56184597917836920  0.57089591442466447  0.58023678021361702
  0.59216922952376194  0.60524328863541621  0.61783061088801050  0.63005018332613338
  0.64178477981735804  0.65521906685516207  0.66841186082054160  0.68088393188848084
  0.69330765895199242  0.70552015449513827  0.71635900671993935  0.72627782950245046
  0.73675529440412779  0.74722257340852183  0.76015732021230176  0.77258659447833666
  0.78506845525001923  0.79524264722410132  0.80372494766914970  0.81165600586854303
  0.81883469410658116  0.82598849153792209  0.83373567467638943  0.84208614395090686
  0.85065043174525212  0.86126706686661503  0.87372414761874562  0.88514339625404836
  0.89509836467959492  0.90414080316570178  0.91299841847552077  0.92349302739156025
  0.93279235193457311  0.94346730699876935  0.95332167912289723  0.96167626086671276
  0.97107166778925602  0.97985358158939873  0.98920319195727524  1.00000000000000000
  0.41495803407743281  0.57428561299280423  0.59851982470259535  0.61107322045907919
  0.62081431003181220  0.62788931853163266  0.63645710567593239  0.64436378750092449
  0.65086293625123492  0.65695479929689771  0.66269029894719800  0.67149778092774692
  0.67999267692664123  0.68861680653438251  0.69802187964461648  0.70717685966237509
  0.71537191779685505  0.72393126458463342  0.73191973465941740  0.74003421619266085
  0.74912244417967133  0.75828934845520934  0.76759021568119501  0.77688011412004476
  0.78491944705894590  0.79178108015517845  0.79756110211333198  0.80274706005341201
  0.80738037470625790  0.81185283990444002  0.81615821707807568  0.82089973371418257
  0.82552448539663548  0.83011250429714623  0.83442445648340091  0.83913414821606180
  0.84401765479515056  0.84874471892948411  0.85297509372938729  0.85665497482599984
  0.85996720005293625  0.86301763005553556  0.86603276065542723  0.86935300746671373
  0.87318170391916650  0.87722520659544256  0.88093920061300413  0.88429408866282222
  0.88743300505017475  0.89041327295459638  0.89333917337278457  0.89624677585140999
  0.89927974571701796  0.90228159485143122  0.90493898799071859  0.90750589550745553
  0.91013222275471650  0.91297283536943008  0.91603590855935035  0.91903392673323026
  0.92181713292705036  0.92435519298014091  0.92691575263000403  0.92950135117860644
  0.93222045531312003  0.93506170243074627  0.93785253120737588  0.94036156890010025
  0.94264187169110891  0.94475876369245493  0.94683303261472906  0.94901562723830701
  0.95122373742030009  0.95325001658802233  0.95525886731254039  0.95728020656489377
  0.95925603313242669  0.96137004540530735  0.96345252070743048  0.96551073874153015
  0.96770265206931849  0.97000875970653744  0.97213412884157091  0.97404653544931252
  0.97589285409633419  0.97764355412617032  0.97950956790103372  0.98138661069009969
  0.98332113758671869  0.98533788305578596  0.98751128923185560  0.98979489954823696
  0.99209731331398476  0.99444610194535865  0.99692593855694744  1.00000000000000000
 -0.00950976989797437  0.14822674445296702  0.19540065727702016  0.22792315936852964
  0.25266266811743854  0.27401969002446208  0.29392969879078323  0.30993605026536419
  0.32350919174077902  0.33549311346364519  0.34717574060472828  0.35822657836953886
  0.36792686915802192  0.37718407022703559  0.38655906201863754  0.39636597709807159
  0.40625689378853946  0.41592340785047249  0.42570003858622152  0.43579588236394246
  0.44552074029817396  0.45490236346883889  0.46339468744836487  0.47127748811285308
  0.47890391808296251  0.48647905550334425  0.49337426998254574  0.49994378662356792
  0.50639681275225534  0.51279628794654197  0.51903672427375480  0.52520206068865405
  0.53171533423444262  0.53876545001126142  0.54520249379111552  0.55094804885439896
  0.55647992238369270  0.56210633571653801  0.56787397172330389  0.57370124071228001
  0.57938769213480124  0.58476971151615886  0.58979716686585981  0.59452850896202558
  0.59887592420631219  0.60270220007075448  0.60731041841162126  0.61267243970028840
  0.61883482386040600  0.62413104680192888  0.62881787180817994  0.63313110030746800
  0.63721757851322292  0.64162329513091476  0.64673273193106706  0.65323012575131834
  0.65947820728309114  0.66606264100306944  0.67289096980024132  0.67984646751826094
  0.68656171236494246  0.69284801913205585  0.69864982348903526  0.70357042509664824
  0.70873745519025000  0.71350842486431088  0.71830098469130621  0.72332827403550148
  0.72746474985935472  0.73082703471640043  0.73425311986415132  0.73807102755695875
  0.74261864077108719  0.74789685216324597  0.75297620727547343  0.75787407534078444
  0.76257913649598064  0.76726289790864510  0.77209505954711777  0.77748237941829690
  0.78393895631832422  0.79106605716291556  0.79753987236927071  0.80371602073704818
  0.80968070842027595  0.81639992050768251  0.82288203456554276  0.82925777673487355
  0.83547118777705887  0.84210281473962045  0.84962493012103368  0.85659546042356705
  0.86558910603258676  0.87698627453941447  0.89132235977721153  1.00000000000000000
   3.7215828486270919E-007  -1.0000000000000000     
 F F F F F F F F F F F F F F F F F F F F F F F F F F F F F F F F F F F F F F F F F F F F F F F F F F F F F F F F F F F F F F F F F F F F F F F F F F F F F F F F F F F F F F F F F F F F F F F F F F F F F F F F F F F F F F F F F F F F F F F F F F F F F F F F F F F F F F F F F F F F F F F F F F F F F F F F F F F F F F F F F F F F F F F F F F F F F F F F F F F F F F F F F F F F F F F F F F F F F F F F F F F F F F F F F F F F F F F F F F F F F F F F F F F F F F F F F F F F F F F F F F F F F F F F F F F F F F F F
  <DiscreteSampler_grid>
  grouped_processes
  1 # 1 for a reference and 2 for a running grid.
  10 # Attribute 'min_bin_probing_points' of the grid.
  1 # Attribute 'grid_mode' of the grid. 1=='default',2=='initialization'
  0.0000000000000000 # Attribute 'small_contrib_threshold' of the grid.
  0.5000000000000000 # Attribute 'damping_power' of the grid.
 # binID   n_entries weight   weight_sqr   abs_weight
    67   10   1.738010810642466E-003   8.725618202486359E-006   1.738010810642466E-003
    68   10   1.738010810642470E-003   8.725618202486429E-006   1.738010810642470E-003
    70   10   1.055475308896516E-003   3.140830903639544E-006   1.055475308896516E-003
    71   10   1.055475308896519E-003   3.140830903639579E-006   1.055475308896519E-003
    88   10   6.620431201592178E-004   1.171109917428109E-006   6.620431201592178E-004
    89   10   6.620431201592198E-004   1.171109917428116E-006   6.620431201592198E-004
    118   10   4.466807365301502E-004   7.385268822401087E-007   4.466807365301502E-004
    119   10   4.466807365301500E-004   7.385268822401071E-007   4.466807365301500E-004
    121   10   4.643159380023356E-004   4.281334695413058E-007   4.643159380023356E-004
    122   10   4.643159380023363E-004   4.281334695413079E-007   4.643159380023363E-004
    139   10   6.378052790759222E-004   9.071909027293561E-007   6.378052790759222E-004
    140   10   6.378052790759224E-004   9.071909027293572E-007   6.378052790759224E-004
  </DiscreteSampler_grid>
