  0.00285398341432110  0.01515354269651044  0.02675920950669282  0.03923908204924365
  0.05089724273203860  0.06233410148001425  0.07352285531197794  0.08535731417860641
  0.09690532977327988  0.10718688306395949  0.11776421430791992  0.12857761835186379
  0.14005152956868466  0.15110622039352811  0.16214923619218527  0.17312727785681375
  0.18351779755251271  0.19329593822916674  0.20292588127669761  0.21324352660482859
  0.22364260485859488  0.23461477883367701  0.24571993555871241  0.25634221292671544
  0.26682572701652524  0.27833667844919019  0.29136338364048570  0.30430931167775421
  0.31584783045885539  0.32599663757958025  0.33553713667523377  0.34540109926368207
  0.35559142057877102  0.36589796219905391  0.37661474949393198  0.38827452795782508
  0.39910937928423729  0.40882557887854110  0.41833485710051760  0.42872982458001713
  0.44004049510975063  0.45159176248420962  0.46285450040406467  0.47371723689619882
  0.48420278988318527  0.49430521269393779  0.50440052670971913  0.51479981357027604
  0.52572772464336126  0.53683510616236818  0.54750766286217256  0.55781662144039246
  0.56836325838800339  0.57917465996592543  0.58948888076943351  0.60018084118485771
  0.61082841903990881  0.62169201085933135  0.63146502403024785  0.64176061739221013
  0.65204774862142112  0.66228512376488358  0.67252087565824759  0.68360992979968715
  0.69496902341918176  0.70633944485687628  0.71625900192114611  0.72605798946375499
  0.73599976102033249  0.74671404002768138  0.75810401256575399  0.76922139337601769
  0.78025984710751939  0.79070457482526857  0.80068974295450257  0.81017771673717653
  0.81997339556236071  0.83000172625124058  0.84059481115100976  0.85148142311173536
  0.86269862530952734  0.87357831157715893  0.88365182693804212  0.89321728016169288
  0.90293218076241588  0.91225257465784104  0.92206839569334831  0.93154881959479718
  0.94102693466086074  0.95037476633721596  0.95949605323344889  0.96859187241654476
  0.97725344214945853  0.98504647435996928  0.99228704473714480  1.00000000000000000
  0.00000205936430175  0.00000226315565065  0.00000236058212974  0.00000245912675139
  0.00000256251228389  0.00000267235127381  0.00000277718159614  0.00000289160246165
  0.00000300491098449  0.00000311733355700  0.00000323237034069  0.00000334525054731
  0.00000345698661957  0.00000357180213532  0.00000369219189325  0.00000382681060269
  0.00000398563276343  0.00000413354147506  0.00000427637062342  0.00000442587738715
  0.00000458751779334  0.00000475652916140  0.00000493596645586  0.00000513631795694
  0.00000536038418675  0.00000558032714650  0.00000579228913621  0.00000600655197286
  0.00000623493329189  0.00000648550972607  0.00000675172826332  0.00000704031517110
  0.00000734912260256  0.00000766375618247  0.00000798847653138  0.00000833681834140
  0.00000867363744769  0.00000897632618573  0.00000930241968461  0.00000963268450109
  0.00000997484748117  0.00001035566050241  0.00001077236371882  0.00001121876148185
  0.00001169473841700  0.00001221833930007  0.00001274405975967  0.00001334785340498
  0.00001397529229227  0.00001461734998051  0.00001531002684816  0.00001604715908861
  0.00001682192473334  0.00001766406201421  0.00001858854438035  0.00001955390919970
  0.00002056853904021  0.00002167524382940  0.00002280196943315  0.00002418795697582
  0.00002579286843097  0.00002760453549498  0.00002954909569154  0.00003165189917270
  0.00003398569089995  0.00003654166278860  0.00003923812612644  0.00004211481924836
  0.00004534502965559  0.00004896578822271  0.00005284731502306  0.00005655622807757
  0.00006054174895778  0.00006530392233270  0.00007126231808971  0.00007874208856477
  0.00008752198397257  0.00009741518489966  0.00010858197275004  0.00012150620495987
  0.00013667989007255  0.00015556819750056  0.00017870324228505  0.00020829556258560
  0.00024726825055248  0.00030089316313249  0.00037493021464001  0.00047576687899534
  0.00060471153163774  0.00078476344807270  0.00109752898011359  0.00163607261566086
  0.00254087289170442  0.00540557157869535  0.05146430907285059  1.00000000000000000
  0.00000285510873593  0.00000293306951591  0.00000298873690397  0.00000304584611288
  0.00000311652424618  0.00000320474793502  0.00000334246411803  0.00000347321474880
  0.00000357905051056  0.00000368046548057  0.00000380575300350  0.00000395824208965
  0.00000414352736000  0.00000431442387363  0.00000450327556746  0.00000470839841731
  0.00000492428138225  0.00000514528289316  0.00000537352357079  0.00000562910522370
  0.00000590373497088  0.00000623449059848  0.00000657183639673  0.00000694501393979
  0.00000735475631585  0.00000779189224486  0.00000824658633697  0.00000868387705154
  0.00000909821939613  0.00000952789045025  0.00001000062005830  0.00001053152230546
  0.00001112853109932  0.00001177804981673  0.00001242874521699  0.00001316548815628
  0.00001393258053842  0.00001474398231464  0.00001562121210531  0.00001656532263467
  0.00001759313275978  0.00001867829726399  0.00001980959790504  0.00002104194189994
  0.00002239074921134  0.00002382590703267  0.00002542466591388  0.00002711827143127
  0.00002890093695771  0.00003080708161230  0.00003289601361999  0.00003506532837134
  0.00003719360751087  0.00003947706273590  0.00004192225098406  0.00004466148832963
  0.00004763848239169  0.00005083260038326  0.00005420601819216  0.00005774119798513
  0.00006165422794544  0.00006625001675185  0.00007150957628633  0.00007743832160022
  0.00008346418667931  0.00009021985178982  0.00009775369936974  0.00010597337491793
  0.00011456629872336  0.00012381868318760  0.00013460783584562  0.00014730263209920
  0.00016117528597783  0.00017677285977826  0.00019365851233698  0.00021252981819788
  0.00023440139400578  0.00026094142011259  0.00029127244924762  0.00032726536433192
  0.00036528876076542  0.00040758761451079  0.00045762962430889  0.00051629962816580
  0.00058483327297162  0.00067798123295736  0.00081208776993785  0.00100605716873589
  0.00126849567276317  0.00156658523793502  0.00190486947250406  0.00257051596496048
  0.00423229158971391  0.01266947962668262  0.06802418193519538  1.00000000000000000
  0.00000426254268040  0.00000481886194065  0.00000520881532230  0.00000553803300526
  0.00000588170477260  0.00000624469222046  0.00000661488461076  0.00000698913871890
  0.00000735731532199  0.00000780469870126  0.00000830130137500  0.00000879312521101
  0.00000924951591044  0.00000978703316723  0.00001037355103224  0.00001093599184394
  0.00001146876578735  0.00001198948995016  0.00001256758997835  0.00001322414135320
  0.00001393452632495  0.00001464467259144  0.00001539344431474  0.00001623674093255
  0.00001719161056729  0.00001824289758507  0.00001934810785267  0.00002051711270539
  0.00002182276298881  0.00002312505698749  0.00002445138664334  0.00002583794512429
  0.00002730873413185  0.00002916906773409  0.00003111753818064  0.00003334267417461
  0.00003567275205041  0.00003810934294923  0.00004062650991906  0.00004318441604492
  0.00004604787968993  0.00004900777781572  0.00005219967549694  0.00005549598004277
  0.00005909016299265  0.00006283963938445  0.00006678420446573  0.00007119884622930
  0.00007592868204673  0.00008097155225948  0.00008628075191703  0.00009165586047689
  0.00009736374102658  0.00010320277021303  0.00010930643307831  0.00011572670656225
  0.00012239974639480  0.00012984524399636  0.00013775710669982  0.00014695463013179
  0.00015679492600975  0.00016790889439258  0.00018001001219743  0.00019271771680764
  0.00020637770350068  0.00022136712177421  0.00023781205447758  0.00025611340425946
  0.00027637500195686  0.00029944758380264  0.00032606596550403  0.00035548718887615
  0.00038653250797794  0.00041959044353222  0.00045501199463926  0.00049221142704086
  0.00053300083653537  0.00057743597134129  0.00062835752458782  0.00067644323192811
  0.00072688367236329  0.00077832401271337  0.00083846577220381  0.00091647189457205
  0.00101194116133733  0.00112912013245132  0.00126800677859237  0.00144404936773315
  0.00168758340883566  0.00199571177524565  0.00235424976997800  0.00274921372856600
  0.00315387042313339  0.00387816821083412  0.03558472140119743  1.00000000000000000
 -0.00216845537730948  0.00898930347016664  0.01773141462094543  0.02676217651309511
  0.03554763951418155  0.04440565365803022  0.05324147099597279  0.06248207331707203
  0.07204501218988189  0.08229083663310663  0.09235645707708909  0.10263448460851743
  0.11291965879949120  0.12405824427870525  0.13494126975287024  0.14546346145898031
  0.15458747331572245  0.16408514807403071  0.17506577636598114  0.18687527739433310
  0.19732881926719373  0.20671267726781509  0.21639634947221920  0.22632207056787532
  0.23679849963194655  0.24727186262527376  0.25786962727589580  0.26826303802375556
  0.27855046092770519  0.28944443594201413  0.30075935255308478  0.31262254896447605
  0.32465218448173516  0.33612202299990490  0.34674528820399203  0.35747046290282786
  0.36839889361115402  0.37874053301967631  0.38849512575543144  0.39848539092713287
  0.40950131148881797  0.42120916621559695  0.43284221104549697  0.44418942779637616
  0.45559943010345927  0.46761548015357896  0.48008325414121511  0.49198808256280163
  0.50267869754220607  0.51247646797644597  0.52209200175069204  0.53208572445000668
  0.54265027316405268  0.55309567921419156  0.56331656206491310  0.57379749261272250
  0.58447208540244611  0.59569684967074932  0.60731965938433830  0.61883412898139434
  0.62950505760913000  0.63992868894271149  0.65039949699514110  0.66151246671009079
  0.67331423603431462  0.68525845479699710  0.69703327046582875  0.70873070778111202
  0.72068908866560688  0.73186168783841599  0.74264171236830134  0.75346769838253824
  0.76484045559484792  0.77701840239027897  0.78972225218020697  0.80214541639230430
  0.81323809529288915  0.82307167606829146  0.83237206964450405  0.84176819144481341
  0.85167281124522409  0.86243392458992674  0.87326331628618115  0.88405415394222520
  0.89514233476787841  0.90661997910520065  0.91752786498091710  0.92705854047446157
  0.93647432664829455  0.94532330920636887  0.95549613605191697  0.96455187532182773
  0.97375469923598446  0.98221831838875706  0.99117129192235265  1.00000000000000000
 -0.00220077685064317  0.00985297782738015  0.01863001482651811  0.02780447096223259
  0.03738944745283188  0.04822401539691368  0.05929713581261692  0.07024275181672839
  0.08132023578916187  0.09225486072837655  0.10341003462686339  0.11458185701318774
  0.12597827746516677  0.13758596567801429  0.14870132200870700  0.15939394604933937
  0.16969677700996014  0.18020942160906528  0.19112328248948496  0.20221905628725304
  0.21381187208069333  0.22549922868413036  0.23709244181854178  0.24797627024812657
  0.25807122158408241  0.26769301530835449  0.27724617508873917  0.28689665088842037
  0.29645824760473438  0.30668929249111754  0.31649022241607522  0.32568301076452638
  0.33500898061604401  0.34469112810747471  0.35532093476563642  0.36617823501371360
  0.37773099427421963  0.38916249582488194  0.40009402708488151  0.41075160454374071
  0.42171740775753497  0.43269445364371406  0.44348306950522748  0.45437728758973528
  0.46555576907182367  0.47693507143031871  0.48801970449969301  0.49886443763040955
  0.50955017761896049  0.52018424573348954  0.53142548273428358  0.54267083368784119
  0.55358388685401372  0.56462440330677921  0.57504801982560083  0.58640750987555812
  0.59693710799640687  0.60802884743300412  0.61879498186239079  0.62958624906843796
  0.63998382267530907  0.64999476076799079  0.65966803180817002  0.66917396410984531
  0.67826432708715789  0.68742450719153048  0.69618140700976039  0.70511006119046626
  0.71381679846352875  0.72358797462087365  0.73464071163476674  0.74653016086531976
  0.75690349859334805  0.76657389570453582  0.77656814171854027  0.78699824110720107
  0.79735929842173436  0.80731666370743072  0.81815382866913999  0.82924917767317852
  0.84014869749551424  0.85055643242459245  0.86116935304925413  0.87240620019157011
  0.88319171101391203  0.89337512595448887  0.90311730340459895  0.91307389467294786
  0.92358196158747075  0.93456715627830578  0.94594244484377898  0.95725021147322509
  0.96842026242922874  0.97911157345060074  0.98943594672971746  1.00000000000000000
 -0.00165149550645723  0.00683532435850257  0.01439659804418106  0.02122778940332662
  0.02801103238152033  0.03504177287275491  0.04253815720993159  0.05088864419602781
  0.05971675799624456  0.06818400792941760  0.07663724702750445  0.08377187661104411
  0.09169746857011242  0.09953089984940486  0.10851119393578094  0.11793668126094217
  0.12705744058427743  0.13612568900649608  0.14509144148663586  0.15385309903464600
  0.16291628290946641  0.17232782753195444  0.18192022519083872  0.19133178637312467
  0.20029055726704811  0.20885016187794916  0.21740185980873888  0.22619613457358015
  0.23517732365999289  0.24431519410528091  0.25370031187865477  0.26298191979163338
  0.27203802788887310  0.28118707448612307  0.29035992908863562  0.29976806653623878
  0.30940566798776592  0.31923338816570002  0.32901384834488007  0.33864536821119595
  0.34786690640676965  0.35718740848668268  0.36653401961427784  0.37544407152784581
  0.38450862503031735  0.39433864572643390  0.40553430936785018  0.41761810922456216
  0.42978661264096552  0.44210115882709045  0.45384611975100447  0.46479865511453494
  0.47549828379532677  0.48621004795399936  0.49778089221275201  0.50976459725879819
  0.52133200095817900  0.53250466190334411  0.54385779290174519  0.55581349933160529
  0.56758228832540414  0.57954689234378010  0.59210483380260048  0.60514219319422347
  0.61806592134641825  0.63058974332096862  0.64264435902206563  0.65490002020562710
  0.66700836544720632  0.67863928069611068  0.69120599162623042  0.70449393486005307
  0.71688672305799439  0.72865361572738185  0.74058054672411755  0.75290436073731670
  0.76451587181038605  0.77614555628059878  0.78830546132580392  0.80108101238182605
  0.81413920673807583  0.82664684084818096  0.83831951094388890  0.84995517027575618
  0.86322471985184179  0.87795364062287984  0.89226967689592618  0.90581623800191147
  0.91850308695482763  0.93077094329597321  0.94393361798241893  0.95727716650701755
  0.96871652401952979  0.97889819530079947  0.98885569530586304  1.00000000000000000
 -0.00269963050306297  0.01088357013583834  0.02244540818576228  0.03441724768795702
  0.04585546312211311  0.05628247732915338  0.06719418025583378  0.07815918024100427
  0.08964635688827788  0.10068436158518332  0.11111676411768615  0.12136984923940912
  0.13186736000000754  0.14263904485168633  0.15273130433337026  0.16250969505133203
  0.17238774192198555  0.18345013359940837  0.19397454664999680  0.20516645716907134
  0.21577013766281974  0.22731266335962022  0.23816967853253287  0.24944602879311611
  0.25933959265850420  0.26931171748016858  0.28014229938782431  0.29178621332697063
  0.30308248611815858  0.31373058071036902  0.32338418766806204  0.33324522535126211
  0.34269692658726614  0.35297467545070038  0.36350672636472697  0.37397574385138471
  0.38500692913615442  0.39554200687387780  0.40525201797416471  0.41529901429074101
  0.42597841064172959  0.43720580872874282  0.44889376702820466  0.45987961550367440
  0.47156035665005058  0.48305760092788558  0.49380836123051197  0.50464372813079039
  0.51438306226132158  0.52449040982142259  0.53456799001156241  0.54621065026190840
  0.55798303559358320  0.56936482346913320  0.58039180034942117  0.59080264553835682
  0.60158660536536035  0.61299075215698384  0.62464494408855753  0.63652799861065135
  0.64784903594187770  0.65821811545911835  0.66836152492887868  0.67765194604777312
  0.68796413330685358  0.69859262179923998  0.70884119314146332  0.71838788025042721
  0.72762286000920773  0.73731121622920692  0.74769321611870410  0.75788407274564018
  0.76816131543304966  0.77820291628358140  0.78814384859068454  0.79799371454696122
  0.80822109769737871  0.81854457781928991  0.82891829742186018  0.83933830112889463
  0.84992632076148644  0.86091080551525256  0.87173479739343973  0.88285259078363754
  0.89403891031987026  0.90485591272945642  0.91567260114867299  0.92648036231458752
  0.93674117407650004  0.94601150400526124  0.95466111724855152  0.96367107960023990
  0.97313724895364029  0.98244001501851641  0.99149039531783223  1.00000000000000000
 -0.00204707228530227  0.01033533368251353  0.02115484521180815  0.03149526363428662
  0.04096475058754973  0.05024968213963707  0.06019415286933592  0.07076268921688662
  0.08112444685833102  0.09110681169830068  0.10145598597620097  0.11271057770261406
  0.12374474205369243  0.13372674329335929  0.14305723652780336  0.15272435460234585
  0.16280490232864034  0.17279058185237023  0.18322083405319170  0.19455443128291811
  0.20653223142816782  0.21750194566348616  0.22787591326663584  0.23786264216295341
  0.24847979809777573  0.25937903513634736  0.27046074325983183  0.28020251739074853
  0.29027024211924912  0.30062203761163836  0.31171421138710281  0.32292546472357353
  0.33384079748367723  0.34494148101500044  0.35648858285500679  0.36781942714686600
  0.37869834577628203  0.38909103070719814  0.39912780657135682  0.40924652880339768
  0.41922663454788461  0.42869109642655295  0.43825052749781401  0.44767942057168031
  0.45766028124792807  0.46716750080145980  0.47722284574596369  0.48810930748897119
  0.50013459897919732  0.51281709693266220  0.52495280760167151  0.53710752161732112
  0.54841931292388302  0.55936178407958137  0.56989740495311714  0.58007190681811449
  0.58949895654320983  0.59855724527469334  0.60796319144446187  0.61924759071490243
  0.63023923524869496  0.63967671654747660  0.64874470992021593  0.65799448010783812
  0.66855666399536606  0.67957457917709263  0.69096999855086738  0.70221654379748044
  0.71239259567572066  0.72235318720207686  0.73253699610172707  0.74358176749141036
  0.75484729015867769  0.76490203414297653  0.77466363176173958  0.78432592776947674
  0.79474895854117955  0.80566686989431413  0.81607747060023406  0.82584347725952867
  0.83535515956497908  0.84498551151601564  0.85420017579946517  0.86351590265330092
  0.87334197188065077  0.88413256174058419  0.89535001730795050  0.90696366181488286
  0.91880183882244981  0.92982155606670458  0.94132867206167048  0.95303761157824463
  0.96464491903236627  0.97585369868034333  0.98785998729230162  1.00000000000000000
  0.00000073282837075  0.00017394132105197  0.00030932260757799  0.00043092535351480
  0.00054890735216368  0.00062694753059132  0.00069005691040327  0.00075706780378013
  0.00082524269201807  0.00089156682389469  0.00095794193290904  0.00102560741503508
  0.00109466562300080  0.00116754676789925  0.00124142694657314  0.00131726561881147
  0.00139228549193205  0.00146636965184519  0.00154327322429307  0.00162247189780561
  0.00169908209110298  0.00177485916157748  0.00185286159692769  0.00193123473101496
  0.00200925837427936  0.00208845512262220  0.00217335991499946  0.00226012951277806
  0.00234949137428770  0.00243780254356853  0.00252556165897486  0.00261546547368414
  0.00270544664853159  0.00279334947028451  0.00288117669346044  0.00296869516754973
  0.00305687419742619  0.00314696276087857  0.00324576701915264  0.00335924236341358
  0.00348808923062540  0.00361183917112024  0.00371917205682461  0.00383496921712703
  0.00395527877514999  0.00405860886997889  0.00416140249614070  0.00426057079501724
  0.00435895503873613  0.00445302713287788  0.00454756976721919  0.00464899928494506
  0.00475261079581491  0.00487140545922389  0.00500002638558863  0.00514364172665418
  0.00529621427778324  0.00545987544427610  0.00563666328782823  0.00577455637534544
  0.00592011693001124  0.00607426548468445  0.00622664222616528  0.00640165380803939
  0.00660813760290296  0.00683081046203952  0.00715482950176873  0.00742867791796152
  0.00771824731642282  0.00796056769444144  0.00815954695275739  0.00831805507513195
  0.00847656319750651  0.00905823241419985  0.00939871959698633  0.00965591654614511
  0.00994760385980225  0.01025608157183145  0.01062426193836859  0.01130163014126914
  0.01169427960529126  0.01281033564775304  0.01337077123325786  0.01394563138810838
  0.01470778401913417  0.01507814974268774  0.01546551398860955  0.01669020376179519
  0.01731882890523366  0.01794194060325687  0.01828708883650908  0.01864180844681921
  0.01984217910989020  0.02461699959108554  0.28027371248375094  1.00000000000000000
 -0.00350373278144374  0.01544598089040712  0.02878403035704543  0.04111246385388303
  0.05329130047078388  0.06460247645497320  0.07455140624164829  0.08482794922178136
  0.09664383706019733  0.10955503990087204  0.12175965169613708  0.13407682305309171
  0.14657587207825568  0.15941221894759086  0.17239830151868246  0.18540690457924838
  0.19858536496554868  0.21096639965299663  0.22167890769887214  0.23179498494598283
  0.24183306672196625  0.25245619292120675  0.26309015265010816  0.27323901953364987
  0.28308633579805104  0.29238857664005780  0.30174049628958904  0.31129586425693800
  0.32108159819043736  0.33107911422967889  0.34077127938205293  0.34991001915659781
  0.35879068959298105  0.36750727759107432  0.37632787819303287  0.38579653529291280
  0.39568969868463311  0.40566263095954386  0.41563406114430451  0.42525276501397857
  0.43466335315516946  0.44285474875886843  0.45066572066749722  0.45821165132466518
  0.46657373186711232  0.47531793165007369  0.48428480569279359  0.49503203218402381
  0.50485611896598548  0.51364867921488322  0.52188297475396417  0.52997815850327312
  0.53834001893076899  0.54676743660911586  0.55505606361969739  0.56328411759042485
  0.57143003312505702  0.57957491890997770  0.58816676412697544  0.59714864825770697
  0.60633156346681116  0.61479756178540879  0.62287950216804622  0.63116078617049565
  0.63983182485726342  0.64851802505562861  0.65740336669056576  0.66674862781202204
  0.67684685266985789  0.68691332988866249  0.69727139283701667  0.70819167372813085
  0.72006582955855314  0.73219478153686257  0.74347148501118965  0.75411195589081270
  0.76420545392360961  0.77406755314413378  0.78426513478069815  0.79555574753148151
  0.80775576792440462  0.82019946908028807  0.83251972747499237  0.84485145229295422
  0.85772345521825444  0.87054687807807285  0.88294698196436394  0.89430197447934479
  0.90563123771230913  0.91739868002883640  0.92951577831621823  0.94306761329307254
  0.95726713872798974  0.97185680970518973  0.98582095325761376  1.00000000000000000
  0.53297668502960860  0.54116852942471350  0.55434490927053204  0.56129450064142605
  0.56753790664160819  0.57425467271455077  0.58369681397930773  0.59141328606564547
  0.59880183828551881  0.60582055704716165  0.61244395510356719  0.62064723713474945
  0.62772181678465733  0.63389993861793081  0.63979268388207522  0.64548993789488440
  0.65068165063924399  0.65544583216784702  0.66031524282484688  0.66552373331353232
  0.67069247849870484  0.67587820867142401  0.68106591060166355  0.68676789835143848
  0.69237537548949890  0.69768363655197840  0.70275001124321390  0.70791731432332594
  0.71308956136241253  0.71808938606415829  0.72282264927344086  0.72763177561026504
  0.73272786840533621  0.73808079694553286  0.74339606327324737  0.74857071561322353
  0.75343492099445530  0.75817081181464563  0.76287575632487559  0.76746859868324280
  0.77170558710193027  0.77579665326700076  0.77989318681792119  0.78411054748600029
  0.78850150164986144  0.79297762806233196  0.79759380530527724  0.80198538286264820
  0.80624177473563852  0.81050790494829383  0.81476471532429318  0.81903507190417624
  0.82329086407295160  0.82756605564964447  0.83190450383357906  0.83620184776474538
  0.84028685018640215  0.84425781403658517  0.84822085662366575  0.85229223403093546
  0.85636390172340981  0.86034773267244391  0.86426223155627280  0.86825613354622999
  0.87224598234665762  0.87615315997535559  0.87996036655414556  0.88376805940457170
  0.88760399007738200  0.89131838550175990  0.89483432949037667  0.89816778012758625
  0.90143471533500041  0.90474895604744288  0.90821472852743945  0.91189406853187860
  0.91564161713569936  0.91930222637773207  0.92280651615984199  0.92641169600560647
  0.92985864213378122  0.93352962680325413  0.93727915372635040  0.94104911652853274
  0.94485597646068509  0.94866204787031383  0.95248119218455229  0.95645955584171116
  0.96073492117313364  0.96528147227613748  0.96996276276366944  0.97463353092746419
  0.97954645560348641  0.98504657004913321  0.99182824456561813  1.00000000000000000
  0.01497544146735562  0.16278247952052077  0.19101188771626504  0.20593646238879271
  0.21894009778854548  0.23033583976037614  0.24101809739393143  0.25067839801636366
  0.25930297123530588  0.26756337439869160  0.27560769165822890  0.28381832130960333
  0.29181335225693605  0.29959943204613831  0.30684746971893606  0.31384112150105437
  0.32040676652691991  0.32713966110501969  0.33356808118633507  0.33971627584135683
  0.34573650010835671  0.35170693703784006  0.35773522936359631  0.36349364597775369
  0.36946159146888530  0.37560075576483254  0.38177578825182618  0.38805053684069529
  0.39402877801038605  0.39997464409371208  0.40579882107288912  0.41153343750267202
  0.41740323337107882  0.42338321640270105  0.42931413101849530  0.43525772953175179
  0.44085557539361736  0.44678461704207878  0.45235572238954846  0.45775071589253652
  0.46284636430955750  0.46802334825529474  0.47344488989779532  0.47868500083984372
  0.48364200872269619  0.48843170299579169  0.49303393242268578  0.49777677837665063
  0.50245743917781527  0.50725373784386807  0.51222087855730480  0.51705608135159398
  0.52180332272605690  0.52662197381848441  0.53148935823983567  0.53633568842277635
  0.54116538106961865  0.54597290069556248  0.55081178638089767  0.55558096787729194
  0.56064345350890299  0.56585594442470766  0.57119956933452287  0.57671603856040410
  0.58212796470182082  0.58728211261462016  0.59220010854701499  0.59678566755348428
  0.60151261859700145  0.60666773954945774  0.61229854487810731  0.61820700916943139
  0.62426211714819246  0.63034757612472680  0.63646496968403699  0.64277080043639045
  0.64922572229648268  0.65606233857457652  0.66285828822090287  0.66986102292493233
  0.67729097498388779  0.68538513783949540  0.69376895901373825  0.70140818431590690
  0.70879945390264043  0.71650110050903137  0.72519098753906686  0.73421804703082538
  0.74295178448222221  0.75247414195599982  0.76346197752168266  0.77561997748857925
  0.79053202217143215  0.80607196156067895  0.82216665609278727  1.00000000000000000
   2.8118164666641394E-005  -1.0000000000000000     
 F F F F F F F F F F F F F F F F F F F F F F F F F F F F F F F F F F F F F F F F F F F F F F F F F F F F F F F F F F F F F F F F F F F F F F F F F F F F F F F F F F F F F F F F F F F F F F F F F F F F F F F F F F F F F F F F F F F F F F F F F F F F F F F F F F F F F F F F F F F F F F F F F F F F F F F F F F F F F F F F F F F F F F F F F F F F F F F F F F F F F F F F F F F F F F F F F F F F F F F F F F F F F F F F F F F F F F F F F F F F F F F F F F F F F F F F F F F F F F F F F F F F F F F F F F F F F F F F
  <DiscreteSampler_grid>
  grouped_processes
  1 # 1 for a reference and 2 for a running grid.
  10 # Attribute 'min_bin_probing_points' of the grid.
  1 # Attribute 'grid_mode' of the grid. 1=='default',2=='initialization'
  0.0000000000000000 # Attribute 'small_contrib_threshold' of the grid.
  0.5000000000000000 # Attribute 'damping_power' of the grid.
 # binID   n_entries weight   weight_sqr   abs_weight
    10   10   5.065656134399067E-001   1.462942131002819E+000   5.065656134399067E-001
    16   10   4.891454834128658E-001   1.200676711052820E+000   4.891454834128658E-001
  </DiscreteSampler_grid>
