  0.00000211127637609  0.00000220202014963  0.00000232974834877  0.00000248592303557
  0.00000265574249408  0.00000280600317132  0.00000295772552860  0.00000311018313688
  0.00000327210788633  0.00000344990641129  0.00000364034349830  0.00000384761398239
  0.00000406877156908  0.00000429299667718  0.00000453018913041  0.00000478384912212
  0.00000504857309949  0.00000531673686078  0.00000558417888293  0.00000584661154228
  0.00000612058283872  0.00000641169166603  0.00000669003798874  0.00000698101519652
  0.00000729368214340  0.00000763870872588  0.00000805670816503  0.00000851665753355
  0.00000896277334043  0.00000945482449362  0.00000997723043429  0.00001051632026911
  0.00001109459849845  0.00001171566593296  0.00001237980939944  0.00001310608841952
  0.00001385081987137  0.00001460016393971  0.00001539494040657  0.00001625897062824
  0.00001718865732389  0.00001820961869507  0.00001936646092038  0.00002060715232945
  0.00002195444882064  0.00002327751937673  0.00002476739244126  0.00002636907691339
  0.00002828966492306  0.00003050726086742  0.00003305363904392  0.00003601608452720
  0.00003929940589000  0.00004280237028906  0.00004644742613651  0.00005037199997099
  0.00005477142542029  0.00005962066637124  0.00006519542487240  0.00007138308305974
  0.00007820242888225  0.00008566953385734  0.00009434976411713  0.00010513308705112
  0.00011725000046977  0.00013021263024659  0.00014271609431903  0.00015722749809848
  0.00017303604881384  0.00019172435509250  0.00021449464898326  0.00023988210891619
  0.00026867546641471  0.00030234360063255  0.00034263358646385  0.00038755748016291
  0.00043854836822595  0.00050082613690279  0.00057638881672948  0.00066396939800336
  0.00075762838888895  0.00085634539907026  0.00095915211971223  0.00106498228027268
  0.00118756111676640  0.00131290438418897  0.00146779584951534  0.00171222233813168
  0.00206435710310792  0.00253455685437785  0.00304071258380519  0.00366108884304370
  0.00449986942193859  0.00644152619631837  0.02029848089812892  1.00000000000000000
  0.00317711653578252  0.01477992745428960  0.02831688928587044  0.04113685887469259
  0.05330805736300057  0.06469429305324575  0.07514506258854396  0.08528461240230149
  0.09526123762631461  0.10555626877907785  0.11668702759975624  0.12826626389805876
  0.14020980403929195  0.15122943364753549  0.16219875841282100  0.17358552617669679
  0.18500812509799680  0.19668668808870096  0.20857920420038525  0.22078870748107968
  0.23297035330899635  0.24460037548446295  0.25529373159592395  0.26526441535518541
  0.27519777370849186  0.28492985851335489  0.29442998039126927  0.30413677889932078
  0.31471155540752865  0.32628974090263557  0.33793772153799378  0.34977254081966341
  0.36209286058366547  0.37484005121495168  0.38726587075513030  0.39875355526198103
  0.40937345768352912  0.41984118192505232  0.43027816978326694  0.44088332261893382
  0.45177898209532158  0.46300097873326540  0.47444398491337425  0.48588634475218090
  0.49710429406446033  0.50877559019928165  0.52039586682623962  0.53106556855206288
  0.54121859527237492  0.55077819374040182  0.56028663372319787  0.56950468659961551
  0.57839434759689579  0.58761703160163681  0.59748870649995001  0.60794196454804705
  0.61807477921828813  0.62806341417346090  0.63814043007737542  0.64882629101267431
  0.65983021144349829  0.67124254024281305  0.68295493568321863  0.69463594044059696
  0.70624211706661499  0.71712367093376794  0.72788321828362490  0.73830722147013339
  0.74873346991757994  0.75923834308487770  0.77031241314358812  0.78160584828468005
  0.79163328317940729  0.80100520060500946  0.80967174384274643  0.81907811887255100
  0.82949595849119251  0.84042428965167126  0.85143820800614456  0.86148634638359678
  0.87059320151059494  0.87919494113193830  0.88752564154015534  0.89618054692602334
  0.90559307170545733  0.91572345611889105  0.92576951135715302  0.93484346184817890
  0.94316567668134754  0.95129952599061085  0.95995670531607757  0.96892226453113928
  0.97717676808438447  0.98474968185344780  0.99228104588589006  1.00000000000000000
  0.00000294124743633  0.00000305031220169  0.00000317280887736  0.00000331878018101
  0.00000347525734333  0.00000358996391376  0.00000370565029467  0.00000382192421270
  0.00000394965732809  0.00000411941868430  0.00000429093885661  0.00000449170983012
  0.00000470391811017  0.00000491758580076  0.00000513666108715  0.00000538933291178
  0.00000564677885478  0.00000592868864220  0.00000623232338782  0.00000654329528248
  0.00000685466365750  0.00000718207837719  0.00000755300643125  0.00000793347629465
  0.00000836301322022  0.00000879646980924  0.00000924261061758  0.00000970451421291
  0.00001017582551669  0.00001065207523867  0.00001113900410480  0.00001166322984817
  0.00001221918603129  0.00001280489491737  0.00001345548757929  0.00001410194217421
  0.00001478487935601  0.00001552478598475  0.00001631190266040  0.00001712201350557
  0.00001798280673286  0.00001890394701853  0.00001988018084736  0.00002094365844784
  0.00002203734802203  0.00002313049893370  0.00002429186683700  0.00002560340794504
  0.00002691787367035  0.00002842862352096  0.00002999842844317  0.00003168592373215
  0.00003359015957766  0.00003560820662564  0.00003783755371538  0.00004049997909536
  0.00004329456549207  0.00004632587908688  0.00004963390884466  0.00005317610153447
  0.00005696490285135  0.00006111653806569  0.00006534094097506  0.00007060753887911
  0.00007589153420298  0.00008213945516720  0.00008915198956570  0.00009672780097364
  0.00010602082647243  0.00011663273588590  0.00012867436445486  0.00014187291798348
  0.00015604997000759  0.00017250665717379  0.00019238053074385  0.00021773622157095
  0.00024977028643618  0.00028770126439354  0.00032826221290964  0.00037316330720124
  0.00043010940771829  0.00049853702808126  0.00058172475270611  0.00068115236369502
  0.00079987086962545  0.00095895909753806  0.00112497834513248  0.00130512352107773
  0.00152575323824520  0.00185551554366734  0.00227758438219225  0.00290781347019890
  0.00383697189194242  0.00745966162465471  0.10647367622332221  1.00000000000000000
  0.00000403418385603  0.00000490876940218  0.00000565184116889  0.00000638653624928
  0.00000710432411386  0.00000781514034533  0.00000858582716006  0.00000944922167309
  0.00001038344338608  0.00001136425794010  0.00001240425153968  0.00001347479462832
  0.00001462113509698  0.00001585816740627  0.00001719830637124  0.00001865821648319
  0.00002022401882011  0.00002193925604366  0.00002383179994031  0.00002588198921071
  0.00002801679672619  0.00003025775435794  0.00003275770894586  0.00003557012044604
  0.00003870306306511  0.00004219623611378  0.00004625322396590  0.00005073731970222
  0.00005564589056873  0.00006107990288556  0.00006679353961676  0.00007277426505117
  0.00007877070513152  0.00008507042777177  0.00009161753062615  0.00009872302292592
  0.00010645461802684  0.00011579322566596  0.00012591828092014  0.00013644185976475
  0.00014762967048291  0.00015923449974317  0.00017147227313697  0.00018430604075720
  0.00019794476155752  0.00021300035235794  0.00022921847394690  0.00024737007539028
  0.00026789251765471  0.00028906742299280  0.00031009102789497  0.00033145608355839
  0.00035275808267604  0.00037584099861154  0.00040151114667622  0.00042947166444773
  0.00045890758214981  0.00048842546571197  0.00052043252053507  0.00055420356084282
  0.00058790317654245  0.00062044572372445  0.00066170342912029  0.00070942378236065
  0.00076725281475518  0.00083976290758227  0.00092888422898370  0.00102101944784748
  0.00110959699558385  0.00118535515803255  0.00124785410826713  0.00130474894936761
  0.00135714319728849  0.00141675935031002  0.00148799430541194  0.00157275209440458
  0.00164793922838493  0.00173064331730559  0.00181895482663245  0.00191388350882900
  0.00205722505821943  0.00223731910275769  0.00245747559309661  0.00275315628407320
  0.00334291494378893  0.00382220068868788  0.00430968641345253  0.00486961334934155
  0.00556885669789428  0.00626980325890033  0.00717758135647926  0.00782137750991791
  0.00832214650734320  0.00876080563016523  0.04289220599324296  1.00000000000000000
 -0.00236279988215783  0.01150124060183971  0.02413658144374063  0.03759448273373172
  0.05094662176887642  0.06372625813596222  0.07622132932139047  0.08858177731658227
  0.10050726513836983  0.11219405096633836  0.12359485278679017  0.13470895063222377
  0.14649399598544233  0.15887827296906767  0.17222305382445127  0.18542139202203300
  0.19881015283309697  0.21175432305603448  0.22358040857055775  0.23478001385449832
  0.24591816881423662  0.25678773457808729  0.26752544975827108  0.27804703736159825
  0.28864735793197854  0.29893249185408843  0.30901664157308112  0.31937893333234868
  0.33002713017354618  0.34112649753414570  0.35197967015538734  0.36235483798638929
  0.37265486173839502  0.38373947953794002  0.39564059712393618  0.40782011807096530
  0.41897115393933049  0.42971462118813475  0.43988539928616721  0.44998058174107791
  0.46067889874103868  0.47169247300738432  0.48208127230391762  0.49182273547072841
  0.50141309852742477  0.51113434992610596  0.52110442985850081  0.53109740424057206
  0.54148694041162382  0.55199357584541620  0.56208437670628986  0.57202844835180156
  0.58189935917756452  0.59170595879779275  0.60167020224150791  0.61218938243103516
  0.62333109811360154  0.63403554366022119  0.64393045436424767  0.65354488180654846
  0.66311380966051214  0.67265080279166445  0.68161539584157582  0.69026097058977864
  0.69911015745241822  0.70837500727132663  0.71807838607913721  0.72806897267350501
  0.73745025794857610  0.74660831233818403  0.75626450724682581  0.76532715133021922
  0.77425161374159590  0.78307261606208400  0.79264868737655314  0.80346521793415948
  0.81447346282299204  0.82531840627894748  0.83586083528187560  0.84594539415117509
  0.85622980989597730  0.86580910081099050  0.87568076103584103  0.88424475045450446
  0.89285549637145212  0.90157586066785556  0.90993833068117602  0.91871201515953793
  0.92865018623967144  0.93854322570870985  0.94930068994877392  0.95985645854314017
  0.96995135789731612  0.98023386848739535  0.98992163134242350  1.00000000000000000
 -0.00185842719850266  0.00718615215538014  0.01555201011504819  0.02417864921443088
  0.03291725387206869  0.04186347304663268  0.05095361357418170  0.06020354133757113
  0.06971059052096187  0.07934581351056325  0.08963716035637606  0.10087030604532023
  0.11304803549881155  0.12458365876225608  0.13515039081101082  0.14559066628322842
  0.15689841284760525  0.16868749606473921  0.18047712781941011  0.19221760267412960
  0.20392063289733939  0.21496469512814567  0.22569088874380755  0.23630504514567049
  0.24660060609837187  0.25689771767445918  0.26748225851178814  0.27870764755992677
  0.29037706792630757  0.30145173880077586  0.31229615790675119  0.32337210411446848
  0.33471616889829137  0.34637756130042069  0.35791987171245188  0.36906765454621521
  0.37960978400753104  0.38942628017279185  0.39879521977088406  0.40840225256686208
  0.41813369049341409  0.42766630303454067  0.43746639812154381  0.44707043041926653
  0.45645821671672071  0.46548085481209356  0.47442171294915608  0.48487674392107533
  0.49605363708079103  0.50602630558727146  0.51543399936568179  0.52537876090286006
  0.53663327559749363  0.54802744584676411  0.55878163893332256  0.56962161184819360
  0.58083403993039429  0.59183380058342161  0.60327796867588523  0.61582588802164451
  0.62831789524911064  0.63960512108014655  0.65012167942110310  0.66054931982660681
  0.67156322327861595  0.68296612245314614  0.69458513045776793  0.70619872545685103
  0.71692064724519622  0.72749803371314159  0.73771192704232924  0.74778911654886138
  0.75794440694202980  0.76870308787718677  0.78081951779733161  0.79256942888711113
  0.80304218580193942  0.81253743125341604  0.82207679610135742  0.83165794389797865
  0.84145810239448260  0.85138021534016817  0.86092549836401044  0.87063251113683271
  0.88058218621861373  0.89105894474140679  0.90131640688655734  0.91190518364666950
  0.92234611420571411  0.93292010729289365  0.94315327010900563  0.95349499654546810
  0.96386400482599033  0.97524798876518248  0.98739648814512460  1.00000000000000000
 -0.00138098803950092  0.00467195809201670  0.01051764056871552  0.01650710906184366
  0.02272632692920856  0.02886864331731049  0.03484661121814268  0.04109072871641913
  0.04735870835852373  0.05347676916803235  0.05962252241663028  0.06600451440564754
  0.07279888663907463  0.08018408429241418  0.08656569263910256  0.09274493712577267
  0.09922024491832872  0.10602831379548316  0.11296522243365965  0.11994198306000568
  0.12689577354175938  0.13337607381785690  0.14023453507153588  0.14710943954153635
  0.15387360498629615  0.16094950062615218  0.16824681733288832  0.17596253371919174
  0.18369766972490531  0.19115265719324642  0.19840962945579371  0.20568906763720476
  0.21319207627073117  0.22081059273699663  0.22849801695185232  0.23631607024560797
  0.24422361034063109  0.25223141949973116  0.26022092213723363  0.26825805396834324
  0.27642520816124244  0.28440719728537578  0.29230366720377426  0.30038634058795288
  0.30885881540026239  0.31757802967799598  0.32618099606121298  0.33460410502042465
  0.34312940670661807  0.35214367183633311  0.36057381571743230  0.36909913122965293
  0.37777597540731883  0.38681832533040167  0.39634819079351236  0.40598729427806596
  0.41579960593364745  0.42569779618460962  0.43590401262703304  0.44640489893174318
  0.45636796359225418  0.46572480625945545  0.47503137983247040  0.48541868461377158
  0.49621887773379658  0.50678754539485915  0.51758486893050659  0.52847975544720738
  0.53949445927319262  0.55043120648194577  0.56153279311161597  0.57285105327838060
  0.58426893651254108  0.59603222339355033  0.60816993141893694  0.62029533360533751
  0.63295294799486634  0.64560844096360004  0.65824287380187418  0.67141447347614513
  0.68489765591820140  0.69802018350014883  0.71216475377729427  0.72846298278859778
  0.74656686678848339  0.76496740678748198  0.78285757654194688  0.80095361901374473
  0.82176116072546812  0.84457718387988157  0.86851155093878718  0.89188705970924897
  0.91483721132451279  0.93887023834036765  0.96621721648776659  1.00000000000000000
 -0.00183845062818061  0.00951276094294777  0.01940815587918766  0.03015489156871076
  0.04108214242140314  0.05267822975812561  0.06374046332776824  0.07592343169472809
  0.08770751851322701  0.09981976009489889  0.11088943950467900  0.12174424812224344
  0.13187115594347198  0.14243181318474099  0.15273393660010576  0.16291995806898832
  0.17246947288990372  0.18262246244544014  0.19311148192186697  0.20369087097852215
  0.21345255666405905  0.22241328055927564  0.23157001988798465  0.24118282850786185
  0.25125870664137306  0.26151939900804072  0.27275181157511402  0.28552205208323173
  0.29822948975304298  0.30949095353493006  0.31995131413107564  0.33036305702485624
  0.34063910150713006  0.35127921355208375  0.36153746584258478  0.37170913284980883
  0.38202094144942245  0.39263851050268644  0.40369657098361666  0.41504307183440420
  0.42621968347718808  0.43659944030292175  0.44580368916988811  0.45481152372315703
  0.46410076927414062  0.47349036739828132  0.48282715689599515  0.49230371145185986
  0.50198715383564585  0.51229541541612411  0.52347725938069134  0.53525819806461861
  0.54630340042280390  0.55598303092693124  0.56535995634336955  0.57514830173222498
  0.58545521744799811  0.59596633836640911  0.60627427829048763  0.61630223362294645
  0.62639899609125538  0.63672211142627788  0.64750206073710914  0.65858457658450298
  0.67008045158031415  0.68183518238871288  0.69381993571397504  0.70577420461281581
  0.71675083462479350  0.72735471864257295  0.73781934161924323  0.74842808120412196
  0.75946364768620189  0.77056361648664629  0.78146921045563655  0.79219436410522959
  0.80199483716129139  0.81223808267389574  0.82246416719729887  0.83284585778747955
  0.84332175541858179  0.85367673477616224  0.86415608766287100  0.87458479368288822
  0.88544169685956853  0.89578618946737010  0.90686322741350900  0.91759177143453552
  0.92987646204125918  0.94216019874316492  0.95422016346017513  0.96519746657824335
  0.97538752231328851  0.98419074975330845  0.99248923663749833  1.00000000000000000
 -0.00254318540848769  0.01159735897561726  0.02314644779784771  0.03535802688452671
  0.04745523142085229  0.05984651302949243  0.07132205407775592  0.08227421905706489
  0.09312324607801346  0.10403437403181170  0.11520607448574528  0.12634032504319201
  0.13736246795959095  0.14816417685182973  0.15901134806951450  0.16994525653599207
  0.18105446585943991  0.19196217385603498  0.20246659348661261  0.21256314444793445
  0.22229647617241316  0.23203965727453812  0.24194474999562576  0.25264482648702097
  0.26427360137734368  0.27561308889558517  0.28569276331057425  0.29546340392040854
  0.30581728540428121  0.31672560842015707  0.32729840596257198  0.33752948831592794
  0.34764410853432137  0.35759048116953546  0.36756536687764757  0.37761641890632708
  0.38832553527344138  0.39981538502492853  0.41178780277109223  0.42267138650435537
  0.43296346197417185  0.44347172903842430  0.45503742954420678  0.46714170034502217
  0.47871566303081736  0.48999355466003963  0.50111535274068397  0.51211602682696356
  0.52281362789970720  0.53305155464237075  0.54314379469120644  0.55305458077340119
  0.56311255792005865  0.57342650619718694  0.58411008732071168  0.59489166769775659
  0.60512600742047773  0.61476984147249913  0.62440734678409837  0.63436909292007115
  0.64457717012290883  0.65518578806729932  0.66606529029575323  0.67698473709469742
  0.68778832655982325  0.69865596890133252  0.70918350684242004  0.71929317315631491
  0.72930405504952134  0.73908192192004252  0.74981410343660759  0.76031323250740768
  0.77212502692369100  0.78353069682331122  0.79327283166885643  0.80180054584984006
  0.80961946175446275  0.81877186114332567  0.82897433041437429  0.84103267046995211
  0.85287471338638732  0.86371659444271831  0.87449202916741375  0.88504684060703431
  0.89544883352382210  0.90543105397084211  0.91529466807972837  0.92510504696109075
  0.93480655850303362  0.94421304858672750  0.95308183017236925  0.96182083979793864
  0.97075660295894861  0.98004260579898961  0.98990948838887594  1.00000000000000000
 -0.00004708920820118  0.00014245676871068  0.00034560218244696  0.00058208158651288
  0.00075438919829539  0.00088514540722280  0.00101537157225291  0.00114463065309275
  0.00127068149540005  0.00139679852098045  0.00152299008234737  0.00165036508888214
  0.00177820118917174  0.00189799419622846  0.00201742229838056  0.00213775253957090
  0.00225812425110527  0.00237907512560487  0.00250032355909622  0.00262462311698787
  0.00275070351276361  0.00288605241000570  0.00302608558265066  0.00317835792811102
  0.00335046763276220  0.00353980528655776  0.00372558357202215  0.00391919463784763
  0.00411743295884850  0.00431746905251492  0.00452635150222607  0.00473664052258777
  0.00494146082025867  0.00514563432234553  0.00533627067606027  0.00551333486400225
  0.00568515916904153  0.00581463171605219  0.00593806071943558  0.00606761401313755
  0.00617552956093991  0.00628784010228905  0.00640117536665952  0.00649825622475374
  0.00660043159050222  0.00671194767055842  0.00682649438193784  0.00695788685458675
  0.00711304511616123  0.00721070283617088  0.00730910274278520  0.00740871417640983
  0.00750919847087860  0.00761062201017668  0.00774361319112371  0.00788040084500000
  0.00796827151296704  0.00805619184701277  0.00814489808658980  0.00823360432616683
  0.00832234840060620  0.00841110106648943  0.00856584872197109  0.00875533383706259
  0.00891559414830637  0.00904974006058264  0.00930217128840883  0.00960158454494496
  0.00983363214541152  0.01007754479221162  0.01034551144877954  0.01063602153295898
  0.01087958481346996  0.01118980733114602  0.01172162840302569  0.01220681123576209
  0.01249650098755768  0.01294976961214473  0.01342978108055422  0.01419488184858621
  0.01496498397965535  0.01547504566964215  0.01595769847254905  0.01614425315140577
  0.01633080783026250  0.01651792829406707  0.01670507310386907  0.01823776984075573
  0.02774894585945831  0.02816428184316657  0.03043450327946527  0.03381998805301686
  0.03492787222048570  0.03671317598129308  0.20854768549941380  1.00000000000000000
 -0.00223386232654235  0.00915931754755050  0.01906953532542892  0.02954638615547858
  0.03997787025528349  0.05062328442286507  0.06225993575362482  0.07484926090974281
  0.08611578264157628  0.09652799247283680  0.10722189536239594  0.11895132379012803
  0.13060096824883949  0.14098960418722312  0.15111829150842343  0.16167787012552476
  0.17304273415521379  0.18492406632546274  0.19632446337572310  0.20746826951628192
  0.21835611423141502  0.22974701911778947  0.24157870769271336  0.25381829611611695
  0.26638227684941884  0.27886444716258452  0.29113414255100217  0.30228367681591334
  0.31310750674040966  0.32332205325032370  0.33339793887446967  0.34308524791658640
  0.35228745704132108  0.36181919601754398  0.37149158047301900  0.38080462068025012
  0.38986585868945367  0.39826676132888289  0.40655526361585831  0.41491788171549859
  0.42390151724351327  0.43365908931958197  0.44385139383959027  0.45459060986483391
  0.46524340610782777  0.47526554763070705  0.48478080903375570  0.49427382545037252
  0.50470486592239916  0.51480989646279141  0.52448206293051025  0.53404983624165370
  0.54421239576270242  0.55407363347447203  0.56320015183071226  0.57212385265481913
  0.58046482915697195  0.59065821262171903  0.60108266562113788  0.61116866801881076
  0.62155033397045478  0.63212276661218292  0.64333075093954406  0.65415196696927214
  0.66425195434315631  0.67411087461280261  0.68370123823271922  0.69359541796813851
  0.70453428451764477  0.71649582176305238  0.72819507313166110  0.73896217626568428
  0.74913595286730184  0.75905840105709410  0.76931316470513011  0.78021656174600695
  0.79078264188141512  0.80072500928755741  0.81064929979924683  0.82134570527614315
  0.83264358795479809  0.84368685126429210  0.85435031040003884  0.86474031990907962
  0.87519632403331704  0.88573850285563804  0.89633752450548432  0.90712818869170786
  0.91813750095994662  0.92969406703353774  0.94110270453708000  0.95257582392024120
  0.96388236159845220  0.97527261400931731  0.98741575958039574  1.00000000000000000
  0.48241820317234629  0.48955010406643040  0.50877416497838146  0.51924700549514258
  0.52579615266204571  0.53182700301947150  0.53990070516043565  0.54836726223642307
  0.55573508321138521  0.56205736431870512  0.56843180924710224  0.57609421302294017
  0.58271216080629340  0.58846319399120528  0.59359732559462675  0.59894859286202695
  0.60438365844343067  0.60944939219511418  0.61510363133577761  0.62101314318579648
  0.62660070125320944  0.63194694979771260  0.63750519728825472  0.64369032725745456
  0.64994618237377555  0.65619394500463035  0.66190872485136965  0.66727151993828093
  0.67264058983873287  0.67803840214532241  0.68346819319973073  0.68856467143887745
  0.69441218663919124  0.70019758512916397  0.70611975139242922  0.71179745629660174
  0.71750855101919520  0.72305940437715033  0.72875984302525554  0.73397018090463917
  0.73905578785500681  0.74399591081432770  0.74913912270340377  0.75427644776696678
  0.75952391628264226  0.76490401423270082  0.77000443591951395  0.77485826274035452
  0.77987112994263608  0.78512345335203604  0.79018410178892273  0.79477632952145660
  0.79921276096929728  0.80404715490528866  0.80913796092460666  0.81401403296107455
  0.81856316320833211  0.82309737143123196  0.82787923284147424  0.83279556704064650
  0.83780266454114916  0.84281588181592282  0.84783977142575628  0.85268120651386048
  0.85736818143123472  0.86195228353779541  0.86655378524311355  0.87111235654963481
  0.87566012611493393  0.88020115611947747  0.88477222163791636  0.88940629793401438
  0.89402876374325924  0.89854949646650062  0.90282347882358693  0.90684799037426245
  0.91067849826688185  0.91443924623192718  0.91827549079133852  0.92217526724405996
  0.92607623925527971  0.93005413048299146  0.93415908638232270  0.93839334765203397
  0.94261520807747645  0.94678169829781844  0.95100702296384798  0.95531630487460173
  0.95982635050194909  0.96472344117802022  0.96972372399523810  0.97452849276982656
  0.97963718627640550  0.98525434977042525  0.99224334509371792  1.00000000000000000
  0.04778163545307784  0.22343124979265708  0.24172056147828549  0.25748646769843048
  0.27206636533258327  0.28374058812861280  0.29533069500574005  0.30621477739603131
  0.31699016700697552  0.32723576800458259  0.33715734452034540  0.34668553658367202
  0.35561898921002277  0.36437020648223484  0.37347460268293120  0.38329663111296036
  0.39218503419194073  0.40065121803723908  0.40917310716765326  0.41782007051509490
  0.42666431453263920  0.43486356965736639  0.44252290338606859  0.44990533984090053
  0.45740672428249524  0.46464370854722892  0.47170447646266811  0.47838227049120025
  0.48471639493465546  0.49050774935271985  0.49620194600930018  0.50207442541227953
  0.50807487582252231  0.51425126398534049  0.52024885974366863  0.52622374402391303
  0.53192659463638892  0.53750670172182968  0.54287308226100606  0.54789631035966113
  0.55305859236568555  0.55813473478433373  0.56318582353269153  0.56830113589103626
  0.57324420818210342  0.57819957986269321  0.58326470993569046  0.58833545769919338
  0.59329221597848802  0.59811992718374629  0.60306526233873536  0.60790602134425753
  0.61337071524130016  0.61882728661368880  0.62431050196281690  0.62934489035396690
  0.63417228796143121  0.63895983815941959  0.64375761258661568  0.64854377535942731
  0.65309586510235029  0.65745967118361204  0.66166069470175348  0.66596392854534581
  0.67060970939577613  0.67562568347783358  0.68080331717206122  0.68592864088476668
  0.69122430341636931  0.69668441285455041  0.70202726873826671  0.70751021746226872
  0.71334382758336989  0.71921139778159371  0.72510207611211386  0.73054902522136123
  0.73539758113094156  0.74001960492018082  0.74455254721709152  0.74914906466948827
  0.75413429343870786  0.75946798433111873  0.76511062430757859  0.77041019664838728
  0.77583796406285221  0.78153696392934358  0.78753911875911731  0.79471987059268800
  0.80311545262148631  0.81229527675000146  0.82232431784600024  0.83283274392598894
  0.84565068808252586  0.86164972076159885  0.88594886742699974  1.00000000000000000
   3.4789640471696156E-006  -1.0000000000000000     
 F F F F F F F F F F F F F F F F F F F F F F F F F F F F F F F F F F F F F F F F F F F F F F F F F F F F F F F F F F F F F F F F F F F F F F F F F F F F F F F F F F F F F F F F F F F F F F F F F F F F F F F F F F F F F F F F F F F F F F F F F F F F F F F F F F F F F F F F F F F F F F F F F F F F F F F F F F F F F F F F F F F F F F F F F F F F F F F F F F F F F F F F F F F F F F F F F F F F F F F F F F F F F F F F F F F F F F F F F F F F F F F F F F F F F F F F F F F F F F F F F F F F F F F F F F F F F F F F
  <DiscreteSampler_grid>
  grouped_processes
  1 # 1 for a reference and 2 for a running grid.
  10 # Attribute 'min_bin_probing_points' of the grid.
  1 # Attribute 'grid_mode' of the grid. 1=='default',2=='initialization'
  0.0000000000000000 # Attribute 'small_contrib_threshold' of the grid.
  0.5000000000000000 # Attribute 'damping_power' of the grid.
 # binID   n_entries weight   weight_sqr   abs_weight
    76   10   7.565154453828045E+000   2.134676027245551E+002   7.565154453828045E+000
    77   10   7.565154453828066E+000   2.134676027245568E+002   7.565154453828066E+000
    79   10   8.257802069721588E+000   2.450245157646934E+002   8.257802069721588E+000
    80   10   8.257802069721610E+000   2.450245157646953E+002   8.257802069721610E+000
    82   10   1.028899524359035E+001   5.362404497072705E+002   1.028899524359035E+001
    83   10   1.028899524359037E+001   5.362404497072724E+002   1.028899524359037E+001
  </DiscreteSampler_grid>
