  0.00273047989234919  0.01359837759060516  0.02548369470284561  0.03672362744595040
  0.04799135950585665  0.05887437741243935  0.06971485128016648  0.08055958968619799
  0.09143456691462462  0.10245008110168917  0.11305781068602160  0.12380899362845477
  0.13446559785155693  0.14524609880068723  0.15582366534910738  0.16618772077490651
  0.17669052494069720  0.18738375320579198  0.19839034524813567  0.20931940402741897
  0.21997622829701363  0.23046886894408361  0.24115492443507325  0.25157252988734324
  0.26202109179433203  0.27252383650020418  0.28341359224669926  0.29455162287302467
  0.30515613733597130  0.31494792283973305  0.32440335693930028  0.33399677165039177
  0.34417847128813944  0.35485963150237942  0.36557240452363399  0.37609147397752873
  0.38647471785431831  0.39692008570206966  0.40744263057828278  0.41801754800364027
  0.42862190556511265  0.43910920161876993  0.44949762898243012  0.46004626667721615
  0.47097738957985114  0.48203955027125522  0.49282378026972212  0.50355665427687435
  0.51431935286290864  0.52496984486498421  0.53548015572295049  0.54591371550149259
  0.55631505316610930  0.56682514729052447  0.57746879282707486  0.58812158161774786
  0.59867753770064436  0.60899424542791603  0.61942905424561789  0.63021368893041230
  0.64113590826795064  0.65196660818100327  0.66215569922591444  0.67183689584091733
  0.68171246171121902  0.69169761123688978  0.70206341982143661  0.71261538016925852
  0.72301065234681117  0.73300563144142505  0.74289524269241547  0.75309103231140828
  0.76379723712185676  0.77463674848979092  0.78544904984505959  0.79617906799252902
  0.80706562871971199  0.81796279710358544  0.82879382474683294  0.83951248829192959
  0.84995120091324283  0.86012115123187394  0.87029595233188239  0.88047818614524587
  0.89098013231956597  0.90131280856874318  0.91124402177489783  0.92133581154694277
  0.93129052279101776  0.94163886719514822  0.95178349502794046  0.96192851290281389
  0.97156633264919345  0.98112002687977484  0.99052342898058976  1.00000000000000000
  0.00260626637073220  0.01385519524253370  0.02626344252426795  0.03775423249353643
  0.04922682453037325  0.06027254237692194  0.07080383084267376  0.08128687452812530
  0.09186156773772612  0.10266456513237932  0.11325092327928840  0.12388748165990840
  0.13452625891307143  0.14524708524553082  0.15610676287979214  0.16723493414870771
  0.17834039293953824  0.18926670565182155  0.19997319217919809  0.21049888927148269
  0.22108733580466575  0.23148452652778878  0.24123372851743410  0.25044058693456678
  0.25962030638425060  0.26936767456439459  0.27940968739356098  0.28961604595184920
  0.30028080887422370  0.31105309109625673  0.32180870753168572  0.33240784654756095
  0.34286644925761067  0.35326735981527035  0.36352159513591720  0.37376503664532723
  0.38410059211645081  0.39463946655422094  0.40542168520609490  0.41635337574152048
  0.42736058902329610  0.43835434403014645  0.44929776662629312  0.46023949161364142
  0.47115377626406313  0.48170953716793380  0.49179114375559213  0.50172146916648119
  0.51181386407708174  0.52218851521788778  0.53269811808389744  0.54332530826090319
  0.55408868257162569  0.56496470353258410  0.57605296910431514  0.58716171477101486
  0.59803274539765894  0.60861664141926042  0.61903991467915642  0.62944605577318957
  0.63981825157558325  0.65051038240516379  0.66157413235429574  0.67290763845855839
  0.68419220165248773  0.69524590965104716  0.70606669024743307  0.71645981570095763
  0.72648482442354689  0.73672696333196597  0.74716536309977166  0.75802879393987255
  0.76878626391152083  0.77939039934436716  0.78984599263851707  0.80040686913637948
  0.81094263237102104  0.82151079699541718  0.83194514090352845  0.84230187067523776
  0.85263882515833511  0.86299641139000227  0.87352624530043554  0.88408280652169435
  0.89454678494408546  0.90510258910566954  0.91536560364025066  0.92530008715777401
  0.93497457499312675  0.94484147193588075  0.95504247740404957  0.96505631830875094
  0.97460342000907396  0.98357967477745123  0.99277053139027138  1.00000000000000000
  0.00000358360300204  0.00000479089025126  0.00000539728595955  0.00000604191451157
  0.00000661561726400  0.00000704866618744  0.00000757423806658  0.00000807318842891
  0.00000855946288754  0.00000904769550530  0.00000958351858148  0.00001019792235519
  0.00001092071035263  0.00001166961732173  0.00001251168645917  0.00001352111626831
  0.00001459271929367  0.00001576376773802  0.00001710046324729  0.00001860285841964
  0.00002028552609524  0.00002225472160066  0.00002450804941483  0.00002712128825565
  0.00003009488909247  0.00003353243008199  0.00003761478755918  0.00004242589162195
  0.00004813591036831  0.00005523021374434  0.00006427664783173  0.00007533781945905
  0.00008859152006312  0.00010395597951333  0.00012138889879277  0.00014062112228649
  0.00016201191575841  0.00018596024940112  0.00021226397977829  0.00024118913201848
  0.00027160473516472  0.00030403075806964  0.00033822612028061  0.00037375215772032
  0.00041184170015063  0.00045225077158182  0.00049479864143406  0.00053838903499873
  0.00058242524711594  0.00062716776023517  0.00067420982498545  0.00072342001658664
  0.00077650488556511  0.00083420149610237  0.00089472967128775  0.00095818401562814
  0.00102634105588984  0.00110101984358173  0.00118683784172696  0.00127928036490238
  0.00136788710312535  0.00144718329619635  0.00152745907153550  0.00160932868118925
  0.00169503365580796  0.00178085303818687  0.00188000246286648  0.00198834563038678
  0.00210172468910626  0.00221674969768419  0.00233110586426344  0.00245521476749667
  0.00258877776823817  0.00273485084928785  0.00290380981463338  0.00309308007737289
  0.00327418130898716  0.00350028375081897  0.00370839109995248  0.00398905844498894
  0.00423760021681315  0.00450731188479821  0.00481723532964685  0.00512114570526522
  0.00547412948250350  0.00590287619749617  0.00651580606630758  0.00714797844608323
  0.00783046573779538  0.00866937157453343  0.00955180438105721  0.01075000352811868
  0.01197089346328510  0.01941609321527069  0.03424805779036989  1.00000000000000000
  0.00000396761798087  0.00000462698569187  0.00000529646711263  0.00000603184349233
  0.00000709915563236  0.00000847909232065  0.00000986680526037  0.00001130401918601
  0.00001289654162454  0.00001474507518692  0.00001684709838832  0.00001908071298571
  0.00002150372216827  0.00002420687382693  0.00002727906459218  0.00003077938151588
  0.00003480749977650  0.00003947672079997  0.00004476572738640  0.00005082047025276
  0.00005749202972879  0.00006490253283059  0.00007302270701391  0.00008183876696102
  0.00009122685169788  0.00010122404951513  0.00011209664874320  0.00012374793763493
  0.00013611401667673  0.00014902522341455  0.00016250981646478  0.00017690387694071
  0.00019218600604596  0.00020826728290142  0.00022509600633412  0.00024285675511123
  0.00026172349731282  0.00028148984892798  0.00030184073621766  0.00032300807407675
  0.00034532885217817  0.00036906984571691  0.00039420447283507  0.00042037547799365
  0.00044773574817564  0.00047659780650266  0.00050790453934949  0.00054161893418684
  0.00057755706581850  0.00061520255064131  0.00065511382383726  0.00069679757208785
  0.00073864952543481  0.00078160469960902  0.00082663230567998  0.00087548573523323
  0.00092894842438330  0.00098690435375558  0.00104837078601470  0.00110914953534523
  0.00117533101766641  0.00123728335275482  0.00129493785203944  0.00134943070289215
  0.00140606283215596  0.00146838303528830  0.00154713148309522  0.00163872439772073
  0.00173810298031634  0.00183854483563004  0.00193838558727124  0.00203768024100086
  0.00213804751325071  0.00224360167707880  0.00236024489032987  0.00248361075647825
  0.00260758107119293  0.00273429556499977  0.00286951521675960  0.00302903941930732
  0.00323368003360685  0.00340030003254419  0.00354360921048572  0.00368007546304031
  0.00390813069017814  0.00413609836945060  0.00434993282769394  0.00456122338230549
  0.00476969507368131  0.00496479944463654  0.00520524036481703  0.00544153394336701
  0.00560326963990841  0.00609010523955093  0.00883292203434309  1.00000000000000000
 -0.00282859239219487  0.01246231445869126  0.02563532461992632  0.03908725956414013
  0.05237500139690680  0.06605254869135557  0.08008163008114652  0.09341484193545015
  0.10614494725958318  0.11857073504500139  0.13106816368973784  0.14355287352267795
  0.15577718978539207  0.16752381950493589  0.17887564211847387  0.19003602390068614
  0.20118844057388802  0.21228120933466010  0.22331918584460436  0.23446956281177120
  0.24565893990243340  0.25671710094737904  0.26751449412178302  0.27818021445198454
  0.28886576859748675  0.29951749058585830  0.31014847142797114  0.32081517861873177
  0.33150926383842877  0.34223226939478674  0.35270778707249223  0.36245805580356982
  0.37174249825767941  0.38117715324474327  0.39090898913286581  0.40078695184805457
  0.41057234017714356  0.42046519713780789  0.43057165196560104  0.44080564453379162
  0.45107787310053971  0.46126982819692813  0.47141577068852908  0.48152005062667658
  0.49160819584939514  0.50163135180258245  0.51157416487296381  0.52137723295425387
  0.53102488738910347  0.54065714033037704  0.55031941161508802  0.56010099371131306
  0.56971101070421049  0.57908405857255518  0.58853164151716986  0.59808057081817390
  0.60778823414638972  0.61719964131307947  0.62671222115077219  0.63639388847844092
  0.64629493730369492  0.65620836974712182  0.66603629713874923  0.67591018393040248
  0.68601983062825223  0.69628550174405834  0.70670661052984407  0.71696590816121542
  0.72706619741988099  0.73695731730306369  0.74674557003136366  0.75635435149675567
  0.76585654145085369  0.77550385242448672  0.78553722182303176  0.79565597424314249
  0.80561208285689712  0.81514142047502225  0.82470615326510166  0.83468041285234473
  0.84536331732292846  0.85618876996413162  0.86666080244250532  0.87698339454762175
  0.88753598055548422  0.89833828044750708  0.90854643879033015  0.91853539948726703
  0.92859378769899581  0.93932804059326136  0.94965472839450249  0.95964852080880669
  0.96941702678349972  0.97956985700964705  0.98982051546458660  1.00000000000000000
 -0.00249954251275037  0.00960187950466924  0.01965795369488256  0.02978022966298931
  0.03966466003450068  0.04974325919208049  0.05992985626354984  0.07041864889209690
  0.08089313958704641  0.09174429671566996  0.10232535634306493  0.11324455904357730
  0.12417976786097340  0.13516981158181060  0.14604436352472086  0.15671635057428623
  0.16705961546555734  0.17741868250404150  0.18768826473796016  0.19748243337979360
  0.20740390924507821  0.21739606943604214  0.22787761948139934  0.23831993695866852
  0.24862274437740323  0.25909666946264659  0.26996035698471121  0.28115873569934319
  0.29265094809732362  0.30407701963369599  0.31509251323795040  0.32585463981615165
  0.33664769969518960  0.34729179409594113  0.35774005130400305  0.36824424012887058
  0.37900715031625137  0.38984776623739298  0.40065418564689947  0.41138358092884808
  0.42210826369084603  0.43258206913104452  0.44277111920913892  0.45283422233104387
  0.46308911461094054  0.47355002005180252  0.48449047303190373  0.49528946866728940
  0.50543012636952966  0.51508145622252244  0.52475260155131731  0.53490553837051402
  0.54531371463122214  0.55587525063875132  0.56652257270058304  0.57732119966127926
  0.58823450569636349  0.59902105455792953  0.60960958371372431  0.62018365663435260
  0.63100747876676555  0.64180369538858695  0.65239419774189311  0.66262484851546133
  0.67278043129345932  0.68305212592710352  0.69346761163086545  0.70404508665913956
  0.71457161600046049  0.72503806908259605  0.73541580466836765  0.74574127185443184
  0.75631837468147078  0.76706388735619213  0.77785018024156993  0.78872134125510518
  0.79962110539156672  0.81062698155997126  0.82142406162632509  0.83223309250095601
  0.84287509696442331  0.85357550537461657  0.86424992188965877  0.87514461176699854
  0.88567131179448322  0.89617990543829817  0.90669480009373227  0.91660228826885259
  0.92639736116899274  0.93600963470487530  0.94667586347466104  0.95753670496421006
  0.96834064778917739  0.97889706062239967  0.98947039798976200  1.00000000000000000
 -0.00306287789169994  0.01328783188810463  0.02680551713324026  0.03998278947324047
  0.05334216487629757  0.06637354396731221  0.07940384397025176  0.09277831584599681
  0.10646367011201811  0.11983112410691227  0.13261287762160956  0.14494613485554853
  0.15715382017637730  0.16933220977151905  0.18152599034319203  0.19367476506117653
  0.20548821482605428  0.21667079912128698  0.22743252772723249  0.23811881521695102
  0.24899094581335424  0.25999199966233455  0.27084258059496774  0.28143526270854408
  0.29186850740417503  0.30223158713315268  0.31221633460011960  0.32184554952011035
  0.33148047112404083  0.34132762883950740  0.35129067442074730  0.36116879259349122
  0.37106557980762434  0.38102779888848437  0.39084934269884619  0.40065219563567411
  0.41065650508940804  0.42079438829071403  0.43065429010567402  0.44031379115617097
  0.45009378523747195  0.46009898383112913  0.46997390882556866  0.47969237920295577
  0.48937811084906957  0.49913315106396161  0.50873765610764243  0.51817699971070075
  0.52745465327467733  0.53642595457415321  0.54592941483463397  0.55552479709533087
  0.56547163890590246  0.57509311031451338  0.58455607413925093  0.59401532020020442
  0.60351709808948562  0.61294410399030619  0.62216713744828411  0.63140518532098222
  0.64064852636882319  0.64922736356793398  0.65799661393828135  0.66670293364527711
  0.67610203349742626  0.68570491298791214  0.69527824487226686  0.70477830919667683
  0.71450248852194598  0.72466431628570693  0.73482837957825842  0.74496739978940640
  0.75466850850759482  0.76440564239106290  0.77415786741480863  0.78417955748599766
  0.79437318381611211  0.80453635163639947  0.81439695380476895  0.82415362045461016
  0.83413104753626632  0.84455181132143375  0.85528659258650841  0.86620608436863900
  0.87690726103319960  0.88760355708617744  0.89835632088806250  0.90939221747261201
  0.92073012185909064  0.93195485300426306  0.94303880883354652  0.95416360117971977
  0.96548391901522568  0.97710602432144134  0.98844199869942595  1.00000000000000000
 -0.00226691495975153  0.00892580710232769  0.01905666003464102  0.02974627889763638
  0.04084114347343071  0.05147368705192015  0.06200501616099760  0.07249727287108124
  0.08341949762038084  0.09413574487947768  0.10488191962853634  0.11509833199958626
  0.12529470732605485  0.13513235211993474  0.14530921875498953  0.15554738785185870
  0.16581147489542633  0.17611588234179679  0.18640292814109014  0.19692086541555848
  0.20719493068649666  0.21759696184800176  0.22792044217122570  0.23842098930096400
  0.24873106849860865  0.25893723783170175  0.26926721618942739  0.27997243843936959
  0.29096585133582642  0.30222926123268096  0.31345445323402521  0.32449258349893623
  0.33509492118780548  0.34576591988760941  0.35652889230869894  0.36720697059124979
  0.37749986228654481  0.38803850228411468  0.39870945149521153  0.40914909581591602
  0.41936710095487395  0.42928833589343018  0.43942994572483257  0.44973483570550160
  0.46029884158882434  0.47094542553452567  0.48155990747984218  0.49253350420403597
  0.50366858686428984  0.51469511007869639  0.52537738064294892  0.53582304061548414
  0.54605673418686185  0.55631655046268369  0.56675985328492462  0.57754568171190501
  0.58817653630753342  0.59879168832264762  0.60914765891976752  0.61898147833174078
  0.62885050556782174  0.63858351046130624  0.64932169502088077  0.65988821718223334
  0.67038242141885529  0.68076848271735679  0.69090452629382815  0.70090519051919742
  0.71100252041826850  0.72155760776262923  0.73246935983024442  0.74344920679148474
  0.75405779672931672  0.76424686923423679  0.77459224733057097  0.78521111605163663
  0.79620969093299521  0.80676372440282718  0.81740209814227149  0.82812832556795235
  0.83876170436138175  0.84937894271499581  0.86007653960618147  0.87099297807960596
  0.88190296325168549  0.89287535095173887  0.90402795551404769  0.91501034972034290
  0.92579909104914593  0.93635987659620157  0.94695969592602802  0.95777159224859121
  0.96852014919228824  0.97909975592283249  0.98966065586169372  1.00000000000000000
 -0.00254460083516233  0.00999380425502641  0.02052704641487132  0.03118439705255879
  0.04173265720995899  0.05186289310716707  0.06188351436288003  0.07177228357578173
  0.08197305142353720  0.09200433842231796  0.10204554449590382  0.11206646957871350
  0.12272685450801815  0.13345685149386341  0.14399329869539315  0.15438699570493300
  0.16470410633487528  0.17515274512919937  0.18587665753367802  0.19694670377794452
  0.20832531406100155  0.21964841947588015  0.23084940913821930  0.24184324080953365
  0.25239036503759227  0.26295878084247970  0.27353785532678648  0.28446847392142660
  0.29503985243857306  0.30571521177403022  0.31662032977183963  0.32783613447655707
  0.33898726896655895  0.34922626317755967  0.35944314377383652  0.36931749707276273
  0.37920436475743613  0.38934429795843262  0.39919311902242360  0.40936010942717183
  0.41970278235009101  0.43036423693754827  0.44122833801573991  0.45196623191923785
  0.46312375722903343  0.47436699307695962  0.48538405913754396  0.49569005371918123
  0.50581268527400502  0.51588523881117199  0.52625414211689159  0.53647022273015310
  0.54678566606149792  0.55711157876621875  0.56764333648095910  0.57803352815132514
  0.58786255124108822  0.59766518640833477  0.60748761441894406  0.61791711572931962
  0.62863908070445629  0.63976637924377699  0.65058750503875062  0.66130396047253226
  0.67210309359081777  0.68328992452977744  0.69427726576062265  0.70500221676250696
  0.71541930985883728  0.72587826676117717  0.73609179554860771  0.74670319691106812
  0.75761448920506624  0.76863225350642383  0.77908632041777393  0.78950886430334399
  0.79982577444297653  0.81036478136108048  0.82101341190288557  0.83149173555294720
  0.84178854870750508  0.85205789514666808  0.86262023931795728  0.87327959775836839
  0.88395203839010239  0.89456322405535049  0.90559541034574720  0.91614204425293788
  0.92664596803590882  0.93694426684834531  0.94730336192209763  0.95771174157595373
  0.96811982985851575  0.97872088545289637  0.98933713571241544  1.00000000000000000
  0.00001589410418216  0.00013372616667800  0.00032277777962667  0.00052461739339275
  0.00065461033929052  0.00077931082280290  0.00089381863388320  0.00100675718662900
  0.00112111218036609  0.00123657502286262  0.00135326958054272  0.00147154862666916
  0.00158906485344392  0.00170864079663301  0.00182700927121784  0.00194397634728854
  0.00206043191532089  0.00217284100052979  0.00228933834356827  0.00240598854451104
  0.00252315354315910  0.00264115365243781  0.00276028980208277  0.00288080814563360
  0.00300320818950036  0.00312731423669769  0.00325387251565186  0.00338419552956077
  0.00352087293317939  0.00366844191954331  0.00383053019643441  0.00395539392034135
  0.00407485844613917  0.00419136193413740  0.00430548455318982  0.00443170967848286
  0.00456518013701098  0.00470252918158275  0.00484167131729362  0.00498885018894961
  0.00512994609856908  0.00526664759193794  0.00542328367309543  0.00558578437915952
  0.00574361478383181  0.00590903826579215  0.00608125661719047  0.00625840684864157
  0.00643056391669839  0.00660594197385390  0.00679847454713658  0.00700326539066874
  0.00721141839607504  0.00743057202210826  0.00765334099767210  0.00787534619345924
  0.00809050898842914  0.00831035419658016  0.00850985048183739  0.00870169473831572
  0.00889675582581697  0.00909556753138423  0.00930439936524339  0.00950466607272900
  0.00967328368110167  0.00982578309238200  0.00997630688260416  0.01013890827149782
  0.01037252823034166  0.01070059233181607  0.01101864684282700  0.01127981802471063
  0.01154313499842610  0.01177872421493206  0.01201389657908038  0.01224341154760875
  0.01251976317552432  0.01285765916664163  0.01322961120462146  0.01351805998159034
  0.01376860097608070  0.01402469685518356  0.01433985710695676  0.01487756171122299
  0.01571613560321444  0.01635677745950232  0.01688787097983344  0.01752812924205426
  0.01839722553550433  0.01929413086250631  0.02122121746797674  0.02307350048833617
  0.02507410312477372  0.02898636281283424  0.11902932768989784  1.00000000000000000
 -0.00183747650852128  0.00660940679021651  0.01440040801711828  0.02236990345052696
  0.03047731707456206  0.03865263317584038  0.04701121157359599  0.05545660876556639
  0.06385501743442080  0.07251916160953376  0.08102954120782203  0.08984079190467924
  0.09904777093533790  0.10875251556045551  0.11864675844787460  0.12862405935070392
  0.13872805298748220  0.14905278126336297  0.15966223940358065  0.17053957211795809
  0.18150056005320933  0.19258974100021614  0.20389181540678092  0.21523473385140507
  0.22659335074908019  0.23789363642729083  0.24922347834984457  0.26078841806864522
  0.27233867771838743  0.28404656596346478  0.29555450400849292  0.30717517004200739
  0.31902184172015585  0.33102268031614746  0.34308239250329686  0.35519076877455624
  0.36725958643740708  0.37946473542311754  0.39136663979742781  0.40313059307894611
  0.41420088450338000  0.42542176423873013  0.43658700486619217  0.44815953032575195
  0.45981925759327008  0.47151774629027438  0.48321322754344148  0.49453461278960109
  0.50557616997901333  0.51670073956117901  0.52843237632426932  0.54037675697415799
  0.55235544470835063  0.56419432335682851  0.57592176400968209  0.58757065981821766
  0.59932488291230646  0.61099555349855128  0.62272640616917241  0.63470721828908161
  0.64691448630585802  0.65899060542757704  0.67066644258639307  0.68237878872716151
  0.69438630414112013  0.70661736638222872  0.71846105104872904  0.72994550452741847
  0.74145521909913770  0.75301896620487530  0.76447692442891768  0.77594598015931371
  0.78745593980891493  0.79884661770381160  0.80996419238694317  0.82064301803569573
  0.83094381354054858  0.84105068951937545  0.85122238270432693  0.86139514923506122
  0.87134951565161145  0.88099336254438443  0.89031115234880287  0.89921408972780070
  0.90788515103548739  0.91644916476163463  0.92525802444536365  0.93353553301004411
  0.94179594302365055  0.94977633336436407  0.95811499400226996  0.96654217597885206
  0.97505773803270468  0.98350416858214817  0.99190469092896760  1.00000000000000000
  0.41233143310942733  0.55938398596241001  0.57600955452994196  0.58952950239913315
  0.60289104735555776  0.61691859790877657  0.63080453147315629  0.64301074420724125
  0.65393585380514718  0.66423902950110070  0.67367325144414514  0.68241325209115089
  0.69067736510401434  0.69844798129541330  0.70579036403340878  0.71268147498679690
  0.71922929170912742  0.72555922170193321  0.73163614520073728  0.73744585951443697
  0.74314093518933155  0.74867312776143113  0.75397504200147270  0.75906766465850217
  0.76407222352875392  0.76899352593219716  0.77375788699601100  0.77836593312486402
  0.78286332171055428  0.78733885691535854  0.79173052356469620  0.79602637759487216
  0.80025256482267959  0.80441019837770311  0.80853268997900718  0.81257131837892382
  0.81650093317944805  0.82034840590183911  0.82414487954374438  0.82790524209978555
  0.83159664051368642  0.83524187545694029  0.83879891679833407  0.84227894697597527
  0.84569262407310675  0.84906132821667879  0.85242809744209935  0.85580605611077254
  0.85906790775363784  0.86229659500022715  0.86544896237805136  0.86861298588967217
  0.87170730835325394  0.87477597544232644  0.87777096711973024  0.88075037460070094
  0.88373239849061558  0.88672653510979715  0.88973277890468161  0.89270222425166157
  0.89560085335037909  0.89844674328332819  0.90128322537824856  0.90411284750239795
  0.90686427722189034  0.90964430869882229  0.91232216313055325  0.91501577958513947
  0.91774624064164323  0.92050204371479627  0.92333469306994342  0.92620879031070402
  0.92905495501618018  0.93183455399407555  0.93459224465352608  0.93729442801395912
  0.93998781807264076  0.94259516534726318  0.94507347205865444  0.94757430629309203
  0.95002989037987917  0.95243816415830340  0.95497392490318478  0.95759540325881765
  0.96029618783830539  0.96310135441178601  0.96598389891321257  0.96884818370255865
  0.97178255677257408  0.97480652286684644  0.97794529298531341  0.98110414408080693
  0.98442260878936882  0.98822514835629371  0.99325268276775969  1.00000000000000000
 -0.01946698927088555  0.16562363367556029  0.20984050180682701  0.23708746261297253
  0.25791040562702727  0.27571099726900539  0.29149846069493507  0.30568730727220478
  0.31868433668415952  0.33080310891226017  0.34214327433538266  0.35281998150510807
  0.36303757125822472  0.37299474483147582  0.38282431889872781  0.39240534501593799
  0.40158703813020574  0.41044432628458882  0.41900842373315583  0.42733744220393238
  0.43543223453188884  0.44329952515314625  0.45087633655814846  0.45821490743913712
  0.46534159458222007  0.47240542140231162  0.47945885291564627  0.48641137378120231
  0.49316001202672138  0.49969625070906548  0.50602334802563198  0.51227973149406270
  0.51862675519408785  0.52491962779049772  0.53114572478437372  0.53702727575715525
  0.54253074060321660  0.54791594368653784  0.55328626749797816  0.55863213452218075
  0.56405738478944034  0.56953287701129518  0.57496707399599867  0.58035985489741071
  0.58568491691477753  0.59102423867992726  0.59642797855632190  0.60173313421827168
  0.60691064509093295  0.61206159447411657  0.61722111413201486  0.62248543323577976
  0.62779606426910606  0.63300089521560676  0.63809841781277288  0.64307856446841682
  0.64799595345253669  0.65296256715856815  0.65798507940278672  0.66297924981309675
  0.66792901849858244  0.67283411676319815  0.67777985916309791  0.68272039158323983
  0.68767256450189651  0.69249978069880658  0.69723403849668819  0.70178223529153283
  0.70638161217042750  0.71111892660264486  0.71597758529624955  0.72091350937198262
  0.72593185793744541  0.73102743035754947  0.73623927921917121  0.74158566553472471
  0.74700806365527095  0.75247378236308871  0.75792552298567273  0.76342353347063052
  0.76914578038133696  0.77529812634649198  0.78182886630208037  0.78841511969717759
  0.79503603861646022  0.80178469900867455  0.80865930116830254  0.81580597932048438
  0.82344316628349534  0.83226130988072566  0.84257801488888551  0.85340864597467636
  0.86742114476924337  0.89510393033690638  0.96358855238945895  1.00000000000000000
   7.3536650459535457E-010  -1.0000000000000000     
 F F F F F F F F F F F F F F F F F F F F F F F F F F F F F F F F F F F F F F F F F F F F F F F F F F F F F F F F F F F F F F F F F F F F F F F F F F F F F F F F F F F F F F F F F F F F F F F F F F F F F F F F F F F F F F F F F F F F F F F F F F F F F F F F F F F F F F F F F F F F F F F F F F F F F F F F F F F F F F F F F F F F F F F F F F F F F F F F F F F F F F F F F F F F F F F F F F F F F F F F F F F F F F F F F F F F F F F F F F F F F F F F F F F F F F F F F F F F F F F F F F F F F F F F F F F F F F F F
  <DiscreteSampler_grid>
  grouped_processes
  1 # 1 for a reference and 2 for a running grid.
  10 # Attribute 'min_bin_probing_points' of the grid.
  1 # Attribute 'grid_mode' of the grid. 1=='default',2=='initialization'
  0.0000000000000000 # Attribute 'small_contrib_threshold' of the grid.
  0.5000000000000000 # Attribute 'damping_power' of the grid.
 # binID   n_entries weight   weight_sqr   abs_weight
    19   10   4.336846485197744E-002   5.182396257012710E-003   4.336846485197744E-002
    20   10   4.336846485197747E-002   5.182396257012716E-003   4.336846485197747E-002
    22   10   8.673692970395488E-002   2.072958502805084E-002   8.673692970395488E-002
    23   10   8.673692970395494E-002   2.072958502805087E-002   8.673692970395494E-002
    25   10   8.953626481790913E-002   2.194487965590992E-002   8.953626481790913E-002
    26   10   8.953626481790916E-002   2.194487965590993E-002   8.953626481790916E-002
    28   10   1.790725296358183E-001   8.777951862363967E-002   1.790725296358183E-001
    29   10   1.790725296358183E-001   8.777951862363972E-002   1.790725296358183E-001
    34   10   4.336846485197744E-002   5.182396257012712E-003   4.336846485197744E-002
    35   10   4.336846485197747E-002   5.182396257012716E-003   4.336846485197747E-002
    37   10   8.673692970395488E-002   2.072958502805085E-002   8.673692970395488E-002
    38   10   8.673692970395494E-002   2.072958502805086E-002   8.673692970395494E-002
    40   10   8.953626481790912E-002   2.194487965590991E-002   8.953626481790912E-002
    41   10   8.953626481790916E-002   2.194487965590993E-002   8.953626481790916E-002
    43   10   1.790725296358182E-001   8.777951862363965E-002   1.790725296358182E-001
    44   10   1.790725296358183E-001   8.777951862363972E-002   1.790725296358183E-001
  </DiscreteSampler_grid>
