  0.00361568026429865  0.01108911007242871  0.02211338718753850  0.03365708903829688
  0.04407714524686738  0.05347616799151718  0.06258578326872682  0.07240546079996862
  0.08228334025101328  0.09341657339271982  0.10710608597818784  0.12100312134713960
  0.13433809908516309  0.14593281227847599  0.15595469292152739  0.16637093182605095
  0.17668394510373403  0.18760664521223122  0.19935592936131472  0.21111862363335618
  0.22282846891257993  0.23385107064255178  0.24326029839707178  0.25305940501214336
  0.26209964445308181  0.27197213130628478  0.28201967266341599  0.29182521289310104
  0.30113057236378088  0.31103696452230262  0.32115612488590689  0.33118970916711693
  0.34140316544535049  0.35161451347959299  0.36282636162962695  0.37407492204014736
  0.38560826684940092  0.39687303351524122  0.40600917958212579  0.41357035925847502
  0.42098225201992462  0.42873867865936061  0.43727466054718250  0.44671860647303124
  0.45659487830354767  0.46807209712419345  0.47903951487940116  0.48991129948665574
  0.50110955910769850  0.51275493617301371  0.52375030146338586  0.53341138648636544
  0.54285142220749794  0.55336266231211673  0.56518049253499059  0.57647452213741712
  0.58764652858986322  0.59948592064951844  0.61127999669100341  0.62277864832700880
  0.63296168188640256  0.64230211220991540  0.65182733130465820  0.66212512524007139
  0.67285442041427446  0.68347969890293070  0.69350610615677843  0.70276284232700026
  0.70976017736360042  0.71668654422085076  0.72352941501639167  0.73251826139830278
  0.74409506898582778  0.75640771781409388  0.76871645113432197  0.77906553395102018
  0.78786594823154099  0.79628651891435753  0.80499903121913574  0.81478359159788327
  0.82753950094031525  0.84046072746201339  0.85268278468353531  0.86323316911174741
  0.87355856233718177  0.88447541492625981  0.89523122916169195  0.90518207271123685
  0.91374632810167511  0.92354884055432906  0.93328166231437448  0.94359679949408171
  0.95763838099736787  0.97120798379082973  0.98477715688993728  1.00000000000000000
  0.00004701059492010  0.00005739428871398  0.00006519118140263  0.00007242583559816
  0.00007886006091695  0.00008492527150776  0.00009091583569284  0.00009691194812785
  0.00010308497251223  0.00010951858254859  0.00011583780834583  0.00012241357092276
  0.00012921944370722  0.00013563743715095  0.00014191324576959  0.00014820780733802
  0.00015469702977233  0.00016127546043738  0.00016783354247210  0.00017420158318868
  0.00018115043744204  0.00018828171169446  0.00019624323743634  0.00020530751640848
  0.00021536551742764  0.00022614138034286  0.00023756063841033  0.00024892794924814
  0.00025955475563875  0.00027009136069092  0.00028087801511220  0.00029198780623415
  0.00030378839096684  0.00031551460002999  0.00032630337527389  0.00033695942841285
  0.00034809813049037  0.00035958226753204  0.00037267563350959  0.00038887801645474
  0.00040670778200083  0.00042486091134679  0.00044412359274916  0.00046300859093208
  0.00048084665930838  0.00050023457659427  0.00052208453600875  0.00054588382826628
  0.00057279811393013  0.00060196565208866  0.00063151932257127  0.00066090930289472
  0.00069148590221676  0.00072309294615363  0.00074358732074673  0.00076364400879707
  0.00078292098509486  0.00080784781348493  0.00084221608920190  0.00087674370042479
  0.00090373854875232  0.00093971434151959  0.00097790241142041  0.00101508798332787
  0.00105869102742955  0.00112433451345400  0.00118902519411618  0.00124846351626278
  0.00130419436873592  0.00137233237500373  0.00142687840511211  0.00148653834458178
  0.00154403731979579  0.00159340006385420  0.00164005474288636  0.00169948229320282
  0.00181558873841300  0.00194258737423908  0.00204912064502961  0.00216969405248978
  0.00230360045742920  0.00248811064833663  0.00264975601880549  0.00281955732244084
  0.00304708416165320  0.00328506367163013  0.00356490688253079  0.00391891622843613
  0.00426871907941352  0.00472653655967336  0.00539930254448598  0.00621268663202821
  0.00707292864105696  0.00808241214162419  0.05063176281105583  1.00000000000000000
  0.00384937755233516  0.01277434816936070  0.02231185551842708  0.03302275402233752
  0.04365802129861444  0.05346106840063238  0.06124096303087872  0.06988734356809767
  0.07946113384359460  0.08766830687719286  0.09692505841224268  0.10649962256442558
  0.11651035264295403  0.12685176888312230  0.13719887618787194  0.14712454273784678
  0.15654654738169768  0.16632557165007189  0.17719605484267925  0.18811534081152129
  0.19913464963490801  0.21090109437486193  0.22382492090267678  0.23532892003112671
  0.24566465996359130  0.25582341595977448  0.26687710134508980  0.27891234018315408
  0.29188723678606787  0.30386305121867341  0.31484951929808974  0.32607818529520149
  0.33777911765858987  0.34819045067107568  0.35808302230451350  0.36817411137204836
  0.37966711394126484  0.39190559598271429  0.40454605690706119  0.41793691687354151
  0.43120629605688404  0.44340528263694584  0.45506443239647631  0.46656394512475818
  0.47881734391265862  0.49011364305424443  0.50059958416102512  0.51076255169106277
  0.52033103463448060  0.52964142814114168  0.54032197011644045  0.55170178940212100
  0.56202465680041525  0.57218127680416908  0.58210614203248889  0.59234647559163112
  0.60318842685384599  0.61354519376973737  0.62428005852952584  0.63596453795386820
  0.65062813149505594  0.66534593855587087  0.67841495906366589  0.68895892442174334
  0.69753908836805412  0.70613405354124448  0.71514507415007211  0.72497857882079164
  0.73665270678775907  0.74861929367684465  0.75902727597742159  0.76929753723142413
  0.77896983152648491  0.78832698024449177  0.79904065922993295  0.81088472323576000
  0.82228432395560747  0.83225674269388039  0.84281712852353730  0.85468995578677698
  0.86599363234563764  0.87589558246155286  0.88568212723095951  0.89585453614090360
  0.90821920917734944  0.92107806814133952  0.93194900789505608  0.94272723442460538
  0.95210001694436197  0.95989722430712332  0.96694248158683394  0.97337341248254805
  0.97950348787292707  0.98604908334069019  0.99258686425762133  1.00000000000000000
  0.00022106704825545  0.00025015114757347  0.00028103769673817  0.00030848504151955
  0.00033372792696454  0.00035828184479948  0.00038395973717904  0.00041062099703814
  0.00043860449990520  0.00046577297422140  0.00049347753949765  0.00052209366056220
  0.00055155369458666  0.00058330344860274  0.00061785772697746  0.00065440467642622
  0.00069041897853944  0.00072436718519715  0.00075851624290599  0.00079437908589117
  0.00083047094773952  0.00086707620407870  0.00090491421839214  0.00094598190172399
  0.00099337446348367  0.00104349295202550  0.00109161602835594  0.00113721445569260
  0.00118282326170676  0.00123167156362680  0.00128640192701760  0.00134641539622192
  0.00140005835637070  0.00144742553643000  0.00149243807118166  0.00153976373966192
  0.00159398680809769  0.00165861302134738  0.00173338477255383  0.00181210299439131
  0.00188553038779254  0.00197180514506344  0.00206229973296838  0.00214624893860644
  0.00221605066254042  0.00228369414400804  0.00235379362944889  0.00243781549201343
  0.00252978200521377  0.00262485656173547  0.00272423190332515  0.00282137183816556
  0.00293048033366255  0.00307308357919741  0.00323125332119202  0.00338486601386694
  0.00352710656390850  0.00367052319712747  0.00383471312279334  0.00403006693314684
  0.00422628582289279  0.00440520187993841  0.00458404562848615  0.00477330531000420
  0.00501708229089515  0.00523096109659617  0.00542946480274510  0.00561315528312562
  0.00581938631358774  0.00604655952662426  0.00623244020183861  0.00637145790022165
  0.00651150213075251  0.00666184383041529  0.00684520851989366  0.00711189596277424
  0.00748512694928377  0.00791906700530169  0.00841084732737768  0.00889559531808771
  0.00944662532790316  0.01005183757986577  0.01061312613607060  0.01124381010980118
  0.01210709639009590  0.01302724440744076  0.01402756155637236  0.01490494934807356
  0.01596980367700186  0.01693736520085561  0.01765845244901919  0.01852094665456051
  0.01959919770522068  0.02345627213744719  0.14531175637925486  1.00000000000000000
 -0.00341756652384444  0.01594333337016635  0.02776560624365029  0.03927561397300043
  0.05054872462385862  0.06171842851221338  0.07220544278303721  0.08417067125974470
  0.09601266109656181  0.10680595682210035  0.11846680845845338  0.13198578058309124
  0.14655758712830730  0.15867586503921333  0.16932157357866029  0.18173521740301218
  0.19433231546347074  0.20804440663147616  0.22128426591132813  0.23309278865554120
  0.24424272203517169  0.25477489931136066  0.26528574016920214  0.27562617791028221
  0.28541379005008904  0.29492861188649488  0.30340979405478002  0.31168712120216280
  0.31995897976465326  0.32809291888337971  0.33662486767311323  0.34515518802350748
  0.35352306892898006  0.36252291681231158  0.37087727892000810  0.37986160505901173
  0.38966428292994609  0.40014679575506945  0.41062238606570522  0.42077412593577018
  0.43190170707191550  0.44207606996439130  0.45119781987627949  0.45918184035266657
  0.46680986112082934  0.47473067267182545  0.48356855392290166  0.49302745611029941
  0.50269018670496335  0.51274709776421867  0.52327482167516237  0.53162629929118932
  0.53934477262165614  0.54725821394738117  0.55628001765896806  0.56715733128746171
  0.57871475482676782  0.59054011096151016  0.60237624015131019  0.61409571624034009
  0.62465004686719205  0.63351369904106458  0.64199021332342510  0.65071955900250622
  0.65943149113618993  0.66867342374130867  0.67759543584234050  0.68677566719149630
  0.69768524194718895  0.71024090530694228  0.72169103132075407  0.73251207148172315
  0.74372612771959679  0.75465921944970182  0.76591732458424977  0.77800916795225994
  0.79001293911070991  0.79920817131563004  0.80606578382340521  0.81314636471431645
  0.82020944876178481  0.82778113719634094  0.83601799377215469  0.84396007399474460
  0.85256620202426603  0.86189748043983616  0.87230608598474180  0.88503493743974293
  0.89945811120323571  0.91382857143395535  0.92854005077274593  0.94269615114427718
  0.95595323771444474  0.96992689928578979  0.98473873515582444  1.00000000000000000
 -0.00287637840243074  0.01178965655986879  0.02502622650073293  0.03773278054102662
  0.04772000996764424  0.05716251989794770  0.06577270394609842  0.07453010546203306
  0.08324243706630279  0.09277241614147937  0.10331288556383379  0.11339786760205872
  0.12291213266406899  0.13102311977438227  0.13975309982280970  0.14893237006735044
  0.15849945536672513  0.17136865343205621  0.18498184048197960  0.19920097223431918
  0.21091136161750723  0.22208300763063910  0.23305268871251886  0.24522414690774780
  0.25788305906869041  0.26968987353954560  0.28101004583981104  0.29077581268150859
  0.30223342974389256  0.31236045515355049  0.32315142094568128  0.33426874219417779
  0.34518792349173494  0.35597898147404217  0.36661669932326696  0.37790687199002637
  0.39130764063053103  0.40480470438970634  0.41620091328900821  0.42640218321956624
  0.43553404881667052  0.44434793101804015  0.45382984093348788  0.46501227266543160
  0.47695339255205305  0.48770354822579215  0.49769586143241518  0.50768962469585233
  0.51824905246322706  0.52911521326935718  0.53962000570009772  0.55054616083057595
  0.56198652215361389  0.57178539617136548  0.58052041936989407  0.58918844934102843
  0.59825457907273949  0.60768644482874501  0.61650844735826826  0.62480821060336267
  0.63448550062828035  0.64526333441897499  0.65669827313079177  0.66722465551737509
  0.67830246301044161  0.68980358471933789  0.70111921508550457  0.71224536173770325
  0.72215089915366060  0.73427194562252096  0.74631338134381442  0.75766299256392389
  0.76970671293408854  0.78085080470383639  0.79269693615239467  0.80379382241118735
  0.81547667198531670  0.82765564733097841  0.83958508729661407  0.85027555315112402
  0.86030321592901349  0.87015564632308562  0.88094294019165220  0.89268247834015102
  0.90191076670590298  0.90870477824730822  0.91470371931235073  0.92143770278750081
  0.92918145592595236  0.93846679811828937  0.94752988918825076  0.95634528106591388
  0.96601219226421065  0.97732973980109283  0.98795451295174452  1.00000000000000000
 -0.00223789013676431  0.00670071041646852  0.01505595986004638  0.02308141440621481
  0.03124453813791184  0.04053806348429127  0.04993116714001233  0.05761122891527645
  0.06685685858206029  0.07657927359029026  0.08739776681425090  0.09830059320019197
  0.10872814839810696  0.11903511191412953  0.12866375113956868  0.13758661857946494
  0.14627318532803130  0.15403503435883556  0.16339794457441892  0.17261878179607373
  0.18245507684282336  0.19257213678260390  0.20408098646265663  0.21674462892193627
  0.23006006650231323  0.23962055662828219  0.24890486164088374  0.25882451087116304
  0.27015838818736293  0.28091604155547384  0.28890797966073450  0.29558437740311033
  0.30273665369782887  0.31013334253630154  0.31806510945079769  0.32622365911962470
  0.33450520262193240  0.34359395664428283  0.35358042226217390  0.36391486848299542
  0.37415136111693165  0.38398109532459745  0.39396536044362307  0.40363516775742231
  0.41459891047592995  0.42643862858174980  0.43712840427405270  0.44627236785045299
  0.45550518370556903  0.46805913838568519  0.48278820728142480  0.49704240132703914
  0.50999249034791461  0.52241245761442223  0.53485003916159046  0.54812033281880068
  0.56200617336089964  0.57492481912309279  0.58746306619229216  0.60045721556305298
  0.61245069016667553  0.62389292079556591  0.63506407872176118  0.64591150220227411
  0.65657525918534954  0.66647087421707574  0.67667570182656678  0.68740023050182730
  0.69992174787601691  0.71161226557510415  0.72238135467403819  0.73368930021733014
  0.74613942999013283  0.75860060123742790  0.77026829381992046  0.78190322832722936
  0.79311980426518458  0.80374123474394210  0.81502180169985583  0.82821069579438511
  0.84266218020338757  0.85766182196932683  0.87180554057605530  0.88231872218736962
  0.89207963481187547  0.90167209814717975  0.91173930350378951  0.92125766283074939
  0.93005370631884310  0.93960599775077824  0.94993767226813619  0.96058698800334352
  0.97010108414887097  0.97972855041447549  0.98985845993953836  1.00000000000000000
 -0.00191914121400825  0.00823229666825490  0.01844180637429492  0.02804110515664200
  0.03829720322757239  0.04977604577207034  0.06106370353297891  0.07253064459854440
  0.08436894864967920  0.09798658269223652  0.10996206985087280  0.12197833073408292
  0.13493776709643365  0.14793495799997269  0.15868892196493617  0.16946594448846497
  0.18048937519831754  0.19063660024032661  0.20036716694853782  0.21033435935327685
  0.22084577986559847  0.23119133176899281  0.24194604049549337  0.25277101067675894
  0.26336827185766548  0.27446167401363830  0.28696086611426952  0.29889712460422568
  0.31067623892133389  0.32241799544610555  0.33411990237471867  0.34460200996809348
  0.35567505879196798  0.36738036148800568  0.37967772834380442  0.39028357545154918
  0.40060326569635019  0.40975301206597475  0.41791865568567438  0.42607330165269969
  0.43428723332177005  0.44249043738074240  0.45042876375138385  0.45798472155670444
  0.46603649932175722  0.47549098860787392  0.48678503782956889  0.49896816868042149
  0.51166344342901515  0.52412076879257952  0.53793982585140898  0.54915474666957043
  0.55927649298370596  0.56998904863953748  0.58228740948894198  0.59513306425616330
  0.60655632552860916  0.61806086673863336  0.62766183354402960  0.63702177226611512
  0.64683510246761777  0.65514289972753725  0.66367894034809305  0.67291267370153562
  0.68162733694538480  0.69119599980070667  0.70406458850844933  0.71671703581031621
  0.72861580982722973  0.73893986255454702  0.74901201467218070  0.75780890515767352
  0.76703726359101931  0.77586816930460578  0.78398527309612243  0.79210305041146323
  0.80074240668307461  0.81130992955298331  0.82057255586292965  0.82805081948054715
  0.83513805444812061  0.84286351892001843  0.85130412313607573  0.86068237239325696
  0.86965791540273940  0.87929819573225665  0.89009841384586008  0.90080666959347244
  0.91158550307841679  0.92256275573820024  0.93189297115532765  0.94364021812313503
  0.95528453095473331  0.96962440924697724  0.98439405194681551  1.00000000000000000
 -0.00278910479873525  0.01046335322597960  0.02249786278476868  0.03561159942969156
  0.04858118736490393  0.06110105557010449  0.07404323761580263  0.08775547215883482
  0.10050346996068531  0.11115153116542059  0.12187130151265482  0.13244568597573619
  0.14431858607394801  0.15693062732461915  0.16908571865660407  0.18050311703240154
  0.19132260204932103  0.20178778570612418  0.21228259337807448  0.22200387408898992
  0.23095702733298490  0.23977653558318504  0.24887325402146146  0.25805256331066351
  0.26776078704997813  0.27693313365513789  0.28775556986352924  0.29892044410354379
  0.31027983372524859  0.32182129638243190  0.33358755182267336  0.34633179773438233
  0.35739295983868447  0.36656954445279361  0.37487705388387893  0.38189254885214940
  0.38827661467545649  0.39514741228666150  0.40239969237971795  0.41099944519274656
  0.41934725967273734  0.42799771080436810  0.43688742099566413  0.44617672973849332
  0.45391808393337013  0.46142830193376089  0.46932456429229774  0.47848768180265472
  0.48954618639898495  0.50146516502457938  0.51209821111934872  0.52186945908952886
  0.53088832396632335  0.54021454225003229  0.55097357476556053  0.56204896677772853
  0.57295881231911128  0.58288529601337868  0.59324060314936966  0.60372094724479763
  0.61572216912812427  0.62481743322728078  0.63358993702026112  0.64317256582319193
  0.65281575004691139  0.66282934754135248  0.67244681919900706  0.68187007356282414
  0.69134015119507264  0.70268267761851688  0.71465603013043155  0.72670465280533725
  0.73655412379579299  0.74682592823213911  0.75678235382049708  0.76747891581145744
  0.77883838405965922  0.78956322293548509  0.79992825330991479  0.80967296811477296
  0.82047465742980230  0.83149307366411640  0.84200878536618651  0.85180318344473871
  0.86216440647836312  0.87347220316018692  0.88741237893954295  0.90032740711377912
  0.91359078465254506  0.92718376645984391  0.94104295798433291  0.95303000564630036
  0.96448724406883468  0.97593991328471219  0.98769981297565224  1.00000000000000000
 -0.00251402251426723  0.01213294557467826  0.02511115915964768  0.03708642232350298
  0.04813409770680008  0.05830542862339605  0.06929393975508494  0.07903960963240721
  0.09035790689775471  0.10190868822559251  0.11385261542415380  0.12770951203928985
  0.14167949046506437  0.15472696229473776  0.16702704025713871  0.17671069761942804
  0.18651322462473260  0.19520297360913838  0.20428949956580367  0.21303276308508526
  0.22216447938721942  0.23226616054808394  0.24215718607651751  0.25232299909522099
  0.26251741467541900  0.27207244156567861  0.28116485743807285  0.29138201985042267
  0.30345722762267047  0.31486272569848450  0.32459953644099188  0.33425005678964342
  0.34425633018165369  0.35471851585922548  0.36355331402386637  0.37155344208693952
  0.37899225826689303  0.38776103143484930  0.39777889809124556  0.40841171695993483
  0.41881345297838041  0.42920016623625018  0.43997409900057410  0.45051023314301569
  0.45964489669293196  0.46935022341714533  0.47952117784529696  0.49052534120897007
  0.50124576344757454  0.51193720712621560  0.52351662824350831  0.53658056396503995
  0.54971757296396717  0.56219476398352741  0.57351902917034481  0.58456374635655417
  0.59674298072601017  0.60797974732246851  0.61817672998899387  0.62821635235665740
  0.63824057235663556  0.64810087536212857  0.65793673302514999  0.66736045368614805
  0.67684634327364990  0.68671740083045540  0.69616847378784952  0.70563653438201024
  0.71497779562504959  0.72463075169952640  0.73570551311353694  0.74807774448986208
  0.76046402240968414  0.77240589857010922  0.78441798551126773  0.79578205286795267
  0.80771603012197890  0.81878795063579779  0.82919834561653694  0.83939609563054063
  0.84977942391971828  0.86093795072539847  0.87126965707358028  0.88039709057905546
  0.88883733869371040  0.89774435819593523  0.90735754447744466  0.91701049712885940
  0.92730687163541281  0.93741253516471423  0.95047729155272920  0.96217620916474678
  0.97287184368757518  0.98255542126424422  0.99146508140685630  1.00000000000000000
 -0.00145560165803990  0.00448758833735350  0.01009784230414597  0.01601107043324533
  0.02216414220557930  0.02818867512496103  0.03424063538058775  0.04083267853671460
  0.04881615457759185  0.05737882999635491  0.06701499564117376  0.07696876888689358
  0.08521466714469965  0.09235177510092883  0.09930169127803255  0.10666615575408067
  0.11475343370396483  0.12288237450300660  0.13162623253718134  0.14185572730018001
  0.15134888891837583  0.15979870161985060  0.16767712738730117  0.17571467590073817
  0.18444264695409002  0.19344250653199577  0.20149548418107974  0.20885705003630967
  0.21640882184723140  0.22484588476878797  0.23655026025962683  0.24906719111617273
  0.26054694259725053  0.27245591717824624  0.28497821811250629  0.29634209195284128
  0.30667674148766438  0.31738884729652178  0.32954204989043684  0.34237145359916454
  0.35401484474614570  0.36467315158303121  0.37531452535096504  0.38501711883055401
  0.39540762344730046  0.40635158398175913  0.41960118469265645  0.43319061395852876
  0.44730212219825166  0.45976572023379619  0.47195922796990791  0.48538433460598507
  0.49969879617306706  0.51272137206819024  0.52444233994794698  0.53672778451068026
  0.55085890443374941  0.56682220894555579  0.58277551164614394  0.59841930545558197
  0.61446328177368670  0.63091441107690827  0.64809284072491102  0.66379442383282750
  0.67666402907510781  0.68935808103978580  0.70131380125364307  0.71307550263280750
  0.72485240199602030  0.73573942993100916  0.74643392522409147  0.75676536398614302
  0.76650674584780243  0.77557466201196690  0.78565489973554037  0.79684297247195335
  0.80838011798741660  0.81802320703675813  0.82715281116352857  0.83696971707844758
  0.84787480064959586  0.85871397279795114  0.86756245554548861  0.87639707121622146
  0.88647706652911351  0.89874044583088120  0.91089803128612290  0.92099136901919620
  0.92979602131263195  0.93859016149006891  0.94796734524859827  0.95836906773995623
  0.96909482866231289  0.97939894531530347  0.98935108504582936  1.00000000000000000
 -0.00256646885820479  0.01186910871919112  0.02339214805495007  0.03477231572265960
  0.04764422810683709  0.06109933896990690  0.07363076627815647  0.08543690202401601
  0.09810660358365624  0.11025391648798005  0.12324089292556571  0.13477396930892752
  0.14813152870955187  0.16104367404419256  0.17280741101110242  0.18312571101477881
  0.19440681472108817  0.20710258853674274  0.21902662690372635  0.23053675743716984
  0.24311157785248488  0.25597016034767756  0.26830295377238339  0.28025771435924102
  0.29142573468502453  0.30204041029142076  0.31216179000463579  0.32137657329448149
  0.33208642934409727  0.34264145545733310  0.35327732967670694  0.36421995676360808
  0.37539850307606826  0.38648665571812818  0.39637030934005624  0.40481302203498615
  0.41343701199329780  0.42240745942898372  0.43439149466412086  0.44359377126961275
  0.45173027340227806  0.46067861289605816  0.47018831208664147  0.47949286847175365
  0.48598133213006811  0.49187469266657491  0.49785492622266925  0.50605136522728844
  0.51696253185171970  0.52868638787419908  0.54023756930140276  0.55084960442155961
  0.56086297195489510  0.57351643322350943  0.58500955332083349  0.59638104472437059
  0.60723524675831875  0.61660568192314991  0.62536535527368642  0.63349507481757850
  0.64158994371169098  0.65050763272317735  0.65922247658975963  0.66872815814987008
  0.67918295505015203  0.69026742040794709  0.70108046623163578  0.71199376160878614
  0.72311217029562103  0.73453931419650054  0.74542872865144061  0.75635335079837585
  0.76766397223940341  0.77965216991346131  0.79227667817980596  0.80438418747944573
  0.81669832887517158  0.82854075732106081  0.83978935724773796  0.84939827239550247
  0.85732722149780682  0.86563342930296860  0.87354805191199791  0.88274614798962081
  0.89122538274715368  0.90020747700505366  0.90997813592856702  0.91977843886701516
  0.92942638745108463  0.93918295987626443  0.94867302703302203  0.95869036600691138
  0.96872030880142235  0.97953457861651028  0.99012050903175941  1.00000000000000000
  0.00304161016647569  0.00856304187689630  0.01396529568447868  0.02007441259846967
  0.02900578704742188  0.03727173485847343  0.04543890361007111  0.05350456712186712
  0.06205357771768698  0.07167541974009786  0.08155393268075033  0.09151225845074730
  0.10141145280138053  0.11113033201557847  0.12071380249139384  0.13015877207880414
  0.14026852776357315  0.15072123915525343  0.16038947884270507  0.16933316576343635
  0.17898412694127674  0.18949300921126300  0.20043133183496931  0.21236722865351249
  0.22438092870972473  0.23663877728611679  0.24835966322273323  0.25971133133826529
  0.27111901560878360  0.28321727137258207  0.29566501946804924  0.30791119974239284
  0.31975352077946523  0.33168070621019413  0.34489415731574968  0.36130499364608720
  0.37798470367244069  0.39251181385798345  0.40634082187459175  0.42004268142755585
  0.43437854270383180  0.44979437454037080  0.46533209770295086  0.47977946577348313
  0.49402609857259433  0.50832077303869838  0.52290554048781712  0.53604300122220816
  0.54749297475089798  0.55828119901808626  0.56960319565718986  0.58098620080611862
  0.59331811456789885  0.60561669699658460  0.61934535107885313  0.63322525655093309
  0.64730555494195796  0.65947884184951011  0.67086525434700661  0.68223368238943072
  0.69438684983508181  0.70680833928231956  0.71895477283199316  0.73097325929673229
  0.74321109082212256  0.75468816562585761  0.76582289553812666  0.77604212150788920
  0.78520280221014627  0.79408154000468767  0.80303285141200598  0.81222279345159509
  0.82120242310094926  0.83054972858180975  0.84165317763441516  0.85115044168371234
  0.85975299532637783  0.86871568919896847  0.87879381187504446  0.88775028394846389
  0.89602401100198037  0.90491324644657989  0.91486756292814486  0.92268349359124024
  0.92918168269818913  0.93537219540696714  0.93975667640426508  0.94431996483182823
  0.94899527763884794  0.95428217217224287  0.96099450254808194  0.96815462136206210
  0.97436411764757069  0.98215522784122467  0.99077113465936240  1.00000000000000000
 -0.00144189577156290  0.00650105690030455  0.01350393460667387  0.02183105671088626
  0.03076421948276701  0.04015973094481363  0.04877973439278046  0.05664548031405447
  0.06575030934737411  0.07734624660161295  0.08996959035127181  0.10167298129729681
  0.11293357369324558  0.12503460554006732  0.13788633886889146  0.15066926785410939
  0.16258603251326761  0.17374130782585706  0.18382207902997291  0.19227413594021203
  0.19917901942048005  0.20605157177130184  0.21389073311821680  0.22301005631932680
  0.23346420679779067  0.24269154241167468  0.25256173288428085  0.26350185830588924
  0.27575675212693246  0.28969073259199912  0.30293354399544131  0.31527476913282038
  0.32557213133164103  0.33480817630652099  0.34315416977373719  0.35167634557114719
  0.36097378906348371  0.37191243280091846  0.38373809637361189  0.39541856022531291
  0.40770084405864743  0.42024473688596770  0.43328277675557325  0.44625243041229418
  0.45876816748333432  0.47098158928592926  0.48228145794680599  0.49256250559311648
  0.50211153386766116  0.51096523558006735  0.51987173359211236  0.52929266741251080
  0.53952412282049877  0.54975805380153397  0.56037301138492446  0.57135220698946831
  0.58184845590146583  0.59105752522577193  0.59954578200890785  0.60781755486279976
  0.61747390374327349  0.62844936715318478  0.64117825005130336  0.65512682087067797
  0.66807570104245706  0.68052520340062150  0.69288198162606673  0.70569152688974923
  0.71790657103582045  0.72940193054690761  0.73867196191656692  0.74932156439714681
  0.76061755273094622  0.77193584673915749  0.78318866511280472  0.79492731267025196
  0.80928221476568085  0.82175940910042655  0.83337383685135480  0.84384292804574834
  0.85375732600979359  0.86298962638200949  0.87316826608446807  0.88566979546503477
  0.89825027472357177  0.90897267291872164  0.91799565762008006  0.92596903112182871
  0.93429125619846720  0.94339369246836224  0.95383532318991926  0.96541505824273510
  0.97514470778534024  0.98387443568635102  0.99229336538235569  1.00000000000000000
  0.60836225551911371  0.66602187844239302  0.68832731791590873  0.70577051574736882
  0.72371845842837967  0.73658997487776312  0.74663595632958768  0.75527264124319871
  0.76427497070411521  0.77358950216360622  0.78306700934520701  0.79201790246002490
  0.80023989321637123  0.80790985523702663  0.81461656102800650  0.82045187748404846
  0.82569205423370973  0.83025320733995567  0.83457036638700655  0.83882153870966314
  0.84339159544715303  0.84808443290642854  0.85246061778217841  0.85633156299725843
  0.85991437100110701  0.86339141753471660  0.86687545696613755  0.87047404925573935
  0.87403802965946131  0.87729498056118405  0.88022467771789559  0.88273640887707572
  0.88506545587049423  0.88740224764130060  0.89011934389076530  0.89346824293133209
  0.89671968745488484  0.89948078025206457  0.90195653189257341  0.90440416653772060
  0.90683294808824988  0.90912519935073333  0.91135750939348836  0.91349230689556760
  0.91577123051851717  0.91831741463926364  0.92082051727582093  0.92310810369931484
  0.92518170265831734  0.92716366459281885  0.92911328235103108  0.93098047014079299
  0.93283121817323789  0.93472889124194369  0.93677756414805369  0.93895155365805283
  0.94110683022194219  0.94312900428232749  0.94507729682255004  0.94696444808883895
  0.94882779180127952  0.95067615796451765  0.95247531821562781  0.95437534055703233
  0.95615380134465411  0.95780650460986960  0.95940321489648572  0.96097481133171136
  0.96257816554226072  0.96422894249224456  0.96574990401417649  0.96705314009880239
  0.96831194046242763  0.96956073675123422  0.97079177488247248  0.97225216520615898
  0.97371190648886330  0.97518294286295470  0.97659988623774041  0.97794086677489100
  0.97931107251455196  0.98075811949216107  0.98218491046283674  0.98355770230322392
  0.98483567454397469  0.98596354842929412  0.98699998177060255  0.98808709496755176
  0.98921242963877876  0.99050756447392818  0.99179650551476506  0.99313448541577731
  0.99449305695262269  0.99599735082866170  0.99787728676994258  1.00000000000000000
 -0.01899760330782368  0.16241389365822989  0.21171015933012732  0.23993253157229241
  0.26257000283257614  0.28586418352458348  0.30377870941313412  0.31839044927600152
  0.33161183049638088  0.34469368624260482  0.35627041592059783  0.36911827512909562
  0.38071299242090667  0.39128333924116787  0.40091690759611032  0.41095985159723714
  0.42148561493039755  0.43260295834028989  0.44311384661004805  0.45201206836675917
  0.46023976904817665  0.46798467679934641  0.47606298907139261  0.48310734119641263
  0.48947759348341707  0.49576790439361446  0.50272406134826497  0.50987208750266577
  0.51593084974085179  0.52182143739707432  0.52747588822533842  0.53331706907705545
  0.53949644108684303  0.54530036290578721  0.55237428132178423  0.55912201080920687
  0.56606274175135307  0.57291802686948112  0.57886690761210824  0.58420729472878885
  0.58927155950662302  0.59436536229180414  0.60006559036278928  0.60582701933957461
  0.61130325164591848  0.61688869718513206  0.62263764239171926  0.62832873754990470
  0.63411071162164423  0.64000937564692695  0.64567786881263378  0.65011187639784174
  0.65440683378649322  0.65849348586261414  0.66273109518115436  0.66744865283600707
  0.67216249820432283  0.67695105237820996  0.68111656464731030  0.68493323048910759
  0.68871110505006705  0.69256925563758787  0.69683127392780420  0.70124652832238088
  0.70582275713014386  0.71119909142668158  0.71786051667171624  0.72482260407995813
  0.73072947716925152  0.73566739966750250  0.74022362126160313  0.74469997401601518
  0.74959680816026220  0.75446430937516495  0.75968125717729218  0.76433178377018973
  0.76922368427506960  0.77397300091422749  0.77951437828865699  0.78473338745178089
  0.78971944774593850  0.79477409448575598  0.79952228713233575  0.80380589609861730
  0.80832058978828325  0.81397940599710306  0.82192042605475468  0.83192119776064577
  0.84396922970596755  0.85740310092495553  0.86918908946596629  0.87800638109794382
  0.88756590700908033  0.89856229514311248  0.95013833787471524  1.00000000000000000
   3.6984006640560256E-011  -1.0000000000000000     
 F F F F F F F F F F F F F F F F F F F F F F F F F F F F F F F F F F F F F F F F F F F F F F F F F F F F F F F F F F F F F F F F F F F F F F F F F F F F F F F F F F F F F F F F F F F F F F F F F F F F F F F F F F F F F F F F F F F F F F F F F F F F F F F F F F F F F F F F F F F F F F F F F F F F F F F F F F F F F F F F F F F F F F F F F F F F F F F F F F F F F F F F F F F F F F F F F F F F F F F F F F F F F F F F F F F F F F F F F F F F F F F F F F F F F F F F F F F F F F F F F F F F F F F F F F F F F F F F F F F F F F F F F F F F F F F F F F F F F F F F F F F F F F F F F F F F F F F F F F F F F F F F F F F F F F F F F F F F F F F F F F F F F F F F F F F F F F F F F F F F F F F F F F F F F F F F F F F F F F F F F F F F F F F F F F F F F F F F F F F F F F F F F F F F F F F F F F F F F F F F F F F F F F F F F F F F F F F F F F F F F F F F F F F F F F F F F F F F F F F F F F F F F F F F F F F F F F F F F F F F F F F F F F F F F F F F F F F F F F F F F F F F F F F F F F F F F F F F F F F F F F F F F F F F F F F F
  <DiscreteSampler_grid>
  grouped_processes
  1 # 1 for a reference and 2 for a running grid.
  10 # Attribute 'min_bin_probing_points' of the grid.
  1 # Attribute 'grid_mode' of the grid. 1=='default',2=='initialization'
  0.0000000000000000 # Attribute 'small_contrib_threshold' of the grid.
  0.5000000000000000 # Attribute 'damping_power' of the grid.
 # binID   n_entries weight   weight_sqr   abs_weight
    169   10   2.264147092013447E-008   1.267880979888632E-015   2.264147092013447E-008
    170   10   2.264147092013447E-008   1.267880979888630E-015   2.264147092013447E-008
    172   10   2.264147092013447E-008   1.267880979888632E-015   2.264147092013447E-008
    173   10   2.264147092013447E-008   1.267880979888630E-015   2.264147092013447E-008
    175   10   9.308566311546967E-008   2.449723869127015E-014   9.308566311546967E-008
    176   10   9.308566311546963E-008   2.449723869127014E-014   9.308566311546963E-008
    178   10   9.308566311546967E-008   2.449723869127015E-014   9.308566311546967E-008
    179   10   9.308566311546963E-008   2.449723869127014E-014   9.308566311546963E-008
    223   10   3.402603639087915E-008   5.464805519455877E-015   3.402603639087915E-008
    224   10   3.402603639087910E-008   5.464805519455858E-015   3.402603639087910E-008
    226   10   3.402603639087915E-008   5.464805519455877E-015   3.402603639087915E-008
    227   10   3.402603639087910E-008   5.464805519455858E-015   3.402603639087910E-008
    229   10   6.479225681352653E-008   1.492916604166167E-014   6.479225681352653E-008
    230   10   6.479225681352647E-008   1.492916604166166E-014   6.479225681352647E-008
    232   10   6.479225681352653E-008   1.492916604166167E-014   6.479225681352653E-008
    233   10   6.479225681352647E-008   1.492916604166166E-014   6.479225681352647E-008
    304   10   3.232989378190813E-008   3.404440189371047E-015   3.232989378190813E-008
    305   10   3.232989378190813E-008   3.404440189371046E-015   3.232989378190813E-008
    307   10   3.232989378190813E-008   3.404440189371047E-015   3.232989378190813E-008
    308   10   3.232989378190813E-008   3.404440189371046E-015   3.232989378190813E-008
    310   10   1.480436752941157E-007   1.222217201417757E-013   1.480436752941157E-007
    311   10   1.480436752941157E-007   1.222217201417757E-013   1.480436752941157E-007
    313   10   1.480436752941157E-007   1.222217201417757E-013   1.480436752941157E-007
    314   10   1.480436752941157E-007   1.222217201417757E-013   1.480436752941157E-007
    358   10   4.072124021706385E-008   4.184638012159022E-015   4.072124021706385E-008
    359   10   4.072124021706381E-008   4.184638012159013E-015   4.072124021706381E-008
    361   10   4.072124021706385E-008   4.184638012159022E-015   4.072124021706385E-008
    362   10   4.072124021706381E-008   4.184638012159013E-015   4.072124021706381E-008
    364   10   1.180456549025723E-007   6.673267779632090E-014   1.180456549025723E-007
    365   10   1.180456549025723E-007   6.673267779632093E-014   1.180456549025723E-007
    367   10   1.180456549025723E-007   6.673267779632090E-014   1.180456549025723E-007
    368   10   1.180456549025723E-007   6.673267779632093E-014   1.180456549025723E-007
  </DiscreteSampler_grid>
