  0.00302457095466190  0.01258893217027056  0.02411755014436477  0.03607262598921129
  0.04889066534329857  0.06128945223830473  0.07395148818908898  0.08575072692012144
  0.09512496241906641  0.10436935304929408  0.11329606166527981  0.12259559586523754
  0.13210140198423034  0.14122180001370399  0.15059344916548528  0.16091118484715602
  0.17173035683078500  0.18325958837880274  0.19425300087016112  0.20556228994109690
  0.21717606490296415  0.22849189315675608  0.23987088941560411  0.25110913442546906
  0.26186006816939272  0.27272664482185693  0.28401961480029736  0.29547393837595287
  0.30649240246859388  0.31707910142345275  0.32743342347430932  0.33777903107014712
  0.34839552421966835  0.35895338064288818  0.36922482678280200  0.37958194854116845
  0.39031020578684533  0.40171427348893862  0.41366776564120195  0.42485566683567538
  0.43648794352704945  0.44695974062092564  0.45827752870337130  0.46860713163547696
  0.47888540696621840  0.48863983910333691  0.49834703859887164  0.50837798749521246
  0.51836465348695482  0.52727705862523799  0.53567311810389107  0.54470255794549105
  0.55401772943080996  0.56257404531694566  0.57089817543524690  0.57973698520558137
  0.59099590232743104  0.60296172100168899  0.61590364889545157  0.62851232820565073
  0.64043117071127620  0.65206172365526183  0.66342962293818808  0.67487403464428786
  0.68651554512211088  0.69846145957377492  0.70973888075293079  0.72005139211198310
  0.73019641385995115  0.74002394013859252  0.74943561793800062  0.75890018018424388
  0.76864345579489035  0.77879607021236774  0.78945663315207093  0.80022841462431993
  0.81147963058606998  0.82255967290310594  0.83328604981472965  0.84345286385398599
  0.85326656295103998  0.86321451469985755  0.87374162363329932  0.88495601080410669
  0.89679933512381449  0.90877415924412297  0.92085373694849715  0.93227675204702365
  0.94325915012308392  0.95393175730597846  0.96392487586733400  0.97345814599480640
  0.98119585577587498  0.98726711963082103  0.99180987455255587  1.00000000000000000
  0.00004476392677045  0.00005168348438294  0.00006228648183266  0.00007240503230152
  0.00008157491504389  0.00009019298845150  0.00009826551306687  0.00010603128008707
  0.00011390872819300  0.00012157999268567  0.00012925729621985  0.00013674224826243
  0.00014461215623993  0.00015247293738637  0.00016113549469197  0.00016993496990797
  0.00017934799090208  0.00018780729235531  0.00019602440925244  0.00020470287707258
  0.00021342898749856  0.00022382314043145  0.00023506815151249  0.00024615345091605
  0.00025820359087251  0.00027153151723473  0.00028603010727606  0.00030282441285893
  0.00032062348216961  0.00033894876114245  0.00035711788005485  0.00037507825275393
  0.00039319228829508  0.00041084165314326  0.00042936562336339  0.00045016765095383
  0.00047193835059851  0.00049786173798250  0.00052498434537377  0.00055311226424755
  0.00058297823339594  0.00061399363187244  0.00064685357072106  0.00068078201497430
  0.00071317933611077  0.00074589452119120  0.00077917862496414  0.00081945208044982
  0.00086327333153052  0.00090817126247466  0.00095769595051500  0.00100906399755868
  0.00106261849995092  0.00111935372778732  0.00117730457858029  0.00123958110028480
  0.00130367751057392  0.00136884335654287  0.00143750768518413  0.00150649818137057
  0.00157471515141044  0.00164114768829439  0.00171471136112173  0.00179284303679601
  0.00187841009287345  0.00199534201587335  0.00210634911042501  0.00222984611820038
  0.00237060030748711  0.00252469315376269  0.00268092466807327  0.00282805875470390
  0.00298743961168583  0.00316230977694282  0.00335720235857390  0.00357028168157604
  0.00380004724656485  0.00404821952582906  0.00430799436375238  0.00456432160301768
  0.00482856163553063  0.00511377529618210  0.00541729680247333  0.00564451642146564
  0.00588454544537570  0.00616161397768094  0.00649145107077701  0.00685260403489971
  0.00712630684591176  0.00746154032673068  0.00791435257382502  0.00853463473601675
  0.00924906026651044  0.00986520283047577  0.05174887971394809  1.00000000000000000
  0.00355149147112333  0.01224132559596808  0.02289996247353802  0.03232659618527890
  0.03947686332895026  0.04729512044011083  0.05590161298165991  0.06579419670109875
  0.07876735378828251  0.09018071972246687  0.10104683631843726  0.11109882919801196
  0.12001986723783448  0.12923983536019840  0.13928645179338939  0.14984846019992501
  0.16115092578641951  0.17218449006950348  0.18384423219883400  0.19570370164899223
  0.20763678486936130  0.21958344172088762  0.23148402559487888  0.24344027644971913
  0.25426468735536384  0.26397318015422910  0.27356523338683586  0.28449152607063694
  0.29593995169066578  0.30633496760227730  0.31678291067040887  0.32834748130582697
  0.33939322192790750  0.35026065951689039  0.36136642747145403  0.37194034263696091
  0.38232689178427515  0.39287707451549198  0.40375757213836500  0.41488909565769022
  0.42647585862464127  0.43850646798821802  0.45029681511201008  0.46165474924317429
  0.47211653385075514  0.48208072202092705  0.49240122610330617  0.50354149671415560
  0.51522449120463754  0.52712450289826207  0.53948015116271331  0.55172506066014171
  0.56371150197582820  0.57476828724983819  0.58288568164934240  0.59037131358529338
  0.59777280129918609  0.60583033288326182  0.61515643076431215  0.62451436951615147
  0.63432236678824305  0.64489059514263047  0.65632498890408186  0.66765589088983535
  0.67875360402633256  0.68936032286247118  0.69932530055324593  0.70905728896262143
  0.71836212744599903  0.72735451439103493  0.73646313288561438  0.74591447953448675
  0.75681873785356202  0.76856010609019543  0.78058128029564211  0.79225572351523621
  0.80341799578848316  0.81437104062545740  0.82529634686914433  0.83603360026759121
  0.84627823808993641  0.85614429174033069  0.86624973725262544  0.87656899116473408
  0.88708095080487148  0.89769744055778322  0.90811251036765994  0.91757072672404771
  0.92698112764046015  0.93648238379968096  0.94634736451965229  0.95638995616425870
  0.96649305627061066  0.97679776244345928  0.98801865303496650  1.00000000000000000
  0.00000327881040996  0.00000374149552742  0.00000385696348429  0.00000397201169214
  0.00000407218657454  0.00000416232821801  0.00000426631854918  0.00000441506401077
  0.00000458586727573  0.00000476912358251  0.00000496293681579  0.00000516616556395
  0.00000535844432885  0.00000554243709902  0.00000573935390454  0.00000594641894219
  0.00000616920107581  0.00000638781034363  0.00000662558221119  0.00000688460689472
  0.00000716423980271  0.00000747846113178  0.00000782746140282  0.00000819583769150
  0.00000859453792508  0.00000901479855313  0.00000944283998149  0.00000987971227860
  0.00001033557626941  0.00001084978763949  0.00001140530690639  0.00001200510098512
  0.00001263417826662  0.00001337956322758  0.00001412002673345  0.00001494928527205
  0.00001584577138543  0.00001681994904057  0.00001790668265908  0.00001901664208726
  0.00002010407196859  0.00002126134963316  0.00002242546186723  0.00002369604959118
  0.00002529262108037  0.00002694790508429  0.00002883028098178  0.00003095775588351
  0.00003334214013811  0.00003590250981777  0.00003857032480245  0.00004138858338400
  0.00004449083040712  0.00004787891935293  0.00005160266829654  0.00005554601848927
  0.00005963269534490  0.00006403720970373  0.00006882162924640  0.00007391786283725
  0.00007955241505781  0.00008549883860598  0.00009307369867310  0.00010182692167271
  0.00011123082988595  0.00012202739389369  0.00013253190502897  0.00014410562281075
  0.00015615937819410  0.00017203441518940  0.00019083478596298  0.00021215763954451
  0.00023657096909811  0.00026304062668800  0.00029409550548868  0.00033047531776984
  0.00037146382680182  0.00041866313944381  0.00047096534128732  0.00053331337420773
  0.00061569416604504  0.00071918233284290  0.00084346458474747  0.00098191848537692
  0.00115998691218361  0.00138071609489126  0.00165061020230330  0.00198170063255575
  0.00242482337193257  0.00287260597703085  0.00342423526735598  0.00431545278777718
  0.00611229628151949  0.01054551040376287  0.01532559441807351  1.00000000000000000
  0.00001327337155502  0.00001398137935272  0.00001539267754931  0.00001693442276391
  0.00001863775829898  0.00002023947391163  0.00002207499895747  0.00002407638608114
  0.00002622519445094  0.00002851500312974  0.00003094075541510  0.00003350038742214
  0.00003631720641410  0.00003932271085781  0.00004238816586090  0.00004546345325403
  0.00004876049255262  0.00005271279764847  0.00005710093814146  0.00006183542776160
  0.00006712721469287  0.00007264711089734  0.00007824872002921  0.00008402028901300
  0.00009000003095509  0.00009623227006500  0.00010262024939490  0.00010945313493113
  0.00011679160349045  0.00012488832071427  0.00013385704713891  0.00014304896666672
  0.00015328304449159  0.00016454750906381  0.00017729053508599  0.00018949608423982
  0.00020045734066934  0.00021163178450617  0.00022332634423369  0.00023787961679699
  0.00025318777357322  0.00026914596515817  0.00028494328140356  0.00030217079936734
  0.00032114323994351  0.00034188314902488  0.00036445186753673  0.00038685849663774
  0.00040991991090165  0.00043339075716187  0.00045860793825785  0.00048409313555133
  0.00050980300654480  0.00053709858733180  0.00056834384719366  0.00060375486493262
  0.00064366501039885  0.00068661484178254  0.00073084066338280  0.00077799472946322
  0.00082880534445735  0.00088585640109595  0.00094621731835370  0.00100413602338529
  0.00106041688415414  0.00112017333499893  0.00119130634088636  0.00127450105210903
  0.00135961724812395  0.00144344735498745  0.00152869712169248  0.00161580122814956
  0.00171348225549307  0.00180275904737087  0.00190474595081442  0.00203865969547585
  0.00217681792971575  0.00233163648426737  0.00248223755201295  0.00265986527103066
  0.00286364905316739  0.00309224005777555  0.00333863522707911  0.00351836691755938
  0.00370981187048399  0.00394973224880743  0.00424713439306188  0.00452849910667087
  0.00479464329410953  0.00507226882814718  0.00539066883610556  0.00568121383202220
  0.00596427017700779  0.00624280837397512  0.00780930260717402  1.00000000000000000
 -0.00213924458242329  0.01091430758498130  0.02247600085715894  0.03598578159912734
  0.04914787666984224  0.06235935352919753  0.07518000432484274  0.08836705762492758
  0.10161182003893203  0.11519348838449230  0.12882438486512354  0.14207699044505934
  0.15381971887129309  0.16492697455496469  0.17615751302838659  0.18785199326092694
  0.19837716276097592  0.20832398341885214  0.21797636298888884  0.22712657456660720
  0.23617039517616661  0.24509778365396334  0.25474428863526105  0.26523746935217968
  0.27566718778483745  0.28692575140369508  0.29839742936063052  0.31001912853344699
  0.32068460965228268  0.33074199384696940  0.34071705252932877  0.34975980380457350
  0.35870652657560620  0.36739081667727203  0.37666325411604834  0.38634483106726758
  0.39576595468442860  0.40500332944189665  0.41428507731528430  0.42397456827787577
  0.43392227355433988  0.44346403331136192  0.45236611518489955  0.46062625396349455
  0.46892241131367823  0.47774261480411884  0.48756635887927502  0.49842156759092499
  0.50897581083188159  0.51961904814123028  0.52994485116384971  0.54013794860348663
  0.55016669617908631  0.56012122867006620  0.57041869342719143  0.58076183058829889
  0.59122379536987213  0.60170756487402943  0.61138976915788890  0.62067638163717465
  0.62907618545157618  0.63678766395466779  0.64497193553565380  0.65311892267461225
  0.66241727956110275  0.67210708262914043  0.68174186103544221  0.69108815796302348
  0.70024272063326209  0.70889904504522117  0.71989528100572564  0.73054643010963205
  0.73871780823451239  0.74652553039855862  0.75478986599097342  0.76388987521554486
  0.77439261079984767  0.78480173108739626  0.79463581631044600  0.80489807294315585
  0.81583427364750183  0.82769149597048053  0.83988206482455174  0.85141932356701855
  0.86234661841100635  0.87345329967060203  0.88534452644825334  0.89775265621543843
  0.91042574337775628  0.92326930384537176  0.93554834936975484  0.94800559735825485
  0.96107178496299184  0.97410128720086275  0.98705983735710434  1.00000000000000000
 -0.00244211882616571  0.00830628348748131  0.01883614851985948  0.02894995239767693
  0.03930714712275502  0.04893703395321061  0.05831337442182098  0.06761676675930989
  0.07934900886350339  0.09015645672401630  0.10122003797937094  0.11132580082648759
  0.12220191294703131  0.13356890484450226  0.14488233133934883  0.15650045728240328
  0.16812445297358794  0.18052724062854414  0.19208437635588768  0.20333682775568410
  0.21451477083319939  0.22579827807759278  0.23750367049755250  0.24920949794870748
  0.26019042075800469  0.27074266723778817  0.28153174590184732  0.29302996980412643
  0.30484883525358542  0.31637018882265333  0.32777763369358415  0.33927229882002313
  0.35115755668441584  0.36337302088230461  0.37480753186655852  0.38602152780744259
  0.39695830597412807  0.40819767615788838  0.41952171479679584  0.43041523162454665
  0.44117648499638268  0.45237330658545827  0.46365927563603471  0.47404883395938213
  0.48354672974586543  0.49297608442564644  0.50200354898271649  0.51068021136753827
  0.51933714841576573  0.52843732903000640  0.53832422688488935  0.54789250608152151
  0.55821907858497022  0.56878863453516237  0.57918364221599528  0.58943737271237862
  0.60005916478621735  0.61047874856850626  0.62090975169147578  0.63143087636348616
  0.64257157803187981  0.65323123836709185  0.66359249429871481  0.67359110736157812
  0.68402118120134037  0.69424080312434089  0.70413637973408894  0.71417631364940093
  0.72487906593711271  0.73601250567771692  0.74698713179534781  0.75708335191158271
  0.76701510133818251  0.77665485701879411  0.78690515997819277  0.79825431927670898
  0.80898237529373296  0.81861638502384337  0.82767867795393490  0.83799135921436874
  0.84876135361508875  0.85744330815635128  0.86521436825791687  0.87286320606984757
  0.88073137845122462  0.88894801628273246  0.90118450799994898  0.91443438155163359
  0.92534880047921342  0.93557277878913481  0.94588434248010778  0.95639547521167023
  0.96668057659541706  0.97699726831809131  0.98851938168653986  1.00000000000000000
 -0.00349044494831932  0.02457631565352692  0.04935747207581352  0.07157508967060652
  0.09139037723474949  0.11019805470583793  0.12898153356948103  0.14785880781302038
  0.16638701806781536  0.18445433006022244  0.20184949831985755  0.21890164368656567
  0.23600406130679749  0.25300330687011346  0.26711206801554427  0.28061355814113154
  0.29421845497953930  0.30779163453798386  0.32152308667692608  0.33536652545862994
  0.34892731868358040  0.36184697280476691  0.37417861956486431  0.38709230318418208
  0.39981436990253588  0.41294539781160511  0.42545464655932569  0.43881882355557184
  0.45250446930269977  0.46645272477729699  0.47939105291259704  0.49195249668412738
  0.50363513701840279  0.51442532362179905  0.52491099448365564  0.53522520333626178
  0.54541150294028906  0.55574027331393239  0.56603884264262672  0.57618368761762639
  0.58650060404842852  0.59722434272343516  0.60848504058239705  0.61971339980067497
  0.63057452331773312  0.64119184538721519  0.65165602169818249  0.66204014887391383
  0.67238465010222248  0.68235851302695660  0.69238293032127662  0.70254549850785264
  0.71212198275343186  0.72099711890743257  0.72957149477572569  0.73665017959030266
  0.74379230730869828  0.75099332641015071  0.75853050150502399  0.76719463843990710
  0.77610074761543790  0.78418993094654332  0.79175162416234157  0.79919593198599448
  0.80691247790017995  0.81511878135709714  0.82298798543140905  0.83034923167787189
  0.83754509667777211  0.84483963983434840  0.85231634492487285  0.85910294027386447
  0.86585800496721088  0.87276544453529781  0.87991950252775908  0.88742064534394971
  0.89467590634323868  0.90102953303715427  0.90680928375940173  0.91253447799177934
  0.91829054419364098  0.92423202282658401  0.92990540325606486  0.93537420528636239
  0.94080317591784723  0.94625034446566925  0.95151298674690843  0.95664749220528711
  0.96179814074628811  0.96707076305305961  0.97230286178582792  0.97771334503803942
  0.98307027828905702  0.98839332596859708  0.99417464705504466  1.00000000000000000
 -0.00138101964094454  0.01028775825946721  0.02043104646068274  0.03117944973577239
  0.04230906706747381  0.05347220358240647  0.06490531307390569  0.07597421058821209
  0.08658562212443649  0.09665209495777620  0.10686930786406633  0.11656770558499917
  0.12566323102461313  0.13421976090851331  0.14331531315381818  0.15270587971772978
  0.16250490406852733  0.17267796040915820  0.18375967953717146  0.19560138718609221
  0.20640131850848875  0.21620390297708569  0.22564842092971987  0.23442617245978226
  0.24464641986818972  0.25609356087812518  0.26708376190105904  0.27782867307978881
  0.28855675626821209  0.30025594402323957  0.31289783125401111  0.32508832067766502
  0.33711177583637669  0.34910308800068790  0.36177125201796057  0.37432048172210980
  0.38612166035308432  0.39747533260546364  0.40836765758610749  0.41986969294171689
  0.43079478852883407  0.44138855045482028  0.45171426295506195  0.46236670264139573
  0.47392476048381976  0.48655337380353925  0.49935428088925399  0.51138632858670408
  0.52272954177162556  0.53394181100978422  0.54560824307424083  0.55752261203059184
  0.56847444072884779  0.57848290223795606  0.58852270020381237  0.59878671122857063
  0.60973694428371372  0.62058232407325009  0.63144844286894308  0.64216612034566245
  0.65191121063838187  0.66120369167336435  0.67050947636785585  0.67932799093366147
  0.68851091631687844  0.69787602952787131  0.70812868456571088  0.71860185513540153
  0.72907463531789318  0.73925503078493415  0.74934161641297892  0.75917654731838002
  0.76819014075834979  0.77763429772017600  0.78750502752803597  0.79730256867993621
  0.80710899268059233  0.81647289784890598  0.82607585544486706  0.83561859949444173
  0.84493275054232331  0.85496727756889834  0.86660507326291658  0.87703084386067309
  0.88643756156673448  0.89557222067804010  0.90553116667737199  0.91763869191988801
  0.92816705483992146  0.93786086440241678  0.94774074869827563  0.95814089788092394
  0.96923630827755225  0.98004492272272581  0.99022927031001340  1.00000000000000000
 -0.00206101671534611  0.00734225814522594  0.01520820435638413  0.02440185173611625
  0.03495705485271240  0.04612395740328143  0.05757581822715158  0.07072155942647740
  0.08548493149959933  0.09776779246613820  0.10886498345691717  0.11999267289963973
  0.13159067073677552  0.14429876285190435  0.15591429833452730  0.16644770197363296
  0.17569008578126113  0.18484643515115509  0.19453255834193126  0.20551716649339472
  0.21616795193176905  0.22690144229635473  0.23763579774335064  0.24880248066774210
  0.25910294020004415  0.27017946166529822  0.28011024741537727  0.29088994496529075
  0.30051198709013144  0.31049248440543936  0.31950692827459015  0.32829383986338012
  0.33723776141885636  0.34669923306534517  0.35617779276553829  0.36576557756146727
  0.37560732412663694  0.38574437081307433  0.39593317542670547  0.40541314251847310
  0.41445132222855785  0.42301423602124505  0.43239180683117207  0.44231141366748489
  0.45172208709152623  0.46074274485702871  0.46931207241600514  0.47806252915130770
  0.48744622469287430  0.49672851369004739  0.50595535072258591  0.51492646987442814
  0.52416430253762625  0.53363567768938769  0.54418042490558560  0.55513480896901546
  0.56524094820368176  0.57487071133330880  0.58418312334316647  0.59402038824773307
  0.60438377325378045  0.61494130252055157  0.62473941039104197  0.63391310792934707
  0.64313058898017705  0.65288415783279952  0.66279999507962128  0.67256140701839329
  0.68057543885029070  0.68870351809114494  0.69650210095282383  0.70525245757401844
  0.71523066337239982  0.72608247291598826  0.73777795660691603  0.74967216557256855
  0.76117037156600909  0.77333193767847708  0.78653804340696809  0.79988473237845192
  0.81262359121333538  0.82556787613719140  0.83814742894271865  0.85036512060725977
  0.86166498573773587  0.87339249589251666  0.88485319566038934  0.89709931196387949
  0.90938750705814353  0.92342590606623542  0.93782510752266535  0.95099403086483980
  0.96357644596749670  0.97556908283757937  0.98773077979259727  1.00000000000000000
 -0.00203762234932322  0.01016403304347508  0.02019604871457736  0.03054880031765480
  0.04088483179921469  0.05172749678326334  0.06299743004136277  0.07379490092194940
  0.08384085296212114  0.09415820665261976  0.10509192772230942  0.11553689212218574
  0.12495915512485249  0.13272988951208409  0.14083492300194445  0.14916304840927216
  0.15887704319105614  0.17026695686181831  0.18144243526730264  0.19276660579147517
  0.20377567907260916  0.21421561492106839  0.22443815880398052  0.23529232483149048
  0.24642601507105183  0.25708256745132013  0.26760361120802567  0.27815862312610157
  0.28858244187695153  0.29901033488864998  0.30930106937223051  0.31958965355388158
  0.32964925258217948  0.33974783996608654  0.35076077709142844  0.36213741846753844
  0.37360087022758609  0.38392924168171499  0.39372758480468889  0.40295567593796594
  0.41323901687193576  0.42378631270226574  0.43511753029276251  0.44619559559509209
  0.45776406821958754  0.46901792469613390  0.48027648030690689  0.49162770275116102
  0.50264412853426355  0.51374922726373362  0.52474291567816544  0.53568737809404132
  0.54627773727310514  0.55682833069932081  0.56855767741255592  0.58070127161673302
  0.59299043638790938  0.60391365957743459  0.61396435829584739  0.62303649420887897
  0.63163880349388835  0.64130317228855072  0.65252511143846481  0.66479887974740903
  0.67648894914880142  0.68685001120693301  0.69644924606762471  0.70627308446875037
  0.71756722676974050  0.72969508285697648  0.74074238990865326  0.75069217264522947
  0.76025038140669876  0.77023700193416311  0.78038022726373135  0.79141148550337159
  0.80257765909407153  0.81369709245580379  0.82527798582732925  0.83641754480350816
  0.84645939538021586  0.85604670629428548  0.86591311142228977  0.87584261474770264
  0.88566933324288544  0.89527772805899897  0.90575665005829009  0.91649714385504655
  0.92714366150412630  0.93807356424781496  0.94905542703614110  0.95954080709171252
  0.97018800113589776  0.97992436008585004  0.99035621421019482  1.00000000000000000
 -0.00298903903113494  0.01222495364276155  0.02405178509457302  0.03636777921962954
  0.04770151236404311  0.05889019878383848  0.06922925908060878  0.07995256309874162
  0.09054950606977222  0.10098601390637250  0.11177760183665972  0.12303385788442295
  0.13375802604254947  0.14302914292226260  0.15231033853660417  0.16215590779074668
  0.17282761507717415  0.18380142422539394  0.19464824657095026  0.20557604594199361
  0.21554783350465487  0.22523703093330566  0.23508467254123902  0.24552565301583532
  0.25690620747145310  0.26855186141797655  0.27937260254098367  0.29010218406210497
  0.30167392994769643  0.31272949081425067  0.32337843380071840  0.33362214211347629
  0.34430165562264986  0.35503158378974969  0.36560408664680505  0.37660259108738536
  0.38712189668751462  0.39704335298735416  0.40718886056965892  0.41775415152867795
  0.42831425229118392  0.43837672306834136  0.44831696812714283  0.45883086622792313
  0.46976387485893639  0.48035926013734170  0.49042648351208501  0.50019227224434293
  0.51100415955978973  0.52196437628702541  0.53276139416503154  0.54441364875498721
  0.55682039476571743  0.56767676072946394  0.57719336977319702  0.58699010460570566
  0.59809459810389354  0.60926484161976935  0.62075284346410220  0.63283901616802329
  0.64536537343697753  0.65698495819340275  0.66584241509121023  0.67397943167347141
  0.68217124919450489  0.68986668860564093  0.70016000663304478  0.71092258298235955
  0.72233834205949776  0.73360356998776366  0.74359699787815992  0.75425219891031003
  0.76220759547088879  0.77046783293013466  0.77832930698297143  0.78673998746144636
  0.79733408054820698  0.80918614345089701  0.82090152993202681  0.83304209587811318
  0.84461092606681554  0.85546728094275681  0.86604387536833372  0.87677071708744059
  0.88748547726791382  0.89822314206292697  0.90907153566960208  0.92010564921119509
  0.93088237704707855  0.94093687628420219  0.95017302673192916  0.95964866903929680
  0.96901493016516738  0.97956243647482311  0.98984810295538572  1.00000000000000000
  0.00009515909116155  0.00037075216102116  0.00061974936114761  0.00083416410487422
  0.00102949015353131  0.00122681589560065  0.00143095113053506  0.00163965388355357
  0.00184565729462513  0.00204571867617414  0.00224253212521714  0.00243898097141336
  0.00263575914033040  0.00283414638171581  0.00303571744770613  0.00324264368782568
  0.00344993603015108  0.00366039758807017  0.00387520274095079  0.00408677443704145
  0.00429920252158623  0.00451404990137460  0.00473148182518875  0.00494835950895148
  0.00515327983808462  0.00535921110670780  0.00556621189188791  0.00577756953597692
  0.00599386222988597  0.00621786452099072  0.00644986323580229  0.00664055709459437
  0.00679881406954340  0.00693795999519745  0.00708063948095309  0.00722796450411868
  0.00737421174491256  0.00750068826706337  0.00760934613040437  0.00772042396876155
  0.00783132809274077  0.00794154896276176  0.00807491399091363  0.00821043603785532
  0.00834582925629430  0.00851310432919461  0.00878884735969170  0.00907904908254504
  0.00935802589389285  0.00958717748846467  0.00980255641778720  0.00998892747537468
  0.01016921419900774  0.01033392337323166  0.01049863254745558  0.01067309218658112
  0.01084801195364549  0.01108566910008550  0.01134249656818742  0.01157446191848040
  0.01175505056645319  0.01192140303923126  0.01208640451777969  0.01225511547656337
  0.01242290114708011  0.01257073302486851  0.01271166255695648  0.01286238475330541
  0.01303502965835727  0.01314356809912521  0.01324270898564266  0.01339116932000508
  0.01363910105234419  0.01393333407309698  0.01426260411037083  0.01461638733129474
  0.01493854044256272  0.01533038415129925  0.01565342337441148  0.01599249186046223
  0.01630575699832902  0.01696428453811507  0.01756172192749364  0.01829844264533373
  0.01908384478368998  0.02016442082446311  0.02124062029562998  0.02239788770662501
  0.02400934197764418  0.02516857177557930  0.02853403202468315  0.02905375051642314
  0.02947721416102403  0.03031030354419685  0.05647328843157261  1.00000000000000000
 -0.00270437231021189  0.00851239009841464  0.01802960612089533  0.02725573864863653
  0.03717214934429404  0.04816964957206992  0.05948479626531616  0.07056917205733305
  0.08110248999159295  0.09133443946909885  0.10099981118598396  0.11009004385156196
  0.11947446636851003  0.12832855887524713  0.13911436059804733  0.15018374847405830
  0.16092769760908915  0.17157888648774325  0.18239181238717239  0.19383081571799157
  0.20588485682496147  0.21818796582335345  0.22916546016334388  0.23907168788320868
  0.24901192497074232  0.25968226582343129  0.27129385420581603  0.28264422368776909
  0.29390688173456031  0.30495436810872240  0.31549146470298395  0.32585750903494715
  0.33651638601667577  0.34704362618984264  0.35725601368529414  0.36768465429008429
  0.37898560455684560  0.39048713849652605  0.40117423804578345  0.41113670596856255
  0.42091292843208866  0.43105160771014628  0.44114091141935358  0.45076627811692588
  0.46061881611786426  0.46951284689849559  0.47758695441001370  0.48542133791706449
  0.49349633070292864  0.50258895700998318  0.51324123277700595  0.52446493570893693
  0.53496000312239644  0.54511829743044538  0.55590006967855909  0.56777536635346304
  0.57837356553015973  0.58771451522569473  0.59690160332771092  0.60618712401469343
  0.61683091845173099  0.62737979975126068  0.63775888020455351  0.64810274129810352
  0.65892350861336568  0.67015905126464248  0.68211522833410099  0.69362205167411428
  0.70440856726772960  0.71391437181410278  0.72353910336250948  0.73306911089231030
  0.74279479065872600  0.75249918547900452  0.76309017178617189  0.77532794325709808
  0.78854830615789540  0.80089036878009057  0.81260644502823942  0.82406412499084492
  0.83519502110212018  0.84574030394687794  0.85632009717044422  0.86715138159145211
  0.87763200357076909  0.88820667154828992  0.89887660591414742  0.90964583752717465
  0.92083718637417800  0.93195035777673163  0.94254419662203093  0.95319837071120284
  0.96368977739623507  0.97556122236333087  0.98758896454953959  1.00000000000000000
  0.56399995960482507  0.64689009024050181  0.65915809328511499  0.66930794920123526
  0.67853119094139791  0.68835034658252869  0.69817679491306428  0.70797315551903306
  0.71620939603007816  0.72350436237147575  0.73072704324913917  0.73834714358448916
  0.74555055242012402  0.75227436017763039  0.75897758125229453  0.76582476698812640
  0.77242920487594846  0.77845964687463143  0.78375254409658579  0.78839777294603441
  0.79275605056997633  0.79697195811954824  0.80100539366209056  0.80468229375944200
  0.80809453751778471  0.81151876339772355  0.81505111404419106  0.81881852761787333
  0.82269608134650407  0.82719472372652636  0.83169693143244094  0.83555370937737217
  0.83902831867872762  0.84230123209277397  0.84562557979125264  0.84894091129476179
  0.85243822531655145  0.85582729521760248  0.85911658040803796  0.86245623456844922
  0.86582249521317733  0.86928174047997664  0.87291620195994890  0.87646194253806664
  0.87971921498919392  0.88281488103099093  0.88582532270690928  0.88898557084105756
  0.89225502554616976  0.89547307831732037  0.89862006537538708  0.90150199800494313
  0.90441929754608619  0.90707218619222918  0.90975854967658087  0.91234313418420643
  0.91506115013821898  0.91779416343978026  0.92052398220264431  0.92321554781109683
  0.92584543056271007  0.92841239864502456  0.93087312959875923  0.93324219296660549
  0.93557573818209516  0.93789807717423312  0.94020082200546096  0.94236077108339622
  0.94451812578260952  0.94656807908645813  0.94843981208210515  0.95022925522929258
  0.95203790251572429  0.95387979550353341  0.95587873621866215  0.95809969799824724
  0.96026544784307954  0.96235933328430145  0.96446205531789531  0.96664916069696050
  0.96884584157313769  0.97099354663935111  0.97311238863932537  0.97520613995170502
  0.97724297754389089  0.97930136570818027  0.98126974968383440  0.98318866913721470
  0.98515619072270466  0.98714685384076817  0.98941010146282182  0.99197800403535041
  0.99445818884461390  0.99673685476867302  0.99846050112705187  1.00000000000000000
 -0.02519753592739353  0.14581335357009179  0.15762823766330131  0.16902412696804087
  0.17834458579778192  0.18602297826465108  0.19385096777386787  0.20157435130883458
  0.20800923408902866  0.21352683339149142  0.21903052060606215  0.22497413400957436
  0.23113752486481223  0.23639949548020478  0.24122993953829955  0.24630753176226117
  0.25145654758066549  0.25706788888092375  0.26251518894161557  0.26743056589867453
  0.27242691197448432  0.27759046736539583  0.28278707626182070  0.28811273164389062
  0.29335839096241723  0.29836398301110267  0.30313474354293996  0.30773467446610170
  0.31243189515651226  0.31728889531301263  0.32218941667460921  0.32709477304558632
  0.33211375956055017  0.33722458261955929  0.34252091651338845  0.34790314421132873
  0.35361688139080466  0.35937303255147479  0.36473755238397887  0.36925086412506980
  0.37352255089432057  0.37763206088607465  0.38155983777896318  0.38556714331497072
  0.38953910826780946  0.39346599343908251  0.39770683071362450  0.40255171031370518
  0.40744726434044015  0.41230315972411857  0.41681409078469961  0.42112502451205563
  0.42546063075164114  0.42992561351396952  0.43490962375219450  0.44037895911838520
  0.44601192510701543  0.45142437819124248  0.45676360239360558  0.46230639948172286
  0.46803102684088282  0.47395373101895388  0.47940406696868809  0.48436192986129856
  0.48934986574010303  0.49439609870637691  0.50008425841918958  0.50612387192981101
  0.51197368497898643  0.51765486408741246  0.52391962732215402  0.53055407070507021
  0.53744194714662363  0.54464032416338259  0.55212539703261543  0.55997157100937445
  0.56795150200175126  0.57592883196780986  0.58410303394941820  0.59264064470671574
  0.60175820167280580  0.61085071881916864  0.62033212285969930  0.63006081320377116
  0.64045349611870683  0.65138905715561823  0.66498650103236923  0.68092493844460478
  0.69849311907238554  0.71537706403237777  0.73210132843589126  0.75100184061354958
  0.77393719517912019  0.80318503887308623  0.86215287698418441  1.00000000000000000
   9.3159234004901914E-009  -1.0000000000000000     
 F F F F F F F F F F F F F F F F F F F F F F F F F F F F F F F F F F F F F F F F F F F F F F F F F F F F F F F F F F F F F F F F F F F F F F F F F F F F F F F F F F F F F F F F F F F F F F F F F F F F F F F F F F F F F F F F F F F F F F F F F F F F F F F F F F F F F F F F F F F F F F F F F F F F F F F F F F F F F F F F F F F F F F F F F F F F F F F F F F F F F F F F F F F F F F F F F F F F F F F F F F F F F F F F F F F F F F F F F F F F F F F F F F F F F F F F F F F F F F F F F F F F F F F F F F F F F F F F F F F F F F F F F F F F F F F F F F F F F F F F F F F F F F F F F F F F F F F F F F F F F F F F F F F F F F F F F F F F F F F F F F F F F F F F F F F F F F F F F F F F F F F F F F F F F F F F F F F F F F F F F F F F F F F F F F F F F F F F F F F F F F F F F F F F F F F F F F F F F F F F F F F F F F F F F F F F F F F F F F F F F F F F F F F F F F F F F F F F F F F F F F F F F F F F F F F F F F F F F F F F F F F F F F F F F F F F F F F F F F F F F F F F F F F F F F F F F F F F F F F F F F F F F F F F F F F F
  <DiscreteSampler_grid>
  grouped_processes
  1 # 1 for a reference and 2 for a running grid.
  10 # Attribute 'min_bin_probing_points' of the grid.
  1 # Attribute 'grid_mode' of the grid. 1=='default',2=='initialization'
  0.0000000000000000 # Attribute 'small_contrib_threshold' of the grid.
  0.5000000000000000 # Attribute 'damping_power' of the grid.
 # binID   n_entries weight   weight_sqr   abs_weight
    31   10   1.623807149801012E-005   1.701756184945858E-009   1.623807149801012E-005
    32   10   1.623807149801009E-005   1.701756184945853E-009   1.623807149801009E-005
    34   10   3.247614299602024E-005   6.807024739783432E-009   3.247614299602024E-005
    35   10   3.247614299602018E-005   6.807024739783410E-009   3.247614299602018E-005
    37   10   3.351108350852988E-005   7.205360274912485E-009   3.351108350852988E-005
    38   10   3.351108350852984E-005   7.205360274912472E-009   3.351108350852984E-005
    40   10   6.702216701705975E-005   2.882144109964994E-008   6.702216701705975E-005
    41   10   6.702216701705967E-005   2.882144109964989E-008   6.702216701705967E-005
    43   10   2.143541434451926E-005   3.419706248973241E-009   2.143541434451926E-005
    44   10   2.143541434451924E-005   3.419706248973235E-009   2.143541434451924E-005
    46   10   4.287082868903851E-005   1.367882499589297E-008   4.287082868903851E-005
    47   10   4.287082868903847E-005   1.367882499589294E-008   4.287082868903847E-005
    49   10   4.502411494403957E-005   1.513920216877152E-008   4.502411494403957E-005
    50   10   4.502411494403951E-005   1.513920216877149E-008   4.502411494403951E-005
    52   10   9.004822988807914E-005   6.055680867508608E-008   9.004822988807914E-005
    53   10   9.004822988807902E-005   6.055680867508594E-008   9.004822988807902E-005
    58   10   1.623807149801011E-005   1.701756184945858E-009   1.623807149801011E-005
    59   10   1.623807149801009E-005   1.701756184945853E-009   1.623807149801009E-005
    61   10   3.247614299602023E-005   6.807024739783432E-009   3.247614299602023E-005
    62   10   3.247614299602018E-005   6.807024739783410E-009   3.247614299602018E-005
    64   10   3.351108350852988E-005   7.205360274912485E-009   3.351108350852988E-005
    65   10   3.351108350852984E-005   7.205360274912472E-009   3.351108350852984E-005
    67   10   6.702216701705975E-005   2.882144109964994E-008   6.702216701705975E-005
    68   10   6.702216701705967E-005   2.882144109964989E-008   6.702216701705967E-005
    70   10   2.143541434451926E-005   3.419706248973241E-009   2.143541434451926E-005
    71   10   2.143541434451923E-005   3.419706248973233E-009   2.143541434451923E-005
    73   10   4.287082868903851E-005   1.367882499589297E-008   4.287082868903851E-005
    74   10   4.287082868903847E-005   1.367882499589293E-008   4.287082868903847E-005
    76   10   4.502411494403957E-005   1.513920216877152E-008   4.502411494403957E-005
    77   10   4.502411494403951E-005   1.513920216877148E-008   4.502411494403951E-005
    79   10   9.004822988807914E-005   6.055680867508608E-008   9.004822988807914E-005
    80   10   9.004822988807902E-005   6.055680867508593E-008   9.004822988807902E-005
  </DiscreteSampler_grid>
