  0.00283005871080202  0.01345380462506920  0.02586968960519159  0.03797759586058574
  0.05003343058443109  0.06190528543146277  0.07371098148991694  0.08533205935823296
  0.09687081298682333  0.10819714963584984  0.11956316255228618  0.13074267733514930
  0.14167776784678349  0.15234287616289302  0.16278132925978639  0.17338070025444105
  0.18418477608643827  0.19504007090339598  0.20602280567926251  0.21722020658202215
  0.22807732468495293  0.23857961695271088  0.24865780375797600  0.25921813047590275
  0.27001951326287715  0.28068768492385460  0.29095120055807255  0.30084152999641983
  0.31073042766306352  0.32093908667740645  0.33158359108315988  0.34199437838449881
  0.35199867076551755  0.36211767618697421  0.37298743786579719  0.38428019644125139
  0.39570519476636312  0.40677961432047161  0.41807859629777366  0.42950458032906541
  0.44041600247527979  0.45104964702028444  0.46179153463358130  0.47361418477278183
  0.48496095261594985  0.49607997628294748  0.50712219798796254  0.51812300039411241
  0.52889139169191612  0.53944681629667623  0.55015392553434239  0.56000211452244408
  0.56999788929209605  0.58010552555350670  0.59063810188459953  0.60106895747861244
  0.61065191716569234  0.62049386170317766  0.63026626788998907  0.64028131464731275
  0.65049208843981243  0.66091089102815348  0.67149846033582716  0.68279168900442577
  0.69384133882455501  0.70367506814039649  0.71314319109588853  0.72256805726580753
  0.73292285080823671  0.74312566622632537  0.75300958182295219  0.76281827267733282
  0.77270198239000754  0.78285684190013050  0.79348812099420440  0.80441721752225404
  0.81510957986965848  0.82614345285963819  0.83471341573598090  0.84350043777748629
  0.85219395954848243  0.86156240282705487  0.87226114740929384  0.88221255298226831
  0.89183214964135027  0.90177400679255892  0.91216061660184833  0.92241045101504371
  0.93251131298061662  0.94261283867055390  0.95274145403020116  0.96248584779888235
  0.97206283378716862  0.98142385835886869  0.99069481135069160  1.00000000000000000
  0.00274537413096149  0.01378825019854453  0.02606552433651076  0.03729954400748376
  0.04816423964869684  0.05880058775422119  0.06910770163241728  0.07934591666520599
  0.08940273292993642  0.09839154046994811  0.10756022649794056  0.11709865611118771
  0.12766014526756217  0.13886049863621402  0.14918975572925153  0.15892329398879781
  0.16872316704713472  0.17883540909108236  0.18909813049749385  0.19902619747389103
  0.20900339365388598  0.21931022999589533  0.22994259827262140  0.24078243306306479
  0.25156683065622093  0.26239003201513006  0.27344049673790433  0.28452085614413802
  0.29556771468290360  0.30640932012222277  0.31708687656404494  0.32737826610872206
  0.33744249600464266  0.34760855538418345  0.35840951710030972  0.36959307974685895
  0.38097448326655814  0.39239082215740040  0.40378742460427230  0.41524904937181617
  0.42641495039815175  0.43740223229013081  0.44832851229448134  0.45953654004482697
  0.47070582067953393  0.48184424196963999  0.49282695454289177  0.50394465119434151
  0.51511680795051396  0.52654754876634924  0.53761360833240168  0.54822822180599229
  0.55739976493111121  0.56654429384367855  0.57579618429457213  0.58564394482937998
  0.59587640014086241  0.60645349919420410  0.61742850612550892  0.62862360556077157
  0.63988262924221784  0.65103984119115166  0.66164961876197237  0.67153462620894111
  0.68117057840730943  0.69109868416585463  0.70126319170140006  0.71141437499831328
  0.72129140021021565  0.73154751875438173  0.74196121215786182  0.75216802434817887
  0.76244315950659836  0.77301579363864958  0.78341591135803101  0.79291763587103237
  0.80208381479239066  0.81106104335699958  0.82058561934425100  0.83103068836793670
  0.84201732317922284  0.85299005432573460  0.86360656079557396  0.87418057905493074
  0.88489064818954211  0.89537849074382936  0.90579821628219037  0.91635440419440783
  0.92729769366986625  0.93819210447011414  0.94902453501339068  0.95969364123823264
  0.96993242511992617  0.98003455638777370  0.98987964716495924  1.00000000000000000
  0.00000333857787499  0.00000340564096502  0.00000347647657947  0.00000355195252395
  0.00000364813215155  0.00000375553351527  0.00000386915574877  0.00000398652982763
  0.00000411607624053  0.00000426728197762  0.00000443800187883  0.00000462003608662
  0.00000479698343235  0.00000497128522582  0.00000516296666001  0.00000537297502715
  0.00000561188974014  0.00000586586847103  0.00000615040781247  0.00000644944223965
  0.00000676127045908  0.00000709896154149  0.00000745133832272  0.00000780345105539
  0.00000816896435094  0.00000857223542272  0.00000898115436925  0.00000942398793323
  0.00000988432184541  0.00001035190898231  0.00001085206689428  0.00001138823139993
  0.00001195873211117  0.00001256250941458  0.00001318861077460  0.00001385960328904
  0.00001457530517832  0.00001535383205353  0.00001615696257853  0.00001698573107731
  0.00001785470394052  0.00001877399209009  0.00001973913244371  0.00002081564848094
  0.00002190687524988  0.00002307312927210  0.00002433860479230  0.00002569275083785
  0.00002719923054951  0.00002881085949385  0.00003030627179548  0.00003197234428424
  0.00003374325420424  0.00003570801617175  0.00003811801064224  0.00004051018526005
  0.00004317514135971  0.00004597541930072  0.00004906536123786  0.00005249159353489
  0.00005614873209100  0.00006016954010876  0.00006467738703740  0.00006968005395113
  0.00007523108449816  0.00008127136099338  0.00008782549269355  0.00009550571999695
  0.00010376118205349  0.00011398907256617  0.00012596054851798  0.00014017773792509
  0.00015688882087557  0.00017550712979248  0.00019566311935207  0.00021690865102985
  0.00024147240572408  0.00027473246566389  0.00031589980912099  0.00036494816953483
  0.00042812904173479  0.00051076724299265  0.00061545343044117  0.00074355971372472
  0.00090515208309923  0.00113265335894615  0.00143721718762794  0.00184433141012612
  0.00240186116487487  0.00319133913723106  0.00422803902819740  0.00591139977785813
  0.00913381359950230  0.01775148190171612  0.20215007781539338  1.00000000000000000
  0.00000710346712666  0.00000866007986048  0.00000957603205711  0.00000998636399303
  0.00001052563489584  0.00001107060380290  0.00001167011679480  0.00001236774733134
  0.00001306838646337  0.00001376813432102  0.00001456608328214  0.00001541090106852
  0.00001627194621820  0.00001715963849423  0.00001807547764776  0.00001902923732506
  0.00002008267532516  0.00002118536067897  0.00002231466618551  0.00002354586272737
  0.00002487382100326  0.00002631899178488  0.00002789576945656  0.00002955065917465
  0.00003137801322086  0.00003345574284034  0.00003555115110202  0.00003798770192914
  0.00004047385139055  0.00004353368693685  0.00004673459202044  0.00005034566602193
  0.00005425774343375  0.00005858722380077  0.00006355732507354  0.00006925256876548
  0.00007570574092547  0.00008261979821523  0.00009030492668284  0.00009905000156683
  0.00010891379911886  0.00011998867178162  0.00013216465893265  0.00014565995734877
  0.00016044836779567  0.00017725427523132  0.00019505991445177  0.00021428826518343
  0.00023500590587568  0.00025784094242417  0.00028258118267480  0.00030919031296442
  0.00033826721944579  0.00036936920633623  0.00040295261381476  0.00043881088581452
  0.00047735939279651  0.00051706989710095  0.00056072378888656  0.00060758817236187
  0.00065716752837164  0.00070836190330868  0.00076641251771865  0.00082844893045890
  0.00089653358765729  0.00096761582948840  0.00104286820385600  0.00111947594581630
  0.00119694539353589  0.00128137206663733  0.00137780532651069  0.00147462613650515
  0.00157428596009681  0.00168237641677253  0.00181887022324051  0.00197226009507616
  0.00213315167427577  0.00230263694205138  0.00251719321849348  0.00279148768468876
  0.00298036894896168  0.00314387414136565  0.00330727929862761  0.00347106791126960
  0.00365427874666702  0.00380698942018672  0.00416013106025247  0.00451680466156047
  0.00486239489375712  0.00530486141553434  0.00613735381338072  0.00694847972777610
  0.00812197260097451  0.00986332065429041  0.02654105563914227  1.00000000000000000
  0.00000543554161748  0.00000619720643184  0.00000679464007687  0.00000736391667513
  0.00000792746830026  0.00000852663290611  0.00000915186271306  0.00000980524453646
  0.00001052224762031  0.00001131130924013  0.00001212610433707  0.00001303048132103
  0.00001398194399902  0.00001496194428845  0.00001598045449814  0.00001703907860328
  0.00001814882099520  0.00001930610725176  0.00002054904811244  0.00002189630804394
  0.00002341309388690  0.00002509605505299  0.00002691254083879  0.00002888880124559
  0.00003101442020429  0.00003332492481460  0.00003579142522786  0.00003837314786738
  0.00004113830153146  0.00004395870464823  0.00004687884065107  0.00004999289729351
  0.00005341607213580  0.00005728573196315  0.00006161923752912  0.00006618239808616
  0.00007119727399686  0.00007665026129765  0.00008247401732449  0.00008891622307040
  0.00009565136463913  0.00010288932996257  0.00011085088779406  0.00011956276166721
  0.00012897514816020  0.00013917984117457  0.00014981830411765  0.00016118830256561
  0.00017372709657369  0.00018716327513815  0.00020170227935189  0.00021747514354923
  0.00023380238505625  0.00025123672877612  0.00026997918470935  0.00029062417373703
  0.00031391984992800  0.00033916313694064  0.00036649029395771  0.00039538608388887
  0.00042372778867350  0.00045496518558773  0.00048817402681012  0.00052703759255627
  0.00057340194997828  0.00062565026982360  0.00067460534826683  0.00072423515827274
  0.00077473537153613  0.00082887720750186  0.00089322209094511  0.00096540109902105
  0.00104595038412400  0.00114014236296934  0.00124855713117869  0.00136617850891482
  0.00148623053729859  0.00161217980323705  0.00176321607004853  0.00193978021273438
  0.00214237368315397  0.00236568429891318  0.00259680314456017  0.00283651656287345
  0.00313164431200616  0.00352739443933916  0.00399879615785055  0.00450321362831921
  0.00500602797820025  0.00560384949997749  0.00651319477335352  0.00771135163369756
  0.00889333940050880  0.01003112391812163  0.07379880116248667  1.00000000000000000
 -0.00277364452401666  0.01066307039735270  0.02149663721010054  0.03212294996747971
  0.04280890864411387  0.05340214081652184  0.06450290593209372  0.07498101062572578
  0.08541912520274406  0.09611307575684214  0.10698438074676890  0.11782270389564550
  0.12785848555872747  0.13796276318970491  0.14800870399405158  0.15856426678512323
  0.16995859441786670  0.18044037998798490  0.18974600337020162  0.19869936791605627
  0.20764646121378638  0.21810025831569696  0.22895275757565736  0.23962418173356781
  0.25041951753160002  0.26138393689491640  0.27245767534638810  0.28320514213412840
  0.29362742036292588  0.30409059946738687  0.31456194244043523  0.32523003304629761
  0.33563803408223214  0.34588490257577648  0.35595920440082685  0.36637651877501265
  0.37700079483138804  0.38720017709367749  0.39691830669996830  0.40665813321391409
  0.41685344269562741  0.42712981683602153  0.43758306286629206  0.44833336103438670
  0.45911805661308142  0.46955246520413002  0.47960153253826321  0.48920708725667456
  0.49864752968405546  0.50814048216685470  0.51832876677737694  0.52920507833857122
  0.54010719010930230  0.55069081927114383  0.56079810402131669  0.57114028752493862
  0.58198851186616152  0.59317040469255711  0.60406348809520871  0.61442117999393076
  0.62463966155729833  0.63484868074426404  0.64529994968252558  0.65608549228328283
  0.66680815172583818  0.67759639862524246  0.68845564513255453  0.69953429591226124
  0.71059849582921430  0.72148961467957984  0.73215250664623810  0.74269957597944558
  0.75349585093955485  0.76465162116207941  0.77583989666251596  0.78677053100005667
  0.79752325709557992  0.80830817114544640  0.81921474183171927  0.83051935383506426
  0.84197099099718176  0.85322099700087073  0.86394904863334909  0.87434022953163593
  0.88452101706152653  0.89409904435411069  0.90361673436294443  0.91288706988020651
  0.92282593726165851  0.93335596835040313  0.94406525390910334  0.95510425199629068
  0.96618025216041503  0.97746847210160137  0.98886488310102372  1.00000000000000000
 -0.00199822516689524  0.00804100888992359  0.01750920643937450  0.02686306311736388
  0.03687426417632639  0.04733249975861289  0.05798570599749837  0.06863999498246888
  0.07954542408377922  0.09086187188477313  0.10246023598180848  0.11366634629641802
  0.12443641336824089  0.13522041255289244  0.14600149577433846  0.15670308136380134
  0.16737514266091846  0.17813460832455955  0.18911029735100901  0.19996424667828600
  0.21104256968187368  0.22207199360168411  0.23319174696491607  0.24418045794553875
  0.25476454901395584  0.26528158872267049  0.27589411425672422  0.28634851762764385
  0.29642891137014177  0.30651714012307679  0.31724081375667168  0.32853389543864869
  0.33980357281520057  0.35101787300738319  0.36220945013739192  0.37329127402137358
  0.38414993872982611  0.39473018605235999  0.40515027332356607  0.41585220954815627
  0.42670515466045583  0.43764187785694542  0.44741927327351094  0.45668424877307351
  0.46599298002208694  0.47518040564535319  0.48540193542895488  0.49602253241533967
  0.50691018821113831  0.51831185645830202  0.52956164224203095  0.54057653643221726
  0.55117489106432838  0.56141826911943915  0.57156622884263641  0.58176983871551546
  0.59222751692500997  0.60289013358898824  0.61361546559330660  0.62435495233329619
  0.63500082948102465  0.64551959869402531  0.65588093923139279  0.66590911346493475
  0.67586299599447575  0.68577436732314079  0.69583212044276899  0.70610847271795574
  0.71681495701876230  0.72765229362749462  0.73762756608019631  0.74675173609949208
  0.75558590075489362  0.76475446987230156  0.77551820412807737  0.78720677645033954
  0.79852778573468808  0.80957068188017611  0.82072357667941087  0.83210324859342144
  0.84337829575693446  0.85428278498060162  0.86508570758957581  0.87584244785038778
  0.88644115510566979  0.89679658193702538  0.90729190132826454  0.91776689511352028
  0.92823407762183774  0.93827809001390683  0.94787238676070351  0.95760352824712880
  0.96793203704124897  0.97885697729347332  0.98963240751537773  1.00000000000000000
 -0.00218976401733282  0.00896070314786267  0.01930693714942545  0.02961514849526817
  0.04047040260775793  0.05114002484547694  0.06205213632392766  0.07364950092828818
  0.08565952557886615  0.09752823812576766  0.10912223503296647  0.12019244492766136
  0.13191228809948441  0.14285370035460415  0.15312553762223113  0.16313419142704219
  0.17382430244394664  0.18522307290619325  0.19669941044894731  0.20755728673023938
  0.21817345234173235  0.22818074406528299  0.23790440878762156  0.24768215299815033
  0.25780831927145864  0.26854163097207584  0.27914937227214498  0.28946039303310656
  0.29992943681160583  0.31031309898398790  0.31998520462706753  0.32892210264198390
  0.33780820079009849  0.34696066822504307  0.35662321837147648  0.36607530325377008
  0.37502223372521748  0.38403819228542935  0.39299485622182767  0.40305806417569401
  0.41302011600545224  0.42315628725025400  0.43307898004377032  0.44370708996930031
  0.45439194918240700  0.46498550592476173  0.47551692130608025  0.48578160492398648
  0.49587877333156311  0.50581168106866570  0.51564373853748013  0.52558859683016101
  0.53558147982875959  0.54542996390491394  0.55525524762836154  0.56545621185276473
  0.57609177564510805  0.58679079424916891  0.59719831278853375  0.60677459807144740
  0.61584263980836973  0.62507071548087723  0.63481152466815527  0.64482650921315821
  0.65441938287456458  0.66417008384013099  0.67426468195497824  0.68420538217647808
  0.69394476028830909  0.70363550997063373  0.71418375630468067  0.72522833924810770
  0.73667404689951554  0.74810980057603427  0.75929032788087569  0.77025023137676618
  0.78126160177839077  0.79221053290418741  0.80314142396174326  0.81381224434910282
  0.82448734480224617  0.83536419401077500  0.84660949054646517  0.85782829868843558
  0.86950454313723002  0.88134584174439612  0.89304727114271087  0.90436295099667885
  0.91608869810045723  0.92883707725124032  0.94217399878155195  0.95501058118834237
  0.96655321533361471  0.97746637107922774  0.98833930538698855  1.00000000000000000
 -0.00213574018872349  0.00854246219329971  0.01824034327858422  0.02899775102999839
  0.03987791669139962  0.05053726249605532  0.06154731851793378  0.07293267290778022
  0.08422630075848182  0.09556074761110361  0.10660381853988123  0.11760909003578039
  0.12786454431691105  0.13798623486095410  0.14844055403955103  0.15960876233819010
  0.17123815504593717  0.18287361000399827  0.19468328618250916  0.20603722573103120
  0.21675512041419961  0.22715695859716548  0.23771796690571551  0.24867296889663912
  0.25968961966558091  0.27070201426299773  0.28175357000117979  0.29262267165418171
  0.30329340241606145  0.31392375793148009  0.32437707662242632  0.33477062602807162
  0.34524357942865364  0.35605043283290022  0.36723800883391755  0.37841829961524398
  0.38984060250324210  0.40145908081862636  0.41204519807259748  0.42097095187753303
  0.42988734927554006  0.43929404345938283  0.45010278041835333  0.46176663047252198
  0.47308193764381501  0.48407860691519433  0.49485278529883830  0.50563505701856459
  0.51630514650822401  0.52661219070100307  0.53675120005457444  0.54725220185830492
  0.55820203983017813  0.56905420843509347  0.57957979748487776  0.59001639477492041
  0.60022785623498665  0.61004668500330195  0.61974987447063368  0.62968289389222987
  0.63983088441331148  0.65029088274975688  0.66097301160646738  0.67190017222212350
  0.68276460042077847  0.69376831155901153  0.70499763888299682  0.71608622968087843
  0.72670953886251377  0.73736429422191807  0.74829697854705424  0.75921279646727202
  0.76986115968105873  0.78023502574793979  0.79050668822986347  0.80100295076409700
  0.81155563179547141  0.82205407484398152  0.83221173288462968  0.84218466396406955
  0.85219579406612567  0.86241669493829343  0.87275732043463972  0.88271871752541975
  0.89277136716653738  0.90251078246204919  0.91286443997510769  0.92334352120081620
  0.93371611386313003  0.94429152627487212  0.95486126311956676  0.96547563812924286
  0.97482689609003115  0.98349024741092561  0.99193985430434573  1.00000000000000000
 -0.00249308999707351  0.01000439096140138  0.02021937799390802  0.03097474220248059
  0.04153993915491170  0.05170853915655287  0.06195540325231955  0.07258168225313436
  0.08324213808091045  0.09378342647855779  0.10410965839249098  0.11487720337680618
  0.12562798015730173  0.13648814066801010  0.14724576773474760  0.15810139361661057
  0.16873414160459280  0.17905990326511517  0.18981810660890860  0.20044092396856791
  0.21072146099172162  0.22082673118975502  0.23091757817268541  0.24122954277060019
  0.25157087853437859  0.26259326258316829  0.27398039291627724  0.28518214533390834
  0.29635897872428291  0.30788155634687908  0.31959542566498844  0.32944344293955863
  0.33870215635432060  0.34795830865224581  0.35823966339257418  0.36895271991071105
  0.37845592769123054  0.38726820143587770  0.39613304444924224  0.40520055319430276
  0.41593659423074947  0.42673015962127303  0.43668703997122360  0.44647284766419582
  0.45632760189599442  0.46675349854258485  0.47780145110024308  0.48908309538006367
  0.50012453444805560  0.51068578266317655  0.52132375956081378  0.53191116708958086
  0.54262868125870156  0.55343687237418715  0.56449806815239656  0.57554917089808566
  0.58650213274668628  0.59738669732981897  0.60819976997920122  0.61883950311566216
  0.62992686706609236  0.64070893078758118  0.65161684006758203  0.66207936897548558
  0.67203408580386370  0.68206269114852891  0.69209594763186455  0.70229961886875769
  0.71224632451337588  0.72169033455452647  0.73171951679326996  0.74167729415566552
  0.75225710914837562  0.76283252675037938  0.77387696272130313  0.78487270746277049
  0.79535588439570803  0.80589360507323793  0.81615437645903077  0.82730489604746693
  0.83870281804815949  0.85063418425022419  0.86265650975369190  0.87478059925572094
  0.88639456229072833  0.89710410601153967  0.90696551880483256  0.91640678873116899
  0.92649154980167636  0.93670084482923488  0.94715447985433332  0.95747764885658160
  0.96823889452736134  0.97915814230216003  0.98959276000286522  1.00000000000000000
  0.00000208360207327  0.00060234271536561  0.00091751920024131  0.00118904605714071
  0.00145022152599093  0.00170347927629371  0.00195005324319711  0.00217761267726683
  0.00240566939895800  0.00262380521242350  0.00282934973753259  0.00303012290512444
  0.00322376768523834  0.00341549061906250  0.00360888790849392  0.00380941473153542
  0.00399365728776006  0.00417651491576241  0.00435646258106086  0.00453615180417492
  0.00471967566902938  0.00489499582030616  0.00507270863566562  0.00525471384180879
  0.00544645147492128  0.00563874145979196  0.00585919160152210  0.00609396658946949
  0.00631273111108168  0.00653004954423796  0.00674666807442438  0.00696446982083485
  0.00719613711859852  0.00741434848792316  0.00762388677958206  0.00782847268178687
  0.00803584389542590  0.00826099567599612  0.00850460243609237  0.00875307336658522
  0.00899915265925808  0.00923719127875696  0.00945834837615609  0.00967884236270313
  0.00990101100676953  0.01013465659573769  0.01039238153746462  0.01069902251561242
  0.01106479116738091  0.01143912650580763  0.01178302697458244  0.01211560055964978
  0.01246090725224266  0.01278611086656477  0.01307206782634049  0.01334751018258788
  0.01361470261645251  0.01390844469009628  0.01423553817202005  0.01456265313120349
  0.01488698169382173  0.01524443703357481  0.01567966587054183  0.01615686882528188
  0.01665941329056137  0.01718207524491804  0.01767984074735828  0.01804138495999559
  0.01839002396985550  0.01873339587129671  0.01919339291024342  0.01971961798106329
  0.02014322662727359  0.02056231179986275  0.02110815030616389  0.02187838741733678
  0.02241571774328013  0.02306859628006893  0.02373750202937733  0.02439331827342777
  0.02578693660757014  0.02800715424510825  0.02921983522352496  0.03041125833326425
  0.03104307538878874  0.03177832471012982  0.03227476176338919  0.03260896094015225
  0.03287712288196542  0.03318343013987154  0.03367036728225952  0.03603007735729058
  0.03766747861207970  0.04396714817375888  0.08060682910260150  1.00000000000000000
 -0.00250729573647667  0.01067393081522921  0.02168058975911942  0.03304907264600485
  0.04412191163419860  0.05541254304758686  0.06711169123903760  0.07856728239926961
  0.08897627978573686  0.09908739276735533  0.10907711224463390  0.11947473564986634
  0.13033241595722900  0.14156649680852745  0.15274272682290249  0.16341988223462078
  0.17370683563735392  0.18323307258977656  0.19232796565506921  0.20182063728728117
  0.21167082723265623  0.22263014175508511  0.23393486872675356  0.24516053682820532
  0.25624570058366275  0.26696983589721013  0.27731365262600455  0.28724832665654165
  0.29733183522929663  0.30768841621678100  0.31786479822580915  0.32796388177251035
  0.33802538163936902  0.34864530271265676  0.35952409751965153  0.37086731034856585
  0.38214694644050667  0.39336564459355089  0.40419162618103793  0.41478038557561298
  0.42516326916024227  0.43522529014243805  0.44499872798390544  0.45429093139148125
  0.46360983504250497  0.47323616033193844  0.48351745717615552  0.49396047636402968
  0.50381185400236184  0.51321343813428710  0.52286927928345883  0.53247294146202051
  0.54217454595647308  0.55186195878075650  0.56203127428511435  0.57277040523256317
  0.58364010170361003  0.59467032304487311  0.60558759594366873  0.61674781798739775
  0.62778130706518598  0.63859832121749704  0.64924732586575307  0.65980499101684054
  0.67011651092762836  0.68039809172972310  0.69090726248383583  0.70165004088669147
  0.71210963618280332  0.72229446512634754  0.73244653953320993  0.74287951678278141
  0.75264443116580559  0.76164678320423929  0.77067131786252396  0.77964129438392837
  0.78956384112666544  0.79995192092632472  0.81097855165960853  0.82203201022201677
  0.83270243364399921  0.84313625019548410  0.85366626954691216  0.86443891164330666
  0.87564490387314287  0.88677808698531613  0.89795496851025158  0.90889220971592144
  0.91998948693418636  0.93152983681093382  0.94307632349073445  0.95467006284562339
  0.96584252921820435  0.97718972971785700  0.98845018654934025  1.00000000000000000
 -0.00009369159825306  0.00024107542455659  0.00052315043201277  0.00075471328160630
  0.00092813254867708  0.00110153636611677  0.00127531876024515  0.00144989841007007
  0.00162114783326273  0.00178482061729631  0.00193954115551960  0.00209464839180067
  0.00224875884246354  0.00240171537164851  0.00256331805808408  0.00272664334696647
  0.00289006146860881  0.00305002640450681  0.00319681433726374  0.00334127964453471
  0.00348623295817946  0.00363068189399253  0.00377482958507451  0.00391736678888736
  0.00405649431980180  0.00419140020170973  0.00432103786321669  0.00445031982216140
  0.00459218349097351  0.00473703018543692  0.00488509664795584  0.00504184354281925
  0.00518628531598874  0.00531949491128266  0.00546519509871822  0.00561630093939044
  0.00577852936423912  0.00594372758773007  0.00611100969730387  0.00628588891247400
  0.00645510478387095  0.00661496794200917  0.00677919243998085  0.00694575771959182
  0.00711468695611225  0.00730382596991628  0.00750095538685149  0.00769028409314674
  0.00786885187342418  0.00804494375949485  0.00822301111374307  0.00840453298994979
  0.00858876185452549  0.00877904240121343  0.00896498924632954  0.00912732646931891
  0.00930419728732804  0.00949205745016738  0.00968426409516428  0.00995998834407017
  0.01027320072158874  0.01053459488508736  0.01081808870600061  0.01110155227964032
  0.01142622226715842  0.01175983620623572  0.01206759052077166  0.01240161842191766
  0.01274697879604714  0.01319306795003343  0.01369680874364120  0.01431701011728067
  0.01480377197512774  0.01502555669605110  0.01524912460566302  0.01547427222221860
  0.01570127918989083  0.01692670157357416  0.01728651600605418  0.01752400586511294
  0.01772160749531332  0.01787158703587024  0.01817608664626580  0.01866693982302120
  0.01941014381639289  0.02302096469728130  0.02324192041215447  0.02350733932458732
  0.02393785372034436  0.02411631435010895  0.02430959647187397  0.02448725388956556
  0.02466923325640458  0.02801664786292220  0.06873574261269574  1.00000000000000000
 -0.00256068481624858  0.00925451873798618  0.01877594462312821  0.02860320524129277
  0.03879078368012930  0.04896639347417447  0.05925221674653882  0.06970890311204214
  0.08029387705630799  0.09092473859271066  0.10119911396170272  0.11201265071084958
  0.12298339786828251  0.13425740523301069  0.14570665774999986  0.15668475818458030
  0.16732227605933914  0.17770816535253151  0.18807184662129769  0.19866115167889536
  0.20923629386898956  0.22004451863352240  0.23124838868221356  0.24250849063112456
  0.25372504930540307  0.26486964362952120  0.27594382885981750  0.28694098099963256
  0.29781948774220046  0.30882520818265535  0.32010964672617148  0.33121023425857316
  0.34175354878680092  0.35180505178814353  0.36163071935225100  0.37130584700317887
  0.38082735359501413  0.39058828414938762  0.40042552835390899  0.41073196215481084
  0.42120515335839981  0.43209830941312821  0.44283361555750761  0.45294675745624685
  0.46311527573292460  0.47371500824497559  0.48467167107284703  0.49531260909078501
  0.50523973889751639  0.51474573080001718  0.52430559214206429  0.53440446788072704
  0.54458155854523094  0.55433274988320380  0.56437504438064834  0.57477651052448409
  0.58507438194817074  0.59518071840285491  0.60541082772397858  0.61626373602028572
  0.62753878424425757  0.63851810347304783  0.64848353687940219  0.65796530432255218
  0.66732779619591021  0.67762918781725490  0.68877466550569288  0.69994619217483633
  0.71092694504843612  0.72197387576740935  0.73233253552744970  0.74271721001348956
  0.75326092244951626  0.76331282771577502  0.77309146334520007  0.78300047129568917
  0.79295421445314807  0.80439714251043481  0.81525777811109534  0.82613168409537285
  0.83658957147567858  0.84717484838111334  0.85762280477323516  0.86858446955373869
  0.87949312845937511  0.89060419594622275  0.90124715346575557  0.91171684153626686
  0.92223385000360114  0.93291994050623051  0.94373618299123274  0.95479547570087731
  0.96640908125286351  0.97815415468242373  0.98924076396976579  1.00000000000000000
  0.54134822440560837  0.59684109077651093  0.61055101158533864  0.62314078653893845
  0.63696339207632424  0.65097556755928154  0.66352767021593406  0.67455320190867618
  0.68448828507855008  0.69383779829447179  0.70268618691988471  0.71131846861075698
  0.71929596084164760  0.72698187036289375  0.73428728402132493  0.74148316666671521
  0.74851036663715065  0.75504660689411651  0.76121409130655193  0.76734117622001297
  0.77324279185895461  0.77917974345613616  0.78489886984785551  0.79061017517375820
  0.79581187479949611  0.80078532473944197  0.80543052634152024  0.80984103556057907
  0.81405260739599217  0.81812890254812931  0.82204557834737180  0.82569126348712940
  0.82921489671534598  0.83278119612170087  0.83630826390522683  0.83991124696662400
  0.84361243883474779  0.84727787607671068  0.85097201655405008  0.85468653689517382
  0.85837210031238786  0.86214383895058022  0.86587950804628278  0.86952488956799090
  0.87309660283226842  0.87650017481485276  0.87972167815049351  0.88282878581643165
  0.88586878171834016  0.88896250625201645  0.89208817006558927  0.89521800997453405
  0.89827702849788793  0.90121669976497110  0.90422901865092065  0.90717352914119609
  0.91001270473249596  0.91285284634885511  0.91569439335452862  0.91838782980810840
  0.92092420705977429  0.92331747576601386  0.92569245060504013  0.92811714906187381
  0.93059309409453983  0.93310364184526307  0.93560158293738649  0.93803574956065194
  0.94037335427004409  0.94268660158869511  0.94500455164733588  0.94736500376725441
  0.94970775488480985  0.95198729747572997  0.95420887806600085  0.95638560974540121
  0.95852779680732902  0.96073144984917513  0.96288322289660955  0.96480825571582818
  0.96664755862663676  0.96849630842651702  0.97037229248082335  0.97225749901736125
  0.97413214489800004  0.97600448420887542  0.97790637856486962  0.97987993986343569
  0.98194619857642240  0.98406672684812091  0.98615281762061746  0.98828183921048052
  0.99056608623181996  0.99305485415176697  0.99629812302240650  1.00000000000000000
  0.05594481822699333  0.13165461269176498  0.14587369852806453  0.15768225446929920
  0.16793907776722355  0.17565809946689784  0.18232248794260611  0.18850860116154122
  0.19435874122254937  0.20029460448277675  0.20648253795239760  0.21264456758271014
  0.21850835177449171  0.22393191681003383  0.22910264302193947  0.23431617040134570
  0.23954986736948561  0.24470534021793849  0.25007086715765725  0.25554977325139616
  0.26096416619061907  0.26629843696655026  0.27155343970828222  0.27677489342058070
  0.28209707398515488  0.28763929309706693  0.29333496769785478  0.29897883095532513
  0.30431920071556140  0.30958787058133913  0.31466525479238117  0.31993151255499236
  0.32514183279890752  0.33033980867778351  0.33550090694518259  0.34066519863877925
  0.34590575410439395  0.35112991148511247  0.35633175071677803  0.36153824716193123
  0.36661994268620324  0.37157954249264652  0.37646383197322242  0.38132199966749675
  0.38626256015373700  0.39132477150090650  0.39635977584411747  0.40147010823836393
  0.40654248877264926  0.41177492302134994  0.41719344896074001  0.42253868620056018
  0.42771174117212046  0.43249617144127739  0.43718503175738205  0.44192105304757806
  0.44668078651363435  0.45171446094028450  0.45704357559613523  0.46258979170675357
  0.46840310769392579  0.47432553780227754  0.48005457330564844  0.48572894776659525
  0.49156792157357715  0.49746129624942853  0.50353760392102564  0.50959420796580301
  0.51568922438439357  0.52203186872345619  0.52878391151781012  0.53582960643672095
  0.54317785265261243  0.55055369395061460  0.55803314665003056  0.56575728943173209
  0.57366858956766054  0.58166411764482739  0.58999574851168368  0.59872920058246271
  0.60810683854980085  0.61809555714588038  0.62855931726110104  0.63926284398748090
  0.65018717646091939  0.66146714033410159  0.67292136979405004  0.68463403385798027
  0.69762512463864945  0.71285139571802669  0.72983127408865911  0.74843203282523285
  0.76955265372057990  0.79631587863677822  0.83563844157788270  1.00000000000000000
   1.7385261987376440E-009  -1.0000000000000000     
 F F F F F F F F F F F F F F F F F F F F F F F F F F F F F F F F F F F F F F F F F F F F F F F F F F F F F F F F F F F F F F F F F F F F F F F F F F F F F F F F F F F F F F F F F F F F F F F F F F F F F F F F F F F F F F F F F F F F F F F F F F F F F F F F F F F F F F F F F F F F F F F F F F F F F F F F F F F F F F F F F F F F F F F F F F F F F F F F F F F F F F F F F F F F F F F F F F F F F F F F F F F F F F F F F F F F F F F F F F F F F F F F F F F F F F F F F F F F F F F F F F F F F F F F F F F F F F F F F F F F F F F F F F F F F F F F F F F F F F F F F F F F F F F F F F F F F F F F F F F F F F F F F F F F F F F F F F F F F F F F F F F F F F F F F F F F F F F F F F F F F F F F F F F F F F F F F F F F F F F F F F F F F F F F F F F F F F F F F F F F F F F F F F F F F F F F F F F F F F F F F F F F F F F F F F F F F F F F F F F F F F F F F F F F F F F F F F F F F F F F F F F F F F F F F F F F F F F F F F F F F F F F F F F F F F F F F F F F F F F F F F F F F F F F F F F F F F F F F F F F F F F F F F F F F F F F
  <DiscreteSampler_grid>
  grouped_processes
  1 # 1 for a reference and 2 for a running grid.
  10 # Attribute 'min_bin_probing_points' of the grid.
  1 # Attribute 'grid_mode' of the grid. 1=='default',2=='initialization'
  0.0000000000000000 # Attribute 'small_contrib_threshold' of the grid.
  0.5000000000000000 # Attribute 'damping_power' of the grid.
 # binID   n_entries weight   weight_sqr   abs_weight
    31   10   1.425455447623323E-005   7.435788359024226E-010   1.425455447623323E-005
    32   10   1.425455447623322E-005   7.435788359024211E-010   1.425455447623322E-005
    34   10   2.850910895246646E-005   2.974315343609691E-009   2.850910895246646E-005
    35   10   2.850910895246644E-005   2.974315343609684E-009   2.850910895246644E-005
    37   10   2.973836899628479E-005   3.240340124830743E-009   2.973836899628479E-005
    38   10   2.973836899628476E-005   3.240340124830737E-009   2.973836899628476E-005
    40   10   5.947673799256959E-005   1.296136049932297E-008   5.947673799256959E-005
    41   10   5.947673799256953E-005   1.296136049932295E-008   5.947673799256953E-005
    43   10   1.369362782572791E-005   6.660356839034725E-010   1.369362782572791E-005
    44   10   1.369362782572790E-005   6.660356839034714E-010   1.369362782572790E-005
    46   10   2.738725565145582E-005   2.664142735613890E-009   2.738725565145582E-005
    47   10   2.738725565145580E-005   2.664142735613886E-009   2.738725565145580E-005
    49   10   2.849661066971629E-005   2.882511003952724E-009   2.849661066971629E-005
    50   10   2.849661066971628E-005   2.882511003952721E-009   2.849661066971628E-005
    52   10   5.699322133943258E-005   1.153004401581090E-008   5.699322133943258E-005
    53   10   5.699322133943256E-005   1.153004401581088E-008   5.699322133943256E-005
    58   10   1.425455447623323E-005   7.435788359024226E-010   1.425455447623323E-005
    59   10   1.425455447623322E-005   7.435788359024211E-010   1.425455447623322E-005
    61   10   2.850910895246646E-005   2.974315343609691E-009   2.850910895246646E-005
    62   10   2.850910895246644E-005   2.974315343609684E-009   2.850910895246644E-005
    64   10   2.973836899628479E-005   3.240340124830744E-009   2.973836899628479E-005
    65   10   2.973836899628478E-005   3.240340124830740E-009   2.973836899628478E-005
    67   10   5.947673799256959E-005   1.296136049932298E-008   5.947673799256959E-005
    68   10   5.947673799256956E-005   1.296136049932296E-008   5.947673799256956E-005
    70   10   1.369362782572791E-005   6.660356839034725E-010   1.369362782572791E-005
    71   10   1.369362782572790E-005   6.660356839034714E-010   1.369362782572790E-005
    73   10   2.738725565145582E-005   2.664142735613890E-009   2.738725565145582E-005
    74   10   2.738725565145580E-005   2.664142735613886E-009   2.738725565145580E-005
    76   10   2.849661066971629E-005   2.882511003952725E-009   2.849661066971629E-005
    77   10   2.849661066971628E-005   2.882511003952720E-009   2.849661066971628E-005
    79   10   5.699322133943258E-005   1.153004401581090E-008   5.699322133943258E-005
    80   10   5.699322133943256E-005   1.153004401581088E-008   5.699322133943256E-005
  </DiscreteSampler_grid>
