  0.00398385899598458  0.00995030765066702  0.01651491130700938  0.02332686576379297
  0.03392752116771940  0.04486602271951111  0.05527718660808854  0.06612904419035330
  0.07758015819671364  0.08941716424690940  0.10094272822320979  0.11281830225104500
  0.12449016471494237  0.13449148446774592  0.14407840871981076  0.15375630713976887
  0.16192924924184135  0.16849811801067974  0.17507288503421004  0.18182766705067349
  0.19097650387807052  0.20177550350989115  0.21328839744556016  0.22512646805564190
  0.23719586932113190  0.24832643521182018  0.25973050864788122  0.27084521406329581
  0.28324230568308445  0.29480850115851970  0.30724102030290262  0.31786855888579346
  0.32907200820142968  0.34086585690601640  0.35316727129931080  0.36466944256857231
  0.37530661986073738  0.38600451427621707  0.39723761784666423  0.40861611712568136
  0.41927950011233767  0.42910688016921716  0.43962402925422761  0.45084886057840912
  0.46263419872493911  0.47337276510911364  0.48360400285435678  0.49330661480561305
  0.50203961432832012  0.50981270949662072  0.51771933782419766  0.52614901496770605
  0.53586492603799829  0.54565790630428368  0.55682665122585429  0.56817696898866887
  0.58098557458473321  0.59442470875597331  0.60719472102910144  0.61907983115639820
  0.62812502748579746  0.63579674637768802  0.64342922760615218  0.65116601858011580
  0.65968303446336207  0.66920408309201862  0.67899778663161170  0.68892007440130043
  0.69891743894671599  0.70858185537452900  0.71837074593343686  0.72785045316108488
  0.73707227493264171  0.74501996801748616  0.75457567913332302  0.76534383271230566
  0.77731084099357017  0.78882307155242559  0.80038801325536468  0.81205399151479263
  0.82364934258867550  0.83516028792492336  0.84672012958314713  0.85840350816083910
  0.87036816538863249  0.88200110431038536  0.89320531651874335  0.90437245195752847
  0.91518245214502048  0.92596063248797378  0.93657574281643752  0.94762294805477332
  0.95908603747155063  0.97024205916711304  0.98085446567865231  1.00000000000000000
  0.00269485798174359  0.01569638766127060  0.02800235309108449  0.03905344973731786
  0.04960281320251353  0.06007662289064723  0.07029634177801454  0.07870979469218464
  0.08777174371310947  0.09717838621315916  0.10682137395071264  0.11752681258138467
  0.12701092248508022  0.13599155197870760  0.14592910755700295  0.15670564803374668
  0.16928667327326369  0.17908401009468353  0.18873636703615951  0.19660762412969587
  0.20393605306133186  0.21135869923086362  0.21948456560468729  0.22778548976746438
  0.23834064063904722  0.24970114737824814  0.26058403693783388  0.27092796884033449
  0.27838071867214609  0.28575773489513540  0.29367003798448227  0.30273595525993841
  0.31304690055419154  0.32355133316457835  0.33332590422158104  0.34274392255492619
  0.35195198091558916  0.36083673731288690  0.37072072720489319  0.38063344851066283
  0.39025808622016434  0.39994378993993107  0.41004656459106470  0.42064031798161972
  0.43092554238295566  0.44199549121122672  0.45347378202303673  0.46505333837957857
  0.47597695047075878  0.48768669461164976  0.49962860545952659  0.51068658171538817
  0.52174839727345146  0.53268208376636672  0.54371785068105449  0.55474751812619849
  0.56629776888431071  0.57682918679997486  0.58716703405020532  0.59709991183324396
  0.60781808514114422  0.61856138229861979  0.62908353407583162  0.63985581623777821
  0.65011701803901978  0.65869497688280809  0.66711367393323917  0.67507137888899704
  0.68397299966493730  0.69365945307863708  0.70521829985851869  0.71855790661020824
  0.73168481149511244  0.74367178881062779  0.75557469515750486  0.76758109412962316
  0.77920738887491814  0.79015563784656484  0.80274728250819272  0.81382350463101405
  0.82473538806482494  0.83513558386943076  0.84637179484856917  0.85799369823348137
  0.87018513395730190  0.88366104847443316  0.89738509405148548  0.90918733539041774
  0.92049683222649747  0.93183415785599155  0.94379541518660437  0.95619265222848826
  0.96793756268004072  0.97879094545140544  0.98930301934836473  1.00000000000000000
  0.00000461919988126  0.00001112629404564  0.00001176790733072  0.00001238500020761
  0.00001302309990189  0.00001377911112246  0.00001471135438427  0.00001601015834978
  0.00001744125800388  0.00001863963207581  0.00001956031218420  0.00002048586758289
  0.00002137740109285  0.00002221075218272  0.00002322941585667  0.00002436726872656
  0.00002556776475050  0.00002691099242643  0.00002857788465940  0.00003053938904520
  0.00003261317227906  0.00003474803990783  0.00003709967886167  0.00003958262390483
  0.00004211139666511  0.00004508401484777  0.00004821824862089  0.00005190885386568
  0.00005662990472503  0.00006267717159909  0.00007016609488854  0.00007916116891869
  0.00008986479484722  0.00010183294440699  0.00011473070655804  0.00012856948941770
  0.00014450324760234  0.00016387026598072  0.00018706580603255  0.00021274938447491
  0.00023897184346861  0.00026749013273739  0.00029988216193584  0.00033302321128623
  0.00037200177315316  0.00041550330149315  0.00046593522530959  0.00052140850693519
  0.00058336103117430  0.00065238507472555  0.00072710379493616  0.00080835867626166
  0.00089039975239135  0.00097364841228406  0.00106048327932852  0.00114884913878046
  0.00123781359257912  0.00133393036910234  0.00143239018113976  0.00153287767380740
  0.00164497549222696  0.00177121936910803  0.00192199675376658  0.00209564972787201
  0.00228094001866233  0.00244258347595364  0.00260445991559234  0.00276500033850290
  0.00291690787423839  0.00305595436462054  0.00319729811905722  0.00333853109869639
  0.00348974791642360  0.00369395501999692  0.00394334661063161  0.00407982320154377
  0.00419081762290800  0.00430282233087360  0.00446675281274979  0.00470093631560442
  0.00495151902400438  0.00507597710734812  0.00516872247864853  0.00529971697321468
  0.00564121486718003  0.00588346580585196  0.00611937508630828  0.00636780492409225
  0.00670134490488382  0.00731473026784495  0.00777691306501564  0.00825563538656881
  0.00893019356878861  0.00951661591729725  0.01486489223444616  1.00000000000000000
  0.00000319379501038  0.00000415557159405  0.00000450993114302  0.00000480472091315
  0.00000506194507675  0.00000531303720699  0.00000558224947947  0.00000586305008029
  0.00000617856503802  0.00000649461016569  0.00000682615696151  0.00000718779718675
  0.00000756908726434  0.00000797013929713  0.00000844563856159  0.00000892953500884
  0.00000951111695708  0.00001017136303252  0.00001083978555109  0.00001147933163706
  0.00001208615702728  0.00001274117460939  0.00001341970273650  0.00001412803655680
  0.00001482684712061  0.00001553202387893  0.00001627870569363  0.00001713549325188
  0.00001826451487246  0.00001945918155093  0.00002056042226036  0.00002161099929334
  0.00002268988571715  0.00002382885831229  0.00002502871276972  0.00002641323709054
  0.00002781528739601  0.00002924284885515  0.00003071277095414  0.00003230536550849
  0.00003412587296076  0.00003603940661778  0.00003796030202864  0.00003990376808629
  0.00004199784665039  0.00004431313391530  0.00004680398277675  0.00004952217908602
  0.00005250467377339  0.00005541297028914  0.00005834867401919  0.00006102876386453
  0.00006389506086262  0.00006730978322205  0.00007097862617990  0.00007488975229971
  0.00007879230697595  0.00008286233647648  0.00008772074242701  0.00009394488465686
  0.00009989332912445  0.00010565260928708  0.00011153162361949  0.00011720234431922
  0.00012502173322988  0.00013390694223230  0.00014361711051915  0.00015513784107360
  0.00016871503556828  0.00018494752134852  0.00020359062512494  0.00022419885479173
  0.00024759639544927  0.00027609302724545  0.00030880728622338  0.00034426196483114
  0.00038791951338374  0.00044658822288183  0.00051744180184247  0.00059966658616799
  0.00069563968435588  0.00079881432070229  0.00092020648171739  0.00105932251453595
  0.00121271884869115  0.00139060494546702  0.00159321042722911  0.00185828162896641
  0.00222487373382027  0.00259900328834469  0.00321327385706732  0.00410283590183965
  0.00576071169126709  0.00818734102478834  0.09706475356783939  1.00000000000000000
  0.00000868993703485  0.00000996752379703  0.00001094362773307  0.00001194938439490
  0.00001310007822794  0.00001454700365230  0.00001631394844814  0.00001827334097463
  0.00002003468848121  0.00002161816329341  0.00002315951534293  0.00002474320797183
  0.00002650336071146  0.00002836570122422  0.00003036454074470  0.00003234549876101
  0.00003441947952073  0.00003687443751349  0.00004001984727956  0.00004392979082439
  0.00004810825801025  0.00005270738937278  0.00005767675043778  0.00006342453446670
  0.00007019066373916  0.00007791358183173  0.00008671432190547  0.00009749959332526
  0.00010973200170995  0.00012317061528558  0.00013890278735790  0.00015633127552838
  0.00017528063018713  0.00019493259754499  0.00021859061552477  0.00024495833889968
  0.00027321832800830  0.00030229793757173  0.00033343559249047  0.00036518494991470
  0.00039637162782721  0.00043051501532824  0.00046885028505650  0.00051686729359047
  0.00057081655645352  0.00062764422055007  0.00068798526947196  0.00074371201144377
  0.00079448006757359  0.00085143479485264  0.00090509967022882  0.00096899381578190
  0.00103452252883021  0.00109988520876777  0.00117021538803174  0.00125207764491653
  0.00134349083807737  0.00143190876143715  0.00152435239595126  0.00163269034338268
  0.00175585440176559  0.00185736767427431  0.00196419096555937  0.00207764721976048
  0.00221083203912532  0.00231688344864308  0.00239937071325705  0.00248816979801992
  0.00256975667072927  0.00264472643974202  0.00272141430613655  0.00279603853431380
  0.00291356938186960  0.00302070388338364  0.00314488415509562  0.00327169394236995
  0.00340220979583692  0.00369426308161298  0.00395653580380015  0.00427472370809475
  0.00462689828627593  0.00501188226473102  0.00527540565632450  0.00546539787882559
  0.00564849891457774  0.00586520009383690  0.00613235402781383  0.00647319884386921
  0.00681334132481713  0.00724952885920122  0.00763810297976576  0.00789569602577712
  0.00823792063385518  0.00929894758771375  0.09615089430743462  1.00000000000000000
 -0.00350016850352787  0.01265210298662751  0.02668246861294041  0.03970299300639449
  0.05230264721311176  0.06363002901411016  0.07361973572888789  0.08331601924007523
  0.09237800736177160  0.10111121793476177  0.10919369826180081  0.11719026260163219
  0.12522528221477794  0.13421761431515150  0.14342710050905963  0.15409785428838496
  0.16570311451136319  0.17689831850334872  0.18878520195107901  0.20110762898434850
  0.21093724446016882  0.21918307229372769  0.22785888874535362  0.23532476709722253
  0.24387642444690780  0.25475510259671352  0.26539070477511795  0.27639218651323705
  0.28789618248812915  0.30189810010156953  0.31475552889422909  0.32480761247817691
  0.33395664855365692  0.34283393241265919  0.35204610086166066  0.36237714376005925
  0.37251549093926900  0.38302339438905325  0.39406774996707039  0.40501643763559009
  0.41490483094930636  0.42460953327425349  0.43432397298287467  0.44458057662025358
  0.45554954131159231  0.46688324348937049  0.47825463242160005  0.48923422222813678
  0.49999759352028339  0.51110787486706777  0.52296428474341083  0.53590208213921597
  0.54907276335167077  0.56194188544319623  0.57403528237680279  0.58549317942902790
  0.59596695487460516  0.60667599824103524  0.61694233877487448  0.62697170675793135
  0.63685604210968416  0.64693725222332310  0.65755539791119133  0.66776053325708040
  0.67756226813805009  0.68747833558851823  0.69784305162572025  0.70865051812429458
  0.71972012868023505  0.73118158722080151  0.74324188615710529  0.75508191050238760
  0.76539319521885196  0.77428350424926351  0.78246413446685936  0.79075913403730225
  0.80003355927747133  0.81075067675143686  0.82066442536581630  0.82950428710107715
  0.83866423462804585  0.84892195154562144  0.86005318798489261  0.87155586626206993
  0.88274844551148646  0.89334732473651723  0.90318778833566704  0.91255121759750457
  0.92298417138664357  0.93431211743943765  0.94500813260556304  0.95567738805648828
  0.96668768658664916  0.97810076701199200  0.98911303081043822  1.00000000000000000
 -0.00217472020431400  0.01010346735374850  0.01966788966431567  0.02777180143792402
  0.03634499139010053  0.04471452895688536  0.05278630952658397  0.06287428617577419
  0.07436748287628131  0.08662183087068524  0.09838509810676355  0.10928194989469339
  0.11906020069499473  0.12829717178830274  0.13715859165797747  0.14737356699339380
  0.15766700337326736  0.16864805886927800  0.17967780902556643  0.19104140115575946
  0.20338004462335479  0.21546969115095158  0.22752252636210629  0.23988312796866598
  0.25231788159527668  0.26378572312382509  0.27607958345679562  0.28856294628489532
  0.30128125474210649  0.31317178609811563  0.32420397164960985  0.33533292124801189
  0.34866226935886130  0.36080223905818287  0.37148159800146946  0.38215795475351655
  0.39324570254400498  0.40399318649624499  0.41435108819496097  0.42461733386420081
  0.43428352955054439  0.44475632228042655  0.45512073650098184  0.46476581400895578
  0.47411128113247625  0.48388920912597905  0.49470150892364384  0.50628793863145327
  0.51936268494457116  0.53042699863163334  0.54247879254580933  0.55250395055163082
  0.56151511432014634  0.57037811626433110  0.58034311846911968  0.59215468530994742
  0.60380761868952793  0.61552165019256011  0.62643109760941917  0.63758847029749310
  0.64919782307628493  0.66038880974921799  0.67051620908925380  0.67957288621154355
  0.68831349205949632  0.69787418516169619  0.70726976017780929  0.71751316310962621
  0.72811724120025278  0.73934980043250076  0.74988392613191535  0.75960298061916498
  0.76950335394539715  0.77880057786114831  0.78787969735280838  0.79705707274846982
  0.80623566059845797  0.81552221158663663  0.82521255029396123  0.83462765152249185
  0.84398235853547443  0.85324129499770340  0.86284470773253663  0.87283052444831433
  0.88047230482590100  0.88869983642685579  0.89710837751827255  0.90582128661840422
  0.91816752386358491  0.93014861258613124  0.94167221783001676  0.95368106313909096
  0.96580080262903112  0.97774729277712225  0.98892515935009884  1.00000000000000000
 -0.00262724965295036  0.01029652006906432  0.02064132863163506  0.02986478524630643
  0.03804136758401730  0.04580430263095799  0.05351033481160120  0.06187862840271208
  0.07037967832573083  0.07841764172491562  0.08601625886546434  0.09358186175291755
  0.10131243704348988  0.10893783565900481  0.11699086001411463  0.12491887161132227
  0.13316909627254936  0.14181714449003310  0.15163576878018123  0.16233984629300441
  0.17274882373154785  0.18213802482936778  0.19083912313480131  0.19958645960751725
  0.20883101459262288  0.21889414086639228  0.22843493077505891  0.23743731255181350
  0.24578205034050560  0.25415778488462071  0.26372600241193667  0.27334110434299819
  0.27949496013501368  0.28553339540714773  0.29208674085010700  0.29895478319749519
  0.30810802674420884  0.31881775358736736  0.32945600541423231  0.33832811070718094
  0.34645198714989967  0.35461592769190481  0.36234673000393813  0.36943978738952055
  0.37632600319620568  0.38312726895353411  0.38973107782045702  0.39604464598688255
  0.40302362321275381  0.41048127179968397  0.41799311738090583  0.42720813912834871
  0.43798459497381365  0.44904666006771837  0.46003184425910632  0.47133242067541281
  0.48255018498245417  0.49291674706595262  0.50203696760005001  0.51105894409872921
  0.52081188030228009  0.53208778536344781  0.54316471505248742  0.55464604614064150
  0.56685528194957924  0.57774906605482657  0.58872238367436114  0.60052111745271719
  0.61207600206075685  0.62258972872466556  0.63263213624482706  0.64355381158280101
  0.65608630384695199  0.66838277072696450  0.68112413176139452  0.69241845511902189
  0.70354103508363686  0.71408609916080923  0.72539618209367174  0.73780560803210293
  0.75096371394457073  0.76554125494123104  0.78029415979103800  0.79504728080500731
  0.81050776757854692  0.82633227888624561  0.84213298737678677  0.85685228208190467
  0.87014531195970635  0.88489308216939233  0.90032681384990787  0.91646407320302592
  0.93397936348810351  0.95383789612108183  0.97568136384867965  1.00000000000000000
 -0.00237376966058417  0.00774337213502907  0.01672330854052509  0.02652811023460793
  0.03708579903630319  0.04684502446652682  0.05572748913170334  0.06466801315600279
  0.07378407456921685  0.08312559347242075  0.09138923199014343  0.09948700345512329
  0.10978043242323131  0.12297058149571727  0.13749627896085778  0.15191986259262499
  0.16477518813527348  0.17577080029318676  0.18521457635152910  0.19414199757106793
  0.20363868600624296  0.21480113063017794  0.22697207048802640  0.24026244407814457
  0.25345167360625753  0.26633254187795774  0.27859209096399862  0.29006390201612064
  0.30040046830048661  0.31033052147031659  0.32009436558826154  0.33053892403193919
  0.34130747809951034  0.35255742113440669  0.36427424428570743  0.37511239748841591
  0.38548671340853452  0.39624934824782909  0.40797734389493212  0.41950859754990710
  0.42986037254359805  0.44101551711048981  0.45273572828207609  0.46444607314206410
  0.47609131087426726  0.48831290942477773  0.50102590834556171  0.51286761192260866
  0.52615074864126055  0.53847341254331083  0.55044859409095315  0.56203810912294050
  0.57266942163166690  0.58334328785456990  0.59361173969219239  0.60468532197245783
  0.61476240220261580  0.62469172944096174  0.63443527938003896  0.64486280637822802
  0.65577257466848615  0.66775080728107650  0.68038865784839675  0.69160912965023702
  0.70162631067751091  0.71084215229420533  0.71965740773439535  0.72883597170737668
  0.73855625361655586  0.74916395266903613  0.75938927340423890  0.76950180345343133
  0.78120719958846929  0.79292333324250097  0.80393924208315182  0.81410082028006792
  0.82348330028223016  0.83291467496441052  0.84227827466644967  0.85098913703707280
  0.85898300830703844  0.86667939818451267  0.87211632469974165  0.87824848467638383
  0.88542081520187887  0.89260297959016288  0.89915247213754335  0.90852432800903271
  0.92148368475299192  0.93532832205520156  0.94749208534970664  0.95807793618663173
  0.96818757473137829  0.97831887509438120  0.98895856966011519  1.00000000000000000
 -0.00253399821113084  0.01094214972406006  0.02260000186414821  0.03436128346876409
  0.04464440792832518  0.05476474611969992  0.06447211908030384  0.07557861331332896
  0.08821772242850019  0.10086088811087930  0.11166634293340549  0.12136757072903452
  0.13101644192658174  0.14022853134001784  0.14893807113340599  0.15759025157351350
  0.16618405449451967  0.17515680467477407  0.18451597226247105  0.19473165014657429
  0.20388945976182282  0.21270933058169017  0.22275176779220093  0.23359806392344135
  0.24555264818819977  0.25747692074040435  0.26997185770087173  0.28173076099583572
  0.29340199555106622  0.30393146091643763  0.31252871211605054  0.32131154321362876
  0.33067716457971724  0.34148815913197594  0.35295324104956316  0.36438074867180947
  0.37566445647854030  0.38657016898491303  0.39591111789033340  0.40588030365060335
  0.41539372141061665  0.42393013847440780  0.43408742125729449  0.44348110944316471
  0.45231319417582805  0.46179453677567145  0.47180364694181981  0.48237514799535819
  0.49248889385456363  0.50296278558791985  0.51358993431682320  0.52534338148610149
  0.53774577588628292  0.55002760022928454  0.56169178348321858  0.57330718836430417
  0.58469739242969609  0.59536337630904146  0.60542340864024380  0.61575227496084128
  0.62613831251125007  0.63774581097939520  0.64911851347878080  0.66070302601098785
  0.67197684068403363  0.68391408583508917  0.69666115019971731  0.70669289179415951
  0.71433495844364869  0.72236399999667722  0.72969310048307245  0.73765987801476840
  0.74981048860730537  0.76246641431652162  0.77660138425219938  0.78946928234562586
  0.80166969555022460  0.81319070643431202  0.82501566778595126  0.83615861261777513
  0.84652573082176930  0.85681644848304395  0.86749766067331702  0.87784778647089989
  0.88584399213012222  0.89313117599681535  0.90090579975744811  0.90968066812772042
  0.92000896851245473  0.93248209690987849  0.94580654810650677  0.95870154627202675
  0.97037720645190484  0.98110584827836478  0.99096408455912677  1.00000000000000000
 -0.00013720971072748  0.00057080860172089  0.00101431821910947  0.00130837780657780
  0.00160532555707032  0.00189452835965169  0.00216817778596184  0.00241983078594509
  0.00266265791039595  0.00290070006104381  0.00313599270041852  0.00335753707709422
  0.00357714937901725  0.00379482936966011  0.00400877716543024  0.00422316323860053
  0.00443807656172495  0.00466601055710410  0.00489848823352635  0.00513519748300522
  0.00537774128338114  0.00559643279633206  0.00579124625574486  0.00593628344218886
  0.00608984420376693  0.00626026358484166  0.00644530156085776  0.00662389669675236
  0.00679488517638605  0.00692256399963152  0.00704546732201294  0.00716037883582762
  0.00727471437797170  0.00738841279521598  0.00751778495860569  0.00765900413515456
  0.00781887154908887  0.00796027942432808  0.00811893564404792  0.00833041352364468
  0.00861886015206705  0.00893674100349363  0.00922379124492401  0.00951491724405752
  0.00981228341951941  0.01011091280071238  0.01041162718891800  0.01078763310387478
  0.01108704097117047  0.01136362539669409  0.01163662571217480  0.01192049326348583
  0.01222694502827901  0.01270448789596314  0.01325471785083300  0.01377920277954779
  0.01430545476288598  0.01484285036845295  0.01548707793220136  0.01600800742942785
  0.01649457685215527  0.01687047418104192  0.01732026719118138  0.01772654837838180
  0.01814783350280570  0.01843699687403584  0.01876964373073883  0.01916953654523367
  0.01952049917022345  0.01982444768874727  0.02005878335694897  0.02025487798178705
  0.02046162080374488  0.02086516107811455  0.02126883706511183  0.02164303614221624
  0.02206420391296741  0.02257956522948018  0.02378432225304193  0.02536565471035240
  0.02720246933482493  0.02871760483310572  0.03021046487762105  0.03169569463565898
  0.03333377664722695  0.03477987967092776  0.03587630868977212  0.03682594821992739
  0.03742419212075185  0.03912302075095996  0.04052204727376955  0.04104508758923610
  0.04240770274743588  0.04363445254511549  0.26499214369303292  1.00000000000000000
 -0.00299852225336920  0.01184278293385612  0.02268243226266818  0.03351568117053911
  0.04315906922068224  0.05289491119653619  0.06255399683398050  0.07226603493362695
  0.08212436683636430  0.09156942916127410  0.10104620340576856  0.11097664690200604
  0.12099942981000020  0.13084927296787685  0.14004264553588242  0.14945575553061927
  0.15948849627645853  0.17058458123337170  0.18313370972296575  0.19546438990829304
  0.20824947697915699  0.21903938875616577  0.22655938554347380  0.23334087329866199
  0.24002219362855609  0.24776121953982227  0.25753879867852597  0.26830781374208212
  0.27908988232991289  0.28934794779736173  0.29949723906753001  0.31013892246211444
  0.32112084967354954  0.33125791822584177  0.33915558751618868  0.34792714673924996
  0.35678932271154307  0.36436743693763202  0.37835269518528547  0.39246400306044016
  0.40595326972158841  0.41809420152467569  0.42902984395150634  0.44021682232522180
  0.45073052435497030  0.46177159910952931  0.47236176041966216  0.48247946101714434
  0.49347603000209406  0.50694622508833320  0.52045313708663654  0.53336994829596507
  0.54587504885623384  0.55903843580133983  0.57137089570206145  0.58322850043883323
  0.59503678302719520  0.60766886461308944  0.61989521410760995  0.63119895760723277
  0.64114196495264120  0.64892595007364229  0.65823090741161339  0.66754435563876457
  0.67817136821868607  0.69116732614160803  0.70387476102506374  0.71649840438482648
  0.72885191366188240  0.74121107127099672  0.75211334131270691  0.75997296778000600
  0.76895576528081955  0.77825175790844614  0.78706328682619531  0.79646756775845873
  0.80593318400853464  0.81511787467433661  0.82468425565000936  0.83474739886060911
  0.84485849280325143  0.85475073401716761  0.86456708492332146  0.87432036073309083
  0.88490927424425003  0.89525830746096624  0.90499169861018580  0.91532656645133648
  0.92746872102623279  0.94038713374515170  0.95345856400512397  0.96462130474731789
  0.97524088391823538  0.98392012429254649  0.99210756040517267  1.00000000000000000
 -0.00009509846895206  0.00023740422867192  0.00057265030144717  0.00085680537492869
  0.00105328873145686  0.00124600407826681  0.00143161089859848  0.00161375221855893
  0.00179531277661890  0.00195778938476207  0.00210378639827181  0.00223810199350451
  0.00237964096530861  0.00251389715560130  0.00264482001360844  0.00277350763934401
  0.00290273969452103  0.00303977022678740  0.00318898406845016  0.00335006426302760
  0.00349676630951772  0.00363400726461982  0.00377002521090142  0.00391596261410796
  0.00408640432895822  0.00423055356650349  0.00437424662849274  0.00451740260544524
  0.00465929469304618  0.00481167516673367  0.00496419143301150  0.00511356255776928
  0.00527842516169043  0.00546394510155702  0.00566596135847495  0.00583251837448290
  0.00592897690010346  0.00601443151152316  0.00609515441171227  0.00616987192961093
  0.00624353313607004  0.00631998300346904  0.00639601644659849  0.00646889295901044
  0.00654554231393339  0.00662131568314319  0.00670174078789830  0.00678181106158214
  0.00684836308144210  0.00691162130177283  0.00697419989961807  0.00703671832007139
  0.00711206408959429  0.00719962121964620  0.00729995554356558  0.00739821048279685
  0.00748783064779607  0.00756919209776176  0.00763250681862072  0.00776380623959034
  0.00794587460554709  0.00817796492158409  0.00853422268409377  0.00889280302023175
  0.00906318711697225  0.00922778408024318  0.00938844336998789  0.00954863564794478
  0.00970334586717844  0.00985656455568242  0.01017760812003891  0.01057035051990198
  0.01093698986188008  0.01131194445000467  0.01169270840302968  0.01189959853781988
  0.01210294414863572  0.01231463345620550  0.01254550359848047  0.01287353253598177
  0.01323811011817075  0.01359792632198356  0.01404241112401145  0.01430604348122449
  0.01445439287990089  0.01460305108152198  0.01475198691443243  0.01491697137086521
  0.01581328686500165  0.01630147579368895  0.01681191643214088  0.01749066487216877
  0.03028460908928253  0.03120097176446155  0.08709791090644553  1.00000000000000000
 -0.00099504437264631  0.00444252258524633  0.00983818246190765  0.01669481704298131
  0.02141548431496530  0.02579200620000522  0.03029091584196657  0.03499456287487662
  0.04058510049299494  0.04693800160953932  0.05279712483535294  0.05841997583866149
  0.06421831623343893  0.07082026450010427  0.07801738210651758  0.08522010080058397
  0.09283463047968407  0.10066688137585382  0.10989405698594315  0.12042332505481969
  0.13093575046629100  0.14132987488375989  0.15152035720954390  0.16226650176786542
  0.17261492374622953  0.18285249824852690  0.19318672339128654  0.20399635129888188
  0.21618582236395983  0.22817554239614576  0.24052922548204034  0.25410422996821885
  0.26923133070518468  0.28454201359393427  0.29888480791528721  0.31332466327064790
  0.32839436195017446  0.34312292117580312  0.35692633824753595  0.36979687450605009
  0.38291354853814580  0.39732708665620531  0.41256984424832044  0.42481280249546294
  0.43613545509703100  0.44874016435205455  0.46353564850441065  0.47867304303510100
  0.49314256937312217  0.50668081016716138  0.51981133759908449  0.53560304415248261
  0.55195161562170392  0.56685668528190936  0.58088713844144280  0.59459643648008131
  0.60989783392051988  0.62459695190750197  0.63770373084500398  0.65094047068616268
  0.66542669773584251  0.68109715008649141  0.69560487794824544  0.70887729622130380
  0.72099602414530606  0.73384705174638143  0.74716039860957129  0.75822137753732088
  0.76758916157225343  0.77668799374127218  0.78548227977235419  0.79753589502942224
  0.81001346708981870  0.82337545711762794  0.83573582688019243  0.84564699566157564
  0.85564841048803075  0.86518403934188182  0.87474980962132531  0.88379906969669719
  0.89112614281481473  0.89748572642249880  0.90350550927973694  0.91029007026801467
  0.91844390471484616  0.92651769138036844  0.93396323545497284  0.94091878089233794
  0.94768799199058151  0.95519334291590596  0.96290991514598323  0.97054901556445583
  0.97742069737654158  0.98430419361138044  0.99189407019605957  1.00000000000000000
  0.54489829753563268  0.62316278281268689  0.63876963479553173  0.65650987593824750
  0.67327350468998981  0.68723709297597491  0.69737605317130558  0.70877104737119745
  0.71926327212876284  0.72965983947842838  0.74046535298732252  0.75100516250293747
  0.76033618302231964  0.76907439835810287  0.77675540076348093  0.78301211406393478
  0.78889596243847415  0.79462224133454140  0.80047538384918637  0.80647422240136535
  0.81254451766634961  0.81769233146643450  0.82273485504330290  0.82764958460914284
  0.83256080092366525  0.83728105631588212  0.84179257116117578  0.84605202585579009
  0.85015712639685359  0.85427210324823866  0.85839122126138145  0.86255321865380519
  0.86657885656943556  0.87050121070777575  0.87409757388179066  0.87744458032352601
  0.88064803593928254  0.88380761650906137  0.88682993241478414  0.88978203667904232
  0.89262330658438716  0.89564690148373316  0.89874475434110690  0.90191034386345681
  0.90496345394230560  0.90779848056853185  0.91044929941332009  0.91300631876656846
  0.91544389342484134  0.91792825588002791  0.92045164945206503  0.92325102252592828
  0.92595633038177605  0.92841321992703940  0.93070533836900904  0.93292737166939588
  0.93516540289114314  0.93729474004832192  0.93910419976764459  0.94079285137747803
  0.94248899495186733  0.94420073464584087  0.94591587990334081  0.94757727750107212
  0.94922856639679620  0.95086014532905183  0.95259257347235449  0.95429870130954930
  0.95598198258720102  0.95785658070842905  0.95991437844124927  0.96189102345079203
  0.96371104817158237  0.96545015510840115  0.96702785419605997  0.96855742504984299
  0.97003324180119521  0.97139572722819079  0.97283940944251224  0.97426836180445830
  0.97576338352885295  0.97734848680163755  0.97878476931657254  0.98020434232055320
  0.98164727818989539  0.98316651368347463  0.98462130347700305  0.98602057475428817
  0.98737665150694609  0.98862525066280948  0.98982497867374475  0.99119354312091223
  0.99283405791557144  0.99471210103109031  0.99707602259606687  1.00000000000000000
 -0.00974006637253836  0.18169599985399276  0.21447197908171317  0.23477427682085286
  0.24646316311326771  0.25754613518548186  0.26966592367407954  0.28577180304403305
  0.30155569228012480  0.31645091730731634  0.32941521368603038  0.34066180321971218
  0.35110321796389921  0.36118740177768621  0.37140115352740688  0.38165395325892715
  0.39155143217213656  0.40098069509444084  0.40975776838588851  0.41812576817263708
  0.42666632639133073  0.43533538865473226  0.44352087362168069  0.44991614220283144
  0.45632127286650587  0.46235170811376408  0.46893013353837432  0.47578126031041856
  0.48194966226866637  0.48782399925890718  0.49385422345052693  0.49975078364584086
  0.50722458975259688  0.51409185311553063  0.52078765910219127  0.52701798356813112
  0.53328506923727359  0.53948280683322236  0.54558813334765677  0.55119267681692308
  0.55637878383644457  0.56127052888095208  0.56579956896467909  0.57055488432578838
  0.57541731164303866  0.58047019169848846  0.58531806295802646  0.58954492419525739
  0.59374172161588201  0.59784361638885786  0.60248770360621551  0.60785357155071362
  0.61323735585180628  0.61856148966333957  0.62369127958591952  0.62843467237350747
  0.63343058038331845  0.63815912311310063  0.64316545213275045  0.64875953501769545
  0.65441649023088555  0.65984145776144010  0.66575074900404685  0.67092722221228007
  0.67583374233168902  0.68077999897409469  0.68542685036042084  0.69006746933866758
  0.69515027308579747  0.70063369606934645  0.70634567062796882  0.71196787695007313
  0.71798125833257698  0.72347131676060017  0.72968956142425889  0.73567260229077869
  0.74168481716431589  0.74754892504381776  0.75270490251241828  0.75759905377545678
  0.76271335376484040  0.76796434982305428  0.77382485412960222  0.78008969437495346
  0.78645265598228253  0.79281831138388958  0.79984149136231231  0.80782934251413741
  0.81604251425620988  0.82456789788949114  0.83433036227990987  0.85117644423125227
  0.87527483894576030  0.90376501440554358  0.96401608307981990  1.00000000000000000
   1.0254563628597237E-009  -1.0000000000000000     
 F F F F F F F F F F F F F F F F F F F F F F F F F F F F F F F F F F F F F F F F F F F F F F F F F F F F F F F F F F F F F F F F F F F F F F F F F F F F F F F F F F F F F F F F F F F F F F F F F F F F F F F F F F F F F F F F F F F F F F F F F F F F F F F F F F F F F F F F F F F F F F F F F F F F F F F F F F F F F F F F F F F F F F F F F F F F F F F F F F F F F F F F F F F F F F F F F F F F F F F F F F F F F F F F F F F F F F F F F F F F F F F F F F F F F F F F F F F F F F F F F F F F F F F F F F F F F F F F F F F F F F F F F F F F F F F F F F F F F F F F F F F F F F F F F F F F F F F F F F F F F F F F F F F F F F F F F F F F F F F F F F F F F F F F F F F F F F F F F F F F F F F F F F F F F F F F F F F F F F F F F F F F F F F F F F F F F F F F F F F F F F F F F F F F F F F F F F F F F F F F F F F F F F F F F F F F F F F F F F F F F F F F F F F F F F F F F F F F F F F F F F F F F F F F F F F F F F F F F F F F F F F F F F F F F F F F F F F F F F F F F F F F F F F F F F F F F F F F F F F F F F F F F F F F F F F F
  <DiscreteSampler_grid>
  grouped_processes
  1 # 1 for a reference and 2 for a running grid.
  10 # Attribute 'min_bin_probing_points' of the grid.
  1 # Attribute 'grid_mode' of the grid. 1=='default',2=='initialization'
  0.0000000000000000 # Attribute 'small_contrib_threshold' of the grid.
  0.5000000000000000 # Attribute 'damping_power' of the grid.
 # binID   n_entries weight   weight_sqr   abs_weight
    13   10   1.825557985555605E-004   1.645752084905104E-007   1.825557985555605E-004
    14   10   1.825557985555605E-004   1.645752084905101E-007   1.825557985555605E-004
    16   10   1.825557985555605E-004   1.645752084905104E-007   1.825557985555605E-004
    17   10   1.825557985555605E-004   1.645752084905101E-007   1.825557985555605E-004
  </DiscreteSampler_grid>
