  0.00228325530221702  0.01520832748264526  0.02810010259077478  0.03926772807384166
  0.05016770839789234  0.06113055915436499  0.07236244639370962  0.08310532629742258
  0.09365169834771071  0.10433054654870265  0.11545325299221504  0.12655728371841787
  0.13707224037350524  0.14723902800186134  0.15750829322384388  0.16777376173061354
  0.17799466091104166  0.18830500179771625  0.19878567514600332  0.20934161013890354
  0.21968569238714075  0.22993020449783214  0.24021098039276306  0.25075628251781973
  0.26176646033870954  0.27286870002558916  0.28350456618546149  0.29423800481972090
  0.30506739466525384  0.31599538078270428  0.32680902223764113  0.33750507502631183
  0.34807855588244574  0.35866269409420232  0.36920463504712320  0.37981881403437495
  0.39030812926621161  0.40074686133773313  0.41168649556815345  0.42255646295081406
  0.43339772247505237  0.44362081314427909  0.45403037295070897  0.46419101227417314
  0.47490277326657554  0.48543316764045857  0.49658080684991618  0.50773415842169201
  0.51854650632785892  0.52894613927768741  0.53923936127080585  0.54932423868365210
  0.55944672189000533  0.56922666114495568  0.57901025429055286  0.58886212470134691
  0.59856675080896404  0.60892304816744169  0.61918334998510205  0.62982295287516765
  0.63987849700338872  0.64976037996590474  0.65935448179376743  0.66923520824341654
  0.67945897684670264  0.68964647603839491  0.69977860173006090  0.71012663824957201
  0.72093891896093665  0.73192119062416516  0.74279614936225258  0.75351943483622585
  0.76424351523592793  0.77453027448958645  0.78445503749546808  0.79421963132926310
  0.80407587075491593  0.81420245831066973  0.82460343417540249  0.83534926395241527
  0.84619956601021040  0.85687449536863125  0.86717589054532385  0.87730775131483274
  0.88737715237839743  0.89749871909061829  0.90777866983305078  0.91836924042858714
  0.92910345883316825  0.93951442009046982  0.94930278864599715  0.95872834053803158
  0.96754330954641243  0.97606949843468971  0.98426047689084484  1.00000000000000000
  0.00246777723309646  0.01519295996684903  0.02795009387349291  0.04024652121218922
  0.05243344123943232  0.06466215804122380  0.07637376384206344  0.08745093614019084
  0.09818366537880663  0.10900933677405740  0.11986471755857388  0.13095621183866366
  0.14138121624940544  0.15148623640217904  0.16132859307572264  0.17154799312318045
  0.18216102085771244  0.19266547373156134  0.20315505764364505  0.21386218342829216
  0.22472833847634011  0.23543798008444344  0.24609769541631377  0.25698470867313389
  0.26807193948427044  0.27901162294207005  0.28990345974755494  0.30061312221514686
  0.31126622434991918  0.32164055816309728  0.33238239410490622  0.34374173876547254
  0.35514247465429122  0.36656843980202009  0.37796020915470024  0.38932570265844291
  0.40002592626359890  0.41055227855108489  0.42109545106853069  0.43184446728929476
  0.44261147260134320  0.45364589766199936  0.46454784491622697  0.47543271863276942
  0.48578590057760329  0.49594454030560087  0.50617217490687427  0.51693241981171856
  0.52764504192791373  0.53800026964586545  0.54854189727564018  0.55950717125324823
  0.57044725168654020  0.58098312832084087  0.59175623453481618  0.60209071972396833
  0.61242441879375020  0.62274737203118280  0.63379150077247570  0.64494058140023791
  0.65573006791334509  0.66662458749705567  0.67739253902181795  0.68824377839726614
  0.69870286660882941  0.70906472611992066  0.71916187833508050  0.72918562680036636
  0.73900907715600828  0.74903860371992148  0.75939498165633401  0.76993965455468205
  0.78016390511783762  0.79023780062179105  0.80049494325151205  0.81136226978776604
  0.82212674937287578  0.83252926737372113  0.84261942755016261  0.85307615837391815
  0.86393755775684167  0.87511151085349614  0.88565866373832369  0.89588613925584448
  0.90582253968766835  0.91587735579316643  0.92596366311774014  0.93596115125782475
  0.94592440521774090  0.95564556157203528  0.96483014949310597  0.97316725036929030
  0.98098755438444196  0.98985325848463990  0.99159662173263541  1.00000000000000000
  0.00000320952192915  0.00000339393964249  0.00000349399070457  0.00000359547212901
  0.00000371029532388  0.00000384983723032  0.00000402333041387  0.00000416794657666
  0.00000431280201494  0.00000446899790769  0.00000463849887589  0.00000481779617772
  0.00000501528121135  0.00000523848471554  0.00000546086019009  0.00000568801403170
  0.00000592921201721  0.00000618923865556  0.00000647751826602  0.00000679308761589
  0.00000713867394435  0.00000750825080321  0.00000790915715559  0.00000834932806936
  0.00000882260151474  0.00000932713038453  0.00000986585534668  0.00001043955626999
  0.00001104647015873  0.00001169748896512  0.00001232772856260  0.00001303059553080
  0.00001376027230845  0.00001460768687128  0.00001556450824434  0.00001661013359551
  0.00001772724980553  0.00001892780340888  0.00002020187487453  0.00002157060839169
  0.00002303600241794  0.00002459842761689  0.00002628079230373  0.00002807655366559
  0.00003001066471679  0.00003209885136898  0.00003433291509602  0.00003672555782216
  0.00003929950247894  0.00004208240915539  0.00004509228032046  0.00004831914135999
  0.00005177592929882  0.00005553659089822  0.00005970953137690  0.00006438606541430
  0.00006957169909790  0.00007524563860173  0.00008136981337134  0.00008800961078521
  0.00009503773872349  0.00010274221701309  0.00011090033641153  0.00011971245306628
  0.00012908061977524  0.00013965686551837  0.00015196184264058  0.00016585397988809
  0.00018089396351506  0.00019723808627835  0.00021599708344457  0.00023710032039176
  0.00026091789925329  0.00028642299544624  0.00031512730247480  0.00034713952200165
  0.00038337731893028  0.00042534245675329  0.00047431949749464  0.00052969218193747
  0.00059267433280805  0.00066889042988033  0.00076003383550159  0.00086995846817906
  0.00100164677784281  0.00116035602559024  0.00134650832764825  0.00155378517378199
  0.00179023525327049  0.00210044439726345  0.00263357361178460  0.00354770391903694
  0.00517508785816417  0.00644891505930540  0.02247866761501293  1.00000000000000000
  0.00000382636137039  0.00000406189272225  0.00000437494812240  0.00000472311868208
  0.00000509123474592  0.00000547996696197  0.00000589513478894  0.00000633356230105
  0.00000679199398118  0.00000729639986221  0.00000782328068377  0.00000836856182862
  0.00000893737340926  0.00000952807247935  0.00001014163917640  0.00001078060460182
  0.00001145210469214  0.00001215612226677  0.00001289782296170  0.00001365115689681
  0.00001443230285793  0.00001526232411954  0.00001613968269769  0.00001708902955271
  0.00001810320319007  0.00001913820160750  0.00002019743815776  0.00002128474794518
  0.00002240150532160  0.00002356429224030  0.00002477715008527  0.00002603117220868
  0.00002735920454012  0.00002878106894795  0.00003024747344888  0.00003180872517304
  0.00003340869590676  0.00003506807189639  0.00003684432895284  0.00003875010679521
  0.00004073121322288  0.00004281619941916  0.00004508902991673  0.00004752217372553
  0.00005015179031270  0.00005292387858166  0.00005573570721726  0.00005869304351917
  0.00006187939795288  0.00006526426512374  0.00006896875225332  0.00007290908467658
  0.00007712911467459  0.00008182835004019  0.00008701274834401  0.00009272081348707
  0.00009906935712438  0.00010568652287613  0.00011295972683823  0.00012035577674051
  0.00012849057117096  0.00013746649150700  0.00014775425793376  0.00015943136795581
  0.00017260893440652  0.00018704922425104  0.00020302057514543  0.00022077394856273
  0.00024189247373994  0.00026657817154781  0.00029431961818486  0.00032276990359483
  0.00035422764721189  0.00039075067069609  0.00043520398528837  0.00049289744558047
  0.00056252884641438  0.00064605755611762  0.00074378126403984  0.00085786190918386
  0.00100058413718609  0.00117216755608915  0.00137260969684391  0.00161362435266261
  0.00191840376966746  0.00228015589892593  0.00271337558131112  0.00322474732669501
  0.00390915301430911  0.00505860173502375  0.00611744082498479  0.00694894467124607
  0.00774132831976104  0.00980539481904717  0.02152999673454132  1.00000000000000000
  0.00000732191182275  0.00001039874149811  0.00001181309104625  0.00001356228808732
  0.00001545811242633  0.00001774727110021  0.00002029500158004  0.00002318258334772
  0.00002634619078898  0.00002984840411645  0.00003373730477783  0.00003813105206982
  0.00004310245072340  0.00004875764262772  0.00005515949101609  0.00006262491960300
  0.00007121901255439  0.00008084065082371  0.00009124611810399  0.00010260035298403
  0.00011487920682862  0.00012816495650676  0.00014193712821393  0.00015617496882498
  0.00017109146650095  0.00018671907231648  0.00020324649244283  0.00022076525842711
  0.00023908998364348  0.00025806788943746  0.00027812068422991  0.00029936338746696
  0.00032170931289769  0.00034556184130850  0.00037153691531841  0.00039987960775783
  0.00042957381336578  0.00045998258001931  0.00049154653990330  0.00052514780774773
  0.00056089338521043  0.00059823466962253  0.00063827772944286  0.00068089008053932
  0.00072741259371032  0.00077519887381910  0.00082686260203797  0.00088253473787659
  0.00094003398214702  0.00099863281442846  0.00106190310700940  0.00113006609813218
  0.00119796698800672  0.00126523461713527  0.00133281904678145  0.00140309844966587
  0.00147873455916778  0.00155793090359739  0.00164743027853197  0.00174385933147494
  0.00185209356623826  0.00196780278405461  0.00208475961796634  0.00219964887977775
  0.00231984129633420  0.00244867740130617  0.00256824297547529  0.00267412878012085
  0.00277046178887125  0.00286668339230506  0.00298605921251683  0.00311704711938689
  0.00323996123158145  0.00338007755148661  0.00353010726924984  0.00369468584513701
  0.00384329429884034  0.00399451812691166  0.00413710088408453  0.00427653935469409
  0.00448790038027328  0.00471322087632849  0.00509575920867988  0.00554331126442797
  0.00598009658443338  0.00638808794589999  0.00669134298165917  0.00694336868741511
  0.00720031095650654  0.00755889911706810  0.00791748727762965  0.00836499293762860
  0.00886197975917998  0.00952751392226837  0.02715650397430235  1.00000000000000000
 -0.00230866379049686  0.00946796992330378  0.01964021005247985  0.02959146057857595
  0.03992623018838840  0.05041822455635283  0.06132931545160941  0.07259732098046397
  0.08413334781325661  0.09520641149468251  0.10616704603437931  0.11702092939052730
  0.12837558361980117  0.13939823986383243  0.15059873694638728  0.16174355523540862
  0.17243423129468291  0.18279887075318152  0.19304459027425930  0.20366709542025702
  0.21430609246289342  0.22469445910369129  0.23486503608780948  0.24477178444711031
  0.25463425135016909  0.26455785210115784  0.27470400282491630  0.28514307988507492
  0.29570838873191474  0.30624083806357660  0.31654497553976074  0.32683297551532592
  0.33708484019764956  0.34720674778687077  0.35710661428491730  0.36722927544449130
  0.37733995209948668  0.38741057600153883  0.39735023052631174  0.40720550793753790
  0.41691702825881610  0.42644243411770605  0.43617463454521899  0.44613261345238187
  0.45599392617282281  0.46563808819184926  0.47522647209798419  0.48488453036674545
  0.49472521665993113  0.50465085440747071  0.51464072965619723  0.52471594784026587
  0.53491857523695285  0.54522764096980447  0.55542717561617150  0.56557540141354701
  0.57553926465871452  0.58530006763715747  0.59495685421079048  0.60489736434385299
  0.61512616953732346  0.62527983116867047  0.63513115780537466  0.64503486766254270
  0.65530762175598400  0.66573054084470551  0.67596572578583458  0.68597409126731146
  0.69610621445595344  0.70656686724425299  0.71725184439055123  0.72806261519943938
  0.73905509481497889  0.75028547938957946  0.76139130643329189  0.77220030446508148
  0.78295949783726093  0.79393433147704739  0.80517757901729592  0.81643967321119293
  0.82765438670590319  0.83911580368620031  0.85067403629265126  0.86213815082389889
  0.87353369096535771  0.88528614887707380  0.89738395638622515  0.90929708385590113
  0.92051160902800044  0.93142313578931057  0.94250450123951734  0.95402228271629630
  0.96568840384886079  0.97702324734831403  0.98844423376731305  1.00000000000000000
 -0.00229704150762995  0.00907859245406176  0.01891089689796913  0.02923019677089186
  0.03968290258998688  0.05042540026371725  0.06132370395836979  0.07204277450917546
  0.08219731478979957  0.09257083990504238  0.10277603686569450  0.11353084365773605
  0.12460314224934635  0.13559995639731959  0.14685619604614503  0.15766740984794125
  0.16810389618535468  0.17827164554009808  0.18835511596321336  0.19897381497489913
  0.20978923362108468  0.22072902285078733  0.23131181998657738  0.24154989432932891
  0.25183230811961238  0.26224695682049498  0.27299173298328844  0.28386857287788320
  0.29465974641618259  0.30514312133323851  0.31546032964753734  0.32586659119200539
  0.33645169698178684  0.34715530637646336  0.35775090315447011  0.36812736363998627
  0.37843513971487081  0.38890359178502704  0.39956722004762701  0.41029754669594881
  0.42088844903158712  0.43141505199116159  0.44198386672185874  0.45258121261343143
  0.46313586734764967  0.47357895693892366  0.48419365875571679  0.49501022084470492
  0.50567454945507528  0.51611412696895453  0.52666569712971789  0.53721853490516547
  0.54734228420046105  0.55719724488132283  0.56751650918491370  0.57852132699223613
  0.58970514581727218  0.60083771201371983  0.61176209776029411  0.62221344471972673
  0.63248280520759137  0.64262022248132034  0.65304138037480475  0.66374637729342856
  0.67473225927239155  0.68579871296570749  0.69646727759127314  0.70668371366733762
  0.71679644849258406  0.72695378291942869  0.73747287363565261  0.74818874893173293
  0.75910322726610546  0.76991246842562200  0.78028229690591377  0.79058818131804287
  0.80099285297885703  0.81149535661671490  0.82219196592023369  0.83307909014957038
  0.84365778455840590  0.85386954813856164  0.86399943843286420  0.87453455475668807
  0.88499204754560212  0.89536939389505599  0.90543159092600778  0.91630144778804556
  0.92746615257403997  0.93840976504608531  0.94880915278607025  0.95893716590782418
  0.96912272593493065  0.97956486802999920  0.98973825878027366  1.00000000000000000
 -0.00260422362715920  0.01013462055957472  0.02091578613097041  0.03199179065369588
  0.04271423063939307  0.05366851919456620  0.06472216875575784  0.07592196326185995
  0.08702425631485811  0.09802132278537010  0.10879749716882761  0.11925417407560084
  0.12971385624730497  0.14021857069093951  0.15063482876190251  0.16101566928606045
  0.17161956856910549  0.18216142730055071  0.19271528015067696  0.20329254338595257
  0.21367246244066676  0.22380880611489717  0.23377521495758638  0.24393729887109900
  0.25432905112513920  0.26465067055583591  0.27505655205193047  0.28535277304490331
  0.29554232528652680  0.30570434719996475  0.31570950564052930  0.32552719002058855
  0.33520111400616232  0.34512983756043275  0.35538410247969049  0.36554259680488027
  0.37535603142316060  0.38504228454310435  0.39493740827265134  0.40489666007001623
  0.41486418653553991  0.42494425922102191  0.43516949283379674  0.44551513106121993
  0.45574351655468215  0.46593639923508240  0.47598510569548130  0.48581201707921479
  0.49567411309268133  0.50581288678898895  0.51605528061529904  0.52607897505883561
  0.53589283461240400  0.54593314407381710  0.55642869060665190  0.56702841478180022
  0.57764874078137129  0.58818155608291256  0.59853263319275463  0.60874951886658235
  0.61905731775168893  0.62962649972432738  0.64032053614817042  0.65096509986296014
  0.66140201399906307  0.67147457857947745  0.68125424469111928  0.69105590101588454
  0.70105015095701195  0.71133446613427387  0.72200242532451542  0.73280011047475269
  0.74372016584711742  0.75464639925529531  0.76524454532431385  0.77539290051026011
  0.78535884571054893  0.79557793622685380  0.80604183836778498  0.81674010830115529
  0.82788855915803272  0.83917635353084630  0.85006846047134554  0.86085015317069391
  0.87155547992536120  0.88266228158775284  0.89394363169512125  0.90593726945353070
  0.91754476887472336  0.92952867381405857  0.94106906324893091  0.95303079919205158
  0.96419693399835049  0.97610888906483473  0.98804184341033530  1.00000000000000000
 -0.00231640956370081  0.00958224869305076  0.01924796566315176  0.02912697539525540
  0.03907125037990656  0.04933253020561372  0.05971359789415354  0.07031918548272807
  0.08123842474253330  0.09243399823209450  0.10331882604293388  0.11358986305920334
  0.12362927339405951  0.13358813701648131  0.14379829978904660  0.15413676727291326
  0.16471925488273367  0.17528472811825610  0.18557480506571472  0.19609851925997682
  0.20633417212905558  0.21722242622177071  0.22755687658277735  0.23824760892822011
  0.24906417874337669  0.26010515223151726  0.27085312828918628  0.28138547605857328
  0.29207587699493948  0.30288273420403367  0.31323276198465261  0.32346127250883128
  0.33372553724106890  0.34471172807833117  0.35566845217397502  0.36651644748444095
  0.37689510725843539  0.38685035209816299  0.39684712884739781  0.40690060771391040
  0.41718602847902081  0.42781972976681332  0.43840919549766305  0.44909990452645066
  0.45957828302832021  0.47017913062995731  0.48076782753188640  0.49163435834567332
  0.50237244151376370  0.51322138748183632  0.52382699495459939  0.53433161023792719
  0.54475447827427825  0.55540946536745428  0.56653513332938010  0.57776787796217000
  0.58895304650346114  0.60029242236194102  0.61128392768303053  0.62181578719631447
  0.63179307739276813  0.64194799844317485  0.65147733851915057  0.66104336542575892
  0.67077385214105179  0.68109017010753847  0.69117235670241328  0.70136852970444852
  0.71158665254628917  0.72226645806040191  0.73282978037748103  0.74322812359146684
  0.75364124955954359  0.76434491368605684  0.77474188490877949  0.78553020543242735
  0.79618427663427083  0.80774973943495798  0.81895110217209444  0.83023500890981117
  0.84075302451265188  0.85141776358760268  0.86143939472653142  0.87201806151407679
  0.88275970222730415  0.89366709771269026  0.90434268198828272  0.91475232330700795
  0.92524299408604693  0.93572866608062322  0.94641188484755512  0.95693314895389603
  0.96744206314875292  0.97800257897077825  0.98881545103711810  1.00000000000000000
 -0.00239661597406274  0.00951377952443012  0.01956536091367156  0.02986595797079411
  0.04020322457380982  0.05050015248572125  0.06072250129568568  0.07089076227449581
  0.08098619066330787  0.09111235219700564  0.10100860410397185  0.11090199955068133
  0.12092850773448514  0.13127644999491236  0.14189288336688730  0.15245659872874226
  0.16313798911257973  0.17371301517580767  0.18434848523228764  0.19478697508198958
  0.20533444539688314  0.21604081886935270  0.22690196640748250  0.23780238705255907
  0.24815304505921157  0.25817298156244312  0.26813682222385465  0.27833418700656720
  0.28876793374805859  0.29914866927211420  0.30999444707966112  0.32108860496727210
  0.33214199927006194  0.34273338752644222  0.35326311670275146  0.36390867909452679
  0.37463055637607684  0.38533446609374361  0.39623300512697318  0.40730345799301715
  0.41828280808685692  0.42888074972009904  0.43933531841681095  0.44977787999429658
  0.45988062210200886  0.46985113898275427  0.48000339741802339  0.49075271073208343
  0.50197850718697568  0.51312589105443074  0.52390545037889424  0.53423084731435255
  0.54470807265973242  0.55536629593265507  0.56601963689518509  0.57648528615626649
  0.58688564777376440  0.59732831450301749  0.60771962434395865  0.61796107737506656
  0.62818061605361430  0.63845674057418567  0.64896439371150094  0.65938379062725827
  0.66970839869756316  0.67999330371978761  0.69067338818592505  0.70136591638427781
  0.71189717450430889  0.72212619973184633  0.73248536434824774  0.74316781817701816
  0.75349304905626502  0.76359664849330311  0.77352804842680256  0.78395255129865382
  0.79446669358485067  0.80532010357711226  0.81588796859919155  0.82649407881115844
  0.83701111022240238  0.84777749261480517  0.85883227897385250  0.86996179362757731
  0.88103142711055793  0.89201328986202599  0.90254510158321766  0.91261104436721874
  0.92309792537149338  0.93377492032984855  0.94483201762107261  0.95571856631493324
  0.96698908883815160  0.97836058314653307  0.98917613031743945  1.00000000000000000
  0.00015185128400825  0.00018022087639434  0.00027676560840807  0.00048313605796439
  0.00072578172329527  0.00089955457881608  0.00105909581576548  0.00121898181415643
  0.00137788429797287  0.00153690070263351  0.00169665828259566  0.00185599356179360
  0.00201545989205514  0.00217418760322136  0.00233013940640015  0.00248197057295145
  0.00263142634827687  0.00278230506273664  0.00293482901498814  0.00308780882975116
  0.00324035047586060  0.00339030113354148  0.00353359096365004  0.00368270390603453
  0.00383276861652018  0.00398064134552189  0.00413110926775587  0.00428347829495961
  0.00443927851959959  0.00459627934091823  0.00474785824381216  0.00489836395158089
  0.00505295920612083  0.00521611462710346  0.00537793016157903  0.00553464401591524
  0.00570404818455288  0.00586645074920567  0.00602745634416530  0.00621560276981926
  0.00641084807569867  0.00660876899882626  0.00681042883321144  0.00701862053939220
  0.00722301263741041  0.00742840829409922  0.00762744756695749  0.00781109157029322
  0.00799722420235056  0.00815072222584022  0.00831967324584664  0.00848928724962219
  0.00866243003958898  0.00885256380806068  0.00905035849608338  0.00925196691292319
  0.00944823986509288  0.00964520463922285  0.00980819085129538  0.00993509149161224
  0.01007820898377783  0.01022487494141244  0.01041375948302235  0.01062706404706273
  0.01096396914986566  0.01140495999247484  0.01169948785629919  0.01194594533632897
  0.01213716737232494  0.01231122609851925  0.01248530925829476  0.01274578356036335
  0.01312586255193156  0.01356683474012913  0.01411948815826995  0.01450429631855521
  0.01483580193539096  0.01513159706497995  0.01544076079907271  0.01581725337094213
  0.01616740207997459  0.01655642094196555  0.01689256092526978  0.01721897759432225
  0.01763331013686870  0.01815124436573624  0.01883821134569492  0.01992542260738788
  0.02091885167679425  0.02272873141488211  0.02641548590048447  0.02911775886204067
  0.03193549431404021  0.03385005869184438  0.14253221470320579  1.00000000000000000
 -0.00243493508940019  0.00931079578245627  0.01948067415284353  0.02978618931716022
  0.04009731155830654  0.05024939136844390  0.06055155568217779  0.07054330310995224
  0.08051977906262103  0.09034411018666695  0.10052655980430365  0.11052722783792483
  0.12099214162316532  0.13172436834161649  0.14251370121702706  0.15287736593842638
  0.16304179662605833  0.17352001619837448  0.18391568987229748  0.19411425637245944
  0.20416653989872890  0.21426618317568957  0.22445175879150611  0.23472152188181239
  0.24486436902237224  0.25508071547738342  0.26561977121533153  0.27635071764895769
  0.28730548793682320  0.29789542606864694  0.30849736095086233  0.31903234483174914
  0.32940018807699512  0.33977806504254954  0.35018362162061145  0.36121770563326483
  0.37211159416561124  0.38336162303084664  0.39468819555043411  0.40678054836526262
  0.41855387353727319  0.42985527526560152  0.44114935071679562  0.45221035814895244
  0.46306361591984513  0.47385549331928645  0.48470781485620051  0.49617129893227407
  0.50758870332421813  0.51882134531401913  0.52942834879061040  0.54012814825251965
  0.55100644022125855  0.56199608406315804  0.57267993481354806  0.58332203877700439
  0.59405386169465491  0.60497734390337399  0.61589496701729485  0.62715300474595304
  0.63828450315285468  0.64897023540185672  0.65928908835470434  0.66953525952729076
  0.67999333399988415  0.69063529553372338  0.70133996759639194  0.71225755988087869
  0.72305773048608668  0.73369546028650523  0.74415086936691488  0.75452888797582474
  0.76513192666188878  0.77548636652283709  0.78617967542545752  0.79630575687397553
  0.80711825021753947  0.81756219522790785  0.82812150248639793  0.83829670947257828
  0.84828118272466546  0.85841498969061869  0.86877762232198785  0.87903782988200352
  0.88919316672055904  0.89941147597120552  0.90962028882635537  0.91963642563123738
  0.92920617192834076  0.93887210079075045  0.94859237534644980  0.95883215356904516
  0.96896425329804070  0.97926177214629140  0.98935020623556802  1.00000000000000000
  0.00009459573313213  0.00022734639355947  0.00047874694677381  0.00071801068868067
  0.00086341946475322  0.00101012878410867  0.00115304647998413  0.00129011705671155
  0.00142484987365122  0.00155869292940340  0.00169230313385743  0.00182553175783908
  0.00195651002448734  0.00208377404860411  0.00220684378479682  0.00232714695959918
  0.00244606352592626  0.00255996364830657  0.00267362471402800  0.00278978050197606
  0.00290514847081445  0.00301155769219947  0.00311700767511679  0.00322555238003003
  0.00333652487186679  0.00344364583485444  0.00354546031428469  0.00364496867875467
  0.00374948143383198  0.00387127280208805  0.00399104895421090  0.00410838764406440
  0.00422719434513098  0.00433820203374910  0.00444386436162207  0.00454890624760264
  0.00465355786587085  0.00476051452404718  0.00487390686858855  0.00499717651590208
  0.00512766323748822  0.00523754829718529  0.00535109734372831  0.00546103969770386
  0.00556664976604401  0.00566980138977369  0.00577376604343280  0.00589380190952291
  0.00602969860620697  0.00616726548811709  0.00629668984955136  0.00642367401882907
  0.00652709854767371  0.00662802584581123  0.00673549848811618  0.00684758587347897
  0.00695584070573174  0.00706349839728045  0.00717074667776490  0.00727955436344546
  0.00741180798116685  0.00752990949595803  0.00762781979672885  0.00774107906349708
  0.00785315915063017  0.00795935449259033  0.00805267588108702  0.00815415364833727
  0.00826273048785337  0.00840729759666529  0.00854485259122391  0.00868354832544438
  0.00881271806449974  0.00895480496768548  0.00902325909360307  0.00907749409798140
  0.00914163438913623  0.00922404802163264  0.00930646165412906  0.00941372766960114
  0.00952523372456073  0.00968089745322833  0.00991406843873563  0.01012767906982433
  0.01033448932323096  0.01066927635670322  0.01099954944670116  0.01156777440731795
  0.01242049339328170  0.01341537776659780  0.01370727063713394  0.01397834620502025
  0.01451454436491239  0.01486915685532960  0.05099143431866782  1.00000000000000000
 -0.00201595443448328  0.00792473890563475  0.01715204953664251  0.02637354851200968
  0.03567148273212049  0.04525881534545494  0.05483625037029980  0.06452226979623296
  0.07429420801789699  0.08441165888229403  0.09485341971865523  0.10532339166490284
  0.11550473479772247  0.12591376336790200  0.13641621017659630  0.14707296406814538
  0.15764192259442880  0.16808997898816289  0.17851044038754033  0.18880916070882212
  0.19905860203642578  0.20937557884178343  0.21994554730187083  0.23087612789284170
  0.24197342984852624  0.25309821130314558  0.26438324893086185  0.27609968215388719
  0.28812122606468948  0.30008942720372761  0.31128581950800116  0.32201977305629426
  0.33289575470957289  0.34421546407322517  0.35579443744658595  0.36707538185250965
  0.37801571147201241  0.38860487763041018  0.39907037641666609  0.40944766292221357
  0.42018143993186741  0.43078069334067459  0.44134800597035317  0.45212213154122238
  0.46313902244649563  0.47464292727561302  0.48601239652572020  0.49721935125975270
  0.50763884240101154  0.51778885980160005  0.52786718088282447  0.53840941761005945
  0.54918668496746847  0.55980493912326290  0.57014517346931681  0.58038737141361807
  0.59126697510383608  0.60244819329877020  0.61369940411105572  0.62494943914690815
  0.63638777631909482  0.64818047486128028  0.65950358691330169  0.67105267338394381
  0.68272092219754277  0.69459223657179170  0.70630027349415991  0.71802958884405932
  0.72942448031661222  0.74022470956745634  0.75085727256440826  0.76206587164560935
  0.77354955880428755  0.78493125934030827  0.79641067391229825  0.80802890688189155
  0.81923982890899882  0.82967469683924433  0.83998344248916679  0.85010512776780134
  0.86014324364391892  0.86976727029872669  0.87913035947688012  0.88840154365748336
  0.89753144300029841  0.90660045521856614  0.91579656208224680  0.92504894091627610
  0.93427661827187425  0.94358203631586102  0.95298221925083915  0.96247379938459465
  0.97175111933575975  0.98110545182412512  0.99035999088036031  1.00000000000000000
  0.41453092538357966  0.49628716996238531  0.56383284192502492  0.57740216070516681
  0.59075441275956841  0.60391411174650311  0.61709062434580553  0.63061362219136763
  0.64310862877929154  0.65420063976395570  0.66421002296519538  0.67365232918240836
  0.68232523589781191  0.69044330773802864  0.69800196882688803  0.70536267273118791
  0.71234035612074031  0.71954261544431275  0.72650054548340381  0.73302473387544620
  0.73924586338122011  0.74546225990729420  0.75150901777557622  0.75733793650700476
  0.76310976709363865  0.76873271344477978  0.77411437176698517  0.77912819228479047
  0.78401224206286313  0.78875929941554479  0.79340105163132635  0.79796414498013379
  0.80246258818288618  0.80688535101994119  0.81116483985839793  0.81520532433535831
  0.81909176377710202  0.82287535157932512  0.82650187837937117  0.83000319487974772
  0.83342066235968715  0.83687201650852017  0.84045564662401384  0.84396801031203195
  0.84736199290052883  0.85064529159959767  0.85385283494883790  0.85697641250275258
  0.86004251919535102  0.86307073710018967  0.86612335120981088  0.86921615188924040
  0.87238547005679845  0.87559593433429195  0.87864295617011545  0.88160387572488241
  0.88447031871293125  0.88729417096966368  0.89012725303060258  0.89304612586053922
  0.89599787383547103  0.89892970632020830  0.90183133944850735  0.90465545638589662
  0.90742263302950432  0.91015996093205664  0.91291115955107693  0.91565822099610417
  0.91850616467394541  0.92136228488827077  0.92424420222207493  0.92709238744912292
  0.92983370521020858  0.93256071602249158  0.93523847909590085  0.93790097223151503
  0.94058617229497954  0.94326409470309291  0.94592942548163328  0.94858448459067568
  0.95122785391935316  0.95390619757767081  0.95660045675459393  0.95930194939595093
  0.96205388242382850  0.96478886787144169  0.96752086128661852  0.97029869676765568
  0.97311008208206307  0.97598558873555064  0.97899963849799287  0.98217277695226690
  0.98555660441259862  0.98927441149546680  0.99401701710891688  1.00000000000000000
  0.00893497646317524  0.13053029967834570  0.15247356355461314  0.15996126299145702
  0.16724988374798028  0.17407940764676041  0.18196346701371513  0.18908547139688833
  0.19590361518819663  0.20280185776096768  0.20943260957790533  0.21553368046169852
  0.22141420224909822  0.22726308291393277  0.23292791924158626  0.23830796123155418
  0.24367877160524767  0.24901915220978921  0.25443373738542185  0.25997456830252214
  0.26563587632294416  0.27133513731729653  0.27690009818506095  0.28224978665218858
  0.28745847488420573  0.29254833205639053  0.29753297380914651  0.30253882184575981
  0.30761240470679407  0.31277109467703368  0.31796497328904144  0.32314592138986181
  0.32824079540965251  0.33326308482708211  0.33818680540301077  0.34300743505654130
  0.34776149038311577  0.35255919516588524  0.35759355789039310  0.36276144608382876
  0.36793958363941487  0.37313074777029381  0.37812097451136922  0.38309413353212973
  0.38816310364577988  0.39322035333098659  0.39840894123243997  0.40356198916531905
  0.40872227935579808  0.41389241528237508  0.41901397715412275  0.42415714845585217
  0.42935235222825718  0.43462471524928070  0.44002906580685774  0.44557719582948924
  0.45121683933506068  0.45692280417947817  0.46267645615751762  0.46844868360217706
  0.47422138240820655  0.48002455766447294  0.48597896236216076  0.49220173270639966
  0.49869063397216423  0.50525424194769686  0.51175003328795288  0.51819273491111317
  0.52470540587186965  0.53128534039893072  0.53802140780243701  0.54506573145333381
  0.55241393252346704  0.55997298782306515  0.56781091760334246  0.57581707931741444
  0.58391367354502710  0.59227873574066814  0.60094998736878369  0.61005150829510635
  0.61944595366221589  0.62925988320505788  0.63928673494552479  0.64933914854810593
  0.65975984146279121  0.67105408894461727  0.68339978410671254  0.69649537735832079
  0.71014902714597994  0.72438838321905696  0.73967456571977874  0.75651010874633984
  0.77539387042792018  0.79776217985124709  0.83141299522688694  1.00000000000000000
   9.6094348575676491E-010  -1.0000000000000000     
 F F F F F F F F F F F F F F F F F F F F F F F F F F F F F F F F F F F F F F F F F F F F F F F F F F F F F F F F F F F F F F F F F F F F F F F F F F F F F F F F F F F F F F F F F F F F F F F F F F F F F F F F F F F F F F F F F F F F F F F F F F F F F F F F F F F F F F F F F F F F F F F F F F F F F F F F F F F F F F F F F F F F F F F F F F F F F F F F F F F F F F F F F F F F F F F F F F F F F F F F F F F F F F F F F F F F F F F F F F F F F F F F F F F F F F F F F F F F F F F F F F F F F F F F F F F F F F F F F F F F F F F F F F F F F F F F F F F F F F F F F F F F F F F F F F F F F F F F F F F F F F F F F F F F F F F F F F F F F F F F F F F F F F F F F F F F F F F F F F F F F F F F F F F F F F F F F F F F F F F F F F F F F F F F F F F F F F F F F F F F F F F F F F F F F F F F F F F F F F F F F F F F F F F F F F F F F F F F F F F F F F F F F F F F F F F F F F F F F F F F F F F F F F F F F F F F F F F F F F F F F F F F F F F F F F F F F F F F F F F F F F F F F F F F F F F F F F F F F F F F F F F F F F F F F F F F
  <DiscreteSampler_grid>
  grouped_processes
  1 # 1 for a reference and 2 for a running grid.
  10 # Attribute 'min_bin_probing_points' of the grid.
  1 # Attribute 'grid_mode' of the grid. 1=='default',2=='initialization'
  0.0000000000000000 # Attribute 'small_contrib_threshold' of the grid.
  0.5000000000000000 # Attribute 'damping_power' of the grid.
 # binID   n_entries weight   weight_sqr   abs_weight
    31   10   3.357439188957822E-004   4.585133270435095E-007   3.357439188957822E-004
    32   10   3.357439188957822E-004   4.585133270435097E-007   3.357439188957822E-004
    34   10   6.714878377915644E-004   1.834053308174038E-006   6.714878377915644E-004
    35   10   6.714878377915643E-004   1.834053308174039E-006   6.714878377915643E-004
    37   10   6.943823795871760E-004   1.957686445436179E-006   6.943823795871760E-004
    38   10   6.943823795871762E-004   1.957686445436182E-006   6.943823795871762E-004
    40   10   1.388764759174352E-003   7.830745781744716E-006   1.388764759174352E-003
    41   10   1.388764759174352E-003   7.830745781744728E-006   1.388764759174352E-003
    43   10   4.150616992523954E-004   7.411434446209293E-007   4.150616992523954E-004
    44   10   4.150616992523955E-004   7.411434446209296E-007   4.150616992523955E-004
    46   10   8.301233985047908E-004   2.964573778483717E-006   8.301233985047908E-004
    47   10   8.301233985047909E-004   2.964573778483718E-006   8.301233985047909E-004
    49   10   8.701128407396260E-004   3.262502136893804E-006   8.701128407396260E-004
    50   10   8.701128407396256E-004   3.262502136893805E-006   8.701128407396256E-004
    52   10   1.740225681479252E-003   1.305000854757522E-005   1.740225681479252E-003
    53   10   1.740225681479251E-003   1.305000854757522E-005   1.740225681479251E-003
    58   10   3.357439188957822E-004   4.585133270435095E-007   3.357439188957822E-004
    59   10   3.357439188957822E-004   4.585133270435099E-007   3.357439188957822E-004
    61   10   6.714878377915644E-004   1.834053308174038E-006   6.714878377915644E-004
    62   10   6.714878377915643E-004   1.834053308174040E-006   6.714878377915643E-004
    64   10   6.943823795871758E-004   1.957686445436179E-006   6.943823795871758E-004
    65   10   6.943823795871762E-004   1.957686445436183E-006   6.943823795871762E-004
    67   10   1.388764759174352E-003   7.830745781744716E-006   1.388764759174352E-003
    68   10   1.388764759174352E-003   7.830745781744731E-006   1.388764759174352E-003
    70   10   4.150616992523952E-004   7.411434446209288E-007   4.150616992523952E-004
    71   10   4.150616992523955E-004   7.411434446209297E-007   4.150616992523955E-004
    73   10   8.301233985047905E-004   2.964573778483715E-006   8.301233985047905E-004
    74   10   8.301233985047909E-004   2.964573778483719E-006   8.301233985047909E-004
    76   10   8.701128407396258E-004   3.262502136893804E-006   8.701128407396258E-004
    77   10   8.701128407396258E-004   3.262502136893807E-006   8.701128407396258E-004
    79   10   1.740225681479252E-003   1.305000854757522E-005   1.740225681479252E-003
    80   10   1.740225681479252E-003   1.305000854757523E-005   1.740225681479252E-003
  </DiscreteSampler_grid>
