  0.00347533106705706  0.01673101357317497  0.03062695791905085  0.04373255634308418
  0.05531952784649475  0.06589772264306692  0.07701044130982251  0.08924818905318133
  0.10223559930160324  0.11657341526634067  0.12986746496379908  0.14195887360121076
  0.15361240540997387  0.16442814412926438  0.17572917639917784  0.18764900490985920
  0.19866520872265123  0.20887624758757176  0.21847504712329699  0.22807344334315147
  0.23875863334021738  0.24924264585435216  0.25929209744501502  0.26948701611322484
  0.27914110470553938  0.28970897570237258  0.30036068718697007  0.31018187499559779
  0.32088137870644212  0.33222690759141410  0.34455972448480210  0.35824039409680897
  0.37238681624152303  0.38447007583878323  0.39635364253448979  0.40859439186895341
  0.42169330943805622  0.43444733833540866  0.44529764978224751  0.45581570450733294
  0.46693900167427294  0.47788894690009842  0.48928272522305949  0.50090237474236265
  0.51326395532306202  0.52390408481458528  0.53278207478351247  0.54208966308419282
  0.55145165927481710  0.56155301820774928  0.57000030010086888  0.57752188603178900
  0.58571377176918449  0.59425612342786216  0.60113435008048421  0.60821530495634402
  0.61530323864783154  0.62370863339442650  0.63331057339582342  0.64409678122202019
  0.65582150112392223  0.66782668957413616  0.67978027512479955  0.69020961092148569
  0.70040769898216926  0.71087830885921532  0.72165602180230226  0.73223600528211330
  0.74192013580591187  0.75091726564728112  0.75931027476573543  0.76685457954002190
  0.77493114816143671  0.78284492710721798  0.79047910353759399  0.79896035382374864
  0.80954644345031568  0.81978037189472674  0.83049353503408052  0.84138634860142625
  0.85005069909984088  0.85945674104981595  0.86939081032029553  0.87992134897288432
  0.89225266079876031  0.90432960456003375  0.91504069929027843  0.92408099835494117
  0.93204884226685603  0.94056006179920959  0.94910029314972111  0.95747639996136802
  0.96648183035236357  0.97588229096404322  0.98731679983243092  1.00000000000000000
  0.00279552526525414  0.01677449868257232  0.03256757453932733  0.04880942003854365
  0.06481006496628315  0.07990529877562152  0.09355975081648196  0.10550701195420256
  0.11620368277683882  0.12728955031564188  0.13973605843453615  0.15335767467942191
  0.16502478136563700  0.17406067606210421  0.18241598373147447  0.19222837957412359
  0.20312227703259050  0.21312877111592529  0.22312743331775239  0.23260674180593088
  0.24377101972413803  0.25559987720915472  0.26780218540158673  0.27975247954387428
  0.29148882732012638  0.30319912877485589  0.31400925374010713  0.32554296255189352
  0.33698054270604894  0.34934629337520290  0.36170894705276402  0.37449471391802769
  0.38615796881403530  0.39579236263329221  0.40329762427803711  0.41057439620866637
  0.41803107902329800  0.42646242911144960  0.43596571347516561  0.44565216625080661
  0.45489228267411291  0.46532699488975676  0.47676152534586030  0.48800386234447019
  0.49918897214356361  0.51004616914941214  0.52031397588140016  0.52966789563002492
  0.54055102715407133  0.55325631935264818  0.56822417345934773  0.58186813220680411
  0.59328020240028012  0.60290929645805114  0.61210881780969661  0.62121787509064785
  0.63048196655115729  0.64092437839875704  0.65229769002971838  0.66415869467328625
  0.67696844975509951  0.68950705885383701  0.70154774264432207  0.71179795788922029
  0.72124504679265722  0.72963705857972294  0.73788174333521195  0.74614435759423370
  0.75500618590739599  0.76179257828872415  0.76834784118727562  0.77605255610951307
  0.78561032332883829  0.79596211572740461  0.80621408662641092  0.81676009534925065
  0.82695214677569606  0.83761910199352663  0.84869536513522459  0.85965199746687593
  0.87067487813706934  0.88176496016608230  0.89212194623942387  0.90287291446604612
  0.91287374859324955  0.92301461259667328  0.93275686262656732  0.94219286859095897
  0.95204414826070183  0.96151305036106749  0.96903758480648217  0.97510304281548821
  0.98101210866812139  0.98642159866264167  0.99197114651106733  1.00000000000000000
  0.00000242334291141  0.00000254531938524  0.00000263739343648  0.00000273857901004
  0.00000286274882766  0.00000298514526825  0.00000310600793720  0.00000327824738725
  0.00000345489223243  0.00000362890368800  0.00000382318913956  0.00000402659406681
  0.00000424007633915  0.00000443300315317  0.00000462284596163  0.00000482775602690
  0.00000505243171547  0.00000545331099276  0.00000584457581543  0.00000626095824257
  0.00000670031252541  0.00000715975101958  0.00000764077311952  0.00000817548720976
  0.00000863993278033  0.00000903409947378  0.00000939234367686  0.00000973728570051
  0.00001012713815714  0.00001056059730654  0.00001111575228021  0.00001182938196209
  0.00001255228665644  0.00001328308186066  0.00001408185076798  0.00001493891024411
  0.00001586238065646  0.00001688377523510  0.00001803999157426  0.00001900276036982
  0.00002002636620359  0.00002120898580767  0.00002251433200646  0.00002390344466000
  0.00002567093225629  0.00002772588096312  0.00002990532143592  0.00003225056137463
  0.00003514730302847  0.00003874586572448  0.00004299492492681  0.00004773944485719
  0.00005273450631486  0.00005794709885602  0.00006359856456080  0.00007003787049373
  0.00007775998850577  0.00008672332619987  0.00009623799386896  0.00010722737416826
  0.00012064061838918  0.00013736895185839  0.00015561232520178  0.00017471827167763
  0.00019335629160979  0.00021261561703063  0.00023421182053581  0.00025885834535467
  0.00029027874664963  0.00032684984137193  0.00037054758925982  0.00041804749923016
  0.00046830016866236  0.00052238575475560  0.00058856146653215  0.00066964221890544
  0.00075826414231847  0.00085049371734734  0.00094698815729769  0.00106277538532632
  0.00118881265797425  0.00135186985608046  0.00150688778890441  0.00174209968944767
  0.00223916500203758  0.00319297471124231  0.00409503744216916  0.00470039968852807
  0.00521108672427571  0.00596950335646699  0.00699556332162145  0.00860144201809764
  0.01018820275015665  0.01231358440678025  0.40486123265150786  1.00000000000000000
  0.00001577847970794  0.00001643127949320  0.00001699148029318  0.00001722803919787
  0.00001755315045809  0.00001800157078940  0.00001843600069680  0.00001886816370394
  0.00001935029388380  0.00001984154804503  0.00002035491174984  0.00002081141520082
  0.00002125833284485  0.00002179071937916  0.00002239704057538  0.00002306458420755
  0.00002366419065059  0.00002443168143337  0.00002529141326907  0.00002613617443319
  0.00002704309450946  0.00002820892103012  0.00002948914625037  0.00003075760942327
  0.00003216740506205  0.00003372825098560  0.00003538669681562  0.00003713113523675
  0.00003916712393854  0.00004163649531033  0.00004452000716804  0.00004761835661013
  0.00005102970004568  0.00005474197678162  0.00005895974666641  0.00006342136640808
  0.00006897165078067  0.00007494162132549  0.00008295748036466  0.00009265583895294
  0.00010385095248275  0.00011649852894508  0.00013040247353047  0.00014552884892543
  0.00016181736758373  0.00017998515571566  0.00020087095948491  0.00022359856625940
  0.00024908109397674  0.00027671754809154  0.00030659363557798  0.00033390333426924
  0.00036156458462787  0.00038714872744257  0.00041321401806838  0.00043803235213930
  0.00046552576733615  0.00049756592655625  0.00054060528137670  0.00058970151683910
  0.00063643202809661  0.00067949122705109  0.00071707707355140  0.00075762032702427
  0.00079842103524472  0.00084256598594482  0.00089045058346760  0.00094428217631696
  0.00100951488956206  0.00108494658929849  0.00116259484324820  0.00125052273523131
  0.00134880642173827  0.00144801825950399  0.00154791038316580  0.00164485753265054
  0.00171994835437478  0.00180160956733416  0.00189116704096902  0.00200419460353305
  0.00214300943926110  0.00232475100229774  0.00252806117958936  0.00271010306224963
  0.00297101704976670  0.00312864376296253  0.00323158568103746  0.00334224967330611
  0.00346858304585055  0.00364936658782505  0.00390217209313086  0.00420024589366244
  0.00454148185591771  0.00542251177488140  0.03452922066721120  1.00000000000000000
  0.00001020271328183  0.00001224090012180  0.00001407699521258  0.00001644270249433
  0.00001915099269796  0.00002163772675387  0.00002389477288271  0.00002626818948644
  0.00002883932441839  0.00003177643083413  0.00003527879342639  0.00003877509637406
  0.00004182141933073  0.00004533364993630  0.00004921119300255  0.00005387915338737
  0.00006064232589421  0.00006950886250032  0.00007876943477952  0.00008841954227222
  0.00009870159173737  0.00011025730580407  0.00012326273215494  0.00013672115374180
  0.00015085209073611  0.00016532511597173  0.00018077673062861  0.00019770449593343
  0.00021679152704850  0.00023804356600667  0.00026067338958447  0.00028230180595363
  0.00030687750619368  0.00033452164299097  0.00036438194172779  0.00039362730242002
  0.00042404052698630  0.00045600181817832  0.00048930299454505  0.00052523651771003
  0.00055938433475962  0.00059213959876725  0.00062668104292970  0.00066100121320802
  0.00070192762935505  0.00075014255474253  0.00079400293741768  0.00082227215500159
  0.00085260561987392  0.00088451266443486  0.00091749814402192  0.00095654822498646
  0.00101837171551801  0.00107914282740291  0.00113902548978532  0.00120770500749329
  0.00129000449978955  0.00137390612344474  0.00145184128645837  0.00152153812185840
  0.00158332666703095  0.00165532711276965  0.00172914487395725  0.00180525588599670
  0.00188799532793558  0.00197797351797948  0.00207145177578172  0.00214702685877840
  0.00222253114911522  0.00230696470111635  0.00238679825076729  0.00248553710983744
  0.00260145341736117  0.00272548068868222  0.00285413077697542  0.00298138033514576
  0.00310428932520552  0.00324009476134609  0.00339382330511609  0.00352982073004793
  0.00365985774540763  0.00380709736172880  0.00397845629433832  0.00419840467835732
  0.00442827579012757  0.00467161170549213  0.00492783710819417  0.00512986692793202
  0.00551146224924050  0.00598095054534980  0.00683606604680433  0.00888597224236825
  0.01141635837398268  0.01346954807439296  0.16969168328429773  1.00000000000000000
 -0.00294299445990929  0.01249598926892024  0.02341482286413265  0.03246375458116463
  0.04179763806176651  0.05223231321093098  0.06388886326345181  0.07664272651233896
  0.09002553883387431  0.10369929083004364  0.11718673064729671  0.12968680023262463
  0.14096896813911691  0.15093567874898900  0.16061697435236941  0.17068287093064743
  0.18130743850825409  0.19249312840360661  0.20456170344059607  0.21577134938331702
  0.22655072306971746  0.23775770396757254  0.24996448550294076  0.26358987932785738
  0.27844793142356911  0.29338192107039018  0.30626288182875572  0.31821008095992981
  0.32954962551182032  0.34180983473025583  0.35234873307074743  0.36026948868026654
  0.36830507823601155  0.37692879351785191  0.38759292087570696  0.40188065622194802
  0.41569619575849004  0.42772359309872665  0.43919935011637512  0.45059787168200055
  0.46183508005931478  0.47314653275747148  0.48473376168968479  0.49671497237280027
  0.50713338938677754  0.51714495932378135  0.52645168663195685  0.53472034065067287
  0.54354604830866782  0.55123693638895355  0.55889307102904728  0.56798803637691464
  0.57846288236244536  0.58883690884001938  0.59949313986195807  0.61045113883735935
  0.62146209629962035  0.63254904104283549  0.64377048985249430  0.65400659520025473
  0.66453139041694953  0.67493364588585603  0.68604937820869494  0.69924348313644569
  0.71220093972834508  0.72200654354291172  0.73050618115884358  0.73801571258079202
  0.74543233384155339  0.75348123579332249  0.76220120582487083  0.77230516147840800
  0.78346432412034039  0.79526084533697339  0.80734967435226157  0.81906052911159766
  0.83088925522351986  0.84289779812090637  0.85439632515177788  0.86434502001087132
  0.87336582356444559  0.88201916847504314  0.89027527370246762  0.89906080453776793
  0.90599444112175820  0.91423778153709245  0.92255413361060801  0.93104232107450102
  0.93997324820152250  0.94897870177202293  0.95756495182761281  0.96625987873608510
  0.97453833864477823  0.98297644637292325  0.99149727158401868  1.00000000000000000
 -0.00220230401103478  0.01141555966052292  0.02116931095443224  0.03062839570582855
  0.03969118457754572  0.04912264964679759  0.05885126765181983  0.06914416441129125
  0.08016230326702352  0.09061585566320229  0.10054956637722970  0.11114221266721441
  0.12101844727468067  0.13156610142016395  0.14179770127390329  0.15276185572550374
  0.16471961734577473  0.17622830316469637  0.18694087703802931  0.19710442346379436
  0.20786816583174161  0.21826699919893217  0.22730491067694225  0.23552772235657446
  0.24444092823829625  0.25454410348651058  0.26610288645684660  0.27647721449236778
  0.28640424036626455  0.29535290002544146  0.30465561607468383  0.31382057112197087
  0.32371180383106235  0.33418842050218589  0.34447187588330413  0.35653931370191771
  0.36966924072772556  0.38346472318794372  0.39769884307376002  0.41051513700478726
  0.42078882557037811  0.42985134622523069  0.44004825386430968  0.45041907056951863
  0.46023596548744600  0.46982649697138357  0.47975514950363374  0.49030780332025070
  0.50044604489017364  0.50964636731442736  0.51944587864293312  0.53041500749348469
  0.54054149073536706  0.54972999507337883  0.55837611124812492  0.56738195354046539
  0.57779486522065238  0.58789338167156746  0.59824175812516855  0.60937498847511729
  0.62059916463323050  0.63131927261712739  0.64167987809531202  0.65300938051654756
  0.66559281122671310  0.67918453481938512  0.69272518193673105  0.70595572963515418
  0.71879110442920069  0.73055387939813521  0.74122094914457493  0.75098095672100595
  0.76037894454234278  0.77009051300537024  0.78045383974497184  0.79099713743157907
  0.80012576861880846  0.80832258725649886  0.81705835699362661  0.82607349371526750
  0.83640331459779871  0.84684563644453026  0.85732962258109491  0.87099029905760283
  0.88509532209547581  0.89645611353316235  0.90473395488611519  0.91335710622769495
  0.92160428774852776  0.93068585593664099  0.94321308090864642  0.95741633869153742
  0.97043661959198124  0.98116114868373205  0.99071427743847984  1.00000000000000000
 -0.00191745825973417  0.00705600965761820  0.01487587991462612  0.02292709258672278
  0.03125478453999880  0.03929565410917079  0.04751020987965259  0.05582909581023897
  0.06406558744652482  0.07297458537938500  0.08139043479416277  0.08890689882306166
  0.09641610411116887  0.10425597689598702  0.11143524385478827  0.11785423380162599
  0.12364106567344475  0.12897753907818121  0.13457895640265083  0.14083332992631761
  0.14707911707095650  0.15343470647048338  0.16059675321518768  0.16924073599512035
  0.17864483874178944  0.18814959537333611  0.19769910787764772  0.20735972158538782
  0.21675999198001261  0.22481528914167859  0.23364132055287992  0.24184273181966504
  0.24904939199852122  0.25650082285405174  0.26409790308474046  0.27180104425073198
  0.27957681288224873  0.28936392085430962  0.29960919059531976  0.30943026836605175
  0.31781019640423530  0.32566277702023078  0.33423344887753176  0.34267260280283252
  0.35116540982543187  0.35968576616734815  0.36830625184603072  0.37690614480974766
  0.38582840142444574  0.39430005654184003  0.40231419741819907  0.41023662240250147
  0.41957668884850885  0.42916307125339836  0.43843685035522467  0.44758798926404708
  0.45748373135918990  0.46801137597466469  0.47927082404531485  0.48932433479070891
  0.49771027208238672  0.50614066522853685  0.51417572012860013  0.52651694641249891
  0.53798385891440803  0.54950550537583132  0.56064709609149921  0.57135926109024215
  0.58200587035557938  0.59170470265974517  0.60236865492260883  0.61369876620862696
  0.62374930242221249  0.63363794252890437  0.64385469748787882  0.65576595647361857
  0.66876993291027864  0.68237879141418079  0.69820194268694846  0.71534242869229425
  0.73077614821436820  0.74581669657408456  0.76111092391827750  0.77637606829224137
  0.79147185859361169  0.80769251263282915  0.82340632882495945  0.84015533049099411
  0.85808121264420922  0.87542174196664413  0.89380133771573778  0.91540668170537842
  0.93647049248354441  0.95613374527137152  0.97733536915599473  1.00000000000000000
 -0.00164343797755869  0.00758752000011888  0.01655512503893428  0.02682482252280307
  0.04002832813382397  0.05340906788605359  0.06666772492413289  0.07833276722603054
  0.08786187890099566  0.09648527938693208  0.10416839949233507  0.11237099994273170
  0.12147951536230443  0.13022744417407928  0.13907274553447957  0.14782929769780317
  0.15640770133497039  0.16574359574983119  0.17462689613658799  0.18378435346746660
  0.19314846044725592  0.20168725987512881  0.20902694315899420  0.21993948648833542
  0.23069472772282473  0.24295850253192164  0.25520097173522327  0.26828375875101124
  0.27778037021458507  0.28651654988786668  0.29599476145850045  0.30415754037692899
  0.31459386243471893  0.32335138033097349  0.33264531383596174  0.34389752180114980
  0.35479048615912639  0.36519758687162929  0.37539953135434345  0.38626623164867147
  0.39786967744726437  0.40936149718441739  0.42068576213811582  0.43148867423042958
  0.44225361349755038  0.45424207276470657  0.46646659210867425  0.48031980079246933
  0.49425074444638284  0.50651782789712729  0.51787472852370797  0.52936844213719803
  0.54195181450895435  0.55476977395020399  0.56587454210598576  0.57397502281857060
  0.58191396335671075  0.58916692543649196  0.59623565594506900  0.60860233093005245
  0.62069965731081134  0.63240933279345912  0.64210032735546085  0.65119996088896781
  0.65915711693373358  0.66774866653481424  0.67693537172376061  0.68701317552752550
  0.69815835612252508  0.70891965701314386  0.72004203608954243  0.73103976205212151
  0.74179754245446838  0.75306768500071641  0.76537164618364384  0.77680121988295092
  0.78762755235645099  0.79826496478299624  0.80902314105090656  0.81966035931268133
  0.82982541930168963  0.83942309188423458  0.84965689285082469  0.85957237466779302
  0.87020717943407844  0.88075877811848646  0.89175142266140983  0.90326996264895210
  0.91489029120604726  0.92672885810043404  0.93802111088230167  0.94946728657096435
  0.96153867085704070  0.97416024916070898  0.98739263517448128  1.00000000000000000
 -0.00254908330607817  0.01110750195035093  0.02287257699430006  0.03392579298314736
  0.04477132806857925  0.05604790855426554  0.06755786974656426  0.07970300810399428
  0.09221516869587540  0.10561950095997136  0.12023624182206083  0.13480779849319874
  0.14577868011364117  0.15559932489521236  0.16474534299533680  0.17418315726110659
  0.18526843879792065  0.19492952870463268  0.20383349778542068  0.21279710733681750
  0.22188112287662096  0.22925246462542972  0.23631874791839166  0.24407830664329858
  0.25209022508085860  0.26044162746733479  0.27375889908962819  0.28649648872672223
  0.29883565728560080  0.31163733606916072  0.32395596018734213  0.33566867285821878
  0.34618070643499649  0.35581059560859418  0.36511878263297548  0.37483688275599231
  0.38592956166140718  0.39772121187717641  0.41054513424375799  0.42317189540195699
  0.43557271083812565  0.44525764130587203  0.45478948790646329  0.46511757826350103
  0.47587918237769211  0.48565585299648650  0.49413613892867631  0.50193229342829404
  0.50997855648808177  0.51847330397056279  0.52804117003124640  0.53822539067722197
  0.55047929846018306  0.56263610569256584  0.57301793098280096  0.58278482426154232
  0.59327201039165955  0.60453550697670611  0.61543652573937380  0.62678022572862402
  0.64035268748533603  0.65166819664442877  0.66284425884172915  0.67141291676107573
  0.68251455334764888  0.69371563604849451  0.70378189016336945  0.71313172652365797
  0.72148001469412781  0.72938137735727560  0.73905982425784866  0.74923134498722910
  0.76088243290830460  0.77183910395888622  0.78181646416202855  0.79140858366538069
  0.80117448311520700  0.81145445378831116  0.82268743377065767  0.83344493740741443
  0.84316651176003921  0.85302925853947109  0.86167245681804472  0.87204167378544695
  0.88128304372275468  0.88981744711180477  0.89886857328864145  0.90920388790151330
  0.91983651183128279  0.93111707245495168  0.94302054000979840  0.95484194852118975
  0.96639943842088516  0.97738140425497466  0.98914054983152100  1.00000000000000000
 -0.00243161250435320  0.01134977709612537  0.02158872829116146  0.03182001337989612
  0.04222836673838248  0.05335287234754117  0.06443911585634211  0.07463808693704367
  0.08383059628697155  0.09261259336070256  0.10229700845122773  0.11269558765829280
  0.12447060952902007  0.13525785155622191  0.14545986659999416  0.15821946877863113
  0.16980745098600497  0.17836713351510605  0.18638474217150205  0.19399348903659691
  0.20255838315464392  0.21269366157565153  0.22278649804208514  0.23257880173034920
  0.24292876196985380  0.25442007623825569  0.26601539050429185  0.27812607186320226
  0.28953716687099790  0.29897287190769600  0.30719044298115639  0.31673098326511484
  0.32712491692920448  0.33715713770862471  0.34659680345708987  0.35493165648017055
  0.36443801592971686  0.37480600400872682  0.38568701522216642  0.39857909121617996
  0.41075553952240046  0.42257218054369006  0.43373846504523722  0.44445210064870672
  0.45485858877686969  0.46505653223616344  0.47472240447421138  0.48375499699351199
  0.49275776255603504  0.50249661174492533  0.51392232635208002  0.52678778937212700
  0.53845073414780331  0.55052670261622505  0.56176752852714207  0.57372355303383582
  0.58346055482388615  0.59354319811365630  0.60394666021299159  0.61607454585637156
  0.62949525477246748  0.64202256452155082  0.65411759494401922  0.66481733533659382
  0.67552460591444408  0.68612507131241285  0.69701200659866880  0.70792293349689472
  0.71806232334609399  0.72782076520379158  0.73744887385019786  0.74667488645211233
  0.75578593170308961  0.76503356052165128  0.77422156159494171  0.78501289295910137
  0.79601759008403650  0.80675651635064716  0.81750077595279003  0.82844108661109039
  0.83975668419531035  0.85122064841051637  0.86280159122085520  0.87519500767694403
  0.88740252917552820  0.89889960278747882  0.91076733660373932  0.92249015076849250
  0.93297710358991282  0.94226789539476741  0.95116333409323706  0.96059555439839128
  0.97089065637768390  0.98077038661785954  0.99056835733703974  1.00000000000000000
 -0.00110413622509827  0.01105426215943079  0.02218003422281725  0.03276685314706638
  0.04326603811148393  0.05489450596184769  0.06707594343888677  0.08081676085021236
  0.09395398712044281  0.10509765166930018  0.11550884365073136  0.12444054239588308
  0.13280089475415452  0.14130827132619711  0.15034687899887181  0.16040220010404357
  0.17132582639868540  0.18147308599806880  0.19141800949249571  0.20236668371873096
  0.21400751589482278  0.22646089017379589  0.23843890070869178  0.24904639601601089
  0.26048436077833020  0.27196748478297594  0.28338630549063637  0.29503837338705580
  0.30644294491577068  0.31726535081643270  0.32718747739268372  0.33731095315951315
  0.34822952591834128  0.35939563639842165  0.37058649337828031  0.38048670901726783
  0.38934992847237304  0.39846750835771710  0.40787466016186608  0.41854074803755242
  0.43021832386801701  0.44149570267500537  0.45317271078932225  0.46375528608682065
  0.47484787856921817  0.48593327602535097  0.49782817076091213  0.51020038933562795
  0.52250755994131992  0.53522112816383272  0.54886516318082224  0.56284636290038970
  0.57577681733054809  0.58584444864620222  0.59345095497446065  0.60144362375195537
  0.60973456226500256  0.61792643799880287  0.62681744823716790  0.63538409156312936
  0.64276924218146136  0.65029761706767719  0.65866072924067620  0.66807247865667563
  0.67932436132493101  0.69036762800076146  0.70065533334525465  0.70962526852143726
  0.71839998490837498  0.72510086977919197  0.73164808378226864  0.73881310060733640
  0.74652302506083024  0.75389233485657892  0.76564436815387737  0.77957113964794156
  0.79435781261555594  0.80873379395247191  0.82148195345319353  0.83351616211991064
  0.84552155574617438  0.85865630760507983  0.86987656086348752  0.87993709303062895
  0.88933464664246176  0.89891033500024820  0.91002359338522398  0.91965656362206505
  0.92812467763062567  0.93682383530427049  0.94795317240487020  0.96100275545135849
  0.97260565695397505  0.98312308270928106  0.99186157153121424  1.00000000000000000
 -0.00004769059613970  0.00014311871817825  0.00038406967764524  0.00074576840591766
  0.00100397171559305  0.00120349347144329  0.00139136092163378  0.00157881196623688
  0.00176562024744837  0.00194539408648392  0.00212525157507037  0.00231802686316272
  0.00251486154098464  0.00271122609818956  0.00290170988999498  0.00308644531363905
  0.00326863788969875  0.00344709069650091  0.00363149393629243  0.00382256219625006
  0.00402522393378834  0.00422833901684439  0.00443109881876287  0.00463234346887204
  0.00484254299613550  0.00506081259454903  0.00528366538700728  0.00552210486082695
  0.00576670369406663  0.00598316197844463  0.00620220755749298  0.00642047325371676
  0.00661660583453619  0.00682308381820527  0.00704295072641104  0.00727848092125148
  0.00753462921363018  0.00781164312639100  0.00809836209552254  0.00839237949909204
  0.00865862364888658  0.00890263667017697  0.00919946605665412  0.00951674708942988
  0.00988055474171374  0.01023597393982339  0.01052577136256830  0.01078052776511340
  0.01101427410667411  0.01125552074878200  0.01154212002842053  0.01183536888385761
  0.01208705558617955  0.01229643478376296  0.01249150683090109  0.01267565156482988
  0.01281927704470011  0.01296382291702164  0.01311025218183847  0.01325665976545624
  0.01340300269264479  0.01355673930294839  0.01374588241091972  0.01395489171739430
  0.01418626744155600  0.01435756097530486  0.01453955398446269  0.01491942832540037
  0.01529357205808725  0.01563940503362187  0.01602901757481360  0.01654354510225616
  0.01740848659221865  0.01873149959402519  0.02126395626235985  0.02207891464207715
  0.02275742763249007  0.02335131280037555  0.02398049607995847  0.02483885346052647
  0.02684421056969032  0.03024531874061756  0.03050606104281507  0.03076680334501258
  0.03104545567667399  0.03133807625305277  0.03163079914848863  0.03192856089124347
  0.03222632263399831  0.03469129269308591  0.03715197429153654  0.04180141965745035
  0.05481295462096813  0.07676685470760904  0.51396323033266766  1.00000000000000000
 -0.00327337853707633  0.00978213745418713  0.02189153143864078  0.03406968273704507
  0.04695354484086267  0.05828050007112034  0.06914230602103119  0.08010897613730734
  0.09187469696682810  0.10475344432653617  0.11803363729894231  0.13063993941185797
  0.14235764013021271  0.15351253977221294  0.16563088824554165  0.17869002632634695
  0.19113401206984265  0.20311851985770249  0.21530186392912981  0.22831055722276244
  0.24005550026338476  0.25157492413600235  0.26238737795218242  0.27541090829814691
  0.28733381470323954  0.29869743097002627  0.30914636808434920  0.31892494922788367
  0.32768994150502118  0.33660559200929152  0.34622162697883091  0.35882694651187980
  0.37354641052384918  0.38676683827198660  0.39898895647363330  0.41113306323151760
  0.42284587540132468  0.43114270284021738  0.43955195277145837  0.44836626643416178
  0.45682499643294178  0.46548792395897348  0.47376810205648057  0.48315201830549581
  0.49372458893267929  0.50307383061919975  0.51089837399979654  0.51872906727990586
  0.52605207036005308  0.53283136086183081  0.53956453843749497  0.54670586528318921
  0.55382016509531917  0.55960089400221602  0.56413727803363012  0.56980335421981454
  0.57536298736280944  0.58168755103337511  0.59085123070606549  0.60131978435450650
  0.61198869627813512  0.62194625639258494  0.63216840432778720  0.64219301734065493
  0.65343853881168623  0.66431679881202021  0.67611006809832752  0.68758940981731642
  0.69822227876217580  0.70904928585799221  0.72074545518401767  0.73461085805582782
  0.74932218839353548  0.76417698295025294  0.77806552492954961  0.79016629641128688
  0.80185799385340861  0.81346321775248487  0.82520556287284563  0.83664641680447049
  0.84692036203956711  0.85668243235743913  0.86629633391964156  0.87531736675880378
  0.88390134532499054  0.89279008436091056  0.90053855607285160  0.90992174588422148
  0.92007098076681260  0.93074220583698697  0.94276724000518941  0.95412839197151855
  0.96548936087256032  0.97671979174150092  0.98796972518128257  1.00000000000000000
  0.51318674487322791  0.61226616519233457  0.64193564010194870  0.66049926214925736
  0.67584209858868238  0.69245682725414848  0.70335893678884487  0.71243806233956597
  0.72086776496206728  0.72922579044580915  0.73778958061465882  0.74578931323732500
  0.75234088489591078  0.75815567113189386  0.76394258075841770  0.77016355464945307
  0.77652454874146637  0.78264001015761431  0.78851714123093242  0.79286336157325243
  0.79656716032431973  0.79988117500232625  0.80352284046046185  0.80773870462633490
  0.81224936907952316  0.81645886318734251  0.82029683855454960  0.82409157492679364
  0.82775187897236224  0.83141969314488362  0.83513157891951251  0.83858301158683168
  0.84172302235830576  0.84476938978846416  0.84810355764527046  0.85133163396266442
  0.85522005357155573  0.85898913626404994  0.86236930405240420  0.86560577456316545
  0.86882336871832189  0.87212620331794410  0.87532774663879731  0.87805638657357377
  0.88062510135306749  0.88328302882194154  0.88638128693576057  0.88957904293892753
  0.89278005022533857  0.89560975738717219  0.89798386663834073  0.90022237424948148
  0.90236791919665704  0.90463240476709317  0.90676880028974338  0.90884849706653847
  0.91128976764090097  0.91411799702287810  0.91699045404333390  0.91957713013254005
  0.92199873944305832  0.92430345304208050  0.92664066807762002  0.92914343188277060
  0.93185469595260195  0.93442460360408397  0.93679058240606428  0.93895162465619197
  0.94115299925983797  0.94330979049948127  0.94541660596691035  0.94755505134356877
  0.94971345274539187  0.95184123353433892  0.95357686553509025  0.95533832440407551
  0.95727321850528801  0.95945760659776491  0.96206927342113913  0.96475485020540974
  0.96744451708081780  0.97000310497160702  0.97204095519494649  0.97365669587358017
  0.97525899736116317  0.97687008245334095  0.97843430988649271  0.97997559168330595
  0.98194577429351138  0.98427860120363386  0.98669212605950707  0.98922675186228359
  0.99172819633887288  0.99424468954778378  0.99704518403996167  1.00000000000000000
  0.01909567342852859  0.15911384057905514  0.19330943708227441  0.21610787712797680
  0.23448914989845498  0.25041281422547962  0.26628926330293556  0.28092125354022568
  0.29497395582748392  0.30959401844043588  0.32429827242971626  0.33814905301239317
  0.35109584861454668  0.36219346956876147  0.37151325383990746  0.37951560515723470
  0.38795023407403156  0.39565799707016225  0.40324235986407547  0.41091573311962576
  0.41834469577017497  0.42578023162100548  0.43318128969974312  0.44044083863314898
  0.44748787933907869  0.45434591519146456  0.46089599051830171  0.46759236110434693
  0.47302105419027463  0.47760860837172142  0.48234921870062480  0.48708399377863987
  0.49189138580421615  0.49760782931161995  0.50313848246818105  0.50843990986089238
  0.51409075591883990  0.52064010756157364  0.52705739263064588  0.53306633493877442
  0.53868087459452452  0.54422713661155886  0.55017964887293302  0.55677683379999743
  0.56334928319155009  0.56973357617243303  0.57603248538613794  0.58222981510727256
  0.58813892578587901  0.59340594908714872  0.59810452613084197  0.60289026672241608
  0.60691488466618559  0.61182871679229855  0.61704577902068769  0.62214124210194988
  0.62701987661328185  0.63123183942833339  0.63540439500238488  0.63972140142852074
  0.64431650372498828  0.64892580906613073  0.65336288482428695  0.65779562372492517
  0.66233287975716981  0.66652222288269536  0.67113279404836157  0.67617279135736164
  0.68148809870340354  0.68769880379600212  0.69435949637901562  0.70093399620528340
  0.70733530043417570  0.71215131572556789  0.71681585672185744  0.72152644413717526
  0.72654287173309362  0.73318697370656405  0.74057130108183145  0.74593087763030674
  0.75105966617190589  0.75598208138346357  0.76157224013116975  0.76784136354076760
  0.77372199126829533  0.77968584634487736  0.78548776555226874  0.79241023316206094
  0.79975675045976080  0.80851384736952248  0.81894697521050774  0.83326430476623459
  0.85160001215398340  0.87231905980619351  0.89041060189686050  1.00000000000000000
   6.8479392431233692E-010  -1.0000000000000000     
 F F F F F F F F F F F F F F F F F F F F F F F F F F F F F F F F F F F F F F F F F F F F F F F F F F F F F F F F F F F F F F F F F F F F F F F F F F F F F F F F F F F F F F F F F F F F F F F F F F F F F F F F F F F F F F F F F F F F F F F F F F F F F F F F F F F F F F F F F F F F F F F F F F F F F F F F F F F F F F F F F F F F F F F F F F F F F F F F F F F F F F F F F F F F F F F F F F F F F F F F F F F F F F F F F F F F F F F F F F F F F F F F F F F F F F F F F F F F F F F F F F F F F F F F F F F F F F F F F F F F F F F F F F F F F F F F F F F F F F F F F F F F F F F F F F F F F F F F F F F F F F F F F F F F F F F F F F F F F F F F F F F F F F F F F F F F F F F F F F F F F F F F F F F F F F F F F F F F F F F F F F F F F F F F F F F F F F F F F F F F F F F F F F F F F F F F F F F F F F F F F F F F F F F F F F F F F F F F F F F F F F F F F F F F F F F F F F F F F F F F F F F F F F F F F F F F F F F F F F F F F F F F F F F F F F F F F F F F F F F F F F F F F F F F F F F F F F F F F F F F F F F F F F F F F F F F
  <DiscreteSampler_grid>
  grouped_processes
  1 # 1 for a reference and 2 for a running grid.
  10 # Attribute 'min_bin_probing_points' of the grid.
  1 # Attribute 'grid_mode' of the grid. 1=='default',2=='initialization'
  0.0000000000000000 # Attribute 'small_contrib_threshold' of the grid.
  0.5000000000000000 # Attribute 'damping_power' of the grid.
 # binID   n_entries weight   weight_sqr   abs_weight
    187   10   1.788311847720014E-005   1.345691964220278E-009   1.788311847720014E-005
    188   10   1.788311847720012E-005   1.345691964220275E-009   1.788311847720012E-005
    190   10   1.788311847720014E-005   1.345691964220278E-009   1.788311847720014E-005
    191   10   1.788311847720012E-005   1.345691964220275E-009   1.788311847720012E-005
    193   11   1.547557779508513E-005   9.730598825829368E-010   1.547557779508513E-005
    194   11   1.547557779508514E-005   9.730598825829358E-010   1.547557779508514E-005
    196   11   1.547557779508513E-005   9.730598825829368E-010   1.547557779508513E-005
    197   11   1.547557779508514E-005   9.730598825829358E-010   1.547557779508514E-005
    199   11   2.393762306541118E-005   2.401860724873896E-009   2.393762306541118E-005
    200   11   2.393762306541120E-005   2.401860724873899E-009   2.393762306541120E-005
    202   11   2.393762306541118E-005   2.401860724873896E-009   2.393762306541118E-005
    203   11   2.393762306541120E-005   2.401860724873899E-009   2.393762306541120E-005
    205   11   1.190017769172087E-005   4.849254753641127E-010   1.190017769172087E-005
    206   11   1.190017769172088E-005   4.849254753641133E-010   1.190017769172088E-005
    208   11   1.190017769172087E-005   4.849254753641127E-010   1.190017769172087E-005
    209   11   1.190017769172088E-005   4.849254753641133E-010   1.190017769172088E-005
  </DiscreteSampler_grid>
