  0.00283684911259313  0.01279375836871237  0.02380131257347236  0.03441463756046056
  0.04558058809341510  0.05646367553648051  0.06764836750883398  0.07865170149411489
  0.09020611843919801  0.10185121444510173  0.11351832654903823  0.12487615533265729
  0.13631254743336094  0.14713115278600053  0.15716417159864698  0.16694364248090623
  0.17671802170873169  0.18666800754758972  0.19711823756294955  0.20791822925179704
  0.21947768054154768  0.23046699968516202  0.24130506058271964  0.25181328138732151
  0.26212077710726683  0.27238389443370586  0.28319260347348507  0.29392730711630793
  0.30472309710744383  0.31546681398081922  0.32633075394293604  0.33726723740995668
  0.34793548407826974  0.35848930801247736  0.36876633836821909  0.37902309587146532
  0.38939876100225690  0.40000499746119061  0.41056983492401461  0.42105756467486349
  0.43173480495786920  0.44227800779806264  0.45252441527223075  0.46304838667788079
  0.47374657712319546  0.48407127675860512  0.49400351404836829  0.50393088728056967
  0.51433248011872412  0.52501108723104783  0.53536758188185118  0.54547454999544953
  0.55534530297009588  0.56535838246774928  0.57533484731918794  0.58526880288829286
  0.59521747349573995  0.60466221054518510  0.61443173551488206  0.62422901555290378
  0.63508615849451266  0.64620499061035874  0.65673618629068309  0.66697634177067155
  0.67692924550570099  0.68715275936747500  0.69791390846560630  0.70892709326413794
  0.71951450784691706  0.72998250337516823  0.74099162690345233  0.75212454185947597
  0.76324667696200565  0.77410979623842646  0.78503556102629990  0.79598605242843190
  0.80698435761047183  0.81765009909035591  0.82822426777683422  0.83906890778277243
  0.85035124749026125  0.86157172035049212  0.87233654137367689  0.88278876761512715
  0.89306141980290332  0.90332685121280587  0.91381256310430869  0.92454889968044907
  0.93561220117712418  0.94637846002449411  0.95695425487872798  0.96716217316595987
  0.97744926934288401  0.98561143387284578  0.99243893385652715  1.00000000000000000
  0.00304773127025146  0.01305833129032133  0.02477325709400051  0.03616165232305574
  0.04725451999895572  0.05806940306918706  0.06902407480993278  0.08026244800364701
  0.09167246657606154  0.10315512532121061  0.11388990518934991  0.12413390336543212
  0.13384846425518948  0.14365879454323591  0.15371557284381232  0.16417801166669280
  0.17474992837107012  0.18523221198947981  0.19557052962061849  0.20590996184788757
  0.21606760850492254  0.22631654872619308  0.23614329352667579  0.24640649644461077
  0.25720182366358363  0.26793915557126896  0.27791969481099743  0.28771291597102489
  0.29788059777903542  0.30837127261237363  0.31837863933037780  0.32777564559326311
  0.33724950847837504  0.34724917854414383  0.35754618922077086  0.36794465242256269
  0.37835104456856633  0.38905919590520571  0.39988186417146487  0.41061590265892806
  0.42115999650210761  0.43166010852766284  0.44178768552068132  0.45175702061408901
  0.46169808821773933  0.47177739206344110  0.48256348318390740  0.49290751598181998
  0.50318807018844092  0.51359439328626677  0.52439149711656186  0.53544630414445082
  0.54671467725570089  0.55824449561416756  0.56914487088447729  0.57968712223458219
  0.59035613097629935  0.60074214486630251  0.61101063318783155  0.62094923342108821
  0.63113653000300485  0.64164493733936667  0.65222183500174014  0.66277854693633242
  0.67334099632033462  0.68378659152349919  0.69428679857773079  0.70482736059465445
  0.71524960441134144  0.72573602893024014  0.73627096680312298  0.74667608893097470
  0.75692099075384756  0.76703774028885752  0.77749236831809065  0.78817683196464394
  0.79902579891580539  0.80995047222445182  0.82084474884643388  0.83159866250520831
  0.84224558481268119  0.85280770901335734  0.86332201662562591  0.87351406838369594
  0.88375789432857010  0.89413349390470920  0.90486026354344928  0.91554348106746397
  0.92596834056374577  0.93655707375389030  0.94718107636091742  0.95821859594360703
  0.96903222350081464  0.97968413541955224  0.98978236659009500  1.00000000000000000
  0.00012024418253419  0.00014679790864929  0.00017991522453916  0.00020775927354117
  0.00022798429884241  0.00024565732874158  0.00026206001033035  0.00027781201233985
  0.00029319496286015  0.00030836094624790  0.00032342162726356  0.00033827641470106
  0.00035314965822487  0.00036799858030185  0.00038282198409114  0.00039800802471287
  0.00041370688498731  0.00042974185768751  0.00044614028271252  0.00046314878317802
  0.00048093445338135  0.00049947622432056  0.00051793208147055  0.00053631271373442
  0.00055540797245338  0.00057538541857196  0.00059550035955372  0.00061701879606925
  0.00063967556293803  0.00066275769745706  0.00068717558075459  0.00071321206655940
  0.00073952448162106  0.00076589827127207  0.00079266263581200  0.00081977767755643
  0.00084821326919910  0.00087925171983347  0.00091202791653450  0.00094584579202115
  0.00098184166675055  0.00101753765323312  0.00105264695532147  0.00108982490756986
  0.00112861144071032  0.00117181811312970  0.00121957593122171  0.00126995708838808
  0.00131884838247299  0.00136521364434612  0.00141179048055150  0.00146096667800524
  0.00151227693825662  0.00156505300756305  0.00161653808611690  0.00166801993446296
  0.00172307812826763  0.00178251433063245  0.00184854591321822  0.00192130779890224
  0.00199200443781100  0.00206007956562772  0.00213212498051172  0.00221084823316137
  0.00229378305472117  0.00238691600554253  0.00249610656653031  0.00262399871614619
  0.00276932821329211  0.00291782295620651  0.00306685801582965  0.00323002838230242
  0.00340687918508916  0.00356381678465385  0.00371788326022942  0.00386239298999311
  0.00401775893578956  0.00420352725596063  0.00445190060067718  0.00475530144987989
  0.00504407567434406  0.00532333570621206  0.00564430101646442  0.00601138811066785
  0.00648003706259429  0.00705057279784183  0.00763747517623274  0.00825458388695269
  0.00901577704163864  0.00968948333096347  0.01037511690425236  0.01130567676389062
  0.01326226299764515  0.01626145103720020  0.02205068269240705  1.00000000000000000
  0.00000271674577135  0.00000286560991308  0.00000307139092005  0.00000336178046910
  0.00000374575709828  0.00000421961353207  0.00000489715615280  0.00000571750163227
  0.00000663894653773  0.00000771354666305  0.00000898319804464  0.00001036983880689
  0.00001196465452333  0.00001381054534573  0.00001597593494812  0.00001846685058816
  0.00002137772720266  0.00002465762660157  0.00002827294815179  0.00003221454359319
  0.00003670424643416  0.00004184034790927  0.00004775608156962  0.00005429733982182
  0.00006114221185491  0.00006838110143572  0.00007632130040952  0.00008469954597622
  0.00009360664930417  0.00010335785248212  0.00011375253615952  0.00012485471426257
  0.00013683176370190  0.00014967631973732  0.00016322671279403  0.00017730976822897
  0.00019185598030376  0.00020713261619801  0.00022365317902211  0.00024120328444791
  0.00025959947906562  0.00027830402244276  0.00029755121265937  0.00031911022269505
  0.00034243232231538  0.00036704084674943  0.00039296606388458  0.00042011914391671
  0.00044886355210614  0.00047904659155898  0.00051040297871470  0.00054274410305637
  0.00057780659195875  0.00061283623488167  0.00065202121494983  0.00069559536195681
  0.00074359856253800  0.00079215401016977  0.00084288415828987  0.00089510762027106
  0.00095094420547752  0.00101266019733888  0.00107661480558427  0.00114562164470833
  0.00122010022540837  0.00129997814361111  0.00138535280238634  0.00147746789710440
  0.00157748596153108  0.00167685603502983  0.00177818814681664  0.00189238219836966
  0.00202306222928953  0.00217209553932163  0.00232613999804142  0.00253519512891191
  0.00278135914664591  0.00299736051473969  0.00318436285626706  0.00336070645146684
  0.00353735499145593  0.00374591984067690  0.00398970632592682  0.00427580441262354
  0.00461724272881858  0.00499463012216932  0.00541098815886912  0.00592541747503348
  0.00660553930329054  0.00745488750543084  0.00899480641312492  0.01123823331880254
  0.01410762196148435  0.01796099709998169  0.08569029840231877  1.00000000000000000
 -0.00235001695280431  0.00995249188670475  0.02021186785228960  0.03062313135363578
  0.04093188215864340  0.05169745403133662  0.06241100722631094  0.07369112642975666
  0.08413901488489128  0.09477641574814517  0.10494381792312966  0.11570160066765732
  0.12660864402805755  0.13627195336166073  0.14565983579523556  0.15539527326413213
  0.16601396877837671  0.17650362054543992  0.18675267072998644  0.19709590107935726
  0.20791784813858799  0.21876488483815607  0.22984371947189364  0.24077977212550436
  0.25160707521438569  0.26254767123174533  0.27362448793324767  0.28407191013436406
  0.29400106079205751  0.30352805427611834  0.31281352813823871  0.32190405906389635
  0.33123358223824806  0.34110745994484798  0.35126696691769416  0.36143372512187522
  0.37146057839173913  0.38243615066994119  0.39361988497401906  0.40440371939657793
  0.41479879427807648  0.42480724259362151  0.43484278313505659  0.44487384312137529
  0.45523363669573658  0.46616188919684332  0.47731967042531070  0.48845468560304139
  0.49910287058830316  0.50907478130079109  0.51879095019951216  0.52884320434873211
  0.53901546955900193  0.54886122881912247  0.55841665431202148  0.56802710673586954
  0.57783950688844321  0.58783140369309317  0.59786321875986492  0.60821076045199363
  0.61896606372852725  0.63014412046009372  0.64109344243481925  0.65197123910526467
  0.66288698706964955  0.67381047537515515  0.68459259506435755  0.69552898860943824
  0.70658171470525055  0.71794100265011906  0.72932109042079696  0.74058240071852843
  0.75173392301363584  0.76267043730109851  0.77333130311934450  0.78380024603409715
  0.79420666725971367  0.80463702345885990  0.81543792848554164  0.82643804351946049
  0.83756162289028846  0.84825406816114823  0.85861970131638254  0.86896101981507878
  0.87978466529924071  0.89124339299478161  0.90289734685121836  0.91479543306202449
  0.92643980460622233  0.93775716428421441  0.94853048565006093  0.95905082379038897
  0.96920686617183360  0.97920089976208036  0.98963153877215815  1.00000000000000000
 -0.00266239288268224  0.01014059423397589  0.02108956685037093  0.03217187239626041
  0.04285835243867247  0.05382869128788797  0.06478617298014806  0.07601023614231904
  0.08682041846773471  0.09744727939266676  0.10815718243540125  0.11899127781665700
  0.12957654985894373  0.14003308588816701  0.15041191021860073  0.16113045071182350
  0.17152937453710967  0.18168744210213392  0.19111914412817227  0.20060883908328661
  0.21053088468249267  0.22113916072002543  0.23147628383592586  0.24130993556197888
  0.25083599025247388  0.26094068525567865  0.27132400694435926  0.28138592579509897
  0.29112828862131229  0.30130967898744715  0.31112415889140294  0.32154013765464073
  0.33193931054536308  0.34359729511922693  0.35461681318729665  0.36540019164113274
  0.37633877958088985  0.38779597983749414  0.39832525830952159  0.40858972155409556
  0.41862785522129159  0.42942055626118675  0.43987876297208345  0.45011880415698080
  0.46063856221410643  0.47117332621489433  0.48171976191352617  0.49210139692216759
  0.50245822406700169  0.51272627938081827  0.52309366575338156  0.53336757836502413
  0.54374291583943779  0.55390839218352073  0.56448137591558289  0.57490792759561105
  0.58536865299869456  0.59601545444048787  0.60667679602930369  0.61737497109641648
  0.62792269365350628  0.63837316714906023  0.64884009558931421  0.65934023390035901
  0.67047782118073418  0.68182351868146018  0.69329489465027283  0.70474494299691970
  0.71606437075302043  0.72709813143450175  0.73789140229933992  0.74863587671238674
  0.75941377473577443  0.77016352559404289  0.78060423357600683  0.79094843922826363
  0.80173583265485160  0.81218773419572132  0.82159514432739966  0.83050717119229567
  0.83945344147042877  0.84936514115503481  0.85965054946574437  0.86971994898860272
  0.87997382065262220  0.89032456704512308  0.90120303490150433  0.91218852761347269
  0.92369442273681135  0.93450089364017108  0.94540204935305872  0.95593638868200770
  0.96712189339720034  0.97798410020881466  0.98909194774681031  1.00000000000000000
 -0.00209986178897984  0.00791973924471241  0.01662946679306199  0.02563131545738184
  0.03481394990608866  0.04355372171545960  0.05190807561419067  0.06038046819666058
  0.06919652933010427  0.07821540825726728  0.08698240424357589  0.09533494067135048
  0.10353009199566261  0.11202727997660249  0.12097894465186815  0.13022131155080258
  0.13978477284844312  0.14914564687225004  0.15834010843463267  0.16747290049986382
  0.17664098062871819  0.18587630786862880  0.19511283760402026  0.20446849269784595
  0.21396377174630760  0.22347831480685706  0.23307043978686187  0.24271104594507018
  0.25244371407441235  0.26237579225958035  0.27264709484652155  0.28325060236469535
  0.29375126194200635  0.30415933512602611  0.31464437408359081  0.32507324172491275
  0.33551076541206265  0.34549721504709680  0.35530648911737128  0.36543963777724175
  0.37574884951072351  0.38619837744945856  0.39699630022448862  0.40772203891975872
  0.41810990445273566  0.42789468872979081  0.43764596605967199  0.44756488404906369
  0.45769044657942054  0.46803467975611868  0.47859520110161469  0.48917061604350320
  0.49927997856920242  0.50906833477322677  0.51898381447924591  0.52931860260885044
  0.53984201894125883  0.55039843272735378  0.56096531291070439  0.57198394141643216
  0.58298732904078998  0.59392636702181900  0.60472315653266639  0.61566760363957562
  0.62643613035156120  0.63688377252456152  0.64741262074747608  0.65783763309612397
  0.66848316947764919  0.67903815483320162  0.68998128114070600  0.70146092540129701
  0.71361705200727332  0.72636397590426838  0.73766866101895123  0.74839024008329791
  0.75959528244985886  0.77131433493401358  0.78267867246819300  0.79405784665326029
  0.80621422640071250  0.81862320251563103  0.83080139149668186  0.84297320920701224
  0.85541725508276845  0.86812139880878281  0.88081125298071672  0.89349800763433407
  0.90641750238131491  0.91964869949095762  0.93291875179182548  0.94608561302857663
  0.95925980737363292  0.97267382305629491  0.98622360445384138  1.00000000000000000
 -0.00256534450197445  0.00967930383771705  0.01986656912814483  0.02971353878345257
  0.03947441545442848  0.04890181340038455  0.05839037490185058  0.06822892048363399
  0.07818127056974478  0.08844733954049361  0.09877467384637836  0.10954704127306147
  0.12079760691767780  0.13213917025873634  0.14340706306475914  0.15460428369743742
  0.16576886192628207  0.17676113063115695  0.18735699087580598  0.19705395243796553
  0.20659675567950059  0.21648900632996729  0.22629992088308529  0.23655194710252911
  0.24665310234914420  0.25745465901333608  0.26847475639454976  0.27931368608116308
  0.29007159946799099  0.30063604205996980  0.31109769231864665  0.32150656298709640
  0.33146345096746366  0.34105368096985922  0.35020781681038710  0.35982576679640849
  0.37002573637816388  0.38087408012225565  0.39174201740536069  0.40257835099326489
  0.41333876826246879  0.42400409018103835  0.43458247073020628  0.44507178805577818
  0.45538772260493299  0.46585764510612976  0.47680036294577333  0.48811142510989414
  0.49977891938229874  0.51145964184725146  0.52289351332309586  0.53390009599883881
  0.54451575501308447  0.55490620039522065  0.56525023482056136  0.57581953686362086
  0.58688274336533863  0.59803630798680385  0.60901417530545043  0.61978680868544700
  0.63043113183345578  0.64104763696594480  0.65148612931539529  0.66190201350297395
  0.67252239383436896  0.68338018089933061  0.69462566123977665  0.70579458156179731
  0.71684410026812295  0.72713680789857393  0.73677552852062533  0.74596616683896710
  0.75567238469525388  0.76635505317527730  0.77758444397402771  0.78854524748065558
  0.79916254156002320  0.80959719435263067  0.82005474215300378  0.83061646045900561
  0.84121361485847712  0.85178904709104097  0.86237300386903337  0.87297573651149540
  0.88360620244565269  0.89441641694249885  0.90512307641952894  0.91555733440425735
  0.92621407475810857  0.93699760504998031  0.94772831119020018  0.95813033437210060
  0.96858409845533788  0.97898304869556552  0.98939321465308494  1.00000000000000000
 -0.00111627755084919  0.00326623656296066  0.00792012174864053  0.01236740445126098
  0.01720578056057726  0.02263508626751602  0.02847930018176464  0.03454975042590491
  0.04091620185034244  0.04765701777882232  0.05439626352520147  0.06115901856386515
  0.06787522562228478  0.07484344029970892  0.08218190482900853  0.09015916225168054
  0.09823742053052088  0.10670228756313417  0.11559888855695470  0.12494997983397758
  0.13505349140296652  0.14563345194423727  0.15612029744455685  0.16657193460295594
  0.17720285281771322  0.18846619022285915  0.20056815200748473  0.21313934458211783
  0.22605789509925450  0.23892255155989170  0.25244327690050988  0.26657528389362589
  0.28127275945108537  0.29657679992881347  0.31216421769721769  0.32799528556569779
  0.34374478581511875  0.35998037255646831  0.37690591316878314  0.39420733263583102
  0.41097968168871912  0.42729357972501653  0.44315380542977240  0.45871841744257946
  0.47414158775597715  0.48997536047933471  0.50644881208284287  0.52320774357846145
  0.54016708778595668  0.55688444132813242  0.57324392811126568  0.58949549999276296
  0.60590084092762275  0.62193930104324480  0.63764584751173392  0.65313370230872780
  0.66855499115251249  0.68346121715447850  0.69774369278048398  0.71155484282783565
  0.72515393433432940  0.73850298163799111  0.75171181526036235  0.76442819335236700
  0.77672692102288243  0.78814139177085651  0.79945106140955380  0.81007381631535713
  0.82037178682469614  0.83028702283543909  0.83988713360165379  0.84900571509249712
  0.85735920700705870  0.86538442046989794  0.87311685751775103  0.88066194194601732
  0.88825183733283408  0.89582797980476281  0.90336202779064156  0.91079426404629293
  0.91821433243085704  0.92568975265063935  0.93313758053403739  0.94014125572624152
  0.94671404978362284  0.95301232053234197  0.95903220633613040  0.96461408038048957
  0.96976177426510168  0.97463045020878891  0.97918033782151170  0.98348098979346066
  0.98763854671716200  0.99173222015435947  0.99582230963048457  1.00000000000000000
 -0.00249770561129254  0.00962721424314750  0.01954013463129188  0.02997151620318006
  0.04048993949727880  0.05126390045665909  0.06192447056041007  0.07322837921332753
  0.08474034732091026  0.09617804675528460  0.10764618328820057  0.11877983483362348
  0.12914918117697968  0.13980264772055204  0.15019286532390366  0.16115570794577153
  0.17182903333247129  0.18305625546055188  0.19439992857409247  0.20552925821671258
  0.21565687105491732  0.22538599949439730  0.23451922613131779  0.24345054162349089
  0.25249782271018356  0.26210055971683793  0.27200236313152570  0.28253484396331746
  0.29314039990617019  0.30388890324231349  0.31474991517236206  0.32554896091223107
  0.33616831907522171  0.34651552587730455  0.35676100996333077  0.36705364332723683
  0.37722392741015315  0.38740896625861238  0.39764242178834958  0.40772115957111432
  0.41770497270160462  0.42762656437205515  0.43768517691828074  0.44800130686929779
  0.45870295369595160  0.46999719048357497  0.48120015681001183  0.49175921789221833
  0.50211391036034514  0.51257667542079188  0.52304652887507463  0.53322566630310397
  0.54330380773626463  0.55336333115192338  0.56343330094504507  0.57363577811907862
  0.58397297707835372  0.59470832763042425  0.60552668039705659  0.61649551462539631
  0.62751704722057111  0.63819506425321915  0.64831888947279248  0.65839796561335306
  0.66854121929654098  0.67903762996700012  0.68942856131101493  0.69996276491241660
  0.71099490182200242  0.72241233198312704  0.73402157634405241  0.74556646180813069
  0.75715787982357041  0.76866584435154250  0.78014760558622509  0.79157124995688966
  0.80261544660004092  0.81390520927091004  0.82521515150853686  0.83577408579896451
  0.84597070579374978  0.85611621498774104  0.86706314561034514  0.87766811401852995
  0.88824657770821513  0.89852336687939249  0.90865025712189962  0.91839310099908156
  0.92820211144853737  0.93769918065994595  0.94788323114110384  0.95802414435515582
  0.96873601673068577  0.97918573091630023  0.98951157098540143  1.00000000000000000
 -0.00243139813183116  0.00881198390218635  0.01886176307959191  0.02991909054820806
  0.04056232155664426  0.05124332695079664  0.06163580352360497  0.07217949216393461
  0.08330408466869949  0.09375245157268207  0.10381736351608886  0.11386294475499223
  0.12425581218749318  0.13499490689463192  0.14557081640244263  0.15632845524465605
  0.16701144624792230  0.17706540169979393  0.18700681997598570  0.19695061256558019
  0.20743220451912739  0.21754183940768596  0.22791329671866609  0.23837036984920898
  0.24914249689923615  0.26057383738341910  0.27189243023287524  0.28341690059583058
  0.29477923647763443  0.30627370182522179  0.31765330835346262  0.32855147959316883
  0.33928984175800370  0.35009203494222663  0.36075219453018076  0.37161280798115714
  0.38259798502179504  0.39307780307991691  0.40314241611297780  0.41305671011767625
  0.42350450468721706  0.43409875606886617  0.44442934699251652  0.45447766270397383
  0.46462107535723285  0.47502872358769954  0.48618962611126693  0.49730601693583598
  0.50825064527588781  0.51886160004926762  0.52940852616953660  0.54020707954280334
  0.55104609813606764  0.56189450575897559  0.57257574110785514  0.58336164978388771
  0.59386298479340616  0.60467688115885199  0.61589013501311141  0.62698857048995482
  0.63754542010474569  0.64772309423541807  0.65775089376751450  0.66797867509738251
  0.67847952666168043  0.68924376988066061  0.69983018801776298  0.71047710666157848
  0.72124172956166466  0.73197529134656170  0.74280238641830498  0.75325657325632722
  0.76319002196884078  0.77274191889494803  0.78243846406259820  0.79252831709105409
  0.80243204982759098  0.81214281141019073  0.82226745200143880  0.83301988881711364
  0.84358124100817811  0.85425515456209611  0.86464531391638522  0.87539002425871959
  0.88548219473477541  0.89565336640806659  0.90571996406966049  0.91582209489639854
  0.92563433753235591  0.93577362284744370  0.94652554828960600  0.95730146043862918
  0.96791895708193176  0.97808088457352005  0.98893678863032175  1.00000000000000000
  0.43208902425014722  0.55608678311010284  0.57279205038987246  0.59574270650875405
  0.62204859664507350  0.64336132362801624  0.65927449971570307  0.67395589252495625
  0.68609991439151563  0.69631897695990019  0.70581305221524349  0.71500288731310102
  0.72375678219991435  0.73176809136316501  0.73877148969920747  0.74546528762585418
  0.75195616582351876  0.75803354171620885  0.76395282828557187  0.76964147044150089
  0.77507133728714461  0.78020241488279496  0.78526931004959521  0.79023686177766872
  0.79498167057186919  0.79944413977700290  0.80390609079166031  0.80822531059513480
  0.81246798988964342  0.81633477199734084  0.82005226195679304  0.82369907463239223
  0.82731933126029578  0.83093495916831672  0.83441560441263596  0.83769720337846076
  0.84091882723842803  0.84412789998763882  0.84722256485479897  0.85024056144231785
  0.85322772726467289  0.85619632376199450  0.85922255050126062  0.86224384622484374
  0.86523558094176933  0.86817180291401752  0.87111626866864555  0.87407760102930365
  0.87684119328482113  0.87945176937782799  0.88201443733965801  0.88457714070732774
  0.88718499470106982  0.88984213381657518  0.89249245435631563  0.89511597864696324
  0.89770100342111403  0.90025931772019885  0.90277832352404597  0.90524386793223488
  0.90767370934115599  0.91006387952818391  0.91247308003192873  0.91483710598039936
  0.91715131374567838  0.91948614592141376  0.92180969589326256  0.92411439699221243
  0.92641207215070998  0.92871541774622379  0.93104248516621391  0.93341103001228010
  0.93584489887499389  0.93839118486033690  0.94098327454706243  0.94346091575751778
  0.94577906095702691  0.94805536807010737  0.95032289571783302  0.95263580711818963
  0.95494687901881115  0.95729004167224696  0.95970717425433727  0.96213299616996562
  0.96456125901426670  0.96701592143467696  0.96945254331139485  0.97200430379022729
  0.97459227248317892  0.97736608852309037  0.98026932638475239  0.98334024698227607
  0.98657361085821271  0.99005533237592958  0.99430351807962369  1.00000000000000000
  0.06485726422489435  0.11787343692442892  0.12745439489912438  0.13725099100981822
  0.14499688627378951  0.15109906386166388  0.15570630557524850  0.16094784764045020
  0.16623954612524111  0.17182446744795474  0.17708907193474943  0.18216409814923698
  0.18716077921392935  0.19193153379016267  0.19671947219870636  0.20131794626754923
  0.20586046376368691  0.21063921532719740  0.21553433908718594  0.22041419911210264
  0.22520079293297976  0.22990942511460777  0.23463203167129093  0.23932564451314572
  0.24416180718785771  0.24900800175424639  0.25394347745368889  0.25896586365306545
  0.26400891228178663  0.26912402668936392  0.27434445697550347  0.27969823578879000
  0.28504131109547026  0.29028089719972094  0.29543436164488418  0.30048086813565622
  0.30559089992376903  0.31092662402853549  0.31634709908216502  0.32179209044778728
  0.32710660579913736  0.33241218222895658  0.33779909428045907  0.34327635635000603
  0.34883574027652842  0.35446768735312795  0.36019942855226023  0.36604976299975428
  0.37174188784724249  0.37727236614135573  0.38288051505882964  0.38859189811615102
  0.39439995757223606  0.40027627544242811  0.40624806472376335  0.41233510233819065
  0.41855384743569296  0.42491392480257223  0.43131314772180723  0.43775960758497945
  0.44435869733547778  0.45099162210541699  0.45768303734220722  0.46436321708643341
  0.47107351046478496  0.47805869044641358  0.48531467609227802  0.49271653382083663
  0.50008367778418816  0.50741370614805081  0.51457238916695525  0.52195266520489425
  0.53000150159002901  0.53851925867095563  0.54756684198111782  0.55682832497535328
  0.56624771798647100  0.57601814795408957  0.58612679344492991  0.59663230676867351
  0.60768700744253812  0.61937429088008300  0.63157312024405410  0.64426625190940134
  0.65718449364647569  0.67072539745129534  0.68510280271425805  0.70047910274350977
  0.71644296832154353  0.73354033445529254  0.75242056752541642  0.77399909333897587
  0.80119607656886971  0.84163041702159347  0.96351250136442235  1.00000000000000000
   1.0591511638850510E-007  -1.0000000000000000     
 F F F F F F F F F F F F F F F F F F F F F F F F F F F F F F F F F F F F F F F F F F F F F F F F F F F F F F F F F F F F F F F F F F F F F F F F F F F F F F F F F F F F F F F F F F F F F F F F F F F F F F F F F F F F F F F F F F F F F F F F F F F F F F F F F F F F F F F F F F F F F F F F F F F F F F F F F F F F F F F F F F F F F F F F F F F F F F F F F F F F F F F F F F F F F F F F F F F F F F F F F F F F F F F F F F F F F F F F F F F F F F F F F F F F F F F F F F F F F F F F F F F F F F F F F F F F F F F F
  <DiscreteSampler_grid>
  grouped_processes
  1 # 1 for a reference and 2 for a running grid.
  10 # Attribute 'min_bin_probing_points' of the grid.
  1 # Attribute 'grid_mode' of the grid. 1=='default',2=='initialization'
  0.0000000000000000 # Attribute 'small_contrib_threshold' of the grid.
  0.5000000000000000 # Attribute 'damping_power' of the grid.
 # binID   n_entries weight   weight_sqr   abs_weight
    19   10   2.449274130466372E-002   2.394209651121492E-003   2.449274130466372E-002
    20   10   2.449274130466373E-002   2.394209651121493E-003   2.449274130466373E-002
    22   10   2.449274130466372E-002   2.394209651121492E-003   2.449274130466372E-002
    23   10   2.449274130466373E-002   2.394209651121493E-003   2.449274130466373E-002
    25   10   3.010548898746303E-002   4.229702199857092E-003   3.010548898746303E-002
    26   10   3.010548898746300E-002   4.229702199857082E-003   3.010548898746300E-002
    28   10   3.010548898746303E-002   4.229702199857092E-003   3.010548898746303E-002
    29   10   3.010548898746300E-002   4.229702199857082E-003   3.010548898746300E-002
  </DiscreteSampler_grid>
