  0.00000208443398985  0.00000221309588878  0.00000231639130069  0.00000242051854994
  0.00000250300246514  0.00000258480185818  0.00000266786454891  0.00000275487517058
  0.00000284417740678  0.00000293408557921  0.00000302598054862  0.00000311664673572
  0.00000321057663382  0.00000331261434544  0.00000341671445268  0.00000352440343426
  0.00000363873375940  0.00000375637570001  0.00000387661611550  0.00000400258774013
  0.00000412770837907  0.00000425630210307  0.00000438771746858  0.00000453403804447
  0.00000467921839654  0.00000481709574521  0.00000495072394134  0.00000508594861504
  0.00000523638352192  0.00000541247814606  0.00000559230614619  0.00000577123274677
  0.00000596273496084  0.00000617298472415  0.00000640504500721  0.00000663483506063
  0.00000686885612017  0.00000712285710627  0.00000740150255203  0.00000769149391589
  0.00000798197374961  0.00000829029629009  0.00000863442849459  0.00000892300940222
  0.00000922366528404  0.00000953906085137  0.00000987678775727  0.00001029520781171
  0.00001075444940972  0.00001128830428410  0.00001183205094002  0.00001237166244273
  0.00001294048883597  0.00001356437338698  0.00001423342414847  0.00001496507713781
  0.00001576919756195  0.00001658529224067  0.00001741061499051  0.00001831338124792
  0.00001927272289609  0.00002039855521324  0.00002158269303082  0.00002291730142530
  0.00002432181387601  0.00002577703017892  0.00002719390610128  0.00002899950105536
  0.00003083089208126  0.00003308902111734  0.00003576667920480  0.00003886516135296
  0.00004249058997732  0.00004604804630738  0.00004970865731450  0.00005385954082785
  0.00005868226664386  0.00006468266149318  0.00007172755190083  0.00008073947733939
  0.00009148066293937  0.00010567873081835  0.00012574682642958  0.00014731465780589
  0.00017036694928986  0.00019806219976731  0.00024286817761473  0.00029794758273202
  0.00036890426510339  0.00047023989393776  0.00059449317882591  0.00083863132151460
  0.00146747218304302  0.00323227620269869  0.04955492494964379  1.00000000000000000
  0.00000606732225184  0.00001155723477364  0.00001414979444590  0.00001456573686488
  0.00001533357428444  0.00001599513541637  0.00001667209904667  0.00001725807784423
  0.00001790669342709  0.00001863383605615  0.00001950468146850  0.00002042446615947
  0.00002144858767071  0.00002247374537126  0.00002356741428053  0.00002478399306848
  0.00002602270025214  0.00002720613969250  0.00002861473748130  0.00003020832728335
  0.00003216737328000  0.00003417849188836  0.00003624940607067  0.00003860575266771
  0.00004117253338089  0.00004407838465222  0.00004749316315290  0.00005127866887625
  0.00005555737807324  0.00006028542535325  0.00006543861243351  0.00007091438468100
  0.00007625534237186  0.00008192454839101  0.00008797717578949  0.00009460038001528
  0.00010154510985314  0.00010904808960028  0.00011842201548935  0.00012852692377634
  0.00014019142638715  0.00015352335378720  0.00016867881277700  0.00018634284825780
  0.00020403770728435  0.00022190852609396  0.00024196067320008  0.00026518990445394
  0.00029027056694035  0.00031899168121578  0.00035168282271923  0.00038904161636285
  0.00042717438644613  0.00046566984331892  0.00050840787413208  0.00056110117928101
  0.00061308662901951  0.00066458778227060  0.00072274875787853  0.00079230057700104
  0.00087686660974205  0.00097215483338022  0.00107416972531444  0.00117896465370244
  0.00129307036906950  0.00141284959394308  0.00152531851250647  0.00163446976815614
  0.00175023418850173  0.00187287402598466  0.00200874263248805  0.00213320665979811
  0.00223525264384011  0.00237146412830814  0.00251805140649267  0.00269002658274780
  0.00288123936978148  0.00309439916319110  0.00334548741241120  0.00365560341036836
  0.00407927701177040  0.00457271681171796  0.00489807065275696  0.00522342449379595
  0.00557435722192576  0.00598852350943519  0.00640268979694462  0.00679975867732066
  0.00714370795076522  0.00748765722420977  0.00806950312783513  0.00937310195550395
  0.01099697126992523  0.01390193601305169  0.01895139796147215  1.00000000000000000
 -0.00038650970421542  0.03549428578085703  0.05617526738106801  0.07020284166747934
  0.08161932947794785  0.09215726426806095  0.10274619894416573  0.11322090541444042
  0.12246800738312504  0.13218037964964885  0.14283808227253275  0.15308757629508635
  0.16271402246363373  0.17212426184719024  0.18088055848387394  0.18837841736063365
  0.19574827083364232  0.20289798675019008  0.21246038001149190  0.22399215003714915
  0.23673172507458071  0.24928931493531573  0.26116723225153454  0.27282562746537986
  0.28566970565945793  0.29739293183072285  0.30808083529724950  0.31803105112758129
  0.32723283854907664  0.33639695980772111  0.34591465100623603  0.35586105372820992
  0.36577912465705686  0.37565267714941175  0.38577259390011426  0.39730730912838341
  0.40953261821310760  0.42067310807853725  0.43104122413837187  0.44117369568272774
  0.45165689045122120  0.46207940297522360  0.47268856815550081  0.48353853959608156
  0.49513129053396204  0.50741905728384240  0.51930621207203820  0.53043244585307825
  0.54166552301966087  0.55458238494017420  0.56700793469719191  0.57847472286257795
  0.58989824082278597  0.60181950376524973  0.61236306032525167  0.61988295754824330
  0.62755591663978127  0.63564714378574438  0.64534547808400100  0.65763956483968977
  0.66982111433491676  0.68232700673973457  0.69472247585727553  0.70721611555086350
  0.71750136180440660  0.72565783673187256  0.73292878525564653  0.74026260838093927
  0.74895170174573589  0.75827420465045814  0.76677730652743870  0.77532005948127436
  0.78410735678887045  0.79283602198885850  0.80167476752142397  0.81109797710951304
  0.82025798354891777  0.82821830900402960  0.83579764381718902  0.84387263556916148
  0.85402158398660544  0.86702449273501225  0.88032560151667327  0.89203233812207028
  0.90262108725206081  0.91364940143831730  0.92434084136689953  0.93418270543760862
  0.94337525346960249  0.95249651312201611  0.96171111504126039  0.97042041358513553
  0.97812101097019921  0.98530328618209839  0.99258066746673657  1.00000000000000000
  0.00000671674214977  0.00000808905612300  0.00000920017488625  0.00001040015548277
  0.00001187814706867  0.00001324126138387  0.00001435740940378  0.00001574123753983
  0.00001748203238378  0.00001968572184811  0.00002225607091409  0.00002508786359066
  0.00002840683787250  0.00003253285128350  0.00003727471180730  0.00004256703199699
  0.00004865776742372  0.00005558899614569  0.00006322484356322  0.00007200537051011
  0.00008141469634185  0.00009154490795442  0.00010203886482726  0.00011287196418327
  0.00012438199541781  0.00013610817511748  0.00014861859847094  0.00016300911712055
  0.00017794766563549  0.00019301315443835  0.00020895203662490  0.00022649656292462
  0.00024489252617359  0.00026318026767857  0.00028021706705871  0.00029863321330878
  0.00031872396197204  0.00034044442546128  0.00036295639992936  0.00038486730893518
  0.00040569225152649  0.00042764515333271  0.00045191333350337  0.00047942150411138
  0.00050679213931156  0.00053090018782158  0.00055489143338030  0.00058473152322501
  0.00061550083937195  0.00064618525317028  0.00067675107269791  0.00070711829607408
  0.00074218093794526  0.00078454189001446  0.00082953658065810  0.00087770901450976
  0.00092747862709957  0.00098011104614654  0.00104019205914131  0.00110940632898821
  0.00118297455822559  0.00125863716832597  0.00133507044885305  0.00141064118844831
  0.00149116204896364  0.00157588590138084  0.00164147824017212  0.00171466019336824
  0.00179488101451706  0.00187243213841526  0.00194534720515016  0.00199710497238743
  0.00204467760824410  0.00210105693024476  0.00218147444110790  0.00230020867241122
  0.00250008672206900  0.00276787604568965  0.00303574070072767  0.00329975917780910
  0.00353902280596085  0.00377828643411261  0.00398464211371534  0.00418588738618484
  0.00440467971874131  0.00463977440652794  0.00510946864165955  0.00580568591723167
  0.00658836819455595  0.00728100213046777  0.00809388501750656  0.00958242830937312
  0.01532656756869616  0.02280646135730115  0.38736732322438217  1.00000000000000000
 -0.00129032989495777  0.00595141007352706  0.01317132422568793  0.02043246574057398
  0.02804390891344478  0.03565693541965111  0.04359005316448292  0.05309659574899931
  0.06318166123312384  0.07295435846032285  0.08346135070124772  0.09321842976253834
  0.10350604123660496  0.11299149415594392  0.12177555426548822  0.13092929281473561
  0.14120351700423825  0.15266204191940633  0.16453909563690164  0.17559444429392626
  0.18624558199237692  0.19602841276891092  0.20598239085927836  0.21610067534501046
  0.22595487810339290  0.23525589717117934  0.24506639449781284  0.25651213842258780
  0.26852011956973121  0.27970625910189151  0.29032009366330935  0.30144702920795358
  0.31311054262240279  0.32482078039781753  0.33620043198867094  0.34762160748308041
  0.35827440805546679  0.36869850982528457  0.37848900950240444  0.38682342937117581
  0.39566810217926435  0.40440888197900304  0.41349773662439282  0.42213029708864996
  0.43119169703842863  0.44058699330278123  0.45158887870699171  0.46355181248029298
  0.47433443551273241  0.48574120150074623  0.49898849255701533  0.51305994096923624
  0.52702069061410262  0.54022554508097054  0.55373505656117739  0.56832751045352192
  0.58360859692772971  0.59857754185377898  0.61222497392930153  0.62474705477389136
  0.63744669021367428  0.64935114445897857  0.66030330490310962  0.66996590292147240
  0.67918371911972708  0.68889673132864382  0.69871784917770019  0.70887505286634545
  0.71918679625807003  0.73112340346699778  0.74342284683216731  0.75521311309687356
  0.76624967516724651  0.77690036213433700  0.78741025902236417  0.79771990074458099
  0.80805553278938935  0.82025554787621191  0.83226013966792667  0.84320782625887647
  0.85392227411644694  0.86462125703763781  0.87614922847523247  0.88659188647733167
  0.89870404457119846  0.91148762526716542  0.92347084381187328  0.93217084844466691
  0.93990728574607096  0.94756293484114718  0.95652745188176647  0.96516991960717191
  0.97397098233736867  0.98243152059920513  0.99121043072382742  1.00000000000000000
 -0.00116790651499709  0.00871433193178689  0.01803933504762545  0.02809989858931989
  0.03788485088224450  0.04718324277945352  0.05692023747314393  0.06745765081601547
  0.07810946989732034  0.08792904222667929  0.09746592955825267  0.10725153078559652
  0.11695697302233553  0.12617805938817420  0.13593339459034345  0.14642257807913464
  0.15762940415233687  0.16850653686068140  0.17974255273286446  0.19184261720429729
  0.20503968657821553  0.21684150919507464  0.22852912936264363  0.24092073393113464
  0.25271081153393399  0.26332666712586406  0.27357495028551293  0.28431658508274266
  0.29538070462883714  0.30520880118281546  0.31398923860035904  0.32175946039698655
  0.33060669584010322  0.33975202712708275  0.35026356268994602  0.35998875973724420
  0.36996753824170864  0.37998344545394763  0.39008796149748726  0.39989830874417548
  0.40923069037160698  0.41875354055931091  0.42919837494674618  0.43956170378683052
  0.44969013332755980  0.45848307084289441  0.46853835826140050  0.47903604541102690
  0.49056677179517760  0.50259420170712965  0.51424339922545348  0.52647787267465795
  0.53918526735817318  0.55172819268918050  0.56360063105624048  0.57435356774066215
  0.58466422575164145  0.59548588949624770  0.60616011700626238  0.61631191437234101
  0.62590520851963194  0.63520950618382310  0.64436121854433348  0.65345926661816922
  0.66194141617912983  0.67117602251635167  0.68124654267203999  0.69253812346981680
  0.70591624078067428  0.72006874374208873  0.73329335374000815  0.74542245092881410
  0.75716949133178379  0.76889226618893414  0.77993350861192834  0.79114960343223206
  0.80285196442146212  0.81492941492807747  0.82649874225049347  0.83743025686021422
  0.84860622892801441  0.85988996995859179  0.87246336114264578  0.88366161758463291
  0.89532280578823586  0.90643353985822939  0.91674504189463202  0.92622399722340965
  0.93545382843973279  0.94517121008210048  0.95492387553398150  0.96461357792401636
  0.97346974479711501  0.98180858943539795  0.99092525709026924  1.00000000000000000
 -0.00227053601556932  0.00958106429313885  0.02116623497660335  0.03252363924953751
  0.04448375673428608  0.05695354727827910  0.06834117721825013  0.07854836647448013
  0.08728149001216853  0.09595405356797343  0.10430715356088782  0.11372296051069659
  0.12421518164632142  0.13809863188570765  0.15302106223823003  0.16765106628379720
  0.18210503797506383  0.19231542292772524  0.19898615988394758  0.20649761901832242
  0.21450672262494236  0.22281688068941291  0.23111206812641455  0.23970412655095910
  0.24938359006673877  0.26207695171362599  0.27215410474284690  0.27996842018049073
  0.28731313076759368  0.29628721991906087  0.30683197106651411  0.31758946443651836
  0.32902692150391144  0.34200733463754690  0.35632967394727799  0.36916623560475448
  0.38072289530043668  0.39047302431044850  0.40037723863694896  0.41041504609657736
  0.42112820700795278  0.43183698802029569  0.44266572032721152  0.45416134005902553
  0.46548761166481994  0.47664263586555933  0.48775237309577008  0.49875945210174610
  0.50997908136367465  0.52133518930089784  0.53197037812595627  0.54185824825680795
  0.55184936542436513  0.56222320416039417  0.57223926533124214  0.58205070272013593
  0.59181765210298776  0.60252035446857677  0.61336024320357663  0.62409081847757264
  0.63455015285364080  0.64527209548078901  0.65629387083842639  0.66754720190933459
  0.67917845695140966  0.69042854483092198  0.70117993779437549  0.71170696446591808
  0.72251882142897861  0.73293477124403505  0.74262493348045000  0.75193853367211838
  0.76226831277202201  0.77338177385871631  0.78522111213837886  0.79714271855147889
  0.80982197431708058  0.82148476334651432  0.83197209588909715  0.84217858291843706
  0.85177095146307324  0.86147123878466214  0.87192649020865942  0.88268407745571353
  0.89515830418688980  0.90693649555203382  0.91851823594222370  0.92926528245649587
  0.93926024770379779  0.94828033488804597  0.95700803658490285  0.96559092827123127
  0.97372112021805979  0.98184722125378121  0.99025079674265970  1.00000000000000000
 -0.00333016432963098  0.01121234529370819  0.02278736121300214  0.03403879882899408
  0.04636120668058068  0.05733791281362215  0.06944249316394960  0.08105530233249184
  0.09147641729862670  0.10157198086248248  0.11118755616779347  0.12110746442055938
  0.13102402205475230  0.14039161088701599  0.14947353285035436  0.15912122730890066
  0.16997747701437341  0.18067033843665509  0.19112525666408980  0.20143560007486730
  0.21193269315874277  0.22176259049997804  0.23057241385726432  0.23942456760606770
  0.24824581084065309  0.25896525491623157  0.27043333522488167  0.28180358535225847
  0.29284940388880404  0.30390653538805584  0.31525681850592674  0.32671765329960578
  0.33764195180589929  0.34774316771709363  0.35808000326373030  0.36821982555563787
  0.37910866355546130  0.39004620376413307  0.40187880515286678  0.41446275142659555
  0.42718793469387828  0.43880508199250462  0.44665885424186136  0.45390903154028012
  0.46116774347689760  0.46834849823747415  0.47619434025658863  0.48397053846942140
  0.49183042151998918  0.50126346002506372  0.51163261268706151  0.52205612884074482
  0.53201514602849009  0.54213758931821232  0.55411928735181015  0.56656186388467644
  0.57902971149096838  0.59153287177750047  0.60377016601094635  0.61438649980777793
  0.62479459783965641  0.63505999276657998  0.64566430076869719  0.65663658187288998
  0.66891935278251802  0.68125850633427776  0.69255425366219203  0.70341573841013671
  0.71303389143065155  0.72217049519649423  0.73152870243422463  0.74110590544468269
  0.75078907081495916  0.76066426691381939  0.77124456555602161  0.78303404518917186
  0.79486828224037021  0.80463200574845861  0.81308060139290927  0.82182450447731292
  0.83120801161004265  0.84285808234687243  0.85531395007286004  0.86503606959220114
  0.87437766926288252  0.88363816750757140  0.89551840722573695  0.90874912569103561
  0.92141805299103774  0.93227817006947589  0.94265006037844290  0.95261548066510393
  0.96400212627997039  0.97571390726896212  0.98786781485924957  1.00000000000000000
 -0.00466330307964297  0.02438223949012053  0.04436845810531649  0.06217330974780168
  0.07828167710820991  0.09497116215931310  0.11227109017855015  0.13056352493499812
  0.14764644384209366  0.16232803119697775  0.17620916945142262  0.18872762734550616
  0.20070001888174704  0.21220119817194499  0.22669277896280426  0.24091408066951767
  0.25479352526942023  0.26781055582296681  0.27835412143537419  0.28874512595571739
  0.30065891288261715  0.31282382144669008  0.32492168443279490  0.33652804500336936
  0.34860058689063372  0.36125713725275727  0.37448939516564778  0.38645244084662395
  0.39778773449696025  0.40907213763789757  0.41952247974550827  0.42918209864904744
  0.43722700016704347  0.44596885971744787  0.45529083123003367  0.46439256710376570
  0.47578852758055928  0.48732084528846920  0.49917322027461786  0.51036301378971782
  0.52058341285487775  0.52892710836525625  0.53620302468461367  0.54341010972735215
  0.55106147822651841  0.55940784156604417  0.56751160381894905  0.57495787846582358
  0.58271243888355895  0.59219043882207401  0.60352124377196781  0.61466660568944886
  0.62564678616543601  0.63578298892066953  0.64591492542122020  0.65613722664186691
  0.66793003463418255  0.67958141342498013  0.69099379247855786  0.70163405155207537
  0.71133748710659561  0.72077683606664145  0.73047777511741241  0.74067228588246903
  0.75033533323942803  0.75976701443757588  0.76877849327657588  0.77741106860085263
  0.78578296492053101  0.79419668590787151  0.80303513955338757  0.81183830813924107
  0.82096978391531461  0.82982208026370263  0.83908831149299690  0.84710055288203046
  0.85436859582001123  0.86161598760068325  0.86928356340581392  0.87812653654999662
  0.88727836460469123  0.89604839243128898  0.90466785612250966  0.91334869960258913
  0.92222378515656456  0.93134846699203311  0.93925701108756365  0.94651772267859191
  0.95282947638217763  0.95895366163998585  0.96497981458742010  0.97142007467375191
  0.97811765968921838  0.98510008846662733  0.99259336968002554  1.00000000000000000
 -0.00258249917271704  0.00987361774907120  0.02015135235309140  0.03062502556308455
  0.04126279832648964  0.05259018184273809  0.06472559474867397  0.07505177142605214
  0.08392728700593831  0.09286256704562859  0.10357795416458264  0.11625899926230676
  0.12725068989997201  0.13803616440574801  0.14706808021494802  0.15706899889489873
  0.16735085760524587  0.17799426761160206  0.18807079328996076  0.19769766900403946
  0.20771177603711610  0.21857007643877363  0.22973420291084345  0.24037449648124040
  0.24990813621977509  0.25846735908341628  0.26698295494288393  0.27549987690118305
  0.28611779929554049  0.29894476323213365  0.31184630110382522  0.32387237695991805
  0.33429255979891076  0.34467881283021717  0.35451793254878122  0.36401027200239822
  0.37359138033188544  0.38377238170018213  0.39502510686469250  0.40764654152770075
  0.41985988173732214  0.43253657834381221  0.44255338304493486  0.45234922622351204
  0.46254176668507219  0.47241704521451139  0.48222276382047502  0.49173991593563221
  0.50241420089775701  0.51515728483274792  0.52678544157229390  0.53622557479998068
  0.54569739862957967  0.55535055514803855  0.56609484474577110  0.57747086816361792
  0.58840656269341174  0.60050279073128232  0.61177333145532420  0.62410940687530425
  0.63265086910482138  0.64112915743693621  0.64908909902932843  0.65777095931041507
  0.66742682397059649  0.67715782082697840  0.68677664709797293  0.69846504685484767
  0.71132309894202828  0.72355514105456431  0.73532101116218829  0.74735039857919527
  0.75969075778078288  0.77193399366161308  0.78064253044212084  0.78902556481424369
  0.79720395135129440  0.80601169237244907  0.81554472565371949  0.82561290711987723
  0.83717518667995539  0.84979576445310634  0.86147848419135031  0.87309502917419424
  0.88519710105028415  0.89761697113430927  0.91013452356034008  0.92160629951425432
  0.93266278825043636  0.94292589216698319  0.95181974352955467  0.96057835517081824
  0.96934752783981892  0.97987359118651840  0.99018274038736809  1.00000000000000000
 -0.00207599664113554  0.00719840531590900  0.01691091620046594  0.02588889043381103
  0.03515761355433348  0.04533255466163191  0.05548736256038675  0.06648456508400002
  0.07534938407381347  0.08395691390891909  0.09267150722663529  0.10158959942755139
  0.11039840680477410  0.11834115583625775  0.12732046531504967  0.13807635569857651
  0.14899506158899820  0.15950454664529840  0.16912834612309724  0.17863090413753521
  0.18718161107624198  0.19560119884691915  0.20426490660233049  0.21357611736638904
  0.22341722154061111  0.23378755061303017  0.24376889594030773  0.25497370666928887
  0.26680356971321706  0.27898104821896608  0.29212509032514711  0.30682716629786572
  0.32130864316320540  0.33474541818762876  0.34665612604444229  0.35794803932808905
  0.36839791342637224  0.37798258856791500  0.38777180473757872  0.39774303162410213
  0.40840652523077597  0.41916594969161741  0.42971051010335948  0.44150560299216390
  0.45285690142086032  0.46249032392356459  0.47241860983274242  0.48188262990360586
  0.49172459013215847  0.50142200322226049  0.51119101542776912  0.52117064582241368
  0.53165955702977308  0.54318099929039587  0.55614233473997998  0.56892452064163868
  0.58140504843300522  0.59228994734355889  0.60302160360960078  0.61388767182627457
  0.62447280645245351  0.63435932649545679  0.64411307173315935  0.65480981868108923
  0.66624809942190388  0.67753414147874536  0.68786000515228884  0.69743206929835022
  0.70708539873886700  0.71720888118200266  0.72791662988762862  0.73911725204249323
  0.75075503731327631  0.76313321916869270  0.77516533152916156  0.78699133372795049
  0.79811907170401208  0.80932124407361672  0.82089528511754728  0.83303245767552425
  0.84525153216412097  0.85636571678319218  0.86657323255975316  0.87691240007932725
  0.88718988581722735  0.89702724136178569  0.90645844659542485  0.91546660227600418
  0.92488043827883037  0.93487701489886277  0.94495963254892135  0.95549489579082414
  0.96571592464066658  0.97687434537780937  0.98844187942375061  1.00000000000000000
  0.44875021918945074  0.51176129581020691  0.52846578960280621  0.53517300777491195
  0.54197511744453286  0.54992547642011935  0.55859280406789913  0.56744601610087164
  0.57806034377165427  0.58537602127918287  0.59268872736698985  0.60145382863325536
  0.61266994019993903  0.62291439784846525  0.62942164744405427  0.63527979045130900
  0.64151427591047561  0.64846221796212977  0.65563008830840541  0.66226856500250841
  0.66911526386766729  0.67564821475405656  0.68190288301704827  0.68777689837372125
  0.69424350107985267  0.70070572658963393  0.70751539671271557  0.71362214824180847
  0.71938352824594987  0.72574265141822558  0.73260268874647616  0.73873472555801045
  0.74411583930548320  0.74904748801391519  0.75384618471457354  0.75835383886349506
  0.76284251348752186  0.76719292167972974  0.77210501995466152  0.77699950699275955
  0.78143079192456710  0.78522538571554634  0.78907047082830328  0.79298937878936926
  0.79757403510725156  0.80248469681387835  0.80749517481400901  0.81211248163684280
  0.81653883621294754  0.82089216649440444  0.82572210649268951  0.83007970109905516
  0.83416415668908528  0.83819638733884894  0.84262929733033654  0.84702975116639490
  0.85112163631120341  0.85504566859338427  0.85912059276709007  0.86335193869440985
  0.86728324057680173  0.87130056425429370  0.87554304722314158  0.87998987108197768
  0.88436781356060012  0.88847264299352391  0.89261873317048257  0.89669824837163370
  0.90070456814926558  0.90476402530777089  0.90846402463889986  0.91241879880693066
  0.91623532851366063  0.91994749683900789  0.92366371589493290  0.92728621775530595
  0.93074946777631196  0.93407930054270816  0.93735881044945657  0.94070502070239082
  0.94415811257950299  0.94780909388904677  0.95156575033987290  0.95503856893148131
  0.95849368315607575  0.96182819114537021  0.96527271692816541  0.96895167487393563
  0.97268206644179811  0.97657000366362756  0.98044853432215240  0.98428659932608153
  0.98775120486125978  0.99147737086463261  0.99556511744417298  1.00000000000000000
  0.00332389579715483  0.17998157113631078  0.22224261847551213  0.24598444289094940
  0.26430687924127444  0.28102252312866938  0.29783768993662513  0.31467008339174768
  0.33003907240056890  0.34322077378720517  0.35524626845971985  0.36746910007176964
  0.37966610453745520  0.39111925530548547  0.40158593808387000  0.41197592505452513
  0.42191985181524705  0.43092081469789267  0.43940169865065648  0.44754449171481309
  0.45560826833160128  0.46475213306660657  0.47344963913726051  0.48241849563064276
  0.49068013443422931  0.49935948151676107  0.50689122365812822  0.51398873662145761
  0.52082191100685793  0.52763878544273735  0.53505298223513464  0.54191312052330887
  0.54848986725989279  0.55538138058163744  0.56182941087778426  0.56878398009754993
  0.57596634432516747  0.58349883273895409  0.59112238323479283  0.59825666144773437
  0.60439168091054007  0.60938909170090327  0.61411279396431651  0.61915202285891224
  0.62497502281571982  0.63023982510059551  0.63513874688550687  0.63989320645489889
  0.64465539271734840  0.64971797448717361  0.65505700783397702  0.66054104007531089
  0.66639292071321576  0.67255925511269832  0.67871921115461653  0.68518575682214244
  0.69033228898376009  0.69515475443632002  0.69962334016573491  0.70395427981935388
  0.70848348841628894  0.71310830036199269  0.71739693222614476  0.72139976392642391
  0.72549975014929802  0.72984260442485493  0.73413847494505946  0.73819691157563394
  0.74172617736083635  0.74521421975137436  0.74853159359987231  0.75265084512867220
  0.75711185403978598  0.76203814912373824  0.76742316221696361  0.77330396832224479
  0.77965554947859361  0.78579916587705412  0.79097674032136089  0.79520368123184892
  0.79930108859575122  0.80369987646869345  0.80822386353780251  0.81330062654872692
  0.81872775776636275  0.82459603878470944  0.83111543815726330  0.83763809004581657
  0.84201235599534596  0.84681058173580570  0.85153502198975728  0.85606938018560408
  0.86832968979689018  0.88115807101148458  0.89516458110925001  1.00000000000000000
   4.3729666166093169E-006  -1.0000000000000000     
 F F F F F F F F F F F F F F F F F F F F F F F F F F F F F F F F F F F F F F F F F F F F F F F F F F F F F F F F F F F F F F F F F F F F F F F F F F F F F F F F F F F F F F F F F F F F F F F F F F F F F F F F F F F F F F F F F F F F F F F F F F F F F F F F F F F F F F F F F F F F F F F F F F F F F F F F F F F F F F F F F F F F F F F F F F F F F F F F F F F F F F F F F F F F F F F F F F F F F F F F F F F F F F F F F F F F F F F F F F F F F F F F F F F F F F F F F F F F F F F F F F F F F F F F F F F F F F F F
  <DiscreteSampler_grid>
  grouped_processes
  1 # 1 for a reference and 2 for a running grid.
  10 # Attribute 'min_bin_probing_points' of the grid.
  1 # Attribute 'grid_mode' of the grid. 1=='default',2=='initialization'
  0.0000000000000000 # Attribute 'small_contrib_threshold' of the grid.
  0.5000000000000000 # Attribute 'damping_power' of the grid.
 # binID   n_entries weight   weight_sqr   abs_weight
    76   10   2.278822029875403E-001   1.930612544349694E-001   2.278822029875403E-001
    77   10   2.278822029873336E-001   1.930612544348350E-001   2.278822029873336E-001
    79   10   1.833474404338941E-001   1.162973826781551E-001   1.833474404338941E-001
    80   10   1.833474404337824E-001   1.162973826781158E-001   1.833474404337824E-001
    82   11   1.292838390096576E-001   7.693133906378812E-002   1.292838390096576E-001
    83   11   1.292838390096087E-001   7.693133906377958E-002   1.292838390096087E-001
    127   11   2.439048590550867E-001   2.437881584842772E-001   2.439048590550867E-001
    128   11   2.439048590549027E-001   2.437881584841597E-001   2.439048590549027E-001
    130   11   2.417718103196746E-001   2.512814547581680E-001   2.417718103196746E-001
    131   11   2.417718103194854E-001   2.512814547580439E-001   2.417718103194854E-001
    133   11   2.515346067647430E-001   2.706346565149978E-001   2.515346067647430E-001
    134   11   2.515346067645484E-001   2.706346565148667E-001   2.515346067645484E-001
  </DiscreteSampler_grid>
