  0.00386966228851148  0.01228392509139745  0.02195447459302433  0.03267479751737693
  0.04355816027932351  0.05419277478234668  0.06675565770088243  0.07993009274909071
  0.09219903406685856  0.10246498905464436  0.11202033404801545  0.12189281315984839
  0.13308384410464941  0.14542654962689164  0.15745848438036397  0.16888180692407234
  0.17979606371330459  0.19046750646565894  0.20074100609029080  0.21076771931842600
  0.22082411490216683  0.23118555755673256  0.24268160238372574  0.25252225285904595
  0.26132447498191447  0.26959643684158868  0.27900991083987281  0.28990831373375503
  0.30116522049292577  0.31210312636299431  0.32236535551816720  0.33241361885736259
  0.34296898077923160  0.35413759574510834  0.36614792447123745  0.37705840763684267
  0.38710423764491625  0.39678545034196627  0.40681220784704353  0.41732418075017830
  0.42658442869289726  0.43611736874478574  0.44729412243117045  0.45985846925360535
  0.47224940576468932  0.48354038508813763  0.49335601430953752  0.50441012330038437
  0.51315034457583042  0.52153722934006841  0.52964369754324347  0.53805095705049266
  0.54857528719280257  0.56055488680806842  0.57317838433449553  0.58572357370276840
  0.59734056452489592  0.60841718742680695  0.61923764123928182  0.63030034309088068
  0.64174443544010196  0.65204878260736099  0.66197770779913201  0.67136153697179135
  0.68115646802177199  0.69167418870217767  0.70301145330133996  0.71481909416002265
  0.72654491737610283  0.73792469915075398  0.74860953398419028  0.75952572904622784
  0.76985363775376336  0.78117278408721857  0.79355008629543466  0.80561615551834354
  0.81731298154284993  0.82880538439762330  0.84017858449814731  0.85103267044563236
  0.86098226367945929  0.87149306656868519  0.88164080658084798  0.89197253287363121
  0.90240438408260304  0.91213109949088900  0.92120451367068856  0.93016621854856785
  0.93904696611058702  0.94889879856214887  0.95910434910130160  0.96907615525976443
  0.97873625849327217  0.98797510454143245  0.99278317552050410  1.00000000000000000
  0.00000419687863095  0.00000485557394368  0.00000568458666083  0.00000630904787629
  0.00000663200148138  0.00000692680746972  0.00000727242548715  0.00000764637346816
  0.00000804937168578  0.00000839618972314  0.00000880118148655  0.00000927620941721
  0.00000964984981194  0.00001007812713942  0.00001063760857264  0.00001120957300865
  0.00001184226961834  0.00001253509413429  0.00001320659823209  0.00001393540117463
  0.00001463803312913  0.00001535124142410  0.00001621809945966  0.00001714702352724
  0.00001814133969961  0.00001921553579056  0.00002035568634186  0.00002162549657851
  0.00002288628867451  0.00002442255480166  0.00002613589664571  0.00002798521233198
  0.00003021626816231  0.00003272557456454  0.00003544014266445  0.00003856997504986
  0.00004201424538452  0.00004587130858082  0.00005035119789606  0.00005575031632284
  0.00006164827242514  0.00006827516482916  0.00007518755576433  0.00008253838538495
  0.00009011307683552  0.00009866871659103  0.00010812654588239  0.00011918307346400
  0.00013191835160024  0.00014564389325932  0.00016060374383681  0.00017606524254035
  0.00019275633269874  0.00021129754291810  0.00023303586800041  0.00025604015580356
  0.00028114389404984  0.00030872651760459  0.00033884579569361  0.00037137717293558
  0.00040568894663989  0.00044130952207066  0.00047712886234924  0.00051179139369773
  0.00054550579964631  0.00057955360223545  0.00061396896462820  0.00065462062363632
  0.00070634371708813  0.00076861596523768  0.00082568465573249  0.00088039108685701
  0.00093494096905936  0.00099178422982768  0.00106004769667978  0.00114359294529044
  0.00125282851377810  0.00138547532195438  0.00151731600534428  0.00165913460645907
  0.00178623499378892  0.00192165969435869  0.00205813845190131  0.00217875116379183
  0.00232526069872219  0.00250663343924564  0.00267794542115148  0.00285190074728844
  0.00309488612065025  0.00338980404920167  0.00375289307564687  0.00504061608313213
  0.00712743173892848  0.00958606434403384  0.05542180232481896  1.00000000000000000
  0.00000267363713107  0.00000271119596090  0.00000296736912536  0.00000320104201939
  0.00000341042813528  0.00000360665079712  0.00000380496606445  0.00000400607273128
  0.00000419739291051  0.00000436967208822  0.00000452209645892  0.00000467594552587
  0.00000482988592894  0.00000498463126286  0.00000516141350057  0.00000535974381687
  0.00000556351125224  0.00000573671009173  0.00000593654031737  0.00000614960660154
  0.00000637613533501  0.00000662848980294  0.00000685997682185  0.00000713447125536
  0.00000742818397006  0.00000773469121586  0.00000804754615463  0.00000840078977497
  0.00000877069354251  0.00000912789070919  0.00000947740604984  0.00000982213794879
  0.00001014507355864  0.00001045648445269  0.00001078861678922  0.00001115397344695
  0.00001155281214024  0.00001200463878525  0.00001252629969983  0.00001309524926125
  0.00001369215503527  0.00001431758063911  0.00001494993017384  0.00001565290397254
  0.00001632426166021  0.00001699040589776  0.00001773485963142  0.00001852671050914
  0.00001937279958839  0.00002032197542939  0.00002139224311245  0.00002245546996898
  0.00002357243206907  0.00002479504777338  0.00002595757373873  0.00002732226896306
  0.00002878896910582  0.00003027552661583  0.00003190580386024  0.00003376641533773
  0.00003581167426402  0.00003810406317719  0.00004056570653598  0.00004298243799978
  0.00004537858987723  0.00004799923703663  0.00005075275195941  0.00005464554603160
  0.00005838553067393  0.00006261907141655  0.00006679874825210  0.00007082223135890
  0.00007522521209781  0.00008053512256112  0.00008777168016689  0.00009675295667775
  0.00010693520755935  0.00012036260229742  0.00013523690373400  0.00015021054447234
  0.00016798734647159  0.00019025174419340  0.00021936036656021  0.00025800563574317
  0.00030881497699575  0.00036626155741185  0.00043207608559734  0.00050900857206149
  0.00062185384353301  0.00078711291600533  0.00105492621867420  0.00149692673304071
  0.00224174148871748  0.00390275081451327  0.04282492342156363  1.00000000000000000
  0.00000331938092652  0.00000435401518499  0.00000475623444085  0.00000516312072967
  0.00000562462367827  0.00000600823922653  0.00000638412660277  0.00000676382063408
  0.00000723863793629  0.00000778787803677  0.00000834765775916  0.00000891496846412
  0.00000949536924735  0.00001006840735988  0.00001057469449607  0.00001118030337959
  0.00001192741642012  0.00001272836281508  0.00001354396638843  0.00001433475083931
  0.00001514607149771  0.00001597519268339  0.00001679714510202  0.00001769696780116
  0.00001865863798819  0.00001968824307682  0.00002083918793981  0.00002203460421309
  0.00002320932054126  0.00002453611594727  0.00002586312165276  0.00002729480586436
  0.00002880410097945  0.00003029514480983  0.00003190497567771  0.00003361624613348
  0.00003552005738295  0.00003750480693094  0.00003970954758769  0.00004200275524630
  0.00004445721018201  0.00004715925323633  0.00005013235517724  0.00005349538251839
  0.00005730858350412  0.00006140767006476  0.00006561732828335  0.00007047060896032
  0.00007557770542102  0.00008104437167667  0.00008692859104132  0.00009355305596624
  0.00010078356161486  0.00010857715779448  0.00011644672339289  0.00012490076567394
  0.00013426862097282  0.00014412280256612  0.00015645987644996  0.00017111233636689
  0.00018601475783980  0.00019925676654257  0.00021096465417861  0.00022159514473914
  0.00023293478899863  0.00024911925364748  0.00026813707024192  0.00029023000359303
  0.00031790901623568  0.00034835865134078  0.00037858812869925  0.00041179665852455
  0.00045021692339101  0.00049508474082185  0.00054408078963500  0.00058903025488266
  0.00063982189774820  0.00069518093550027  0.00076680897197093  0.00086688543873217
  0.00098383947344590  0.00110802180440322  0.00122851976638886  0.00136881970787086
  0.00152490778411317  0.00171897831774224  0.00199703766990995  0.00236078998092920
  0.00277597816788918  0.00330687525626006  0.00427472349127713  0.00606130277265790
  0.00834562668830307  0.01302183923395319  0.04804161986055535  1.00000000000000000
 -0.00186218936748722  0.00598315665383373  0.01272656264540896  0.01914519671109649
  0.02526335006252970  0.03118012295876704  0.03764965813594479  0.04534420165356430
  0.05283502988885801  0.05915119500332289  0.06507482797159843  0.07058202957472826
  0.07545579038328215  0.08011047255322153  0.08539147436742037  0.09057640910439470
  0.09622793884491274  0.10282302835726394  0.10934505029769145  0.11630556186518691
  0.12402036651445170  0.13193453125462665  0.13939060396690434  0.14649501649229377
  0.15390461199701808  0.16165019858359106  0.16927098417922087  0.17699838515127947
  0.18486727039558506  0.19166319123074416  0.19820106303477628  0.20446280671023404
  0.21046809977008765  0.21705654665330443  0.22380022374838207  0.23023609899294314
  0.23659734242873001  0.24276352344811103  0.24862132225149725  0.25516446977813800
  0.26301175851646896  0.27200107892648939  0.28029205206089586  0.28775581368805442
  0.29525879187898696  0.30341699487307888  0.31275314276848676  0.32272323708608930
  0.33218226248013494  0.34209826435249702  0.35236676211704626  0.36289478264987962
  0.37311806828854438  0.38447772313549267  0.39497165547303142  0.40545003260064361
  0.41533695676650140  0.42576803380403294  0.43607516248476780  0.44647276957582682
  0.45582396939680359  0.46516943106855058  0.47475163438588708  0.48506609959339397
  0.49613650149454636  0.50699496165095359  0.51766987102450401  0.52851073978775287
  0.54002449246122741  0.55118970756849539  0.56165001269820636  0.57185230383950569
  0.58249767940910757  0.59401941421470872  0.60606201591804920  0.61842128567009513
  0.63024371286780234  0.64221165985989348  0.65415527261518946  0.66649955581271125
  0.68016948429606161  0.69467584850698028  0.70877308578442666  0.72303129611296157
  0.73894182092281302  0.75603964005463742  0.77398511525581981  0.79464668107817493
  0.81644547431489045  0.83842552245469693  0.86079568681969121  0.88391425449769956
  0.90994826301544185  0.93873571313145798  0.96924872226726111  1.00000000000000000
 -0.00227915967103426  0.00875305082207324  0.01874530238457592  0.03093397578331570
  0.04292520494450146  0.05432638814421203  0.06506012143316398  0.07559644556876294
  0.08552113926722717  0.09504861567670551  0.10542072120978861  0.11693741224481358
  0.12745807039653950  0.13573611045409753  0.14325621486344664  0.15164974430229280
  0.16226044678821130  0.17428558477540892  0.18608672791581957  0.19817371221194147
  0.21083127213237798  0.22380837357015038  0.23367616676597733  0.24346067770815458
  0.25299426294754240  0.26232399040205445  0.27284995038098270  0.28266799489302041
  0.29251428073275998  0.30199353162716769  0.31197537625572774  0.32237664541779215
  0.33335641104401792  0.34498458404896892  0.35669750646166176  0.36920734017042522
  0.38222893356583953  0.39477144554309318  0.40612230925815168  0.41657537178026682
  0.42664465956450776  0.43711892215689258  0.44836430578136610  0.45906962355541348
  0.46885030057991822  0.47801384877212882  0.48761143544691948  0.49688624324278236
  0.50706270728322267  0.51746320927821832  0.52907023901511063  0.54004314681021937
  0.55053005347730588  0.56132258962518611  0.57232017097120602  0.58297981647899688
  0.59386544154378074  0.60536815553299295  0.61712159965000313  0.62820905193121801
  0.63828830515446044  0.64859321185435181  0.65909136611186026  0.66947469126585091
  0.67965664146431182  0.68961620302101090  0.70091406441871706  0.71289010183993129
  0.72563523167933086  0.73787024836012194  0.74835766355921562  0.75757620317923668
  0.76586191749258992  0.77401187669206872  0.78240503216614499  0.79255164932053568
  0.80428528828604273  0.81569615999332323  0.82565050236356852  0.83509691234512373
  0.84488812307860084  0.85585119525084741  0.86723170846628961  0.87885991024774512
  0.89035657831559190  0.90082030035990324  0.91060654034761734  0.92005530805436309
  0.92860374922788369  0.93730061102990558  0.94563613814131464  0.95439377290439820
  0.96550077593016748  0.97704040532986369  0.98855877845696849  1.00000000000000000
 -0.00240131911350736  0.01102251136949242  0.02260838253356427  0.03387197130023239
  0.04499429022413524  0.05564471159108701  0.06643968475705769  0.07655089275775961
  0.08575294279015845  0.09513436009572469  0.10491331444852744  0.11632973880247371
  0.12764982296727706  0.13744953654086914  0.14743914612242717  0.15721809674513548
  0.16644570734691932  0.17529714847555192  0.18397866549372349  0.19431567698644639
  0.20441287816151343  0.21454733796945058  0.22473447139400329  0.23684435046622873
  0.24889691807542011  0.25959430901406083  0.26989570340033653  0.27938086024250147
  0.28920670712995045  0.29957372365583129  0.31244214770992984  0.32634379798838142
  0.33894731421558705  0.35107842963118069  0.36310875403540577  0.37624829230242318
  0.38886149002249837  0.40007124947963463  0.41024711644342049  0.41968958806561313
  0.42930062991914564  0.43901383902884855  0.44854719887234146  0.45691840561917735
  0.46477080772755230  0.47285279458159857  0.48175644165332776  0.49155971181055103
  0.50186837429038322  0.51280419004435795  0.52415780501502240  0.53577298771778337
  0.54815265382041223  0.55993888355945309  0.57059498197948033  0.58142817282422321
  0.59357229142356771  0.60702330158550255  0.61948927537240617  0.62997626695877429
  0.63947960355837585  0.64923743570973358  0.66025425970424656  0.67249662199851490
  0.68499966820696812  0.69741493312661296  0.71008040238160108  0.72211956120710141
  0.73288623930889130  0.74283164165629578  0.75293295023904871  0.76328922512062836
  0.77316880071165894  0.78195267484127129  0.79075694395587459  0.79796599424260295
  0.80398688715079292  0.81005453181572984  0.81647778053060649  0.82408104656368031
  0.83630716695122864  0.84851256745151404  0.85963470765272354  0.87110288644216705
  0.88261438378810975  0.89344171681139406  0.90357878072698383  0.91377272019682065
  0.92468143891568644  0.93633629792300677  0.94790536163691708  0.95807274336061610
  0.96798395529603298  0.97758397932249863  0.98858274351737041  1.00000000000000000
 -0.00006656713432165  0.00010739455455277  0.00029634240988506  0.00053591812961979
  0.00071322515679938  0.00084274005414402  0.00096104720774765  0.00107289090098707
  0.00117694325737744  0.00128094227190910  0.00138491810247257  0.00150311618923354
  0.00162459235170189  0.00175883830451133  0.00189576905399246  0.00203531778944631
  0.00218010796256486  0.00232332882536528  0.00246474873066310  0.00260641008325045
  0.00274520778867343  0.00288052944121765  0.00301256063618352  0.00314571323887569
  0.00328285755242409  0.00341744605970989  0.00355131135624369  0.00368578584681114
  0.00382785767674251  0.00397102129716721  0.00411356986687058  0.00427122038781219
  0.00442247527252355  0.00456799312546779  0.00470083677236278  0.00483601668791437
  0.00497370014828793  0.00507297979262405  0.00516822973113833  0.00526490059396665
  0.00536242583824724  0.00546785885986147  0.00558529454259365  0.00570674386400353
  0.00584824218583811  0.00598290417057641  0.00610184286300997  0.00621805813099053
  0.00632179293689736  0.00642552774280419  0.00653137160047058  0.00663741667514576
  0.00674687077896704  0.00685781352605135  0.00697653103508933  0.00710734899648094
  0.00724462481800475  0.00739856022097540  0.00761195345737116  0.00789283138215636
  0.00816484149577859  0.00844849336171753  0.00870512762200007  0.00893980608070686
  0.00916725488012681  0.00945273074935631  0.00967496838108465  0.00983793608171260
  0.01000288136267787  0.01018316877197209  0.01038493556434789  0.01064072448070549
  0.01089504959489791  0.01118363340871087  0.01151752148642333  0.01194168950028855
  0.01246058223890659  0.01299047344471930  0.01367758496940934  0.01392774238489862
  0.01417192406474183  0.01440749521808642  0.01469751053880921  0.01511288132882921
  0.01636238003598234  0.01798737030247277  0.01856982014823877  0.01920617213448720
  0.02010413756725410  0.02086198275048790  0.02187359542208340  0.02361076707302437
  0.02866906562350051  0.04468984736898048  0.18010768173486230  1.00000000000000000
 -0.00212379280206479  0.00883705492990500  0.01812184694087621  0.02705152049725151
  0.03610996490387981  0.04532459662363547  0.05580776660349176  0.06666514747880259
  0.07817756183522889  0.08980738834942541  0.10150013091616758  0.11284747380509605
  0.12354459222022141  0.13408413445988387  0.14529990870280229  0.15701693087255292
  0.16943930773673124  0.18199490233652418  0.19472564459367803  0.20827768789626031
  0.22278085691147073  0.23661104426797538  0.24950581321892051  0.26104952472125337
  0.27063848502499394  0.27885959816740691  0.28731644506276149  0.29613762552585698
  0.30725884522679453  0.31910047587855717  0.33153488328120956  0.34371879374078945
  0.35554982897549714  0.36402149746774204  0.37232743655816047  0.38015653871020016
  0.38843795830254718  0.39888163884418748  0.40883700501995457  0.41848295411242603
  0.42810994649283929  0.43832756974293263  0.44810675306421249  0.45812049928267956
  0.46872483905230838  0.48010378193042047  0.49074064739341305  0.50051850465773839
  0.51020250748984974  0.52072784296222840  0.53204182601905670  0.54315033061783979
  0.55348387145451416  0.56447336811848303  0.57468422308556877  0.58464620083357477
  0.59368538721003028  0.60306973160361477  0.61231616629931762  0.62220448541961337
  0.63287021565247692  0.64349679800872761  0.65273467480818204  0.66201846327586611
  0.67146904542153019  0.68276758350830880  0.69273517418930008  0.70073128295340814
  0.70817105666405922  0.71544274203445279  0.72344565408396111  0.73197826795905885
  0.74089276321024033  0.75071197883906327  0.76139496572307319  0.77374009743565875
  0.78635205669795316  0.79792347727310875  0.80948699979312788  0.82158380775217665
  0.83311970806045776  0.84451683210975759  0.85560803389933948  0.86473015448951795
  0.87488769373588626  0.88511266888008655  0.89646375562377800  0.90841954238664602
  0.92024173856157443  0.93229146880701219  0.94386942587135148  0.95472705409713632
  0.96498492800249902  0.97573197705937609  0.98707208953374470  1.00000000000000000
 -0.00006842472777937  0.00001322649403847  0.00009755189536404  0.00027664221055765
  0.00045401822601772  0.00060262710738698  0.00074317551196657  0.00082712566920398
  0.00091237068481978  0.00100071660571398  0.00108977486883950  0.00117940305105997
  0.00126824433577963  0.00135864682799902  0.00146300190460217  0.00156514684769479
  0.00166375693061594  0.00175954208473555  0.00185279886700929  0.00194467018354044
  0.00203547086521317  0.00212689242788520  0.00221883559782232  0.00231440240929596
  0.00241319746189341  0.00251623178845745  0.00262150909320811  0.00271466793649419
  0.00280639827362710  0.00289375969017248  0.00298035680506360  0.00306464276923627
  0.00314773619227493  0.00323477981826656  0.00332838597514481  0.00342098556075934
  0.00351170237200267  0.00360526829098811  0.00370371991889152  0.00380912004787060
  0.00392006839280301  0.00402878392275568  0.00413639378910781  0.00424173662256426
  0.00435220725496762  0.00446645985910032  0.00455961719133262  0.00465196133026519
  0.00472497394042595  0.00479798655058671  0.00487205148472295  0.00494738001106356
  0.00502270853740417  0.00507880334332421  0.00513037036508895  0.00518193738685368
  0.00523350440861842  0.00528905673670570  0.00534483766249855  0.00540061858829140
  0.00545709911055802  0.00551475095132727  0.00557240279209651  0.00563005463286576
  0.00573838528756608  0.00585634267489656  0.00598524656654713  0.00608943501975774
  0.00617311567291859  0.00625600358428376  0.00633764266891449  0.00642056642497691
  0.00650535809946376  0.00661009875041961  0.00673443420742611  0.00685748712163474
  0.00700306737447758  0.00714948097542287  0.00729726254126309  0.00744395815180184
  0.00756397840397204  0.00766403765309469  0.00776409690221735  0.00786354040861153
  0.00796048896053949  0.00805743751246746  0.00814894849511063  0.00827369202853316
  0.00841709400152046  0.00883440717356218  0.00911489520244440  0.01209031314103022
  0.02066733195596658  0.03551236278611637  0.13818961582603639  1.00000000000000000
 -0.00197960200270919  0.00886251106355781  0.01819657688251946  0.02841164887787954
  0.03975860963610526  0.05117111126529518  0.06273521568400146  0.07403744447331624
  0.08462246238014764  0.09388900472026045  0.10225802866452852  0.11006840286074124
  0.11862422772211736  0.12761588896262147  0.13955104855550818  0.14987679876868792
  0.16055303199729021  0.17160545916706260  0.18443401183419103  0.19691568928966899
  0.20879571123958909  0.22066242402086503  0.23279104367825706  0.24533548917434247
  0.25760092790140154  0.26925482695814751  0.28066247649634601  0.29179701974214167
  0.30364203530816103  0.31587209926228682  0.32816397937778219  0.33914188099022924
  0.34936902582211810  0.35910775751094798  0.36938560815849314  0.37815836301847117
  0.38617065259367700  0.39386558671378463  0.40199738864524415  0.41163650941696195
  0.42184587915425686  0.43197977623568445  0.44257221297514981  0.45389626398670591
  0.46547171026618528  0.47707735178599137  0.48916971709914076  0.50071475322710102
  0.51099637505800655  0.52084530708679944  0.53157289477342384  0.54288465268311725
  0.55480976191730857  0.56500301451074553  0.57435347344370391  0.58363274273260835
  0.59321144053835750  0.60263399805817508  0.61247575121351849  0.62293642704289121
  0.63429170807632951  0.64598183512941865  0.65707711036339478  0.66759402706474724
  0.67818874964100939  0.68886832549268007  0.69949128847043096  0.70957499404534485
  0.71892498312880848  0.72797240391997464  0.73650027180839173  0.74677361086958605
  0.75891209497510226  0.77155279696826418  0.78432390779590611  0.79658127965400916
  0.80881286950609510  0.82162369077632413  0.83482002441489822  0.84687694398377666
  0.85787154830777890  0.86762146606857460  0.87656315443581534  0.88588593852098751
  0.89410161771108654  0.90269713498315696  0.91124596081181730  0.91981583038233494
  0.92828905154451402  0.93559734270760042  0.94452086406657043  0.95309574404885455
  0.96353521011989129  0.97519680935996333  0.98774864674282004  1.00000000000000000
  0.53320714484870013  0.53985491231027871  0.55011835186197622  0.56015388803896771
  0.56960750260379600  0.57943375049444212  0.59192332058126063  0.60388798582006398
  0.61253222384334882  0.61918439392907276  0.62535236408523598  0.63178437251518893
  0.63910555116018686  0.64672367677676590  0.65409403747231898  0.66149533048983433
  0.66840716452255122  0.67497858477320449  0.68120742399523870  0.68757877425688374
  0.69406543153317668  0.70032989361137576  0.70603394826369725  0.71169561604456244
  0.71752243879042876  0.72412387263450095  0.73085139935113275  0.73709932834238745
  0.74281720479269064  0.74840724474266451  0.75397258192937078  0.75956093261889845
  0.76501207367123103  0.77016286556194424  0.77506342566897279  0.77977948729509117
  0.78482021967229287  0.79021258020115748  0.79540676546921740  0.80027389964910123
  0.80504658114940120  0.80977255958537819  0.81431888108444783  0.81872819112842066
  0.82318261632099943  0.82767913674681892  0.83213831402630523  0.83659754294823430
  0.84102229517733962  0.84502547582502885  0.84888089515891629  0.85278357314288411
  0.85673849058867624  0.86041631037341837  0.86386194645255177  0.86722604040975004
  0.87072448414655490  0.87430700070494338  0.87773339216968393  0.88107779139806575
  0.88452037747038881  0.88836972310570650  0.89254727836393521  0.89657844547010246
  0.90048189856293215  0.90438940713702165  0.90805470110745556  0.91156286388890673
  0.91499074796853586  0.91843637016231161  0.92196038645717826  0.92537024138902690
  0.92868346125291112  0.93198830570697899  0.93518852228297789  0.93828838958778837
  0.94127334863436229  0.94411021064357792  0.94688219839779253  0.94979012594864176
  0.95276170978857988  0.95554738740955802  0.95823906050301233  0.96099844981420168
  0.96379901028351955  0.96658602423863793  0.96970598635328020  0.97253159709574377
  0.97581369380655136  0.97907839141071196  0.98215719463252804  0.98522955086807351
  0.98828281125931172  0.99146998332553582  0.99551338520232646  1.00000000000000000
  0.01435809901524721  0.19444063609802831  0.22574508572340490  0.25119442754278543
  0.26927756239085110  0.28403776681893278  0.29816015919947092  0.31241862824209254
  0.32507860466759669  0.33630208499819081  0.34712187358845076  0.35803992208309893
  0.36860048032181536  0.37843672388929389  0.38718691047713177  0.39578765310070207
  0.40428654035177614  0.41270563859777959  0.42078356921460414  0.42855548159021556
  0.43566999672820206  0.44142885089019407  0.44634561802542749  0.45123242803396291
  0.45633224558917018  0.46271926768994304  0.46920939641841619  0.47564100753786775
  0.48191792534842165  0.48822780116645237  0.49449906053887455  0.50058020115749158
  0.50622386020740751  0.51173738886434361  0.51740996950719209  0.52323231301609130
  0.52906108429382170  0.53462339711853157  0.53969890541568732  0.54485771496922253
  0.54961983205851150  0.55439764973636585  0.55898492738894678  0.56380004475469236
  0.56843068402413910  0.57333040352635256  0.57788566856383528  0.58228650395036963
  0.58683972982480537  0.59176783757081375  0.59709680621937788  0.60257724806118507
  0.60813567215475450  0.61357512412021331  0.61866042337327398  0.62374726034276284
  0.62847776883320594  0.63349157614353757  0.63799257375188434  0.64212101774780472
  0.64646814978635958  0.65057757586217824  0.65482648865979709  0.65963095059793631
  0.66458716972166576  0.66953987595652109  0.67488563723397732  0.68044651783551291
  0.68578260716843942  0.69103120706499988  0.69614676961006861  0.70140049648203118
  0.70680970364005868  0.71225128651144232  0.71796403024129130  0.72383630530123233
  0.72987242475860770  0.73629402103077879  0.74276786631477087  0.74914170493433241
  0.75615826198109259  0.76289778521375851  0.77010981883213969  0.77769280502226290
  0.78596482508176990  0.79460138207146103  0.80423996040990553  0.81312751557046559
  0.82220307765316780  0.83124247171581678  0.83979266461099256  0.85040061398467137
  0.86188643017340716  0.87511082200624946  0.89379514868729215  1.00000000000000000
   7.0703584147559170E-007  -1.0000000000000000     
 F F F F F F F F F F F F F F F F F F F F F F F F F F F F F F F F F F F F F F F F F F F F F F F F F F F F F F F F F F F F F F F F F F F F F F F F F F F F F F F F F F F F F F F F F F F F F F F F F F F F F F F F F F F F F F F F F F F F F F F F F F F F F F F F F F F F F F F F F F F F F F F F F F F F F F F F F F F F F F F F F F F F F F F F F F F F F F F F F F F F F F F F F F F F F F F F F F F F F F F F F F F F F F F F F F F F F F F F F F F F F F F F F F F F F F F F F F F F F F F F F F F F F F F F F F F F F F F F
  <DiscreteSampler_grid>
  grouped_processes
  1 # 1 for a reference and 2 for a running grid.
  10 # Attribute 'min_bin_probing_points' of the grid.
  1 # Attribute 'grid_mode' of the grid. 1=='default',2=='initialization'
  0.0000000000000000 # Attribute 'small_contrib_threshold' of the grid.
  0.5000000000000000 # Attribute 'damping_power' of the grid.
 # binID   n_entries weight   weight_sqr   abs_weight
    10   10   7.019339221445202E-001   1.133865908908910E+000   7.019339221445202E-001
    11   10   7.019339221445197E-001   1.133865908908908E+000   7.019339221445197E-001
    16   10   7.019339221445203E-001   1.133865908908910E+000   7.019339221445203E-001
    17   10   7.019339221445200E-001   1.133865908908910E+000   7.019339221445200E-001
  </DiscreteSampler_grid>
