  0.00341198693633500  0.01446044439582387  0.02498043019680630  0.03544115287898681
  0.04575023187144042  0.05705526927654680  0.06873774963018563  0.07986357308678269
  0.08972093132810789  0.09896664656748597  0.10816492323411107  0.11688219447825821
  0.12536784888429020  0.13405673909214672  0.14322836489719601  0.15287412453152777
  0.16230266392469056  0.17179576019419823  0.18144637552966414  0.19243633328601251
  0.20410795359956022  0.21445659673933748  0.22431940262328615  0.23506012369583007
  0.24723974939971322  0.25981684719855375  0.27109272358242831  0.28210628099739310
  0.29279272924118399  0.30413197822454330  0.31591771363745802  0.32895040602046788
  0.34293420847943867  0.35650753633630439  0.36870561845845667  0.37961391636765052
  0.38985982717520906  0.39902940035864254  0.40914170929438659  0.41883136541835408
  0.42929573510335617  0.43902517373401534  0.44811733833714251  0.45664401822253048
  0.46502371816768978  0.47394913907862002  0.48391136071405294  0.49501682614026138
  0.50476012214427146  0.51385104507643697  0.52313900121282719  0.53329513218868907
  0.54411369611467741  0.55527168548621952  0.56698487160170297  0.57907673750506827
  0.59058897728043103  0.60128022975184148  0.61144606692894743  0.62149431042693137
  0.63203832819110939  0.64331216157990423  0.65388612874697516  0.66443734229089768
  0.67554444690438786  0.68806302438002798  0.69956964774728081  0.70878262158863348
  0.71720785451918456  0.72608516729471639  0.73662934665000057  0.74757732193550397
  0.75829817959886470  0.76948840734336021  0.78190478120536111  0.79464877019855529
  0.80600340464505582  0.81607554635287227  0.82567297047184129  0.83506509483667368
  0.84489953107553151  0.85544302471108347  0.86673965649344198  0.87643702181100391
  0.88588965376649065  0.89546648063188561  0.90545570747088455  0.91513096529657800
  0.92475818681033306  0.93493924000238204  0.94623982851227439  0.95890755375851267
  0.97129597995793482  0.98181888292772068  0.99236015292426549  1.00000000000000000
  0.00282074425347347  0.01297616962609797  0.02417583679850611  0.03569065674417676
  0.04639815614460713  0.05699248701334996  0.06785005578017936  0.07833302959755940
  0.08858888944100071  0.09895384205243538  0.11016652774165328  0.12140171261903308
  0.13175079512887103  0.14107732596084915  0.15079391269319783  0.16141081145472838
  0.17245708630382103  0.18367162090663974  0.19537538522749318  0.20774376360862440
  0.21954342557547366  0.23027989275084998  0.24055835697939135  0.25085199830871763
  0.26081909703014866  0.27014525903838749  0.27906308129512891  0.28747200819198132
  0.29751816908826251  0.30744589320890514  0.31781021953979688  0.32783355161629441
  0.33816301939510912  0.34867693486220386  0.35940579911844434  0.37018214390383392
  0.38095742833681262  0.39141329670253622  0.40096068016606368  0.40946130135885922
  0.41816168499283379  0.42747568707860312  0.43886924270162825  0.44911234693977803
  0.45971224573393055  0.47120714175658124  0.48225710125969345  0.49270951702958737
  0.50299599066636980  0.51380927206157001  0.52540849792827338  0.53569510112515784
  0.54475703929221075  0.55294874410889772  0.56187157618570160  0.57191721361749481
  0.58174989624450024  0.59116428549602662  0.60150292095250057  0.61278194735736480
  0.62463849622732848  0.63503392158228378  0.64474852239561264  0.65483982327211365
  0.66504733017678308  0.67513003912742631  0.68460471542608137  0.69473448031534224
  0.70474940342770287  0.71436982458768028  0.72433231949517796  0.73403821505360956
  0.74492624118325890  0.75492962254363205  0.76651769913347256  0.77832138781828941
  0.78961128459920038  0.80001527155134855  0.81004720801378294  0.81958944304617909
  0.82860563603061410  0.83755674558762350  0.84750911697253317  0.85976371302697574
  0.87368056753697254  0.88649515657665778  0.89766591422883191  0.90883901969166936
  0.91950407612848395  0.92945062125656597  0.93951292838276579  0.95077301997587338
  0.96393565418430416  0.97686392816527468  0.98844718581218216  1.00000000000000000
  0.00000604013690841  0.00000672549221571  0.00000758845252520  0.00000882271805712
  0.00000946422938347  0.00001040876902075  0.00001184601372868  0.00001288065833010
  0.00001398834044529  0.00001508094549804  0.00001593660648897  0.00001682137896951
  0.00001783489199703  0.00001896652466426  0.00002025121823222  0.00002140071478636
  0.00002250370586819  0.00002355236346027  0.00002455087983334  0.00002562186146114
  0.00002685393561001  0.00002804231615832  0.00002933426160888  0.00003060605348232
  0.00003184234269133  0.00003344485723522  0.00003518423092944  0.00003730017979480
  0.00003977810716623  0.00004230769324639  0.00004485469226895  0.00004753190538104
  0.00005008360410577  0.00005301076085957  0.00005635271587015  0.00006025329178568
  0.00006455295020087  0.00006889534896018  0.00007345476249239  0.00007806103827691
  0.00008303451830640  0.00008837636304820  0.00009428059487670  0.00010108698182868
  0.00010858046067024  0.00011699587645187  0.00012654207062740  0.00013696316477082
  0.00014827833813983  0.00016045955091783  0.00017373486153685  0.00018857757407760
  0.00020541121014015  0.00022464675672391  0.00024572740907664  0.00026820775404470
  0.00029188801854910  0.00031672407083963  0.00034633644707822  0.00037771407415615
  0.00040983483999129  0.00044502769878433  0.00048611560084281  0.00053274238138597
  0.00058558989293189  0.00063899871490692  0.00069182190775413  0.00075073502312008
  0.00081876922562633  0.00089935902916274  0.00098534635497734  0.00108071749575123
  0.00118848597914721  0.00130321204508661  0.00144263483116582  0.00160585103214922
  0.00176395274171875  0.00192457333445997  0.00211380163758397  0.00238888497523262
  0.00267331324046771  0.00298443296765040  0.00331372841533955  0.00368970941031810
  0.00408284683269042  0.00467518642471057  0.00544816586014946  0.00624926086375568
  0.00727676551539575  0.00873316222935520  0.01051976467392781  0.01259568975994237
  0.01619071760967870  0.02676769124631688  0.07537881709972806  1.00000000000000000
  0.00001089373208321  0.00001307925828196  0.00001436354973656  0.00001516567553919
  0.00001593521399123  0.00001690605587341  0.00001790813224203  0.00001890552542366
  0.00002021070271504  0.00002151895894463  0.00002279153176774  0.00002397459503849
  0.00002528685108201  0.00002673065003862  0.00002818778274541  0.00002962565879549
  0.00003111491805794  0.00003267178010944  0.00003429489663990  0.00003608154647568
  0.00003816740465951  0.00004067911498003  0.00004395234120018  0.00004751354545561
  0.00005154715772056  0.00005617668407261  0.00006195269633153  0.00006848437404217
  0.00007677342849631  0.00008611301077464  0.00009615450867237  0.00010640814706237
  0.00011704036364387  0.00012920865205924  0.00014391464989537  0.00016026271087903
  0.00017849564792199  0.00019877965504085  0.00022192058806367  0.00024708928085312
  0.00027351169335646  0.00030023112361601  0.00032648730404913  0.00035386297241194
  0.00038366494005123  0.00041682337266469  0.00045243386819795  0.00049004677602167
  0.00052857761287692  0.00057296846678720  0.00062497477881880  0.00068173929909290
  0.00073456841255560  0.00078860933476770  0.00084171369809081  0.00089638079131950
  0.00095164690862141  0.00101002960276471  0.00106689255400385  0.00112064000191804
  0.00117922207107049  0.00124279621713021  0.00130775177466350  0.00139589907987681
  0.00148954207081692  0.00158667859597125  0.00169487457031767  0.00180090517061103
  0.00190088506003654  0.00200560570232027  0.00211509042928815  0.00223896534467474
  0.00237618440550074  0.00253453783955076  0.00274159015636629  0.00294508781926901
  0.00313935082545783  0.00330097606255152  0.00345782270903858  0.00365164461905290
  0.00387050963773852  0.00411327840789841  0.00443658007149851  0.00482012828028913
  0.00516733018927490  0.00546598199146330  0.00588351692127158  0.00640503159509019
  0.00681372595625487  0.00723757363114618  0.00767865025503844  0.00815419886486574
  0.00903897256137819  0.01076877871127380  0.01709040590555770  1.00000000000000000
  0.00001013374881215  0.00001070451038279  0.00001149532293273  0.00001216804385665
  0.00001284450725730  0.00001357642709477  0.00001440531281667  0.00001521702637803
  0.00001605864331606  0.00001731440721322  0.00001889816587023  0.00002053753355721
  0.00002240113625555  0.00002436903159720  0.00002676185956574  0.00002931482073562
  0.00003181885150207  0.00003427231064323  0.00003674440721521  0.00003978901514724
  0.00004326291226085  0.00004697353648393  0.00005059464540768  0.00005416599247120
  0.00005792979276362  0.00006222675615661  0.00006686493487350  0.00007201827546755
  0.00007770447109467  0.00008361284341095  0.00008998726828743  0.00009698671775344
  0.00010464868740461  0.00011316389440246  0.00012245705991551  0.00013308014364599
  0.00014467533222311  0.00015709984965723  0.00017078891994917  0.00018600488724781
  0.00020227267679702  0.00021907580136314  0.00023717692409791  0.00025541314729823
  0.00027418696611651  0.00029421139678907  0.00031620247774075  0.00034018209758429
  0.00036524406562047  0.00039206771363229  0.00042157819513361  0.00045185924004059
  0.00048506788428819  0.00052244613407682  0.00056432531840863  0.00060945096052278
  0.00065552589843022  0.00070553018423492  0.00076156991838937  0.00082207791853429
  0.00088738978403013  0.00095912534730433  0.00103370584510955  0.00111181085206073
  0.00119127092450908  0.00126673002969334  0.00134974414011342  0.00145129362153579
  0.00158493077318678  0.00171372668864059  0.00183250377869843  0.00195456411825765
  0.00209754731449315  0.00226084054178680  0.00244271708040238  0.00260581415172966
  0.00278135447150634  0.00298537027790526  0.00319504919337584  0.00349374517172583
  0.00390409654129061  0.00454117869700762  0.00513919595184403  0.00568503963010673
  0.00623158616867650  0.00675163156305747  0.00717421652516559  0.00759806052520205
  0.00806717868935409  0.00859594039918962  0.00945361595812472  0.01092059196260319
  0.01377764397222704  0.02092386995911798  0.04969088885030722  1.00000000000000000
 -0.00205727948987635  0.00853405309291480  0.01851691235854116  0.03021471938447664
  0.04341437423304152  0.05719673982907123  0.07015778395419062  0.08353173117050369
  0.09804482155129077  0.11340122207359729  0.12976491179752589  0.14716355118353996
  0.16321728642044175  0.17723055974249688  0.18992030526078865  0.20267842179461362
  0.21540258273928736  0.22840390885275705  0.24187890161738776  0.25613371123081097
  0.26951140614234104  0.28129740004040316  0.29282162268167894  0.30518797321569341
  0.31753194041245586  0.32900044278630847  0.34021292440576395  0.35218106118699222
  0.36391756511877410  0.37541977265116067  0.38627962517958736  0.39674830500782943
  0.40709663706516908  0.41741675773492343  0.42879204994104297  0.44048211770565798
  0.45221314958696429  0.46375455499653373  0.47443235969430614  0.48377890689354969
  0.49208967695055494  0.50083668681702154  0.51010495689412538  0.51927896225254233
  0.52980997561995047  0.54135774347150922  0.55513838207880917  0.56907239218775707
  0.58207378773928931  0.59413682706666049  0.60493139800721685  0.61487709696906656
  0.62423168236682469  0.63299925476383923  0.64212055989060579  0.65161379372285377
  0.66087369203606217  0.67116514194937749  0.68132438053821598  0.68973902905251128
  0.69742831767918079  0.70482451500583210  0.71316589060228253  0.72192493699135041
  0.73100512868562539  0.73919953155207996  0.74667953242170326  0.75397417252732413
  0.76153366034184544  0.76946418512346626  0.77760890132300264  0.78617190284832894
  0.79502210091724290  0.80346590468196000  0.81175470956741214  0.82001295043187750
  0.82872567906224903  0.83835513179897070  0.84805434578402261  0.85728731797282953
  0.86683942243355949  0.87597621236434275  0.88471959959166879  0.89303483047135146
  0.90109143652522894  0.90920486269850875  0.91718419400449469  0.92473353691264160
  0.93239054037794011  0.94119923622261559  0.95119871388247557  0.96202032731426268
  0.97209808008893095  0.98084601457942688  0.99014880830594121  1.00000000000000000
 -0.00219955289209309  0.00969366023699429  0.01917689306693846  0.02898331288540852
  0.03929620737160995  0.05108245700858879  0.06351781153671632  0.07438862530666687
  0.08429827010490618  0.09368047520479725  0.10352714463599370  0.11309063770102365
  0.12279967872869074  0.13309577718914808  0.14232748482917709  0.15162060134318053
  0.16099433591208021  0.17204272151185521  0.18409868125739717  0.19686740290466501
  0.20915164642869105  0.21984716339395938  0.23021492827148818  0.24079111846322870
  0.25138646918356533  0.26194585360802469  0.27214542190366725  0.28128557925769915
  0.29043638907390762  0.29936447865300914  0.30793841512616549  0.31619090975053593
  0.32434849803574795  0.33333134133946501  0.34519229408431851  0.35711670336546375
  0.36925858806540363  0.38053162073412905  0.39229217195888016  0.40339038521230841
  0.41352360531286725  0.42216040935662885  0.43039408577169697  0.43893868524107937
  0.44893882780948191  0.45943778322806417  0.47028916684467520  0.48096438897731009
  0.49150000239818042  0.50137698347698145  0.51187046240607892  0.52252516421740114
  0.53409897643107096  0.54485321538527143  0.55595101170036099  0.56789244883875545
  0.57989042615761732  0.59147856187434178  0.60168664047148623  0.61177844256458525
  0.62117074486808432  0.63123385571294055  0.64108787608682583  0.65003898122193260
  0.65787859679177285  0.66559607136890164  0.67377689084193904  0.68244508348772781
  0.69154152206372765  0.70065245523718722  0.71066668246394371  0.72173628693797665
  0.73227987751947199  0.74220408608578081  0.75232835067818560  0.76383861029487543
  0.77543206696680556  0.78749781037043010  0.80042901465322569  0.81485243520002071
  0.82939771884786628  0.84494246230823522  0.85785445253103709  0.86974622493993803
  0.88009364904270893  0.89016116074819673  0.90022996216426976  0.91057316529108911
  0.92175602015008251  0.93296779197100399  0.94440697709292243  0.95583344204893583
  0.96701918784177476  0.97803131896145368  0.98887487432464138  1.00000000000000000
 -0.00177951533453704  0.01092679124159607  0.02169859490602695  0.03207199322034824
  0.04258284401946564  0.05393791908379010  0.06577562315713346  0.07716917870002660
  0.08800463716316216  0.09839894790110554  0.10814874621046583  0.11748968184328229
  0.12754177539162687  0.13795714639938003  0.14936376266309240  0.16077485966604510
  0.17313512381421103  0.18600487904423768  0.19794300728247596  0.20913574678207630
  0.22008287168933233  0.23179815042757040  0.24297517927615117  0.25347728095799965
  0.26392003215247539  0.27622821529472869  0.28972731926506035  0.30157501056892666
  0.31302569143935199  0.32525151069097386  0.33921235477400324  0.35201660013845054
  0.36282521688291813  0.37315560444888879  0.38339072591086487  0.39380402738289177
  0.40459879446933744  0.41522755572058789  0.42715081447690834  0.43961837207200832
  0.45088183759000611  0.46146972111343304  0.47164266858344717  0.48199906995923519
  0.49263008579711309  0.50443758501210811  0.51683408263147035  0.52932159133771728
  0.54152998079254566  0.55221493699474233  0.56266231206170769  0.57291828702867986
  0.58473556618900546  0.59589121989786986  0.60680419722598156  0.61830725152707933
  0.62932065768630796  0.63860722714643903  0.64712900176813049  0.65527591774742566
  0.66450495061619563  0.67433092524624283  0.68402105403735824  0.69371764421162141
  0.70454940659337084  0.71681047809707044  0.72706340144699066  0.73531677992717015
  0.74292299518557148  0.75117100048591490  0.75982594475475673  0.76893728780051485
  0.77870303189572498  0.78859543402045407  0.79876867585421185  0.80920481823808044
  0.81933424131632182  0.82967612085015285  0.84002849853057415  0.85097219174625727
  0.86273964808330972  0.87324025643651471  0.88292804563305161  0.89257845777173916
  0.90249146575952932  0.91193046729431759  0.92016056465701956  0.92827122752808111
  0.93654184842287547  0.94571669722633134  0.95524716106029972  0.96414547740732037
  0.97300084029894907  0.98180059966477240  0.99099830602003292  1.00000000000000000
 -0.00196454398911190  0.00995904354930944  0.01887656759819763  0.02818575598300790
  0.03821996811420428  0.04882843802597318  0.06010363002902596  0.07290730482839004
  0.08439074342395332  0.09462176039921345  0.10442568058936562  0.11420418684407263
  0.12414242490461873  0.13384630797965774  0.14420302119325748  0.15614317615549780
  0.16854267194013942  0.17937475399633901  0.18904619498689776  0.19849340906490551
  0.20824791452303443  0.21856833130611561  0.22948537001868086  0.24103103650876329
  0.25219707454547075  0.26225168820023209  0.27205306846216809  0.28369982539555610
  0.29502388351548492  0.30562544330756608  0.31618459519475162  0.32894294648325823
  0.34113365621290520  0.35383551524727680  0.36586201002622504  0.37677349881296268
  0.38551053926215650  0.39408897540054127  0.40311403875635021  0.41253858096981338
  0.42269344843195678  0.43296512922654129  0.44375541667406027  0.45469146801178645
  0.46594786034282937  0.47717670375606669  0.48765570540544412  0.49722307597947979
  0.50651614133577094  0.51600515335123975  0.52567696060062319  0.53625063355741176
  0.54636951059072669  0.55773832181864436  0.56972406588625468  0.58156173445062709
  0.59231656566911339  0.60285027528893043  0.61429892465483471  0.62590008488055116
  0.63767268962767387  0.64874473833679547  0.65999609603515730  0.67075879109163838
  0.68172069725688522  0.69139300127264824  0.69990268619248319  0.70789890271926981
  0.71646945774889503  0.72717936141534478  0.73772614706249873  0.74709622572215362
  0.75565901026829119  0.76384740178042809  0.77226629229011490  0.78125809618030795
  0.79115372680943397  0.80142569053245882  0.81159668651174666  0.82133371283072043
  0.83139633538084168  0.84187070721348334  0.85220889610447592  0.86270535023392503
  0.87381893173048197  0.88497956200871697  0.89589630851580992  0.90608045891498989
  0.91594216876286183  0.92712018688041564  0.93972538130443672  0.95250917200576779
  0.96454843446374106  0.97648727775572042  0.98777017473563344  1.00000000000000000
 -0.00239240235855409  0.01068057818811107  0.02033140468019629  0.03013113739008524
  0.03977444650363524  0.05044915326106702  0.06082433271702111  0.07060809336799670
  0.08042046510400065  0.09093839459599820  0.10172955191252930  0.11202495422457467
  0.12241370616760761  0.13293628965476456  0.14412851135099242  0.15640104491341450
  0.16837428116397293  0.17868212506922829  0.18847211552003382  0.19886229456328738
  0.21014813563427742  0.22132152860443680  0.23233391989249477  0.24318013757516954
  0.25384095162426162  0.26428354004251625  0.27468119801392460  0.28548359062396050
  0.29584572964769829  0.30545478101720214  0.31435142591750209  0.32326527349860207
  0.33402726056951226  0.34515936288398968  0.35501660755189751  0.36401457123283770
  0.37308473978842049  0.38250874705209664  0.39150957032623801  0.40055195390905640
  0.41035511526293766  0.42161374486284742  0.43259145167417445  0.44333405482343369
  0.45350214053868937  0.46296016512189775  0.47201445421989874  0.48120396798188991
  0.49060634469228803  0.50012668768608659  0.50989910776362080  0.52026884852001820
  0.53027972613809671  0.54009555222074423  0.54977517594637004  0.55975504411940102
  0.57014199170327251  0.58025428393843204  0.58953186552843018  0.59871349315997402
  0.60812654488960305  0.61822531971614769  0.62856739716300003  0.63886273036709251
  0.65018979468896720  0.66297309862401221  0.67642984448751919  0.68949537964860264
  0.70184214162558090  0.71290074036428064  0.72268582158702421  0.73224458681474602
  0.74167557537029649  0.75277319990305602  0.76452907373564427  0.77646106533601711
  0.78799951770550580  0.79937235135967799  0.81033934032981825  0.82093744040032135
  0.83107869617929730  0.84083447372538866  0.85016929220459103  0.85896407363356730
  0.86831712809558903  0.87891698760146775  0.89041943031568094  0.90345439937810990
  0.91628514899168745  0.92910204457178280  0.94246912095295543  0.95436673058980381
  0.96517904435671642  0.97529479943103026  0.98718885729993033  1.00000000000000000
 -0.00015210633823882  0.00006054568769054  0.00067843182987339  0.00136439057384102
  0.00178156099951189  0.00216343666048320  0.00250466669362760  0.00282903870288492
  0.00314364394219426  0.00344795500254278  0.00374806335543555  0.00402854392959892
  0.00430433645514722  0.00455994045583130  0.00480832284558513  0.00505459866082553
  0.00529879720370498  0.00554551147129448  0.00579946515068418  0.00605727732872765
  0.00635039027668057  0.00664232997217932  0.00693075795267909  0.00722967966022220
  0.00754623429433662  0.00786852539375980  0.00819387037864535  0.00852123782821878
  0.00885423820497245  0.00920614849605803  0.00956380880132551  0.00992579151642935
  0.01034481884243640  0.01072985363860141  0.01106837909829991  0.01141688644773455
  0.01177427839744552  0.01212859116618663  0.01248152690586586  0.01290780641325192
  0.01337569635224598  0.01386396113152098  0.01435473863526238  0.01484824893506049
  0.01526973980128344  0.01567544373494937  0.01602655291911925  0.01637201522784516
  0.01666440259231576  0.01695678995678637  0.01724954253623991  0.01754250993860532
  0.01784071071070646  0.01816158041243464  0.01848296794392413  0.01887943686443496
  0.01927509060409349  0.01966866668156938  0.02006215505729104  0.02045553965892078
  0.02085723163608539  0.02127032845154167  0.02173581532525612  0.02232421480039811
  0.02321277198367943  0.02367682393565670  0.02399252191910384  0.02428221553349487
  0.02459657015135008  0.02492064824629362  0.02595345992949164  0.02653319121777355
  0.02720208806054743  0.02761521370344278  0.02794134906541038  0.02829113604905684
  0.02865708589147256  0.02922009248087309  0.03032491074500468  0.03114801117768108
  0.03192551746861366  0.03235477778898747  0.03278193846852025  0.03320557631468455
  0.03362596271139398  0.03404414096683138  0.03487366936819825  0.03768284031525627
  0.03879447807732286  0.03921955554417417  0.03992664687056694  0.04050420715579615
  0.04266058406450323  0.05595150137617270  0.09171642443930567  1.00000000000000000
 -0.00237765125200468  0.00863898309259289  0.01734882701767138  0.02616925850414878
  0.03493890607773086  0.04498160043531100  0.05658168198813533  0.06930496341729375
  0.08176479495297397  0.09253216786536927  0.10217828044062735  0.11189245655468849
  0.12224009538093976  0.13379552403352227  0.14586202495003059  0.15879352408739447
  0.17149647211226671  0.18440893327977256  0.19631989769697430  0.20780755151603739
  0.21877498557395816  0.22934916332577435  0.24024664088505746  0.25127485860217935
  0.26309463150848589  0.27502283773226893  0.28751947363524355  0.29887564188467297
  0.31041325837497014  0.32173436537190225  0.33245298141863078  0.34336882164902177
  0.35430988288987070  0.36561503041129934  0.37750837162422352  0.38863416182005656
  0.39957699682889319  0.41034566624646418  0.42178626267339353  0.43373624380843157
  0.44580951298026944  0.45648655491535350  0.46531796809899578  0.47365973129902406
  0.48240048650235196  0.49207666178405057  0.50157844218164727  0.51112449925985515
  0.52092954901841071  0.53207832433854185  0.54188910374769617  0.55066771662947211
  0.55909606316356542  0.56831642898602852  0.57855610258970247  0.58897020832565994
  0.59909944789019731  0.60920779424912574  0.61944454383672432  0.62976111298480153
  0.64042852094572345  0.65172029818041965  0.66315056669343919  0.67389568336479355
  0.68495885546390956  0.69746988106821983  0.71044827852747150  0.72218429098509018
  0.73240952730305831  0.74200145040086485  0.75160860501600235  0.76159314740253647
  0.77189040258639419  0.78140202798438785  0.79045462448683923  0.79981232272173708
  0.81035172514219622  0.82167156382546158  0.83248036221949095  0.84290224954920290
  0.85336068600615556  0.86429029785083966  0.87537317206098830  0.88658412463467318
  0.89805583801891087  0.91039201044414664  0.92168342490523725  0.93080744871573584
  0.93953844814523257  0.94809032865162923  0.95654375998924690  0.96456950613221681
  0.97150307354778165  0.97912796549727465  0.98865228955772755  1.00000000000000000
 -0.00016480867478546  0.00037261112386688  0.00078057869371030  0.00101226289138403
  0.00122343466239444  0.00142659059746490  0.00161186352396462  0.00179774614247812
  0.00198561483028517  0.00216436952242558  0.00233063545578010  0.00250097155679659
  0.00267687070094723  0.00284855524788323  0.00301701422936807  0.00319426389829410
  0.00337649801825463  0.00356567332948543  0.00375801974995761  0.00395977436622298
  0.00417037311182467  0.00438565745553364  0.00457042542815356  0.00474994992903083
  0.00492121170545902  0.00509718974202559  0.00527595065756336  0.00548726457948279
  0.00570380224994201  0.00592357636067318  0.00614614712641896  0.00635963333984970
  0.00656149563742714  0.00674700333666500  0.00692792712409891  0.00710699071873851
  0.00729043936288417  0.00748257278271876  0.00772306548408210  0.00798454390816477
  0.00818721571346221  0.00833959814453057  0.00849220735133382  0.00865307487649061
  0.00881394240164740  0.00894525977298222  0.00904117490504886  0.00913709003711550
  0.00929896361976696  0.00945256152378417  0.00959110100205338  0.00968646108191138
  0.00978182116176938  0.00988054599511159  0.00997983427099995  0.01008415863945568
  0.01019182136579561  0.01037055294262250  0.01065861685090207  0.01095075155325232
  0.01114471489773014  0.01139822623437658  0.01166420136283401  0.01194533442831047
  0.01222949480314878  0.01254059265959904  0.01288869568972008  0.01324049070936073
  0.01366691460147923  0.01438623936229529  0.01479602585262177  0.01515111108296287
  0.01544740772800322  0.01597095679019173  0.01648178694989636  0.01694469843734614
  0.01770770476224961  0.01872872639586912  0.01951529526394663  0.02013947439869602
  0.02043672170925880  0.02062412041214342  0.02081506030820661  0.02101121146032579
  0.02122762836374678  0.02145345811308059  0.02169271089270134  0.02195732621737482
  0.02223775045288371  0.02252119622078330  0.03072916710883144  0.03115808599518429
  0.03147080881732943  0.03297560701579952  0.06466226892029495  1.00000000000000000
 -0.00262423862175002  0.00874628806130855  0.01878482002911376  0.02809882670693018
  0.03791634238008183  0.04866515418848856  0.06020830498670802  0.07144525441150895
  0.08222084617982676  0.09342771110154488  0.10423027112835249  0.11505513031939818
  0.12560766408889901  0.13609203227800312  0.14618207331242275  0.15521322272723739
  0.16486410591681494  0.17488226716673952  0.18611423575906158  0.19677977047542308
  0.20776142925575231  0.21791842131053404  0.22821792700228771  0.23836424888576624
  0.24981459859828908  0.26211773998972498  0.27496783375126926  0.28737151626798380
  0.29813605454060976  0.30775736500286488  0.31745070823733257  0.32652183040704530
  0.33581501162950278  0.34493896265870760  0.35474529882872613  0.36521381418714560
  0.37539100652512447  0.38423776363173012  0.39359481794123169  0.40289302957710654
  0.41054503495112871  0.41795367691852386  0.42520106642122252  0.43338766674441159
  0.44333917367754200  0.45350723652512415  0.46260522654986602  0.47054098451634346
  0.47847509195895110  0.48736517230237064  0.49661903412713615  0.50579230381567852
  0.51487524971750676  0.52473257643978899  0.53642678458879001  0.54884331334348124
  0.56154810343361639  0.57469738276777338  0.58624447829030535  0.59714067016992367
  0.60708826243529879  0.61804748208355764  0.62773098766578928  0.63635077876025437
  0.64539559756273746  0.65560570420972653  0.66624483755093100  0.67793929122884133
  0.69084679158111950  0.70453199626223417  0.71724978297464426  0.72894345313360165
  0.74116012526200492  0.75420344988863974  0.76807842532740089  0.78141955022626897
  0.79364166613641829  0.80553589760776512  0.81762954176016001  0.82953335400200534
  0.84105440919453778  0.85209282831740785  0.86316993656812413  0.87400393339644666
  0.88411513596741664  0.89440341459826755  0.90366147500710392  0.91434293405840916
  0.92504096601919983  0.93518221687331660  0.94522059542048575  0.95525133835431608
  0.96619499417940058  0.97757580753321993  0.98873522515477186  1.00000000000000000
  0.46850756301854307  0.63368209660830122  0.66652978440415434  0.70015418761855175
  0.72814915317164297  0.74693957472021677  0.76269950082274540  0.77567782738690894
  0.78628501268268758  0.79576407661412885  0.80405323274695717  0.81195757087668474
  0.81952219580192098  0.82714803550981286  0.83469738744216160  0.84125475695774188
  0.84712046639796756  0.85267507212118510  0.85744196156069652  0.86186036216227868
  0.86645003226489670  0.87114454253212759  0.87542470395676086  0.87917756422765325
  0.88269824034985622  0.88600269087018302  0.88913269892167113  0.89213718605526326
  0.89513414365901267  0.89799372452714432  0.90068421576531399  0.90330398062116668
  0.90589795599228407  0.90848340691502738  0.91095301885544355  0.91327992685081605
  0.91553378347479353  0.91765233319410633  0.91963050840176042  0.92156891577234779
  0.92346609122795065  0.92545275814175509  0.92752392368526293  0.92945601115549348
  0.93125990058616759  0.93297892819080230  0.93465728089641753  0.93640675668592421
  0.93819648181114179  0.93977034893938693  0.94130250431677209  0.94268758505389061
  0.94405645765443413  0.94547634214163923  0.94697599463534587  0.94849781849433312
  0.95002050984286535  0.95157172286665370  0.95306434286900021  0.95454927679601476
  0.95588751164369068  0.95722531989913384  0.95853946423940195  0.95976482188543721
  0.96105866681475471  0.96232212442621023  0.96360201294478087  0.96496508563080829
  0.96633596706677127  0.96753881392815488  0.96873089524982314  0.96991355555720571
  0.97107600211272049  0.97234981376206264  0.97370580417239594  0.97505372370030441
  0.97638648372977488  0.97769880511850982  0.97891156479043795  0.97998995059063931
  0.98095544007044511  0.98191836172860503  0.98291907627655895  0.98396772047453263
  0.98510965044698628  0.98624253917652016  0.98732826388329697  0.98838646876890901
  0.98947716014587683  0.99069195424560541  0.99196091090418026  0.99324250997283914
  0.99453860490418944  0.99594319686951893  0.99761454556390261  1.00000000000000000
 -0.02399180517139439  0.16190171423296537  0.17771811875504842  0.18951797729493972
  0.20035000794886995  0.21333819204093252  0.22599314429673786  0.23681024953152494
  0.24700511906947173  0.25602244465682183  0.26522646642475251  0.27472079144828226
  0.28481415020436524  0.29423764713169465  0.30252978960997856  0.31064052419019006
  0.31826266435590189  0.32541919944084946  0.33247592080129645  0.33982991750933583
  0.34656814151562920  0.35271925502643364  0.35836057847456598  0.36362098684636279
  0.36944275657636999  0.37558346477453364  0.38237593370417067  0.38992692248359312
  0.39742050131843504  0.40418711318968031  0.41027690196364297  0.41586021507674370
  0.42116807230637532  0.42650196312309591  0.43173933464848413  0.43725726866593434
  0.44230826065401246  0.44700862921885470  0.45167128761965947  0.45640082126482756
  0.46133346999820724  0.46668399255848941  0.47197055635003182  0.47810489554547830
  0.48417016758383097  0.48970108838926341  0.49448543185589616  0.49907889711618653
  0.50368433359964071  0.50877775082208254  0.51449725585469530  0.52010565359609240
  0.52519516511292486  0.53016005820359036  0.53478517702643824  0.53973789031692632
  0.54480181136549954  0.54988397290888658  0.55514117811998320  0.56056014552267797
  0.56623084713611183  0.57151185021996176  0.57651682546933181  0.58193206554896526
  0.58759019361197118  0.59373216499000869  0.60003021405499102  0.60637183809959616
  0.61294254258533187  0.61919725060294606  0.62577023197794079  0.63216816132129428
  0.63793089180659412  0.64323960681950743  0.64830645311021773  0.65415231849878519
  0.66049840473470056  0.66739937862117904  0.67411478801548264  0.68071309371580524
  0.68731880588294081  0.69362044657698263  0.70024210665557918  0.70736826247806461
  0.71664556333287399  0.72562512243666411  0.73537004811647155  0.74516234562753758
  0.75596539188281142  0.76784577384074870  0.78172874353023625  0.79722808711041937
  0.81331739170360096  0.83050065232399728  0.86149774546795910  1.00000000000000000
   5.5034161309390423E-011  -1.0000000000000000     
 F F F F F F F F F F F F F F F F F F F F F F F F F F F F F F F F F F F F F F F F F F F F F F F F F F F F F F F F F F F F F F F F F F F F F F F F F F F F F F F F F F F F F F F F F F F F F F F F F F F F F F F F F F F F F F F F F F F F F F F F F F F F F F F F F F F F F F F F F F F F F F F F F F F F F F F F F F F F F F F F F F F F F F F F F F F F F F F F F F F F F F F F F F F F F F F F F F F F F F F F F F F F F F F F F F F F F F F F F F F F F F F F F F F F F F F F F F F F F F F F F F F F F F F F F F F F F F F F F F F F F F F F F F F F F F F F F F F F F F F F F F F F F F F F F F F F F F F F F F F F F F F F F F F F F F F F F F F F F F F F F F F F F F F F F F F F F F F F F F F F F F F F F F F F F F F F F F F F F F F F F F F F F F F F F F F F F F F F F F F F F F F F F F F F F F F F F F F F F F F F F F F F F F F F F F F F F F F F F F F F F F F F F F F F F F F F F F F F F F F F F F F F F F F F F F F F F F F F F F F F F F F F F F F F F F F F F F F F F F F F F F F F F F F F F F F F F F F F F F F F F F F F F F F F F F F F
  <DiscreteSampler_grid>
  grouped_processes
  1 # 1 for a reference and 2 for a running grid.
  10 # Attribute 'min_bin_probing_points' of the grid.
  1 # Attribute 'grid_mode' of the grid. 1=='default',2=='initialization'
  0.0000000000000000 # Attribute 'small_contrib_threshold' of the grid.
  0.5000000000000000 # Attribute 'damping_power' of the grid.
 # binID   n_entries weight   weight_sqr   abs_weight
    241   10   2.982822860897148E-006   2.883942202779681E-011   2.982822860897148E-006
    244   10   2.982822860897148E-006   2.883942202779681E-011   2.982822860897148E-006
    253   10   4.314441353023703E-006   6.948097712677563E-011   4.314441353023703E-006
    254   10   4.314441353023700E-006   6.948097712677558E-011   4.314441353023700E-006
    256   10   4.314441353023703E-006   6.948097712677563E-011   4.314441353023703E-006
    257   10   4.314441353023700E-006   6.948097712677558E-011   4.314441353023700E-006
    259   10   3.788227448851337E-006   8.693151444473404E-011   3.788227448851337E-006
    260   10   3.788227448851333E-006   8.693151444473390E-011   3.788227448851333E-006
    262   10   3.788227448851337E-006   8.693151444473404E-011   3.788227448851337E-006
    263   10   3.788227448851333E-006   8.693151444473390E-011   3.788227448851333E-006
  </DiscreteSampler_grid>
