  0.00351076064376296  0.01371136238950126  0.02369290679124179  0.03356499321767468
  0.04368349550885409  0.05474548708971494  0.06656248643802565  0.07841804780125794
  0.09038788992486328  0.10205485750376034  0.11348360186905436  0.12456452167499391
  0.13478771285728239  0.14502913336422010  0.15587925237779796  0.16781629868686618
  0.18007565951495069  0.19152187495084577  0.20172562189098822  0.21114730393477193
  0.21992603953504747  0.22939514533956323  0.23730074062402001  0.24542455780782152
  0.25401291271324383  0.26409290679540798  0.27450395140077144  0.28494386559078139
  0.29629282080987990  0.30857047576346486  0.32046709055350914  0.33122983442412535
  0.34186653656208327  0.35207778797405070  0.36222291447923333  0.37281528428983818
  0.38320229881884449  0.39389293039703982  0.40494724520950753  0.41639465902579864
  0.42827260039486692  0.44045615470015603  0.45287514278171542  0.46510646287529933
  0.47681994049687282  0.48730729248718185  0.49732631424329832  0.50664898124193225
  0.51618008746625188  0.52655404438103326  0.53686619909054578  0.54638839595441202
  0.55550226304790540  0.56496176547590271  0.57520531757312221  0.58585512542476403
  0.59720299969010704  0.60940575247430018  0.62175898936872598  0.63304335273254020
  0.64388218634889449  0.65420545395104179  0.66373470793931277  0.67306477930139319
  0.68227418229097625  0.69258997570752390  0.70326628679474368  0.71413121732403106
  0.72546648806003111  0.73722050179834198  0.74928348626338059  0.76153848151693393
  0.77258484748629719  0.78303750038616748  0.79337350028063791  0.80464631658620966
  0.81579754768676849  0.82632261675038476  0.83678716623225813  0.84733172949052615
  0.85827302752178347  0.86746905605492919  0.87626594800783053  0.88511173403920584
  0.89463190806885973  0.90385687897898248  0.91285335237268384  0.92308544676740245
  0.93417654729643396  0.94460944440290628  0.95489639489338507  0.96464928412973716
  0.97409218501449435  0.98258901101220564  0.99249810963852569  1.00000000000000000
  0.00002058467852725  0.00004360409853858  0.00005047020122530  0.00005564702328373
  0.00006044976748803  0.00006534328285014  0.00007017367691336  0.00007543282554944
  0.00008010310271842  0.00008469901222993  0.00008922715589128  0.00009418596168559
  0.00009928018292290  0.00010470029948783  0.00011029329527956  0.00011617746309007
  0.00012246403663969  0.00012881841129367  0.00013504742647745  0.00014137068847199
  0.00014787237421447  0.00015438228425308  0.00016135144452281  0.00016842327312214
  0.00017591291975439  0.00018439973391440  0.00019236437317516  0.00020048338590869
  0.00020872797596503  0.00021729922618505  0.00022703115376557  0.00023819088220271
  0.00025014969310324  0.00026269412181225  0.00027549386646054  0.00028806545638873
  0.00030106561253226  0.00031454987083181  0.00032760781771617  0.00034080056460161
  0.00035454380116990  0.00036888322125929  0.00038516001081527  0.00040208805330598
  0.00041956196090109  0.00043766222872314  0.00045911286318416  0.00048244026634525
  0.00050770863248548  0.00053499533725639  0.00056214845309373  0.00058849380745398
  0.00061511952232779  0.00064152215506842  0.00066879568451431  0.00069694389364537
  0.00072798658810211  0.00076622675235493  0.00081103598633329  0.00086152275701799
  0.00092040910250678  0.00098102929413527  0.00104469990940377  0.00110971334584481
  0.00117674187467120  0.00124315563812340  0.00131469117251328  0.00139708592770209
  0.00151054586917348  0.00163510197867974  0.00173422751807823  0.00182015707058831
  0.00190813589819743  0.00200909312122761  0.00213246302025559  0.00227278435836624
  0.00242606672374789  0.00261098233543013  0.00282759017630134  0.00305521544925157
  0.00330830976272000  0.00361507529034952  0.00404957176327866  0.00454874053045584
  0.00507551851544746  0.00556404654404320  0.00597144850872929  0.00656655372984271
  0.00709604533014023  0.00756035769744805  0.00823552226039290  0.00898850433438081
  0.01027583807716386  0.01232277417389030  0.11838854304216803  1.00000000000000000
  0.00000317169414345  0.00000342094507195  0.00000365664748860  0.00000386716776943
  0.00000417749462629  0.00000452174938345  0.00000488073253024  0.00000530661309061
  0.00000577212145083  0.00000630396140903  0.00000686295212612  0.00000744439016130
  0.00000807709710784  0.00000877392306681  0.00000949500058725  0.00001020179892851
  0.00001089332986367  0.00001158669014881  0.00001232754538298  0.00001313689071034
  0.00001399897106732  0.00001490296744107  0.00001592757496438  0.00001694804579824
  0.00001808395644189  0.00001926593137567  0.00002051525818776  0.00002176025300829
  0.00002303994658566  0.00002434504589187  0.00002565546911173  0.00002699909872016
  0.00002841325472044  0.00002991139736747  0.00003152124606246  0.00003328667786232
  0.00003520166313491  0.00003726207498063  0.00003956150925758  0.00004198972623668
  0.00004446340931632  0.00004724685313914  0.00005017578465087  0.00005365216939781
  0.00005728101016581  0.00006094046942505  0.00006447996396381  0.00006795267012094
  0.00007207445539560  0.00007645866924715  0.00008131750171687  0.00008657653960090
  0.00009211539549468  0.00009801069268131  0.00010441786929000  0.00011128268110459
  0.00011836604157611  0.00012599607109626  0.00013487830777576  0.00014578969382384
  0.00015844966813815  0.00017190949535312  0.00018576905199361  0.00020056388295233
  0.00021597270155263  0.00023319651547740  0.00025153868300020  0.00027009041814286
  0.00029263920473875  0.00031842493461476  0.00034616531515580  0.00037517251647918
  0.00040731947471000  0.00043822744980254  0.00046852929594208  0.00050378467982156
  0.00054223356321186  0.00059294533847615  0.00064621726327733  0.00070893484601956
  0.00078596858118678  0.00088319950080842  0.00099551873011768  0.00113941696575972
  0.00129757498280062  0.00149645281994876  0.00172924008296003  0.00196952723803774
  0.00227489105253453  0.00275547105538325  0.00342970196857968  0.00442206607559077
  0.00570769422272560  0.00994988249364191  0.03324876134533658  1.00000000000000000
  0.00000304751817923  0.00000323945181843  0.00000338036204134  0.00000349388933560
  0.00000359169845035  0.00000369853226642  0.00000381258670936  0.00000395279536865
  0.00000408676669238  0.00000423064580495  0.00000438217426361  0.00000453703073103
  0.00000473464738507  0.00000492390373837  0.00000511359118824  0.00000530768200113
  0.00000550860180157  0.00000571612968697  0.00000593407052329  0.00000616053494190
  0.00000638744847801  0.00000662596859510  0.00000687007706010  0.00000717479673450
  0.00000748968531657  0.00000781471017418  0.00000816854931725  0.00000854614630904
  0.00000891119389048  0.00000929971881422  0.00000971614192465  0.00001018681786708
  0.00001069027012954  0.00001124986275601  0.00001184107987284  0.00001246020264019
  0.00001313453446120  0.00001385842739216  0.00001461248276356  0.00001538959136358
  0.00001624352672108  0.00001713324973480  0.00001819481333154  0.00001931391851228
  0.00002053327069810  0.00002185897054343  0.00002328555827497  0.00002482331456307
  0.00002650686421722  0.00002838047573631  0.00003033753347452  0.00003232337737214
  0.00003443680391086  0.00003665961896528  0.00003931491047655  0.00004217641719892
  0.00004563748597022  0.00004935538160539  0.00005347920860767  0.00005782279632021
  0.00006263389380080  0.00006819852801417  0.00007386352013609  0.00007963825226483
  0.00008577239748287  0.00009249706808982  0.00010048945927925  0.00010859158996489
  0.00011740394412021  0.00012787244783436  0.00014089476327653  0.00015621045768231
  0.00017350015443490  0.00019231908706153  0.00021141589010811  0.00023392465306163
  0.00026602129011378  0.00030747534989083  0.00035328820602352  0.00040700765578657
  0.00046361369977612  0.00054213179169737  0.00065612771509234  0.00083388143844573
  0.00104743584257111  0.00128304863121580  0.00159832657545104  0.00203821869571673
  0.00279129923737653  0.00330253319333494  0.00392998337224518  0.00455202775044531
  0.00544550221313828  0.00728563233750910  0.06881307046358805  1.00000000000000000
 -0.00217472978468780  0.01004355837084324  0.02033842529680282  0.03090039103889947
  0.04034568427731598  0.04980983862077107  0.05890240730383907  0.06839809423906268
  0.07821555814470836  0.08808222868235309  0.09765839979906439  0.10679466444661150
  0.11547345113124137  0.12397673344618450  0.13246063078867304  0.14063632792718039
  0.14833830182887181  0.15598831943150746  0.16417974358606971  0.17285418205981598
  0.18124785821366385  0.18899853271399145  0.19691511226916622  0.20447909583401752
  0.21251228881909270  0.22075927468768708  0.22956432065036969  0.23918303441538991
  0.24891404952026414  0.25812504207810832  0.26709990437075098  0.27627914143730115
  0.28572513146811485  0.29525375627721323  0.30416367742951606  0.31268309718512682
  0.32180546203137322  0.33118220302981705  0.34098810481856906  0.35045973149106607
  0.36044565668598710  0.36900028818124309  0.37694364002357028  0.38484714349812704
  0.39402947017223988  0.40507516467790089  0.41616956089893664  0.42642710913895004
  0.43627949752235345  0.44599785552789944  0.45566782831805225  0.46561991550429704
  0.47505546337338994  0.48381683973887646  0.49321136496497009  0.50286713116176207
  0.51348735390110178  0.52420359069243894  0.53548851189562119  0.54793734894753232
  0.56045375423311350  0.57260854800070005  0.58473361260771817  0.59752938019151935
  0.61065453055714725  0.62368519926229360  0.63680289909620458  0.64950018026558698
  0.66127253677083275  0.67239444204062770  0.68328308310029828  0.69354339105072893
  0.70346408096475221  0.71345540844661037  0.72354269957779282  0.73523403734104142
  0.74727472755023916  0.75909118388168106  0.77159653011869811  0.78474760556111067
  0.79846866216081414  0.81114896014351101  0.82267102723676078  0.83434535675848187
  0.84699008651768359  0.86059146871962156  0.87357372136399436  0.88474370992960849
  0.89660390694228576  0.91018120109445233  0.92532173736440404  0.94201684650567596
  0.95879719153062282  0.97318030606634942  0.98640121047300844  1.00000000000000000
 -0.00190994617827349  0.00905150853456050  0.01875621678725505  0.02786467013639893
  0.03682194310451167  0.04654781915027437  0.05734739590233970  0.06957124153915638
  0.08035236586596747  0.09350858585764781  0.10494648477112026  0.11729647398118588
  0.12847923696896732  0.14107278904548506  0.15171339960355509  0.16221114820491683
  0.17294406301058854  0.18349737121114146  0.19406388404190236  0.20394801839491891
  0.21426776266655323  0.22449612629878696  0.23418483548204191  0.24467140013218580
  0.25551889007884498  0.26784305553186444  0.28028684672339071  0.29222611797762915
  0.30297128385196925  0.31382893922041433  0.32401370214135994  0.33437007993434492
  0.34398195813339016  0.35360850551435546  0.36371087059285789  0.37432279256439843
  0.38485762212618169  0.39584321726840677  0.40759038654224411  0.42037767622747424
  0.43131540180799188  0.44140043997214828  0.45128145481546023  0.46120773399107973
  0.47088259519023556  0.48127918618927684  0.49284331554130689  0.50524479537657152
  0.51730679516446154  0.52823163684704233  0.53906894504758218  0.55047277732280187
  0.56262227718063562  0.57409799539360395  0.58510767998583491  0.59580927353837387
  0.60674099800022652  0.61815269122993899  0.63043655791731057  0.64225595609749375
  0.65272016694910384  0.66222432132734410  0.67147417352759886  0.68124100089379036
  0.69044360634571700  0.69952399028360757  0.70855271140557641  0.71797131258784419
  0.72802953365936751  0.73861379417888273  0.75141794217518254  0.76233830643429912
  0.77377195457957038  0.78517416792594164  0.79635249374385686  0.80708319145725282
  0.81735646127868800  0.82769680194496775  0.83824906583890035  0.84784934201834516
  0.85626227944279132  0.86428668743191617  0.87286394853818938  0.88258396785466708
  0.89167032685174308  0.90051724477243378  0.90960522069050176  0.91947906960744674
  0.92990710192199788  0.93999845150983774  0.95032593237748730  0.96055735399392594
  0.96999003160017816  0.97966998502202818  0.98962931285245781  1.00000000000000000
 -0.00037965758132559  0.01566325434391774  0.03102232557020919  0.04632316163356561
  0.06103181964921478  0.07447271261977156  0.08780759244996283  0.10184580872748725
  0.11622444237550304  0.12993801967287927  0.14267591251043379  0.15393533308606422
  0.16415188891223037  0.17442652014877236  0.18497680201272737  0.19635342598805794
  0.20830656156757965  0.22038456791997227  0.23109508533971387  0.24058577550348598
  0.25051291413664484  0.26093147335021849  0.27243794945175182  0.28453181397670224
  0.29599238203478317  0.30635507294262376  0.31663293952100274  0.32688659255165681
  0.33999835455992350  0.35367167429331015  0.36709520484213926  0.38050291752039728
  0.39410609258279117  0.40806454759729421  0.42086152736172427  0.43191174276625444
  0.44257645716592808  0.45356059149611760  0.46412573159052511  0.47534794607801006
  0.48720075309094035  0.50031958668939946  0.51328660567854756  0.52630587931901862
  0.53907645665395221  0.55088198723436632  0.56159442157713535  0.57187158672136396
  0.58303564420430765  0.59561908797630148  0.60870093090065813  0.62124846149613044
  0.63254832720506693  0.64350655051042926  0.65406363709361848  0.66482598496265000
  0.67510194224343267  0.68509917096331130  0.69503692954543794  0.70468836663495993
  0.71411176170359758  0.72370769748302177  0.73409468229301333  0.74390655570003195
  0.75327744385003781  0.76240553827090662  0.77194332797812815  0.78291116777194236
  0.79463242297547931  0.80638774088796483  0.81799702327388879  0.82921281967956240
  0.83900487812097591  0.84822664706357853  0.85667186932388528  0.86407732310708574
  0.87092112555769308  0.87811243924881099  0.88590322102091901  0.89426021226261232
  0.90197294110678838  0.90868393142077974  0.91481899194104366  0.92134648462720203
  0.92806735170206145  0.93545912690633459  0.94229851577240686  0.94878569894170828
  0.95523356414402960  0.96208999368007342  0.96871480691758061  0.97475878078874711
  0.98036132957107092  0.98621192436620120  0.99225026476322675  1.00000000000000000
 -0.00205880766303782  0.00829205580220112  0.01813400144588554  0.02740631899517476
  0.03810080418982376  0.04802639833229735  0.05729575178142836  0.06500906498413586
  0.07298779543771693  0.08110512551630066  0.09000595271523483  0.09959246737968636
  0.10905710564543976  0.11861687344674915  0.12867318885213269  0.13892715165207412
  0.14906564536871844  0.15862721876346519  0.16833221822331987  0.17922696605874472
  0.19120937828746948  0.20378310728905671  0.21651143865418448  0.22908212757189214
  0.24035258462654666  0.25134558888911579  0.26263908455666923  0.27262909480557723
  0.28222149259253770  0.29177104581047325  0.30189684387745669  0.31260243330697984
  0.32274823837890398  0.33406457207651352  0.34485505352543006  0.35450932935384116
  0.36388374802444284  0.37345599019927384  0.38404409486007790  0.39521353737430304
  0.40591043605850030  0.41529410745470852  0.42338876076645282  0.43173527443069459
  0.43955219389313366  0.44803885140103966  0.45756147924035184  0.46758702241488370
  0.47770663530004503  0.48806344514042710  0.49822586651411593  0.50937377040273923
  0.52085027646268567  0.53340522899431353  0.54623160736016141  0.55841076042074256
  0.56976812507863528  0.58108633991170844  0.59280324830738618  0.60349386740385635
  0.61356228626799547  0.62322182119798530  0.63454809095694531  0.64689003217983365
  0.65987044067231715  0.67134159806589178  0.68098331294236381  0.68979239542560722
  0.69874667757291709  0.70818909791894480  0.71825327524334337  0.72807324986290334
  0.73828815143954296  0.74897191602426050  0.76095501310713387  0.77365599358471993
  0.78546883903335418  0.79697444869640255  0.80831881016021001  0.81974645397712176
  0.83074969346461447  0.84206373112670463  0.85396481821457582  0.86564635753035535
  0.87721037322862150  0.88897633876248316  0.89999475818286878  0.91213341667270809
  0.92384020446316661  0.93559979411368899  0.94726760134015908  0.95844455270767115
  0.96922690186541305  0.97990703939190049  0.99026143484661910  1.00000000000000000
 -0.00275825170209169  0.01195408944022455  0.02410616757769888  0.03657565392939301
  0.04875053054852267  0.06034046528031541  0.07114363386576747  0.08072702787601543
  0.09035492027156590  0.10077973559231167  0.11271269273104265  0.12499151644433824
  0.13594300676108664  0.14741028857607322  0.15862494442465688  0.17174397258135729
  0.18477539838850834  0.19745232150269879  0.21046981689981453  0.22302189792053190
  0.23470735768397299  0.24563355283220736  0.25652745783740410  0.26806247113740095
  0.27976527243022148  0.28984948361988427  0.29879509774521545  0.30732803462510072
  0.31618496535025331  0.32671047330192338  0.33769797600607948  0.34840766108445126
  0.35872479743542435  0.36833296969723162  0.37887058554152919  0.38947186543139040
  0.39986418145036251  0.40910611826559207  0.41755010948213439  0.42600879630651384
  0.43505377554418956  0.44508560040842199  0.45502352821528314  0.46474389202148653
  0.47523938093256068  0.48591178295299009  0.49556467506170204  0.50496211116325551
  0.51407900082323710  0.52358080640276139  0.53282791954932918  0.54253906441100075
  0.55316468584991807  0.56338796325367080  0.57222532977984830  0.58087548488547991
  0.59030318956997851  0.60119107145320383  0.61219004463505255  0.62274837156432894
  0.63330466126464569  0.64460596657446112  0.65586731598213999  0.66685245389295700
  0.67757209486169512  0.68798829397554384  0.69840162699886266  0.70960236232350027
  0.72116510652657118  0.73266494213431999  0.74339206940626823  0.75405704197948376
  0.76460114177403171  0.77531515327048584  0.78584847136779690  0.79645907640566360
  0.80702454947743807  0.81879193741362233  0.83125602723161862  0.84281682913740052
  0.85401262468064976  0.86521663243468883  0.87539842830551562  0.88536179183926478
  0.89464226437007488  0.90387718597512745  0.91305044797158508  0.92188328458260393
  0.93106508153247347  0.94045802295332592  0.94934530358692670  0.95870993678440097
  0.96857891902945292  0.97955820202358979  0.99004883255710907  1.00000000000000000
 -0.00006990534004023  0.00022451759495989  0.00069286776268214  0.00116097304251329
  0.00156322269144821  0.00181054589930424  0.00205497907578683  0.00229318262481549
  0.00251749732191428  0.00273992970639741  0.00295564493293589  0.00314315093324197
  0.00335492593205888  0.00357141981455883  0.00377983535977435  0.00397873046331218
  0.00416334258263693  0.00433791993383323  0.00449398641664851  0.00464768190170235
  0.00481545804798559  0.00499599966727849  0.00516029507422454  0.00527642367461505
  0.00538949043472717  0.00549173484680596  0.00559418632238525  0.00569773795387368
  0.00580730352549023  0.00596002691996602  0.00615782835176841  0.00640715120298787
  0.00660848595077847  0.00678558002505062  0.00695900868223681  0.00713786130166386
  0.00735162892191233  0.00760263003918145  0.00783543080153041  0.00803946214965935
  0.00822536686826942  0.00839955941448799  0.00856932997224706  0.00873496898479257
  0.00893491508837649  0.00915020545109138  0.00938110117516532  0.00967487723330811
  0.00992652912050789  0.01016261170610742  0.01038983373043301  0.01062046244267739
  0.01089579025152911  0.01117652476218303  0.01145566068466191  0.01177808542739695
  0.01212741421516550  0.01258177522647173  0.01301656508159771  0.01333152860504708
  0.01360038331000396  0.01384512454414917  0.01411247432096254  0.01433812595360148
  0.01460561230975116  0.01495938366226162  0.01531468553860384  0.01607947183536643
  0.01681987612547898  0.01744192228855462  0.01795211633269726  0.01850815579251277
  0.01899813538717991  0.01942597465153761  0.02001682886293664  0.02090383661554075
  0.02243379037398361  0.02293564128357701  0.02331320710368939  0.02370440185127634
  0.02411088695543427  0.02451737205959219  0.02493203295963872  0.02537336010750638
  0.02581468725537404  0.02625601440324170  0.02686632645845926  0.02747667825303531
  0.03108535930773262  0.04555249044511256  0.06379126719034554  0.06421832437056260
  0.06464538155077969  0.06651662817492111  0.31646337637697275  1.00000000000000000
 -0.00200597940553441  0.01040063474839368  0.02113392970198926  0.03276261203971003
  0.04434734089216533  0.05614872704340131  0.06796577349334978  0.07949634912470108
  0.09247783817197677  0.10583510388631004  0.12060439644347379  0.13445953659111157
  0.14846677815112627  0.16171334186418956  0.17425511457312473  0.18542355451690448
  0.19582120490095334  0.20667081567590950  0.21874970732854890  0.23017960085090461
  0.24135854452290206  0.25237935488814950  0.26428024276813422  0.27606251906384427
  0.28618195397599272  0.29643163267981831  0.30669843037497357  0.31814049882428036
  0.32980259194225836  0.34168507781722429  0.35315742215548074  0.36196732634130929
  0.37055218743429030  0.37950156366012039  0.38823060240145418  0.39627642955088171
  0.40393616839491508  0.41195618953799013  0.42113666930991916  0.43128624139247829
  0.44021336846021369  0.44778366431750077  0.45464217704754928  0.46139869892476204
  0.46836075783717418  0.47545816903994942  0.48333250560655477  0.49224076827822283
  0.50143254056305175  0.51099611651944477  0.51999485003257739  0.52780429008350138
  0.53559392099957559  0.54233851546311029  0.55014345158336309  0.55841096164567916
  0.56644218662722678  0.57522826549440964  0.58323132760367313  0.59123579738422583
  0.59941840344156028  0.60815358081262294  0.61811013272091664  0.62749342905528194
  0.63705245924593956  0.64706359265246072  0.65800326818154076  0.66988552324798967
  0.68207283278655984  0.69327731435164608  0.70414685733201121  0.71539174983560316
  0.72742509482008466  0.74061813531839860  0.75323678939845085  0.76564968667309075
  0.77702207334024131  0.78790387111952576  0.79903785567742724  0.81090658873102994
  0.82181904496944846  0.83313824432210992  0.84495090870887890  0.85664153049084935
  0.86757116124418776  0.87896351502844094  0.89019819879431428  0.90083595250947668
  0.91124481144651714  0.92334153691651033  0.93672182437484730  0.95014461585262600
  0.96287246943406912  0.97515901214218870  0.98767044296576423  1.00000000000000000
  0.46869171502002271  0.51787544531265861  0.54495011562913998  0.55825396841861874
  0.57112896338406294  0.58255787888502331  0.59429818135292600  0.61040433946273009
  0.62279566439118816  0.63064929511279799  0.63822691319837832  0.64749011621776664
  0.65683956546590072  0.66565422692853604  0.67375652557847243  0.68190898588010362
  0.68962240504046346  0.69745735817605259  0.70472622559662379  0.71177064294845482
  0.71849476036292625  0.72560287816661895  0.73184350218641836  0.73744574036617339
  0.74317378153387448  0.74890346029070320  0.75476253531705828  0.76064515316009873
  0.76665878727254300  0.77277807882225868  0.77861604597157696  0.78426206202156268
  0.78961521883681451  0.79480813707711007  0.80023951333963605  0.80547244559498221
  0.81039726124319789  0.81524217535456389  0.81983951779977970  0.82470254004316557
  0.82962246479848878  0.83445175552999551  0.83883119010774299  0.84306065610808123
  0.84739778502249052  0.85175755048496227  0.85600131187740258  0.85984292413369412
  0.86383666242498180  0.86771956024427177  0.87150189747605289  0.87524769583006878
  0.87876131065700713  0.88236269863310113  0.88586055506737227  0.88934654786182277
  0.89285654819915439  0.89624539640629908  0.89949327571505655  0.90266931542293283
  0.90585369607957966  0.90907512576636040  0.91235071517627375  0.91558404619228784
  0.91868382454020281  0.92165420405370024  0.92459874244647966  0.92749270764731784
  0.93019296595187850  0.93290707246941329  0.93564902413083095  0.93846163155660434
  0.94127782565291263  0.94414110721209943  0.94703002925176860  0.94977201805650080
  0.95239901765439816  0.95502902742860096  0.95760896949575680  0.96025603826351258
  0.96289029122217551  0.96530161984183338  0.96773146211332794  0.97012349247527985
  0.97249260132002713  0.97484860724835265  0.97720238741993604  0.97967436616749493
  0.98205077868413160  0.98445382120975233  0.98678548835824198  0.98902202653252080
  0.99136821507855166  0.99385735114203633  0.99685367994428831  1.00000000000000000
  0.00043964127334830  0.14061351737597161  0.14785708791486682  0.15513855771193744
  0.16378610082608386  0.17188431470352875  0.17931870632465560  0.18635264286095118
  0.19231545370749045  0.19747130380228994  0.20279399185067340  0.20782354000167011
  0.21136792988270300  0.21526644564369102  0.21939730253318515  0.22377334741417210
  0.22837629077051361  0.23306405385454013  0.23767901325831456  0.24234275554137888
  0.24705205909300454  0.25199878308176676  0.25737556010704721  0.26281376683664376
  0.26790229498042201  0.27276177307621979  0.27763585349851644  0.28258505180717414
  0.28768945218959724  0.29319149333864336  0.29877517566763795  0.30424647391490389
  0.30934156765718485  0.31422308000817301  0.31900755502610484  0.32394965478832249
  0.32904438238490158  0.33408049795279932  0.33848834727776023  0.34304616876077987
  0.34784307902230199  0.35277369871685288  0.35741272959574627  0.36184299688026389
  0.36620692312833703  0.37075204581303861  0.37568490366023338  0.38111791746022861
  0.38659520551622800  0.39204732000586906  0.39724633464209053  0.40196221256440645
  0.40654421583559769  0.41136189503551096  0.41640363849036083  0.42167198700266412
  0.42728170065503246  0.43279487347952961  0.43887152681095515  0.44521439495824600
  0.45123299129790689  0.45701825855384981  0.46300287222913983  0.46919780273645939
  0.47556370543965909  0.48220954716785408  0.48938357603763671  0.49686924639575741
  0.50376896654600534  0.51033828147608395  0.51695753058025762  0.52401960567100703
  0.53167761875238972  0.53943028060411280  0.54724287539298389  0.55528886950439305
  0.56337814993736324  0.57114708269923120  0.57895503835342821  0.58741214026129285
  0.59514011761453212  0.60303453681215513  0.61122477673893794  0.62050840688537279
  0.63108054651426515  0.64271160587669107  0.65485804297889350  0.66786023232480163
  0.68225301862664478  0.69824366724943465  0.71517406498027891  0.73314768135762298
  0.75329944724808162  0.77719109927680974  0.81146401459303585  1.00000000000000000
   3.1462268481937083E-004  -1.0000000000000000     
 F F F F F F F F F F F F F F F F F F F F F F F F F F F F F F F F F F F F F F F F F F F F F F F F F F F F F F F F F F F F F F F F F F F F F F F F F F F F F F F F F F F F F F F F F F F F F F F F F F F F F F F F F F F F F F F F F F F F F F F F F F F F F F F F F F F F F F F F F F F F F F F F F F F F F F F F F F F F F F F F F F F F F F F F F F F F F F F F F F F F F F F F F F F F F F F F F F F F F F F F F F F F F F F F F F F F F F F F F F F F F F F F F F F F F F F F F F F F F F F F F F F F F F F F F F F F F F F F
  <DiscreteSampler_grid>
  grouped_processes
  1 # 1 for a reference and 2 for a running grid.
  10 # Attribute 'min_bin_probing_points' of the grid.
  1 # Attribute 'grid_mode' of the grid. 1=='default',2=='initialization'
  0.0000000000000000 # Attribute 'small_contrib_threshold' of the grid.
  0.5000000000000000 # Attribute 'damping_power' of the grid.
 # binID   n_entries weight   weight_sqr   abs_weight
    13   10   2.153989605440523E+002   3.735363596971248E+005   2.153989605440523E+002
    14   10   2.153989605440525E+002   3.735363596971254E+005   2.153989605440525E+002
    16   10   2.224496332381272E+002   2.618576540568712E+005   2.224496332381272E+002
    17   10   2.224496332381280E+002   2.618576540568733E+005   2.224496332381280E+002
    22   10   2.153989605440523E+002   3.735363596971248E+005   2.153989605440523E+002
    23   10   2.153989605440525E+002   3.735363596971254E+005   2.153989605440525E+002
    25   10   2.224496332381273E+002   2.618576540568715E+005   2.224496332381273E+002
    26   10   2.224496332381279E+002   2.618576540568732E+005   2.224496332381279E+002
  </DiscreteSampler_grid>
