  0.00292151674864443  0.01497842252510699  0.02756395638807102  0.03918288103502948
  0.05055834443244878  0.06221967468440825  0.07366788378110045  0.08467832192474312
  0.09539457572509891  0.10603966249729102  0.11666614481061262  0.12725969495735395
  0.13784349984649122  0.14862399907307505  0.15993990896916882  0.17174776198210590
  0.18339728157532495  0.19444577167045254  0.20492434284510844  0.21503833483371454
  0.22529283676091447  0.23591713825758223  0.24637662909270219  0.25644741154299289
  0.26661497729217287  0.27708991406833289  0.28758777794907714  0.29803509632977476
  0.30888123059343825  0.32018713063532311  0.33154188752337982  0.34231882140693271
  0.35277607814357748  0.36310440347292405  0.37349722277084552  0.38365762828008404
  0.39390386793900845  0.40401292231237612  0.41422315904292328  0.42430162516499736
  0.43467128957746387  0.44487680038319627  0.45472824715206989  0.46459851220250170
  0.47467900568398830  0.48569889111359127  0.49623747744465868  0.50716428382523826
  0.51822251158766230  0.52917976477106166  0.53995303349503354  0.55060332598773198
  0.56095742404680060  0.57062764912587061  0.58026928541357770  0.59038536977479827
  0.60118148410383543  0.61197571387362304  0.62306525858167772  0.63460161052475905
  0.64632672620468912  0.65703788067734792  0.66705329595918939  0.67704438093334340
  0.68723362917054076  0.69736848843635679  0.70721247388556507  0.71730571008567301
  0.72758149293299723  0.73789109184512303  0.74821748925763876  0.75931074394748765
  0.77055880269013222  0.78154842924370405  0.79193927537762421  0.80291674536895707
  0.81368692089371808  0.82389754881631838  0.83440420348045430  0.84508792139376898
  0.85610077956437280  0.86659895012152899  0.87668215303847896  0.88642736449949699
  0.89585465147834875  0.90550455711716837  0.91536485199722206  0.92539398563933162
  0.93448536635508850  0.94362015912375463  0.95289733089132989  0.96231697056176435
  0.97176660027613171  0.98094788865670457  0.99046085809088857  1.00000000000000000
  0.00003166709277945  0.00005635630788759  0.00007430348868592  0.00009021947034550
  0.00010550622561320  0.00012005996982264  0.00013484444874732  0.00015013200238948
  0.00016628035406128  0.00018341177625874  0.00020086445178222  0.00021856352884619
  0.00023686476550875  0.00025548021387892  0.00027478797950969  0.00029561212398495
  0.00031788005779295  0.00034028231125529  0.00036300656251255  0.00038680184352927
  0.00041216545279388  0.00043902168194916  0.00046674615025583  0.00049572513477737
  0.00052634712870871  0.00055878863390083  0.00059271439030224  0.00062827058281643
  0.00066599010941519  0.00070592566018899  0.00074964148854358  0.00079325532381083
  0.00083770002710418  0.00088284685207757  0.00093064301853103  0.00098409103028883
  0.00103904391849534  0.00109695100145722  0.00115352721663619  0.00120831265117758
  0.00126331335588587  0.00131960604031629  0.00137984072748806  0.00144424550770127
  0.00150832077185732  0.00157107610010417  0.00163399463448361  0.00169700076120131
  0.00176677364809557  0.00184055406477863  0.00191944849959682  0.00199693579150333
  0.00207772495753589  0.00215931205315032  0.00224504011262711  0.00234009961149836
  0.00244948826173326  0.00256383039764379  0.00269106436715813  0.00283352516926227
  0.00297613195995352  0.00312846311898589  0.00327271368555077  0.00341348624075594
  0.00359042995309354  0.00378443191086622  0.00398732375977331  0.00418337569753937
  0.00437863989377867  0.00457898175935336  0.00479325900123346  0.00501476953291303
  0.00526400418267201  0.00550025297572825  0.00578117302074000  0.00612758856563119
  0.00651299736275541  0.00696928251837799  0.00745251345680848  0.00793686310627331
  0.00848299307893913  0.00912380932531841  0.00967969784780586  0.01024458519660056
  0.01081407980901192  0.01138540344910739  0.01209784702553473  0.01298571727846473
  0.01416186757454032  0.01594978795332828  0.01828760728995128  0.02166393546107068
  0.02545604463167379  0.02958730048372732  0.57604607267148200  1.00000000000000000
  0.00039533939967092  0.03080652437018942  0.04956862114395549  0.06303053457260940
  0.07475576259469319  0.08607590203642591  0.09770299091517543  0.10881409054734241
  0.11971765357308169  0.13106957613923215  0.14283296288134725  0.15405336821539845
  0.16445288573879122  0.17429384374977544  0.18379668086156109  0.19311182292021026
  0.20252431492287784  0.21199857106226061  0.22154179277397074  0.23114334081032203
  0.24043422258758551  0.24995246176721991  0.25941296871541164  0.26902660641916887
  0.27874992526553627  0.28849610667880127  0.29880336207100816  0.30925870022549312
  0.31969144239363040  0.32975503659323702  0.33941134254843941  0.34889958996262177
  0.35878418153617270  0.36911709922814229  0.37983315424172714  0.39054732981432561
  0.40149575981421759  0.41206944082031732  0.42282533908137521  0.43357798969593692
  0.44456820926994106  0.45539319671186224  0.46610284691116172  0.47674697255160725
  0.48691791215808850  0.49660377690715923  0.50627051640288712  0.51629939524042034
  0.52654928667028389  0.53683300973045633  0.54685596661439295  0.55707548231079007
  0.56774580321325463  0.57876685643012160  0.58956254938140940  0.59940631635332486
  0.60881027230382423  0.61836317310405520  0.62857093258867280  0.63913168089239869
  0.64963196899251052  0.65988262716759150  0.66998512250635800  0.67982492273333672
  0.68981862880213718  0.70000239133410103  0.71068230457507175  0.72076959385756167
  0.73099651912670738  0.74085631172415811  0.75090425488602464  0.76107714199663201
  0.77105382679433121  0.78129375205533746  0.79138401566135796  0.80171376162384655
  0.81180305189458735  0.82180661462633631  0.83134148704436872  0.84070271555795184
  0.85007502796006518  0.85955711365229881  0.86943700706580440  0.87954057264074259
  0.88952882615516060  0.89927853482289899  0.90876066177642378  0.91858536165705940
  0.92867991887291701  0.93847613540550778  0.94809142830472315  0.95750070881615978
  0.96664884882067448  0.97565105984831768  0.98435937412126073  1.00000000000000000
  0.00000316217536987  0.00000442872560813  0.00000629899025352  0.00000814183029354
  0.00001006474412391  0.00001211581629801  0.00001422739112818  0.00001656996383753
  0.00001889632577345  0.00002136300075648  0.00002425244523410  0.00002764883460150
  0.00003154408319370  0.00003605625513137  0.00004114318961388  0.00004706304164033
  0.00005410391801404  0.00006237988936902  0.00007174892594749  0.00008209908934483
  0.00009348356246750  0.00010565865642465  0.00011807270067010  0.00013036205245878
  0.00014271096520987  0.00015558236174069  0.00016934343733827  0.00018359041914167
  0.00019812540718563  0.00021436936143405  0.00023122042936462  0.00024871054317012
  0.00026649924117844  0.00028531476352133  0.00030504844058727  0.00032581986718241
  0.00034810380135104  0.00037126197639183  0.00039538694000949  0.00042127514645537
  0.00044927772798954  0.00047866442783508  0.00050971719086143  0.00054155589435607
  0.00057614633293211  0.00061103677684787  0.00065015448880118  0.00069211997664487
  0.00073648320531990  0.00078396842985276  0.00083390590138490  0.00088628108041415
  0.00094136175242774  0.00099843794100407  0.00105784763418610  0.00111886757482244
  0.00118488467324029  0.00125810825786640  0.00134175986858424  0.00142852881644159
  0.00151832677077600  0.00161604583537396  0.00171433846710952  0.00181071430530840
  0.00191830942021269  0.00204017018421645  0.00216166577865603  0.00227907024482702
  0.00239982042545648  0.00253742953303628  0.00270591495848222  0.00289532806013109
  0.00310000820777951  0.00329409939741116  0.00345504334501876  0.00361221869497415
  0.00378082140591255  0.00396706423876990  0.00417774962020430  0.00444632927164816
  0.00473976809168262  0.00503691683247126  0.00533378333055706  0.00562227184417922
  0.00593011464039230  0.00632302217364041  0.00674138776138839  0.00718789271049151
  0.00762275734802522  0.00823122635618287  0.00923470985632014  0.01062958277352708
  0.01178572343052945  0.01826050960737908  0.02833351423043247  1.00000000000000000
 -0.00267129546885831  0.00959144378565180  0.02011041574476849  0.03017017064741600
  0.04035904132810125  0.05005393698901150  0.06021103448262893  0.07010547593384080
  0.08033096476603349  0.09080324290812894  0.10167576063240594  0.11200355383043528
  0.12216223114741838  0.13284981797015635  0.14305630005737605  0.15275246208298129
  0.16193036941400096  0.17188198158560489  0.18247174596516152  0.19333084667578515
  0.20431720807885295  0.21505917091141094  0.22553786836706693  0.23592169660365331
  0.24660223163838468  0.25699104312775384  0.26729656487366860  0.27761626236580705
  0.28840376328967399  0.29898902106609709  0.30976521896824560  0.32109717608684690
  0.33276463528828659  0.34408735163523502  0.35507804328415005  0.36603477330817669
  0.37731282162263452  0.38816860027512079  0.39860325683078646  0.40895420152930367
  0.41961520519254236  0.43092848092961344  0.44229018228440681  0.45349193389697162
  0.46463742015587356  0.47558648946860810  0.48695943805510267  0.49821158887922723
  0.50917870910236251  0.51963342298601423  0.53049638605192129  0.54178499549836168
  0.55351912408170068  0.56516909562646511  0.57637165235218246  0.58756633122455271
  0.59855178878009685  0.60926131195587985  0.61993253635019741  0.63094269245384671
  0.64169090895582004  0.65188545956240540  0.66183950959691751  0.67196643011845769
  0.68240731522763987  0.69269946930286119  0.70275903326025124  0.71282477621645168
  0.72319309596512338  0.73415727219401272  0.74542996902870595  0.75661078338810683
  0.76741138311464296  0.77787805828456624  0.78834122310323951  0.79926533148711565
  0.81024073989044132  0.82136357279946026  0.83206509078465096  0.84268401050663699
  0.85323972061289899  0.86365383839749021  0.87388038183258843  0.88368119454488481
  0.89337308408117322  0.90310168187201201  0.91320293456055002  0.92316853051595815
  0.93258457175712239  0.94180802362887406  0.95090351255638950  0.95998823747639594
  0.96925700341087651  0.97880527561761999  0.98941993640846082  1.00000000000000000
 -0.00255967780512158  0.01015405132991035  0.02057466429332450  0.03129030909259273
  0.04188599908565434  0.05288070701382506  0.06408990711417845  0.07554135409973081
  0.08711283246553185  0.09824445955281068  0.10917204056056763  0.11999751724564611
  0.13076973162168085  0.14111835789507934  0.15159502705965319  0.16275529748587972
  0.17517621889610432  0.18721496992863967  0.19833607015479668  0.20818641867106777
  0.21764128444525979  0.22698146638739339  0.23679657222077605  0.24682660607056744
  0.25716448502551931  0.26767950141539532  0.27795892927389304  0.28769947397496909
  0.29751611088649982  0.30768352077694067  0.31755127829544078  0.32715841425061770
  0.33668117626664085  0.34646493673937800  0.35622213454490309  0.36575881445121966
  0.37513796619393913  0.38496584927618510  0.39502159767913636  0.40590640697783070
  0.41705538640836892  0.42813496695257874  0.43902750868840074  0.44969484100253049
  0.46026650636341104  0.47095276099369621  0.48194472970305385  0.49323920359680135
  0.50463613655706996  0.51577925752172871  0.52609353684939586  0.53640369854543124
  0.54679112110260431  0.55792966663710730  0.56921707123558341  0.58042566714029764
  0.59099174898934959  0.60104297639428894  0.61140163724861263  0.62152727265580032
  0.63174671742920141  0.64188812546483209  0.65249869303584562  0.66283896525254793
  0.67316761627882382  0.68405487080604854  0.69580523103681902  0.70746195902149522
  0.71890065974877038  0.72949482061089621  0.73962037694665839  0.74978395705040757
  0.76010569049207433  0.77083299590467280  0.78142549957890950  0.79188817454004468
  0.80208154223324246  0.81168518657066657  0.82113992922750900  0.83092907814567618
  0.84136617659275803  0.85248081495382189  0.86392493716146146  0.87536530061764539
  0.88668092798239984  0.89736260028709092  0.90771949677731978  0.91800294389163284
  0.92845193621733124  0.93873531411599576  0.94883366423885918  0.95915147983508109
  0.96967092982986725  0.97987728669899865  0.98990082697376525  1.00000000000000000
 -0.00270790541372245  0.01025954301925119  0.02157506952031337  0.03183642278091255
  0.04227190666990142  0.05163875247785257  0.06136246109507390  0.07039412976480396
  0.07978088893828503  0.08943664399591848  0.09926136640949601  0.10869603267529215
  0.11767979303269185  0.12675231786226407  0.13624020593499400  0.14599471763423691
  0.15541606736369423  0.16455677322383061  0.17379023408385341  0.18315710003149901
  0.19273696532409607  0.20204494077170979  0.21148756983015249  0.22127722871439018
  0.23153525159103358  0.24257591375344231  0.25414807439201365  0.26561230330324803
  0.27628245288455000  0.28639156096764307  0.29629889814744087  0.30618985336045867
  0.31600577889274184  0.32561399809339886  0.33528737225062222  0.34497478517639796
  0.35470657430337410  0.36461239193770567  0.37471129726441726  0.38531321638886334
  0.39576919473800304  0.40620020476065594  0.41676547582550205  0.42764715863915309
  0.43842785529559447  0.44893703770862980  0.45961231048433482  0.47048715002095359
  0.48173340288133837  0.49324114411889475  0.50457544632081397  0.51535967356917844
  0.52574145970286223  0.53619371917247194  0.54691700135046628  0.55770639752154982
  0.56828996213168659  0.57874596737918538  0.58921599440357808  0.60000159886030913
  0.61131504831581396  0.62260783979459511  0.63359008312126630  0.64460998174637707
  0.65610001293987719  0.66789165193643507  0.67922263787897563  0.69018190611393326
  0.70094278454568482  0.71245559869006470  0.72384808048469784  0.73433042029500750
  0.74503153849630477  0.75542571269042935  0.76682207795196511  0.77876611690674125
  0.79093595735080935  0.80227973813936104  0.81316687404940902  0.82489364367830809
  0.83702338354351902  0.84895482706741121  0.86006836910220819  0.87127309520707408
  0.88174265601799418  0.89250352120622478  0.90252725526807798  0.91309574723392495
  0.92323638937838937  0.93333907282352668  0.94366991461454486  0.95443006460944491
  0.96603042278021367  0.97763485242210690  0.98899437940801171  1.00000000000000000
 -0.00214951830556555  0.00824260995067023  0.01771233593844461  0.02709987131888240
  0.03726462282894207  0.04726313241596502  0.05734875952975541  0.06744037844578564
  0.07771017916088546  0.08840908160893605  0.09967426506601328  0.11138421734550170
  0.12308839447443462  0.13431728967424292  0.14510281455074231  0.15584942654888367
  0.16632417501535599  0.17629017400630867  0.18604688080001880  0.19587020923248782
  0.20627900470845550  0.21698574833287942  0.22756007436684031  0.23772486456045197
  0.24805500118343343  0.25890635390737488  0.26993501109904761  0.28127727638351752
  0.29287609654485580  0.30429597694361510  0.31497931208447855  0.32499556279768943
  0.33475277349433130  0.34434480389740429  0.35418382796546249  0.36447873617954019
  0.37520822809324889  0.38618657987843286  0.39701883946870770  0.40781077811625582
  0.41885484011293367  0.43020515734593429  0.44154126153703388  0.45223316583738971
  0.46237937509153526  0.47171529319005190  0.48116754488703239  0.49099925942354661
  0.50162857155241547  0.51244317578397569  0.52378511183148757  0.53512929656461927
  0.54676875083255194  0.55730272367937417  0.56774700126110644  0.57763607722800647
  0.58782358434053961  0.59832539130457374  0.60904953823284680  0.61962820838751420
  0.63023674770113047  0.64086995666562985  0.65151777581090953  0.66215571019760122
  0.67264440091709665  0.68299462960270807  0.69303788417169354  0.70296284574418955
  0.71300265284426489  0.72283563013026497  0.73225982912037457  0.74173117190066828
  0.75172204067302217  0.76230470569549924  0.77257990078303462  0.78282039957364979
  0.79294206248515919  0.80348428811915273  0.81377375088029302  0.82407266296923698
  0.83439611365101307  0.84526221477272945  0.85624346789345174  0.86757941676667683
  0.87903193505626898  0.89116286440047299  0.90278729321190965  0.91439419478588879
  0.92548607429035534  0.93685816308168024  0.94757735913268537  0.95860132199856152
  0.96881737715239635  0.97934700024919497  0.98961746996240885  1.00000000000000000
 -0.00232475008126192  0.00864558288422123  0.01748692142672338  0.02764328766848718
  0.03805777059419170  0.04867412092481526  0.05937002462730435  0.06997049548211856
  0.08089992125806529  0.09182609463294991  0.10222445658981920  0.11253344035296989
  0.12229079982945956  0.13213057657911845  0.14231199208720047  0.15326446871987812
  0.16438300658960270  0.17571653972986709  0.18656376820336973  0.19738858269661047
  0.20820289968462011  0.21877170913829291  0.22922061866070764  0.23963748471622770
  0.25006941851197600  0.26043969525146804  0.27077319571127195  0.28150268969906356
  0.29244797673197243  0.30336197872026371  0.31425629796759946  0.32537524411970836
  0.33653833844059144  0.34723822853170816  0.35763993768034413  0.36765368397115228
  0.37780506281561227  0.38803948777749114  0.39862944066292516  0.40970919771439651
  0.42068018973523430  0.43142881858772431  0.44219958859461955  0.45300429124489117
  0.46345345090181955  0.47365031572670702  0.48400358022685402  0.49453339677035879
  0.50458335059292725  0.51411967118494351  0.52392760019468387  0.53445793304253941
  0.54575009425116372  0.55714886601238700  0.56813170457650242  0.57858304939323968
  0.58844751525509920  0.59804783059703237  0.60770813991026473  0.61726515930882087
  0.62699572009431370  0.63706855115423133  0.64758121080185715  0.65844728493338156
  0.66916594359703019  0.67976555485187307  0.69067157057898187  0.70196827290711616
  0.71303197257439799  0.72389833511689816  0.73488968255043130  0.74629919069683126
  0.75769815174082267  0.76846655566927402  0.77904398839738764  0.78958366972424798
  0.80055418420240820  0.81107429887757343  0.82147385434296616  0.83164069139389740
  0.84213869136753605  0.85221592517494182  0.86262741536542575  0.87383624515708547
  0.88661427003531013  0.89884294450221114  0.91010632749812403  0.92066629704119696
  0.93097328781166888  0.94088725712394372  0.95015360276486716  0.95929617352992214
  0.96837190755074865  0.97815425908723630  0.98863038337218712  1.00000000000000000
 -0.00255231827358779  0.01001885307144177  0.01975033954273085  0.02957378409589750
  0.03917590260276980  0.04955835258083231  0.06002639172895605  0.07079719503662150
  0.08155419306311049  0.09270787992712726  0.10383706779641270  0.11459952685940886
  0.12557742274924838  0.13625371861441571  0.14681695225441355  0.15750395757950905
  0.16850533860465616  0.17965136273940774  0.19028357200020482  0.20083775748657506
  0.21124978340945894  0.22154810484003648  0.23212603414807925  0.24266185186240077
  0.25320706879121957  0.26400867510328330  0.27500592431225107  0.28616225809520807
  0.29736626703231650  0.30844358703206470  0.31937971127569958  0.33030377501595054
  0.34137942490207723  0.35266419826287387  0.36403754357395485  0.37533947966938197
  0.38640962842347909  0.39694750700741532  0.40709926235709226  0.41677082565187995
  0.42615928591852725  0.43601729829896391  0.44631756362576830  0.45671484622083036
  0.46652116756697387  0.47596237810764402  0.48558940056792760  0.49555615550207560
  0.50606460764608041  0.51686872342379142  0.52782137413500496  0.53871772318368749
  0.54915048367389496  0.55954586803535666  0.57025763678947861  0.58125783250798435
  0.59186476104358132  0.60207989473710977  0.61212169071518019  0.62235912411197047
  0.63277752009880239  0.64340878488065267  0.65344178766509975  0.66326920956744850
  0.67365541825961350  0.68447057437938985  0.69568036535333599  0.70699352864609599
  0.71854474100700361  0.72974588594977730  0.74049013544529296  0.75142876502975686
  0.76232661795282974  0.77306875742776571  0.78321966398815224  0.79345462872157058
  0.80388675761438355  0.81486519405435343  0.82558687344461079  0.83612107109073663
  0.84666412331183449  0.85710812088668098  0.86758896108485761  0.87807349593295714
  0.88818006696060903  0.89811284864900298  0.90794774551355217  0.91779650242321220
  0.92742973800845241  0.93732693620081042  0.94779174399492194  0.95890550524975338
  0.96971134714273965  0.98006281196697198  0.99007924475321218  1.00000000000000000
 -0.00257307729140235  0.00926436606380158  0.02013130365089279  0.03072263565671844
  0.04162160740751316  0.05223740222648493  0.06307078862693309  0.07398003656543015
  0.08494835168758330  0.09605242557208943  0.10702506546914591  0.11780059594201876
  0.12853264006028600  0.13927885722873656  0.14940685486242958  0.15944595845297815
  0.16950563609290956  0.18010455736224121  0.19080214327235884  0.20142526933623683
  0.21201364185183852  0.22293717454425019  0.23455141057047288  0.24662383736199867
  0.25851404178823650  0.27006346472114495  0.28152312617523717  0.29320903912214974
  0.30469988130247594  0.31579667056700217  0.32622337135618545  0.33660365280346494
  0.34684941759030086  0.35702906983362614  0.36710545570939912  0.37716750460517734
  0.38691430660347886  0.39629971189747742  0.40610674047566775  0.41623943793924961
  0.42709191736762014  0.43806110143314642  0.44940208751194577  0.46083466387923339
  0.47219798749256997  0.48343259859112403  0.49454403169081046  0.50588732409101256
  0.51696286197703045  0.52825356774115195  0.53940986817033543  0.55029697176998726
  0.56084018285047510  0.57087688030355666  0.58038277363091617  0.58960827717475728
  0.59893785734525873  0.60872305134393867  0.61938217136393681  0.62983658027213996
  0.63997394193819324  0.64976425087140766  0.65961771453713880  0.67071446150378655
  0.68153227152239693  0.69192603059872604  0.70215283076777246  0.71197144837258453
  0.72240682940928669  0.73305636997426027  0.74365246656803063  0.75371756247998400
  0.76360996248785540  0.77348979679317542  0.78382173383172482  0.79459699269139361
  0.80610625769021438  0.81694897836910485  0.82747123331901540  0.83801223249726065
  0.84873322821768549  0.85976314254734854  0.87045150716207920  0.88032674605463079
  0.88976471268629376  0.89932196011014542  0.90970519354871460  0.92010259027769825
  0.93084303824907599  0.94139708745469042  0.95199801270885120  0.96193237049498004
  0.97150813295695815  0.98087671158036505  0.99025573326536243  1.00000000000000000
  0.34916831831827166  0.55548069690886936  0.61355972710005413  0.64022175119036273
  0.65756367116242809  0.67255605331436608  0.68612136403022195  0.69771005011375475
  0.70773406071947564  0.71649902948685673  0.72478372216641940  0.73290126188361315
  0.74055348589487979  0.74793418868268624  0.75481535184530169  0.76105395241678186
  0.76697303582993881  0.77262240601748455  0.77812584914776406  0.78338685284712384
  0.78832994956737712  0.79300530239281275  0.79747939405061663  0.80173943017575233
  0.80585451803474761  0.80996499275638401  0.81397926033796564  0.81777416314122375
  0.82152907856355084  0.82532515804063211  0.82913748551430499  0.83292845119903769
  0.83661036163786251  0.84018012851689217  0.84363341070969000  0.84687864494762144
  0.85003331099936774  0.85322993933919555  0.85643281836332452  0.85962071181443622
  0.86275007752159638  0.86575106839258653  0.86865713184229276  0.87151087359786039
  0.87429847763345503  0.87710199033827707  0.87996104534849751  0.88280134924539444
  0.88563830474582017  0.88846899326542383  0.89124680517027843  0.89400661853665331
  0.89665465251583831  0.89922627759066176  0.90178284856690605  0.90434534034949132
  0.90685945709360161  0.90934844368321732  0.91185604634279860  0.91436490275962934
  0.91684438471570495  0.91919043239299125  0.92145151124430347  0.92366323971895536
  0.92585015099540868  0.92801238993264523  0.93030750302982312  0.93259044333227514
  0.93492142572276293  0.93729524912062578  0.93967861827904875  0.94202526716250967
  0.94429677681497037  0.94649196904341737  0.94861677183066084  0.95069202364711169
  0.95274149854623869  0.95482256498548546  0.95692801579838527  0.95907591662195790
  0.96126546332940110  0.96347052445931758  0.96565110493398809  0.96783655974246385
  0.97000184821436719  0.97213094612156747  0.97433317961390309  0.97662153202879931
  0.97899089627850966  0.98149455597995416  0.98415883774686408  0.98695744462914226
  0.98973031237448716  0.99258921445665926  0.99592815517437594  1.00000000000000000
  0.00486434436473170  0.07019582570084547  0.09554412788737762  0.10611806119435316
  0.11592240355579952  0.12599506526918347  0.13438373919352023  0.14310308348522219
  0.14982567251114287  0.15681236580978267  0.16311922447767935  0.16922022970802741
  0.17501823091293953  0.18031162607716786  0.18557391090822800  0.19064132758545826
  0.19576735069506015  0.20120239443162699  0.20654641868761084  0.21203703800332463
  0.21761340529619125  0.22282486687622866  0.22790523619012232  0.23274689687321212
  0.23771102212362027  0.24264182828008513  0.24749862424607591  0.25246985556542345
  0.25765804518826840  0.26299004954147037  0.26829718868814589  0.27357762041197536
  0.27895468561294590  0.28448412753002578  0.29011640401238153  0.29553452342877340
  0.30091843862327511  0.30627975775229072  0.31174966714024949  0.31742374146472685
  0.32324355237941649  0.32914966852518568  0.33514329337418697  0.34109642152749642
  0.34671623515223121  0.35228680055499034  0.35786247695426482  0.36371325826485196
  0.36956662835966436  0.37539576320616114  0.38120750174496082  0.38700402130637279
  0.39293987589451435  0.39899135327689755  0.40508035762132477  0.41136792616408474
  0.41797640485479626  0.42488755888393503  0.43182251671924687  0.43869881672447164
  0.44552980698021694  0.45220942271129561  0.45878138282676278  0.46553764139639359
  0.47257710985517470  0.47987561183966865  0.48707759625971425  0.49432255694217830
  0.50168943181583769  0.50940658823603036  0.51735498691946857  0.52551859208217044
  0.53374892775422411  0.54217089097925664  0.55088837836536664  0.55987995556925796
  0.56909501056577938  0.57863492780170522  0.58877766940723575  0.59951378886427531
  0.61080106861300387  0.62273651843328404  0.63531830206607043  0.64764345512075283
  0.65961137896294997  0.67211741407584835  0.68590726225903265  0.70017707068104007
  0.71499746146620013  0.73036899546655043  0.74729470599001713  0.76626689010756355
  0.78972004187201483  0.81743311266655483  0.85364300774072144  1.00000000000000000
   1.3137562131344424E-008  -1.0000000000000000     
 F F F F F F F F F F F F F F F F F F F F F F F F F F F F F F F F F F F F F F F F F F F F F F F F F F F F F F F F F F F F F F F F F F F F F F F F F F F F F F F F F F F F F F F F F F F F F F F F F F F F F F F F F F F F F F F F F F F F F F F F F F F F F F F F F F F F F F F F F F F F F F F F F F F F F F F F F F F F F F F F F F F F F F F F F F F F F F F F F F F F F F F F F F F F F F F F F F F F F F F F F F F F F F F F F F F F F F F F F F F F F F F F F F F F F F F F F F F F F F F F F F F F F F F F F F F F F F F F
  <DiscreteSampler_grid>
  grouped_processes
  1 # 1 for a reference and 2 for a running grid.
  10 # Attribute 'min_bin_probing_points' of the grid.
  1 # Attribute 'grid_mode' of the grid. 1=='default',2=='initialization'
  0.0000000000000000 # Attribute 'small_contrib_threshold' of the grid.
  0.5000000000000000 # Attribute 'damping_power' of the grid.
 # binID   n_entries weight   weight_sqr   abs_weight
    19   10   8.142114174899585E-003   2.652965748448770E-004   8.142114174899585E-003
    20   10   8.142114174899597E-003   2.652965748448783E-004   8.142114174899597E-003
    22   10   8.142114174899585E-003   2.652965748448770E-004   8.142114174899585E-003
    23   10   8.142114174899597E-003   2.652965748448783E-004   8.142114174899597E-003
    25   10   3.752179034979517E-003   5.649657894050378E-005   3.752179034979517E-003
    26   10   3.752179034979516E-003   5.649657894050375E-005   3.752179034979516E-003
    28   10   3.752179034979517E-003   5.649657894050378E-005   3.752179034979517E-003
    29   10   3.752179034979516E-003   5.649657894050375E-005   3.752179034979516E-003
  </DiscreteSampler_grid>
