  0.00244009474600773  0.01499405423624613  0.02824433253455121  0.04047644451701383
  0.05235558183134704  0.06405885097222315  0.07570038830105999  0.08724956271088931
  0.09830445052912865  0.10907856778665667  0.11934586702198681  0.12997302273380337
  0.14058055049121965  0.15165261067467448  0.16274118079522637  0.17373179009395676
  0.18465720022251755  0.19560099941751349  0.20657372151262626  0.21720467488007975
  0.22767693359861735  0.23832526392250550  0.24912038529671662  0.25976097454473795
  0.27025932618582138  0.28075264796497340  0.29134566846694337  0.30202933200447385
  0.31281316276158144  0.32366980358399294  0.33453077851625873  0.34545478125060880
  0.35647829570270351  0.36740117624487079  0.37809114091929813  0.38862858347417706
  0.39911637517100523  0.40960899191309391  0.42002625605156596  0.43024814812206147
  0.44037571811476689  0.45034875856562673  0.46035811894683493  0.47053561028247742
  0.48094987058313171  0.49158709984313631  0.50222722438632017  0.51277258183538810
  0.52327337003441765  0.53380468373184775  0.54438471820862622  0.55486888782723476
  0.56522731643625357  0.57557004065269202  0.58586450174549110  0.59611866720973028
  0.60651107540738225  0.61715429132530630  0.62780233735910385  0.63802168072014176
  0.64780928193829346  0.65764794902502710  0.66773898107043250  0.67814764602402489
  0.68846267881113921  0.69897431231496743  0.70954640228169785  0.72033168342387077
  0.73087939375888422  0.74130168595929047  0.75170166335230804  0.76216404297807105
  0.77281336970133496  0.78350322963401886  0.79428976388920702  0.80498216078739793
  0.81568206349511407  0.82622320368378688  0.83656715104702573  0.84674561217154687
  0.85691620945682268  0.86715895527422071  0.87733174901207611  0.88746074750226722
  0.89741967881761786  0.90727536098010808  0.91707688479901683  0.92697070902309997
  0.93691574790248733  0.94680273662962977  0.95656246383636034  0.96615377660958890
  0.97539963041758970  0.98404600754083948  0.99276731372305915  1.00000000000000000
  0.00209964488901918  0.01645103763184157  0.03052085518112546  0.04293360707673829
  0.05464373376588570  0.06610924920494128  0.07751681340393229  0.08874078614127119
  0.09995400603047926  0.11128513402695732  0.12263506844526910  0.13376495837852612
  0.14483839090561387  0.15574867401411663  0.16649840763456858  0.17723056210102789
  0.18790883553929338  0.19859504660122621  0.20925627086449139  0.22006392877832251
  0.23091304208319394  0.24169637588104312  0.25233294492850683  0.26302250957377360
  0.27388344280491772  0.28475761052897547  0.29561966997024541  0.30639830638004156
  0.31732323568775928  0.32836784783396766  0.33950941919739125  0.35056359092103462
  0.36135874789120875  0.37199548784474523  0.38266980383312704  0.39324780303052859
  0.40354696800219247  0.41345785123842771  0.42352789215915287  0.43396201342897794
  0.44496202477343066  0.45610275671985784  0.46702175797208695  0.47751519340971127
  0.48773079831788518  0.49782391291691458  0.50786955973601700  0.51809638751821474
  0.52853584354011429  0.53921860509636266  0.54973468208070697  0.56024334065256487
  0.57086839030853442  0.58149492096640021  0.59201910919105594  0.60250785586409183
  0.61300573901942756  0.62340860584427926  0.63359126223575413  0.64371160438494091
  0.65401580899601119  0.66433620046743425  0.67460120955173497  0.68490678631139290
  0.69526184503767108  0.70574205292222592  0.71606180268227926  0.72637264158420389
  0.73677648655367423  0.74714102216977374  0.75741781291331467  0.76755254049642285
  0.77757443417018879  0.78754053420134507  0.79746446514432678  0.80748060023972379
  0.81763574178277632  0.82789812101730842  0.83826662908531813  0.84856295866018883
  0.85883450616386814  0.86901119640849289  0.87907176012247035  0.88909161357090027
  0.89906655207533626  0.90920438811421278  0.91924337432523751  0.92913285446796623
  0.93866731257514280  0.94817710981301917  0.95742857904579881  0.96636358494389629
  0.97487058970942919  0.98317945144045527  0.99285367253548695  1.00000000000000000
  0.00000350883436097  0.00000363353148060  0.00000377610907323  0.00000394213935414
  0.00000414096253230  0.00000434968374527  0.00000457783976763  0.00000482216903992
  0.00000507338089055  0.00000535496312335  0.00000565876138645  0.00000600619501730
  0.00000638365682999  0.00000678525531500  0.00000721231168101  0.00000765437123562
  0.00000811590996296  0.00000860403076277  0.00000912139683480  0.00000967604044414
  0.00001026158804252  0.00001088217255500  0.00001153482918528  0.00001221764006665
  0.00001294229744978  0.00001370020327203  0.00001449777583985  0.00001534458950750
  0.00001622072527751  0.00001713124629515  0.00001808531439748  0.00001908556901049
  0.00002016019181758  0.00002130675091835  0.00002248382028609  0.00002368514674740
  0.00002492970630422  0.00002621467027596  0.00002765974867472  0.00002921315512513
  0.00003084899456176  0.00003263756592554  0.00003448679228227  0.00003648879447477
  0.00003865685319929  0.00004097954168791  0.00004354086144024  0.00004630106940462
  0.00004931065790263  0.00005249092449255  0.00005596020275730  0.00005983195005769
  0.00006408794883493  0.00006882409234016  0.00007400768035439  0.00007975887440584
  0.00008611016348963  0.00009318179808030  0.00010125675524019  0.00011051452971489
  0.00012104607551014  0.00013287095619818  0.00014651491368972  0.00016247786350043
  0.00018083027710524  0.00020184178360545  0.00022627031750374  0.00025576279327509
  0.00029059937069392  0.00033169715427927  0.00038123541248994  0.00043807902634224
  0.00050718850966632  0.00058889055404319  0.00068303999762734  0.00079278880027646
  0.00092112989893416  0.00106718957246938  0.00122958954367038  0.00141244038905353
  0.00162799151474148  0.00189791986754148  0.00220705062792826  0.00260644910814802
  0.00307161333171828  0.00350757398463865  0.00398806507117500  0.00464349558421744
  0.00545773943977598  0.00631615702758542  0.00717730804772869  0.00802390223035167
  0.00933102863875465  0.01728104300303356  0.03725762107500536  1.00000000000000000
  0.00000426290326631  0.00000548883529337  0.00000696637747861  0.00000875718552392
  0.00001047268967868  0.00001227638412535  0.00001427380539015  0.00001643501137075
  0.00001872352084465  0.00002124941672805  0.00002418124318811  0.00002755478105525
  0.00003135789215182  0.00003574981345761  0.00004094002382061  0.00004707822791240
  0.00005425335445099  0.00006251619105597  0.00007166723728028  0.00008156150351553
  0.00009195698798496  0.00010275299965718  0.00011417861117935  0.00012609766561692
  0.00013845604768544  0.00015143430345070  0.00016483563601785  0.00017881696337767
  0.00019341626444960  0.00020863946406712  0.00022484200746678  0.00024177662901028
  0.00025952959927814  0.00027802839802387  0.00029699443172250  0.00031777283324857
  0.00034019031137774  0.00036446532826187  0.00038991560629054  0.00041669841231495
  0.00044541773400548  0.00047539488877958  0.00050668050071395  0.00054025461633389
  0.00057687515410632  0.00061592361950051  0.00065774683310185  0.00070217372537324
  0.00075042770064698  0.00080314791863789  0.00085908461657141  0.00091778343619043
  0.00098073875890059  0.00104410686602011  0.00110529918338156  0.00116719751956961
  0.00123445017913740  0.00130942623650421  0.00139199260647526  0.00148232672689425
  0.00157862856682872  0.00167833738336165  0.00178353980751672  0.00188546112659474
  0.00198121750548194  0.00206870896471762  0.00215290736717152  0.00225054338027306
  0.00236442250777517  0.00247749876995216  0.00263043275865810  0.00278939660866630
  0.00295710856536546  0.00311918718980342  0.00327006460648686  0.00340961897221894
  0.00356371577232743  0.00372671901344657  0.00390212305971006  0.00409354811900670
  0.00431300310792019  0.00455608499766698  0.00480076161176218  0.00506507691987217
  0.00534362192737213  0.00563573276210997  0.00592941795097413  0.00625801847842031
  0.00698689445902679  0.00757575288357295  0.00808557637986363  0.01050435597058612
  0.02196229038413465  0.03342022479768320  0.04697599787978187  1.00000000000000000
 -0.00296141508038326  0.01162392447874059  0.02382249699628766  0.03633728244066060
  0.04873568874182528  0.06132306716891857  0.07395977267971666  0.08696326788933481
  0.09977809453519916  0.11269595531981640  0.12542922956534233  0.13796508320527401
  0.15042555127295570  0.16264058262145173  0.17479321818357221  0.18677317187098713
  0.19853905438659797  0.21008705959343388  0.22156463095570272  0.23308992018983185
  0.24468936197729990  0.25618141198450339  0.26751976167177621  0.27862478482078973
  0.28953579667272616  0.30027346322073944  0.31078332253130386  0.32122650213965637
  0.33176634623497592  0.34239494533460130  0.35305428071228412  0.36355714515245630
  0.37389352382653873  0.38415361944837728  0.39449047784417846  0.40514111154229698
  0.41586489918934688  0.42653923783373510  0.43714301743937645  0.44785698743216540
  0.45866257425163859  0.46934692637818420  0.47994570804880471  0.49037857965589093
  0.50062447028063062  0.51070737423539869  0.52062867237327226  0.53065740623530366
  0.54073547809642053  0.55098267672906276  0.56113232141986003  0.57120112904702891
  0.58111187884847892  0.59102281582524774  0.60081912947437777  0.61067034762991934
  0.62076854858515451  0.63098241996603366  0.64111364158434025  0.65104671321249197
  0.66086890887254102  0.67069651265765551  0.68052456885786050  0.69039333446560935
  0.70025694055777588  0.71000160832480785  0.71956046068247781  0.72882991727690649
  0.73816646083293769  0.74770813994563590  0.75755014955311473  0.76725428277958840
  0.77681407470871455  0.78639903352318841  0.79623120828860472  0.80599303801168454
  0.81594603800857124  0.82574324258561738  0.83588188542141517  0.84615163637155710
  0.85606672665794681  0.86585761425563079  0.87554207719636445  0.88546957051811559
  0.89538657766861995  0.90495426599050499  0.91488071401316573  0.92460019034468666
  0.93443600889728062  0.94407312077209105  0.95354602745353312  0.96304983905186237
  0.97245880863709400  0.98169598095856758  0.99086446062600941  1.00000000000000000
 -0.00257295591660997  0.00986129769395664  0.02033458444811975  0.03107472211977622
  0.04191828420558746  0.05254539792801236  0.06312759709289176  0.07351719014213134
  0.08400198247870620  0.09483084070704879  0.10532121377111223  0.11600804958953796
  0.12647302469780028  0.13689651171716763  0.14700405841065670  0.15739664785126145
  0.16766234073394778  0.17829324162445959  0.18884827205175309  0.19963292403987265
  0.21015477630135104  0.22064728502121139  0.23140380615209308  0.24222086417733651
  0.25288082810435203  0.26337429511816757  0.27376646674998567  0.28436082764416742
  0.29519713227317762  0.30608113418406524  0.31695943701910706  0.32746420335211446
  0.33810351785941656  0.34843338474418867  0.35906813535084880  0.36973074658509514
  0.38065371774747531  0.39136857743679737  0.40202194546780395  0.41263536709958232
  0.42349566445595377  0.43421206490534547  0.44468753055274690  0.45522845736281098
  0.46585271935842409  0.47627039304710722  0.48644915777808506  0.49659760754231769
  0.50716761645193664  0.51781040083717611  0.52838749687484488  0.53875981519584304
  0.54913580312124077  0.55943855204059778  0.56942582666834018  0.57932539132671212
  0.58875558262270633  0.59846791028386748  0.60814674869720609  0.61866180876587684
  0.62935002713327348  0.64006983187970090  0.65050392732915863  0.66102296792675974
  0.67160903369012392  0.68197764271262917  0.69217476640239606  0.70230269620889940
  0.71236106487471684  0.72254844211206859  0.73283453989613745  0.74330670074651883
  0.75372668982784530  0.76409279907954186  0.77458379132194999  0.78526657778961884
  0.79597104493218462  0.80679216395098385  0.81756774767835416  0.82839809289420885
  0.83899353357583240  0.84948618929612163  0.85985051091214304  0.87036624566194865
  0.88079059757864286  0.89154107810567051  0.90262793115495077  0.91400342595825124
  0.92505377021606161  0.93534241638999294  0.94560499065545212  0.95601320742623275
  0.96693590716144295  0.97801084242603398  0.98904769802109105  1.00000000000000000
 -0.00299625893661230  0.01214331855680083  0.02465820729110296  0.03721878233129008
  0.05015400522933465  0.06306442360721813  0.07561034242585497  0.08821120940921374
  0.10100150878714984  0.11359981834097824  0.12590809491874752  0.13806261299495831
  0.15022879647516296  0.16241579709869969  0.17465557193072062  0.18690507178529051
  0.19919789692625672  0.21145610461238581  0.22372680784273716  0.23591937053265430
  0.24798101828436303  0.25977608113560957  0.27134045520978251  0.28279094636759472
  0.29409972560619257  0.30525820325759795  0.31633713448474399  0.32732714194498858
  0.33805024812740214  0.34863084072324974  0.35922174023759584  0.36979311588946073
  0.38023060444305895  0.39060857820190870  0.40117293038398133  0.41200785879852958
  0.42297678792314880  0.43376362125742995  0.44417089481996730  0.45434984423923847
  0.46465632820725528  0.47507007985042371  0.48539965724747081  0.49576872562091889
  0.50612597578138740  0.51662397331461529  0.52706376246249820  0.53738038153706691
  0.54753333368777779  0.55753198542539772  0.56765075648470675  0.57771308618564443
  0.58765594675930444  0.59750084643207901  0.60733541171576866  0.61718264521804578
  0.62698092517310955  0.63680212200629771  0.64662669735427325  0.65630640840895782
  0.66596079667843078  0.67583303612892287  0.68566958855183047  0.69513550582316741
  0.70435562001123009  0.71359933396567221  0.72323416709863708  0.73263751269569455
  0.74191209501025646  0.75116334571964360  0.76023349386169115  0.76964125292792918
  0.77898867212629930  0.78868693281607694  0.79844292559943364  0.80824923513127400
  0.81823237125352677  0.82826024171976675  0.83794577528495018  0.84743561468595963
  0.85690337060100930  0.86665786659173605  0.87650101777034783  0.88634989779850193
  0.89599756974704925  0.90580153597161672  0.91507144488969649  0.92425177429246086
  0.93349832887778883  0.94312107898187048  0.95293797113166245  0.96258238741499258
  0.97221917295009386  0.98152786228844702  0.99091081634856881  1.00000000000000000
 -0.00223098103652010  0.00862712641168290  0.01845999378335098  0.02894925554127496
  0.03941863566773668  0.04989138601306674  0.06039379711761617  0.07102909032790862
  0.08150584834332505  0.09189758659138543  0.10226649208670049  0.11286821832613170
  0.12365559154511249  0.13441565043528239  0.14501793728596507  0.15551525737702776
  0.16590398892889108  0.17622773030338679  0.18668774173205152  0.19726971849968800
  0.20783072244590042  0.21839712643522330  0.22899978411098443  0.23955287011576895
  0.24994029099658535  0.26033199703078352  0.27099924481947951  0.28172363268980599
  0.29238683183488590  0.30282524886247808  0.31311357185910843  0.32343302388696632
  0.33408023399109998  0.34493265840051490  0.35589604059496199  0.36661494745345835
  0.37728512571905976  0.38777478492913536  0.39818824255853430  0.40873453723296377
  0.41936358121112172  0.43008166883389792  0.44068476092883269  0.45119973838024208
  0.46174631098442948  0.47248458461598125  0.48314232386575279  0.49396929950071511
  0.50447857908551097  0.51519053101169610  0.52578100008390960  0.53663536705774517
  0.54715860519427029  0.55742152722952831  0.56755976162028865  0.57785665686559384
  0.58812256123096107  0.59860324457160941  0.60917904054124161  0.61986977441424829
  0.63036861080654938  0.64091850120440241  0.65161459553002854  0.66257147338534150
  0.67331883783784852  0.68375739538154112  0.69417625597741062  0.70487481657670414
  0.71566898401643753  0.72626896714428091  0.73686595742711536  0.74750242783951237
  0.75835840150078426  0.76885346613240724  0.77953304693497560  0.79014043027905456
  0.80057103334679269  0.81111126557581581  0.82136578928896276  0.83200381926688682
  0.84256891332265205  0.85348083711454314  0.86432064029987954  0.87516077156146543
  0.88584516007393654  0.89638311232043932  0.90705377190455594  0.91755390565455708
  0.92814460918481745  0.93856981454248922  0.94884973029780728  0.95925572137518222
  0.96959844112957194  0.97984376848169863  0.98994046158039228  1.00000000000000000
 -0.00251294675004590  0.00957386126116226  0.01956138084186620  0.03014593336079747
  0.04051351972487079  0.05113612322988497  0.06183116457823812  0.07281589988612465
  0.08359827266897332  0.09417244123138566  0.10453699191481250  0.11501593458612674
  0.12573058625713185  0.13669193374810798  0.14753096469706101  0.15846625459444455
  0.16927118581197689  0.18014440884638566  0.19073574327446996  0.20115178010466714
  0.21154996171322885  0.22207360745899518  0.23265957007773089  0.24309695638293252
  0.25345624382184939  0.26392072856215082  0.27460626898771806  0.28544578017139005
  0.29623524830518849  0.30674176131502701  0.31695366856156315  0.32729365387683823
  0.33787622580472160  0.34872022324470381  0.35936033445023247  0.36983893450743738
  0.38031382861499152  0.39027540304783409  0.40035379519054698  0.41050024131791862
  0.42128607159541454  0.43204806425878201  0.44266750851497422  0.45317181319657662
  0.46376452133461760  0.47434011299157808  0.48511682514773075  0.49593144460375033
  0.50663469439918718  0.51732880627146660  0.52767781043980289  0.53770352032802204
  0.54763042197613043  0.55760015268779117  0.56809629276884610  0.57857162102088544
  0.58914747699577874  0.59954598906759438  0.60997558475185443  0.62054890201563817
  0.63118753744477385  0.64164917257700493  0.65196723682557212  0.66208209214277758
  0.67232979348396738  0.68260040348262507  0.69301885350053261  0.70340120702970199
  0.71352520245252227  0.72411626242618199  0.73473853300723357  0.74584713962677318
  0.75651532911745334  0.76711877674645812  0.77755485118187284  0.78796215385822432
  0.79839449405194096  0.80904607461216493  0.81989327562230507  0.83077791201120077
  0.84109650238302214  0.85155296397171598  0.86213204423847745  0.87293041368050606
  0.88334388588197033  0.89353709024832617  0.90369885134348327  0.91434267169042915
  0.92510089728205169  0.93610017614481866  0.94722877511989167  0.95817810376329515
  0.96891050035384096  0.97922323839857650  0.98957996673967086  1.00000000000000000
  0.00005947868572659  0.00034209875466554  0.00057383642299646  0.00075877189933399
  0.00090298620592952  0.00103411520079667  0.00116328490233695  0.00129048624936070
  0.00141672455440740  0.00154319659683510  0.00166961088307635  0.00179544739293195
  0.00191889940900112  0.00204018952688531  0.00216079719834062  0.00227263547305434
  0.00238588614053383  0.00250036126958905  0.00261465901328062  0.00273446897352446
  0.00286112053999478  0.00298967277024450  0.00311316391020898  0.00323629919640182
  0.00335995868536858  0.00347874799653952  0.00360239467131177  0.00371987234915639
  0.00383889878693675  0.00395368218608071  0.00406822663501302  0.00418696345795851
  0.00431102932404812  0.00444155508807215  0.00456537171807135  0.00467526710972187
  0.00479012619052114  0.00491020047014708  0.00504063299825226  0.00518584084868502
  0.00533696823661560  0.00548338156318791  0.00563054249702256  0.00576874640687930
  0.00590065335369594  0.00603485870114485  0.00616522211633174  0.00629335597099724
  0.00644068719816970  0.00660217907879751  0.00677490448366084  0.00693580639563747
  0.00709368969277117  0.00724186888371672  0.00737187795480354  0.00750022883869319
  0.00764006643687449  0.00780559122516856  0.00797519658157518  0.00815838029859056
  0.00837224606888098  0.00861774362892277  0.00884606429062340  0.00909157447061799
  0.00932526587085525  0.00953050431027362  0.00973413183985968  0.00998150435524007
  0.01040321770421687  0.01065035207150013  0.01086057438001419  0.01113786058057162
  0.01143467000392925  0.01170688369923876  0.01199198980853338  0.01232329400871283
  0.01268451488229453  0.01291394605056831  0.01303153252773414  0.01312015627341344
  0.01320878001909273  0.01330040571900343  0.01339579121980039  0.01349117672059734
  0.01358676581349182  0.01368346104221607  0.01378015627094031  0.01387685149966456
  0.01414712381800749  0.01443076514611264  0.01478222090766936  0.01552570581617024
  0.01581747898588869  0.01607829105099500  0.10660238561686425  1.00000000000000000
 -0.00230521407339003  0.00897158581588910  0.01912863947954463  0.02953625526543625
  0.04012774311281363  0.05034128690842927  0.06104863560883261  0.07172153703124830
  0.08246399617068143  0.09290839137656234  0.10357028075283758  0.11456141783400112
  0.12574686814321062  0.13701797167537016  0.14821031590325651  0.15946334912543189
  0.17063700694636030  0.18158969648130432  0.19250328180716444  0.20337238998320631
  0.21446447588286199  0.22549134728390988  0.23646585323597150  0.24737791665488248
  0.25845656571639125  0.26974992109812390  0.28082750816176794  0.29161356164791130
  0.30235223922180021  0.31329846580892434  0.32411723658348879  0.33467175755811163
  0.34519806203222564  0.35607844706232750  0.36670375414814799  0.37659591876056003
  0.38635155676164423  0.39610289508619417  0.40635675590130699  0.41610242386354113
  0.42579695696928027  0.43534742837412288  0.44513308118076317  0.45481196355709369
  0.46480436171278811  0.47477198394211806  0.48497336070713604  0.49480753286852652
  0.50451812703866916  0.51430224332229868  0.52427312045667696  0.53429206163456722
  0.54416407662422239  0.55400283375472437  0.56382232963424650  0.57364556264655431
  0.58381283549134744  0.59418380259862025  0.60451261888910246  0.61457736223605675
  0.62449249311944088  0.63450791666717954  0.64492696495212909  0.65554818448408625
  0.66611114442930774  0.67658469438401592  0.68708227910460695  0.69775067344232888
  0.70847010454646087  0.71925049642127825  0.73018566565228071  0.74126159649492918
  0.75230088798678951  0.76350592688276264  0.77469816957710580  0.78597486382979020
  0.79710517303565853  0.80791572832568037  0.81875802093742511  0.82936297247669766
  0.84012360427661459  0.85091002629687695  0.86195139977970803  0.87303802516517426
  0.88418752386980115  0.89531614122981940  0.90597212583990516  0.91644369932813652
  0.92701252023738601  0.93757637923338633  0.94792039070301259  0.95818363007689744
  0.96863372049301599  0.97919853371454701  0.98957415062634024  1.00000000000000000
  0.43037395154825847  0.53620766337516612  0.55169695284019382  0.56454294910346781
  0.57683265038159615  0.58809042267912193  0.59870517710649618  0.60888836878532138
  0.61850441780688081  0.62757800519371298  0.63612937683451842  0.64425229251757155
  0.65184508141505426  0.65902097165500617  0.66579273579821607  0.67211232512968422
  0.67809861104495617  0.68389709122597042  0.68959374355132008  0.69519670202605888
  0.70066573948237354  0.70600172791219651  0.71117774119478727  0.71623802815127979
  0.72123634404009096  0.72618848623296961  0.73103881487024658  0.73577408619740070
  0.74043712664687178  0.74507202427207686  0.74965309304490590  0.75410392627200795
  0.75844208743841546  0.76272121586874964  0.76696015813298068  0.77115922765564449
  0.77524019507248443  0.77926358746136870  0.78327485766770055  0.78731569740889418
  0.79136383396740007  0.79536719977335524  0.79930245623130003  0.80315299808576501
  0.80695753116602564  0.81075973155468295  0.81453802001081566  0.81824672824574252
  0.82188619281048025  0.82549752808024712  0.82910895878430702  0.83271625193866394
  0.83630071102251002  0.83987474732258993  0.84347970058029831  0.84708222563720836
  0.85061741168174154  0.85404832642629580  0.85739628630696563  0.86069872164718342
  0.86389322401028101  0.86707390297177189  0.87020022954554099  0.87333162661972963
  0.87653387219107559  0.87974949203483777  0.88294712375149909  0.88619831668285820
  0.88948100675467678  0.89277087783937670  0.89597334035840592  0.89913634667199316
  0.90234032257924612  0.90563444326229525  0.90905315642647266  0.91253366374827338
  0.91603400203972107  0.91954593801371076  0.92303153020639672  0.92652707671383061
  0.93008254481632857  0.93368246416457124  0.93738287896712358  0.94120880962536324
  0.94509370392652714  0.94910666719923253  0.95312469563187407  0.95711961783459787
  0.96121698898180707  0.96561681430229274  0.97009604938562699  0.97472121308490978
  0.97981146079634962  0.98574087139022115  0.99256991841749409  1.00000000000000000
  0.06606888961630926  0.19011142785128607  0.22779744650022382  0.25183020803329081
  0.27102868710173594  0.28777922767448061  0.30316323044422516  0.31695097447164883
  0.32955131073612354  0.34115651141913450  0.35248613738037582  0.36326353316664162
  0.37367562204533972  0.38382727024655455  0.39363644901681044  0.40307365838763376
  0.41215944897041201  0.42087057285822044  0.42920816213748253  0.43729458223984174
  0.44510816930562602  0.45272773768123659  0.46024191376247570  0.46747421262801608
  0.47465699029742342  0.48171076997667056  0.48860003812269709  0.49536707521717954
  0.50188713420858844  0.50819272577478503  0.51442008272905104  0.52062923144258744
  0.52688169221756243  0.53313674939787836  0.53929662821912472  0.54518378683652402
  0.55082285228270988  0.55638343290690884  0.56196577051594554  0.56766615623263628
  0.57321213426987572  0.57860029086285492  0.58397246038455519  0.58932844281355434
  0.59471541784449311  0.60002150221735417  0.60527396476508866  0.61036142479031386
  0.61531099779031084  0.62017166143054747  0.62508336811740406  0.62995698483738283
  0.63491534277710904  0.63984389973593059  0.64473099466413886  0.64953469863689572
  0.65429256977222927  0.65906348366493617  0.66387518166953974  0.66871374526976557
  0.67353077027044517  0.67829889881260341  0.68302975375978470  0.68776204600837865
  0.69246055481797020  0.69722845648394793  0.70189309506616615  0.70665246892111711
  0.71138039052084545  0.71612270533866162  0.72089406372104292  0.72565156858429847
  0.73051019987210619  0.73545199945081097  0.74042666387039635  0.74539072459528088
  0.75027637408096348  0.75522043197965316  0.76037009910969289  0.76587404402342973
  0.77169140982598206  0.77759611213725144  0.78346930596713471  0.78933779524324876
  0.79543682625240641  0.80195303224689041  0.80892488103530091  0.81635096232124005
  0.82410567244763533  0.83203879299395345  0.84042988773795435  0.85036991888299895
  0.86238596582419258  0.87473357638374549  0.95415815350499189  1.00000000000000000
   2.4738844169957669E-009  -1.0000000000000000     
 F F F F F F F F F F F F F F F F F F F F F F F F F F F F F F F F F F F F F F F F F F F F F F F F F F F F F F F F F F F F F F F F F F F F F F F F F F F F F F F F F F F F F F F F F F F F F F F F F F F F F F F F F F F F F F F F F F F F F F F F F F F F F F F F F F F F F F F F F F F F F F F F F F F F F F F F F F F F F F F F F F F F F F F F F F F F F F F F F F F F F F F F F F F F F F F F F F F F F F F F F F F F F F F F F F F F F F F F F F F F F F F F F F F F F F F F F F F F F F F F F F F F F F F F F F F F F F F F
  <DiscreteSampler_grid>
  grouped_processes
  1 # 1 for a reference and 2 for a running grid.
  10 # Attribute 'min_bin_probing_points' of the grid.
  1 # Attribute 'grid_mode' of the grid. 1=='default',2=='initialization'
  0.0000000000000000 # Attribute 'small_contrib_threshold' of the grid.
  0.5000000000000000 # Attribute 'damping_power' of the grid.
 # binID   n_entries weight   weight_sqr   abs_weight
    19   10   2.867029880556516E-001   1.907256607736920E-001   2.867029880556516E-001
    20   10   2.867029880556518E-001   1.907256607736922E-001   2.867029880556518E-001
    22   10   5.734059761113033E-001   7.629026430947680E-001   5.734059761113033E-001
    23   10   5.734059761113036E-001   7.629026430947686E-001   5.734059761113036E-001
    25   10   6.023610973749872E-001   8.426990931060384E-001   6.023610973749872E-001
    26   10   6.023610973749876E-001   8.426990931060392E-001   6.023610973749876E-001
    28   10   1.204722194749974E+000   3.370796372424154E+000   1.204722194749974E+000
    29   10   1.204722194749975E+000   3.370796372424157E+000   1.204722194749975E+000
    34   10   2.867029880556516E-001   1.907256607736920E-001   2.867029880556516E-001
    35   10   2.867029880556518E-001   1.907256607736922E-001   2.867029880556518E-001
    37   10   5.734059761113033E-001   7.629026430947680E-001   5.734059761113033E-001
    38   10   5.734059761113036E-001   7.629026430947686E-001   5.734059761113036E-001
    40   10   6.023610973749873E-001   8.426990931060384E-001   6.023610973749873E-001
    41   10   6.023610973749874E-001   8.426990931060392E-001   6.023610973749874E-001
    43   10   1.204722194749975E+000   3.370796372424154E+000   1.204722194749975E+000
    44   10   1.204722194749975E+000   3.370796372424157E+000   1.204722194749975E+000
  </DiscreteSampler_grid>
