  0.00000225728922973  0.00000231683294916  0.00000241013684099  0.00000251011305440
  0.00000257503369335  0.00000263691727795  0.00000270334234257  0.00000277035688205
  0.00000283792280010  0.00000293564212309  0.00000304235117080  0.00000314851620690
  0.00000326214637436  0.00000339057010354  0.00000352579285151  0.00000366399428520
  0.00000381135428826  0.00000395175724163  0.00000408990656406  0.00000423599737251
  0.00000438805655643  0.00000456668455563  0.00000474698574674  0.00000493017579655
  0.00000510689347930  0.00000528596511957  0.00000547029518656  0.00000565892892449
  0.00000586702097117  0.00000609638141603  0.00000634143586245  0.00000660019952437
  0.00000687489560983  0.00000716885625142  0.00000745771760147  0.00000775578314085
  0.00000805300653265  0.00000839214652704  0.00000874724203275  0.00000910800003842
  0.00000950959926458  0.00000994757444488  0.00001039664239943  0.00001085569371380
  0.00001136399235394  0.00001192665458368  0.00001254646016709  0.00001322219944202
  0.00001396042263947  0.00001469487338439  0.00001549322765246  0.00001632258272323
  0.00001715572450996  0.00001811343924105  0.00001911232390825  0.00002016731408897
  0.00002143860860226  0.00002279327679797  0.00002432531616244  0.00002600259171943
  0.00002776607074127  0.00002974671834459  0.00003201315770624  0.00003482547839218
  0.00003784760434109  0.00004096224979985  0.00004423263897008  0.00004792094776488
  0.00005238682037099  0.00005760224282938  0.00006311575809987  0.00006919546398705
  0.00007563579195815  0.00008212725434818  0.00008939550826185  0.00009877750544182
  0.00011134143092526  0.00012701571053590  0.00014586082205280  0.00016774764883532
  0.00019491939245127  0.00022866292351692  0.00027384315746606  0.00033141450260201
  0.00040240957288600  0.00049259160855090  0.00065109724377370  0.00081548347025747
  0.00097848431698276  0.00119181709426121  0.00149297014625994  0.00225885991683049
  0.00337947342530689  0.00603236390460911  0.04232781789052705  1.00000000000000000
  0.00240513530804593  0.01845653805008524  0.03139728507538997  0.04262137577229919
  0.05330221392973038  0.06456260463387557  0.07533271615353111  0.08666773402086067
  0.09787474009193570  0.10969105313228504  0.12167572835648616  0.13412471393582506
  0.14650293336929263  0.15856844199261971  0.17046124643166313  0.18242872121967074
  0.19258800986244326  0.20155682260855420  0.21102243344065919  0.22145173898208326
  0.23179576284426770  0.24184647404722798  0.25216871552550418  0.26348774352363119
  0.27556148119385659  0.28813685902207559  0.30021744453840471  0.31235242940262370
  0.32464643558222867  0.33811462960116578  0.34971205655040871  0.36039482343825602
  0.37049772751694621  0.38073581783313210  0.39138816985179414  0.40200593978159538
  0.41148022794572492  0.42075185906331380  0.42946792783749960  0.43746321588176962
  0.44550076931027727  0.45377076220575818  0.46213954659591278  0.47247572032398866
  0.48089694376702247  0.48957611185701372  0.49865650952126289  0.50737928295018075
  0.51646460266145189  0.52614093392619388  0.53671720667159517  0.54774439522916452
  0.55827203010145576  0.56848993228354738  0.57839830130778636  0.58830003997040003
  0.59684490392024603  0.60623434709261026  0.61670159764793175  0.62895365963499628
  0.64194962113415954  0.65435973742856102  0.66626915972033740  0.67811005900614307
  0.68998723702080045  0.70160269941009568  0.71276566071174285  0.72361069644013642
  0.73438657076053260  0.74531602027045263  0.75637328729280962  0.76717104943675807
  0.77817003887407543  0.78929702556184034  0.79966968296527796  0.80913510169402292
  0.81783850156097160  0.82623532826483859  0.83453184713348283  0.84293549770888265
  0.85107358665160260  0.85967157902781899  0.86921137493792622  0.88007482536851467
  0.89169506863496284  0.90350031373950790  0.91556523302140325  0.92790994060151821
  0.93963165910785995  0.95014049315977467  0.95982480848457485  0.96961817905063408
  0.97980540382330927  0.98711444437708895  0.99227803666664782  1.00000000000000000
  0.00000225584599750  0.00000324669486923  0.00000378301960623  0.00000392266871246
  0.00000411923638584  0.00000431556675247  0.00000454509733548  0.00000481784904878
  0.00000507542273083  0.00000533337912951  0.00000558904739257  0.00000588396026983
  0.00000623935578817  0.00000660312206060  0.00000697997405430  0.00000738376460020
  0.00000781110558487  0.00000828292923429  0.00000880667733122  0.00000935200524956
  0.00000991806917716  0.00001049018921654  0.00001104411119290  0.00001164628422162
  0.00001224336869412  0.00001291840010458  0.00001359227839062  0.00001428084663049
  0.00001498336426043  0.00001568701830163  0.00001641169848725  0.00001718208207840
  0.00001799408973427  0.00001895040170263  0.00001982796222575  0.00002090988577150
  0.00002205042564125  0.00002328445816886  0.00002472620497220  0.00002626585263925
  0.00002782838318153  0.00002948125720237  0.00003112864175292  0.00003285327128494
  0.00003472455960110  0.00003662497335736  0.00003867397351795  0.00004090974094307
  0.00004325959586793  0.00004617617285587  0.00004930789172445  0.00005263101352017
  0.00005597082119781  0.00005933036122220  0.00006286810978397  0.00006671501243720
  0.00007129771412215  0.00007657503830464  0.00008307144345237  0.00008967901511258
  0.00009701136682275  0.00010480761020423  0.00011269367442874  0.00012108199581501
  0.00013008601797435  0.00014006623064742  0.00015221602550170  0.00016711657215411
  0.00018350828690136  0.00019798973295803  0.00021350671896410  0.00023064570267249
  0.00025390911196769  0.00028459952517085  0.00031546532026726  0.00034714110765401
  0.00038468733076791  0.00042930990898020  0.00048607398565056  0.00054185316264119
  0.00060002704740669  0.00066597491712222  0.00074308792480113  0.00084245474332386
  0.00097721597038377  0.00112435860509034  0.00129007198512697  0.00147145340390046
  0.00170498182800252  0.00201949062590228  0.00246469488478251  0.00312079301615430
  0.00402916233578501  0.00545594735112819  0.15638088118935348  1.00000000000000000
  0.00000617186048477  0.00000791686380070  0.00000898401979328  0.00001026174376292
  0.00001181513158137  0.00001349430269505  0.00001544431176922  0.00001767990058722
  0.00002009383657805  0.00002284385376321  0.00002616975108754  0.00003024135587030
  0.00003520294119233  0.00004081430365453  0.00004713030755521  0.00005450978870678
  0.00006194135789233  0.00006958643143815  0.00007764495144340  0.00008705850267349
  0.00009741730301206  0.00010828735734934  0.00011953343071191  0.00013128636914030
  0.00014332855649012  0.00015565614000185  0.00016895779994977  0.00018276612767765
  0.00019801269358199  0.00021433421466044  0.00023018513069718  0.00024629463897857
  0.00026214379458977  0.00027891944004116  0.00029751682108087  0.00031706118265926
  0.00033972175177031  0.00036487968828710  0.00039142969390714  0.00041766764391594
  0.00044292300317839  0.00046800516253605  0.00049396064952410  0.00052153684507744
  0.00054932722873254  0.00057825574292013  0.00060785677191705  0.00063824687455502
  0.00067072111001372  0.00070334491003347  0.00073593286968388  0.00076906472810273
  0.00080116873285090  0.00083221513881401  0.00086486260388886  0.00090186024308581
  0.00094514716419852  0.00099260699031201  0.00103982593506265  0.00107438813464727
  0.00111462457517415  0.00115540873362836  0.00119770028934070  0.00124738606753526
  0.00131113512536076  0.00138619835081021  0.00146144913520648  0.00152994500864661
  0.00159371833666371  0.00165801575537293  0.00174326412250846  0.00184134757597758
  0.00191110613597627  0.00198627443234120  0.00207046291244735  0.00220013250460051
  0.00234939655155698  0.00259871014259315  0.00285587580638359  0.00310625459643948
  0.00328498444413207  0.00346203575095909  0.00362389049530271  0.00377135137273741
  0.00391309981086423  0.00402819326999380  0.00414328672912337  0.00437247479520192
  0.00464685826794422  0.00484506296095295  0.00507562337569928  0.00535362540850114
  0.00596329133664804  0.00743355344393866  0.25633581309797682  1.00000000000000000
 -0.00158077334358002  0.00706775248779936  0.01392191527967169  0.02086296091033641
  0.02824553071436979  0.03582294400500196  0.04366123342756645  0.05221775316855416
  0.06098328697126166  0.07133485275088755  0.08321330148292992  0.09477010715818722
  0.10482070518250781  0.11392165559304626  0.12245783519415195  0.13064680808377957
  0.13956414666768918  0.14932287105064393  0.15988446082389671  0.17069286771058148
  0.18132400752121366  0.19235287490343389  0.20282100049752189  0.21246064722563582
  0.22146229759745664  0.23047123522499691  0.24016914775541953  0.25059778444002317
  0.26193479782139989  0.27376243221344476  0.28606083801560295  0.29865950112123069
  0.30992611417914423  0.31944019777038585  0.32806331005960498  0.33676777182932849
  0.34719439082953679  0.35901709334845322  0.37128021404227557  0.38357351425139946
  0.39558679427807392  0.40720860655935792  0.41837898651162975  0.42903188244282797
  0.43988842756530894  0.45184628611883138  0.46512246033146876  0.47969688756407419
  0.49523188643823779  0.50963437852639459  0.52274177598636073  0.53620490557286904
  0.54996884192957052  0.56408981248815426  0.57834378379837159  0.59255847236756387
  0.60565077032636050  0.61782510994552287  0.62990137951265124  0.64312648921640225
  0.65662295713155372  0.66873651297548542  0.67940730401845051  0.68982508759041206
  0.69953020353371931  0.71052463729979143  0.72140886858261644  0.73141123736623559
  0.74073243510152087  0.75047669099325343  0.76082192834212115  0.77179181372558503
  0.78276093220241438  0.79313459103649342  0.80331384846309561  0.81316916110083315
  0.82302126953282917  0.83251535533708743  0.84143638106900998  0.85003555974536948
  0.85907634739024663  0.86896086219106239  0.87956467600869326  0.89002915174279906
  0.90049032573451715  0.91059779244327188  0.92056436149479570  0.92939846570042572
  0.93825787667762772  0.94769803091280491  0.95651363542014312  0.96527586145561206
  0.97331602876252921  0.98153103041894008  0.99053815960709546  1.00000000000000000
 -0.00282994607396916  0.01101685894415182  0.02150416459850611  0.03220691065098522
  0.04304119490908777  0.05449800329819486  0.06573473957218412  0.07662071166983482
  0.08743902031204503  0.09836562028593562  0.10912281632832496  0.11957194361889022
  0.13011856681807582  0.14159988504131057  0.15224368922200160  0.16217000575373081
  0.17201945541707442  0.18065738828652719  0.18975987185055501  0.19919878060453483
  0.21174216208345598  0.22454659667227284  0.23601353552959031  0.24692828510022014
  0.25760979983649224  0.26776156743617729  0.27733710543870016  0.28667845761814864
  0.29596400063896661  0.30613199619128195  0.31708538807672554  0.32685612024253352
  0.33642021060682464  0.34610108226683128  0.35740305032893782  0.36986517512421768
  0.38276077925582802  0.39531380481290640  0.40618839360139719  0.41641907411918005
  0.42650555636579796  0.43680167580108770  0.44739274428620662  0.45837353723630442
  0.46958134460546541  0.48019302603581132  0.49015939956442933  0.49998546478660616
  0.50942481114316029  0.51866994163503233  0.52793505474809144  0.53753807012397481
  0.54777925438427266  0.55823080772302147  0.56859726143594358  0.57885019520152614
  0.58967701025222852  0.60109815180673853  0.61233114150743106  0.62383022944029409
  0.63607985402667477  0.64847545704487863  0.65965732172711367  0.67025780253854050
  0.68096058379055391  0.69144961713614506  0.70153964060988649  0.71243705509863298
  0.72152614841827600  0.72896517341058276  0.73623081165632343  0.74359932823843877
  0.75327218967916443  0.76446179125902225  0.77525164523167611  0.78567199745039418
  0.79620398170860618  0.80747892924130582  0.81864469496159553  0.82956924264550824
  0.84025331627488875  0.84981370179570004  0.85890364027759136  0.86807588657581025
  0.87833936681057712  0.89021761651899955  0.90249029387789326  0.91452456947286509
  0.92601973195777476  0.93696969397499485  0.94722198922942136  0.95714317422653206
  0.96730210646089365  0.97808009981340205  0.98921950931518976  1.00000000000000000
 -0.00119494503210545  0.00523928593823746  0.01154539987502897  0.01781297210519434
  0.02418518812477672  0.03076389110208031  0.03720674314532577  0.04399111122620347
  0.05145220413234469  0.05943126450112330  0.06761601795007732  0.07606474508170245
  0.08470815237506663  0.09278629576051764  0.10050239754524717  0.10829867633061495
  0.11603144488891132  0.12401936922201487  0.13257442192922084  0.14230808856776889
  0.15184687513513478  0.16066668689864583  0.16905093358567083  0.17699353010846872
  0.18486405913278395  0.19290059532133910  0.20069770136256579  0.20806581163310300
  0.21522548846248774  0.22233046787629115  0.22976248317864584  0.23779020169757684
  0.24610135968462657  0.25457544497693574  0.26323362339637896  0.27221585855206837
  0.28138106358907894  0.29033720859340539  0.29889835675859555  0.30772223315930108
  0.31695030500473703  0.32686592485076826  0.33702129058897223  0.34701959092455281
  0.35591132835058231  0.36354711818716917  0.37157137521231953  0.38000159452084709
  0.38827319748296385  0.39627310576022901  0.40424722836412197  0.41206156686980489
  0.42033175529521172  0.43069495728734791  0.44015441643623171  0.44867406378883151
  0.45778197750292676  0.46685599841111325  0.47561448843765525  0.48588644474028020
  0.49556492993782530  0.50606486380449267  0.51816415989923870  0.53116692615481664
  0.54423454872368271  0.55644241520703830  0.56873281065054782  0.58211883052901803
  0.59568621018792733  0.60832366614333222  0.62002694041172879  0.63245248224541850
  0.64525612628969908  0.65770283470438140  0.66925541359075824  0.67988579905087132
  0.69095861060924069  0.70312539865821422  0.71616635739918444  0.72987505689077914
  0.74330815880335932  0.75477764281684434  0.76615696779618536  0.77852817799282026
  0.79294566199397165  0.80911468884703364  0.82648330109304713  0.84425208068537061
  0.86175900502746516  0.88008744739324918  0.89746408544926526  0.91416364718183507
  0.93158971607578933  0.95162012926442185  0.97501024091219302  1.00000000000000000
 -0.00197084096902483  0.00930482845365170  0.01930623360264799  0.02929333557674246
  0.04025015605045871  0.05104287619814678  0.06113384735973836  0.07127346030659884
  0.08189750887447972  0.09310990129918595  0.10485632999059324  0.11666935054278889
  0.12821574205333797  0.13872118747137663  0.14936018351531907  0.15996881556553966
  0.17030773646875982  0.18124122253076969  0.19237602932316850  0.20285572573674740
  0.21255184457499210  0.22269819126433230  0.23297714333202119  0.24318670494585803
  0.25280090336670263  0.26354882388019307  0.27477179144811958  0.28616860258048343
  0.29681010552081605  0.30681957907175428  0.31751119527050986  0.32915334602311758
  0.34087552203283172  0.35208779199289464  0.36367752835037043  0.37521467798310026
  0.38623279299920993  0.39686460617912700  0.40791394010796189  0.41985263134466205
  0.43095231470210477  0.44116204567443695  0.45059159416141259  0.45909677017010586
  0.46747803856503700  0.47560817719048093  0.48493103247320124  0.49513825898155256
  0.50543925711023840  0.51567981166910049  0.52483184674828598  0.53324552961231397
  0.54157000009693745  0.55027983632521482  0.56032102822318519  0.57070925761830127
  0.58093069519737062  0.59082580806652885  0.60044621618214800  0.60907205003186371
  0.61828816280071708  0.62745366935329194  0.63648985759774190  0.64510623266400557
  0.65382086363794545  0.66244720275210267  0.67244306734067982  0.68373042643596726
  0.69477309399736398  0.70546986953842206  0.71603968213190616  0.72679495513521242
  0.73735958314791583  0.74806507341699591  0.75891669607002432  0.77087039027872273
  0.78268741240153150  0.79360909553800563  0.80385464051410616  0.81456398940219499
  0.82602546523625575  0.83705346040422002  0.84745479893427600  0.85836594806021527
  0.86973331011749533  0.88144134068102964  0.89370922620904381  0.90577989423415373
  0.91723167817322804  0.92892802658150220  0.94085889467293082  0.95205132168131690
  0.96291493908920578  0.97451409412888612  0.98651319414503824  1.00000000000000000
 -0.00297880382016306  0.01162518585326560  0.02348708673733438  0.03546050192347690
  0.04800647240795828  0.05921132596380932  0.06893515275374393  0.07755694670398636
  0.08639428842282358  0.09612315977872045  0.10620852834295565  0.11665154978654861
  0.12742876121321356  0.13853278166246125  0.14970304917671526  0.16049172575268547
  0.17089754014432765  0.18061177020024907  0.19005937815168036  0.20017340077964679
  0.21098444255499685  0.22210618103171448  0.23227740186793999  0.24231415309044507
  0.25233079130997332  0.26349352519045016  0.27404098669499111  0.28353216762157551
  0.29292484450551504  0.30191032911111326  0.31135679645019421  0.32040869384013637
  0.32935003403844132  0.33836872607771801  0.34824601905422259  0.35981075541843477
  0.37191917180653772  0.38346843553508353  0.39465805541944537  0.40544737661598229
  0.41584446393794328  0.42587967626388912  0.43612615695531098  0.44707521474528167
  0.45830715924191973  0.46941504812146018  0.47955027226017272  0.48905086274135656
  0.49798483010892797  0.50772591789229593  0.51703634785239816  0.52672333560536300
  0.53659913455780150  0.54786160999764333  0.55928258998011460  0.57106062323702034
  0.58184073081195820  0.59161918691203441  0.60095266998256514  0.60999372693594545
  0.61900842585516314  0.62773368397328710  0.63658675243247675  0.64604394744168248
  0.65710114252231122  0.66743241437282896  0.67695066660592418  0.68675279589662597
  0.69749307163510865  0.70989197910156410  0.72198667601121413  0.73328419202615192
  0.74474342434676222  0.75613856041110872  0.76801560719010853  0.77917817565905845
  0.78902827824067057  0.79941813537448858  0.81016667709691015  0.82197405407394164
  0.83401318128252799  0.84605511433439706  0.85856975431086846  0.87124061869909164
  0.88296682266360660  0.89370910727992392  0.90392287312409170  0.91400618585576121
  0.92455125356227619  0.93497350774281629  0.94561297448779458  0.95587290703999228
  0.96612092898067325  0.97661611629347356  0.98771171180590334  1.00000000000000000
 -0.00003361679385409  0.00011371329496411  0.00044646411584699  0.00070695951417134
  0.00086085309369423  0.00101396710292505  0.00116342590309422  0.00131527451443809
  0.00146846174484112  0.00162002063114882  0.00173724539378455  0.00185049062466580
  0.00196383644661180  0.00207594721906187  0.00218434288198793  0.00230392737288768
  0.00244572272427026  0.00258014413388701  0.00271364055861452  0.00285561757859645
  0.00300064987169346  0.00314989019629600  0.00330866265062324  0.00345842789295721
  0.00357196613810371  0.00368487493971610  0.00378754803689757  0.00389022113407904
  0.00399693282041782  0.00410556480018018  0.00422611618108233  0.00436258970783735
  0.00449373231960163  0.00462579794176448  0.00476213324054414  0.00488064740768731
  0.00500021769499903  0.00514463140286804  0.00527210664084584  0.00540043725490238
  0.00553015468089143  0.00565992897307582  0.00582327551580502  0.00599608825748570
  0.00612909938551900  0.00627024207183481  0.00641075219658926  0.00657121277296980
  0.00675533578306899  0.00690951408273482  0.00706056750839941  0.00719896027561506
  0.00733022612867796  0.00748927268713608  0.00765951389838877  0.00780986114851377
  0.00795635037784248  0.00812937727585782  0.00831342863112773  0.00850830282935263
  0.00874536627674021  0.00901657415287542  0.00932887754876944  0.00979989605670248
  0.01012690741267841  0.01046448704390647  0.01084950281348413  0.01122578160101217
  0.01161447346611048  0.01200186838638864  0.01254013725129742  0.01300768885294563
  0.01361907833550837  0.01392501551629842  0.01422379345450778  0.01517063507971344
  0.01567514952809528  0.01606429794119674  0.01633661228691871  0.01660727550708159
  0.01699898434801668  0.01721152664514192  0.01738632674659054  0.01755760639018122
  0.01774620624719685  0.01863960714521481  0.01913058657684073  0.02058186808594704
  0.02179869010871941  0.02272139446065126  0.02386032622393832  0.02546147358465950
  0.02757219301798848  0.03234418975661040  0.19624115294099287  1.00000000000000000
 -0.00243495775397994  0.00896357039222151  0.01835485835037841  0.02614373872293530
  0.03451953776513883  0.04204487525769572  0.05009944757534267  0.05864386098942558
  0.06898171982480299  0.08068576693276422  0.09311296779236734  0.10432082144910219
  0.11480558065252167  0.12564377408263167  0.13745751606580126  0.14940696344125473
  0.16024201757091713  0.17084480059364685  0.18175521816549237  0.19320873882012890
  0.20287383500685888  0.21188049781344889  0.22067131100250040  0.22925870860670972
  0.23984822173978587  0.25078590390674776  0.26214062331736149  0.27295657849849231
  0.28345340561566013  0.29420812724595086  0.30652068162383483  0.31867181916502885
  0.33156250554336197  0.34052466374433721  0.34957765998699242  0.35861243493973338
  0.36779763635448787  0.37719892715937264  0.38576602153164835  0.39382682508991396
  0.40317153439951636  0.41303609468346658  0.42285488012876216  0.43272166621644742
  0.44385744429148916  0.45654506279566986  0.46699640411825905  0.47676809603926995
  0.48638389494888690  0.49640388015191017  0.50679286378511934  0.51754666648474035
  0.52924799837844161  0.54123645437099355  0.55356977910733984  0.56564493445487030
  0.57706255902186165  0.58779892343340556  0.59813323875859870  0.60800718401067289
  0.61747293553102056  0.62690777586053592  0.63697324781848019  0.64855777432297079
  0.66064430519556216  0.67235940162287156  0.68435022701384651  0.69699188260979272
  0.71018840452718734  0.72294482328297760  0.73525211124036860  0.74673362455005388
  0.75839199279801006  0.76990638890602803  0.78146230475547096  0.79257015383640028
  0.80299639178005588  0.81354582421773247  0.82361026435654983  0.83371343674913767
  0.84387642810823649  0.85422844260225639  0.86374519670891148  0.87359766434785813
  0.88384332306801305  0.89515849863088293  0.90637792155488894  0.91754895830327055
  0.92888613153289068  0.94068230415987686  0.95229897914235639  0.96261236824325735
  0.97189437102054854  0.98088469576548354  0.98975782535082280  1.00000000000000000
  0.49998585737068202  0.54218068811803077  0.55153204695597446  0.56651021913907951
  0.57203323446595145  0.57853838381743050  0.58482038563424610  0.59265120866339149
  0.60063537983390747  0.60824304084551950  0.61605250026448422  0.62451420071959185
  0.63554824747665895  0.64733855142360786  0.65695905206366390  0.66599193674384172
  0.67350663154352197  0.68027626409408781  0.68682381890790500  0.69334688395636146
  0.69912905472392217  0.70467146201898079  0.71048861914198014  0.71604885430639464
  0.72113077998963393  0.72595102923729748  0.73065279818624262  0.73557603460119836
  0.74071166799220267  0.74621797158517911  0.75173628283721783  0.75701875997606238
  0.76199985486551225  0.76664934065857981  0.77131048574576400  0.77615093249589628
  0.78142007541192715  0.78669450633001836  0.79201435240272278  0.79724872138227620
  0.80227546564111496  0.80709622674018033  0.81159054694467470  0.81606245499735153
  0.82079494748364068  0.82574183207798646  0.83077177382908485  0.83544311312460839
  0.83989963051075356  0.84422626528093836  0.84849906919582008  0.85295522786656308
  0.85743003238901516  0.86169322912376389  0.86588740156897392  0.87020272714641556
  0.87460428977930893  0.87892407373728698  0.88302683370226875  0.88702892905748254
  0.89117849997158982  0.89519062531573756  0.89880793282456006  0.90220357418491715
  0.90542059503729544  0.90860751472884072  0.91185132284046166  0.91503337530401874
  0.91807570323177401  0.92092871886978844  0.92383045612788084  0.92675109798818667
  0.92973029130496887  0.93255999273748169  0.93540785417897920  0.93833371041705360
  0.94130038144769701  0.94449353719795359  0.94765560638213908  0.95065905950631957
  0.95347137943250937  0.95605621836450683  0.95875158702806895  0.96165942565144080
  0.96463133418784697  0.96765625810979161  0.97042423183931359  0.97289884229020840
  0.97541344488910708  0.97803906810320329  0.98100727099179286  0.98428024999346531
  0.98768127279525930  0.99124306725323108  0.99531807028203878  1.00000000000000000
  0.01527236306560217  0.15341926130663028  0.18358988083596614  0.20482219154252518
  0.22235811108102296  0.23877658768567822  0.25381951436675571  0.26729830845519781
  0.27914996192840658  0.29003239332109004  0.30069945808800103  0.31014014311835492
  0.31994739597872374  0.32941647825179871  0.33975066216056843  0.34973150281122778
  0.35895684366689967  0.36775539766531257  0.37597384148400603  0.38470639765023290
  0.39345658123445237  0.40168736733741572  0.40954965445107777  0.41706273786525228
  0.42431658779719905  0.43176785075305746  0.43873533857064301  0.44520180789466773
  0.45135437521027705  0.45789203049815763  0.46481406890893834  0.47204182889271701
  0.47899568355323496  0.48646703939429581  0.49356665860959259  0.50033853942623407
  0.50665623006824256  0.51288225694579903  0.51879697232722111  0.52452166377668563
  0.53054817585787095  0.53711081213436085  0.54373399745532147  0.54990727240940596
  0.55581328005555686  0.56142825221419890  0.56642517957572924  0.57089645909306475
  0.57523155506930790  0.57978577108994811  0.58489190317139217  0.59000197448274649
  0.59502216506040106  0.59939755882628065  0.60346762339958204  0.60766296508252893
  0.61161306135247440  0.61620981128197538  0.62111882612981828  0.62624545858058223
  0.63163139197549600  0.63683359438592291  0.64187575626308535  0.64671305204836149
  0.65152964064444741  0.65660326205975961  0.66104997255240072  0.66532283926006208
  0.66979669700692601  0.67446702600428432  0.67944857827252980  0.68481415701135873
  0.69067104389895195  0.69717525098191280  0.70336379354158496  0.70873783923435973
  0.71417598380144642  0.71966546783763230  0.72589264180978952  0.73270269973881919
  0.73947560732663153  0.74618298194103738  0.75247663329439540  0.75858241856656161
  0.76435233795639690  0.77052668165238836  0.77687204491255391  0.78302629829301396
  0.78930700177166080  0.79610580347059756  0.80373445996318993  0.81320492154750579
  0.82426281149083713  0.83628096573853572  0.85226059903068030  1.00000000000000000
   6.5371707343297328E-006  -1.0000000000000000     
 F F F F F F F F F F F F F F F F F F F F F F F F F F F F F F F F F F F F F F F F F F F F F F F F F F F F F F F F F F F F F F F F F F F F F F F F F F F F F F F F F F F F F F F F F F F F F F F F F F F F F F F F F F F F F F F F F F F F F F F F F F F F F F F F F F F F F F F F F F F F F F F F F F F F F F F F F F F F F F F F F F F F F F F F F F F F F F F F F F F F F F F F F F F F F F F F F F F F F F F F F F F F F F F F F F F F F F F F F F F F F F F F F F F F F F F F F F F F F F F F F F F F F F F F F F F F F F F F
  <DiscreteSampler_grid>
  grouped_processes
  1 # 1 for a reference and 2 for a running grid.
  10 # Attribute 'min_bin_probing_points' of the grid.
  1 # Attribute 'grid_mode' of the grid. 1=='default',2=='initialization'
  0.0000000000000000 # Attribute 'small_contrib_threshold' of the grid.
  0.5000000000000000 # Attribute 'damping_power' of the grid.
 # binID   n_entries weight   weight_sqr   abs_weight
    10   10   1.247629912668339E+000   4.793309305534577E+000   1.247629912668339E+000
    11   10   1.247629912668339E+000   4.793309305534582E+000   1.247629912668339E+000
    16   10   1.247629912668338E+000   4.793309305534577E+000   1.247629912668338E+000
    17   10   1.247629912668339E+000   4.793309305534582E+000   1.247629912668339E+000
    22   10   1.247629912668339E+000   4.793309305534580E+000   1.247629912668339E+000
    23   10   1.247629912668339E+000   4.793309305534586E+000   1.247629912668339E+000
  </DiscreteSampler_grid>
