  0.00309166586512331  0.01446738563656547  0.02569249800300569  0.03643793788794585
  0.04753055305826066  0.05896371660060123  0.06988820388402554  0.08037080345434129
  0.09014019000422462  0.09998178637612067  0.11024930251214457  0.12109202520194876
  0.13230168100953135  0.14320303392256617  0.15386902025729607  0.16445778284688967
  0.17557903686612453  0.18705430190651093  0.19832755142259628  0.20851000125212413
  0.21801341795158824  0.22765935747245686  0.23781325145336848  0.24828758369621476
  0.25871484391544142  0.26920222018923096  0.27917642550299171  0.28871452316800161
  0.29812654743735273  0.30772341174695156  0.31855615746083416  0.32936896189460824
  0.34002055789837976  0.34989581975757278  0.35909749459230411  0.36766362513363232
  0.37642144793074178  0.38651287117662286  0.39792248523716273  0.40987214767680219
  0.42090723478776865  0.43189749952694667  0.44335790256550595  0.45503504775343234
  0.46660438483495659  0.47851018562799857  0.48985653771808907  0.50346086375544907
  0.51463018801543281  0.52501025833872661  0.53501067207557573  0.54498668644601844
  0.55532660493214581  0.56614606740631246  0.57734286536511359  0.58906337077044646
  0.60020420547635489  0.61081423184062200  0.62069144459061687  0.63107431336347264
  0.64093077426819256  0.65059230708827731  0.66048976656172254  0.67101059441609356
  0.68239892807926683  0.69375216352309999  0.70460236571527513  0.71511002830086456
  0.72569489891160111  0.73668283819791602  0.74721756515317039  0.75755993960952872
  0.76809042706247088  0.77858191425134837  0.78906120378442079  0.79971076649741546
  0.81061054259802445  0.82175765773772347  0.83303166164300435  0.84420142843154666
  0.85489235855741841  0.86499777380725618  0.87497475966850502  0.88544318632866958
  0.89648393100898016  0.90735954085114956  0.91801016120681045  0.92832596895504138
  0.93917511177563406  0.95020291677819058  0.96010811268660223  0.96938379247442208
  0.97854872939553228  0.98619971784617078  0.99234627879730297  1.00000000000000000
  0.00000203131653039  0.00000209109489132  0.00000215087325225  0.00000219030422055
  0.00000221525133647  0.00000224623285921  0.00000228330516880  0.00000233083975276
  0.00000238444803478  0.00000246058873577  0.00000253636209989  0.00000260369118895
  0.00000266628611984  0.00000272783195171  0.00000280641612315  0.00000289225184521
  0.00000298405358339  0.00000307762200997  0.00000317927414306  0.00000328648126148
  0.00000339702754037  0.00000349464002699  0.00000359124241180  0.00000369191586852
  0.00000379694930222  0.00000390514716670  0.00000401948831380  0.00000413967341199
  0.00000426330798773  0.00000439370920598  0.00000454584096798  0.00000470038409616
  0.00000485296075079  0.00000501647744764  0.00000520457570434  0.00000541074910445
  0.00000563300024452  0.00000585923691736  0.00000608980350500  0.00000632972625999
  0.00000656227038944  0.00000679448395900  0.00000707699943095  0.00000737812471451
  0.00000767149284190  0.00000796730931633  0.00000828667504804  0.00000863325903209
  0.00000896682476807  0.00000932935432226  0.00000973146313709  0.00001019230138390
  0.00001066974123644  0.00001119703962462  0.00001177705270084  0.00001240228065299
  0.00001309682121423  0.00001382464729198  0.00001455548147003  0.00001528216219291
  0.00001598255036003  0.00001667927891922  0.00001742183951011  0.00001842223857260
  0.00001954653937967  0.00002092774045461  0.00002252190134685  0.00002411533984059
  0.00002577272816387  0.00002767313828187  0.00002983274870260  0.00003211352460996
  0.00003466349519906  0.00003729668132873  0.00004066464474056  0.00004461508469973
  0.00004933477195619  0.00005481731389246  0.00006115477333343  0.00006840811378154
  0.00007712269184412  0.00008811744660013  0.00010196302242999  0.00011854483622766
  0.00014015715662985  0.00016803193640549  0.00020609370007893  0.00025625677506926
  0.00032667365507779  0.00042978931477953  0.00062579492273081  0.00100534586789770
  0.00166720170917866  0.00455182129662153  0.11878577702535852  1.00000000000000000
  0.00001108643012550  0.00001186717534026  0.00001264297608518  0.00001345827489359
  0.00001432158935104  0.00001519361067020  0.00001613323694602  0.00001715658902438
  0.00001836226138774  0.00001983589778380  0.00002167200384373  0.00002360989404747
  0.00002561119326918  0.00002792167244948  0.00003053404945874  0.00003349752720393
  0.00003676435963971  0.00004066029108311  0.00004556828204638  0.00005139319630966
  0.00005783269137025  0.00006453690766295  0.00007199694497202  0.00008098548444026
  0.00009158986722159  0.00010315776396677  0.00011644048449973  0.00013023718121714
  0.00014496264222394  0.00016134753071350  0.00017889761435141  0.00019723566220153
  0.00021611575627832  0.00023682656566645  0.00025869473442716  0.00028314844330315
  0.00030924623340480  0.00033622184689867  0.00036469282531920  0.00039533789512054
  0.00042852666644564  0.00046657801512894  0.00051031904493636  0.00055345552267017
  0.00059411673777871  0.00063444189472520  0.00067547602919660  0.00071972367622298
  0.00076559777527627  0.00081377527368533  0.00086302041861128  0.00091164356037501
  0.00095790978162267  0.00100302762389250  0.00104984877449117  0.00109820483214431
  0.00114749578324188  0.00119884082036525  0.00124730964481844  0.00129462712273115
  0.00134057839440744  0.00138927627606567  0.00145339431209505  0.00154121681007158
  0.00163239280157898  0.00171331756276936  0.00178929975841544  0.00186961717070731
  0.00197217503743232  0.00208391743434824  0.00218673871107544  0.00230006259458851
  0.00241590728044888  0.00255127008923459  0.00273109635896023  0.00292325158506455
  0.00311085326871625  0.00327000340049532  0.00339336961931678  0.00367385763847174
  0.00407003578935658  0.00452332355402456  0.00499694056001374  0.00566960483214315
  0.00650079281529383  0.00692930902442784  0.00730625099285671  0.00748390875003969
  0.00773064206807590  0.00809081239153841  0.00865904949234244  0.01225703768335555
  0.01937590982441647  0.02685016274172259  0.03196863110586232  1.00000000000000000
  0.00000742642664658  0.00000806302153637  0.00000871402449036  0.00000937968114635
  0.00001006672868464  0.00001082623779770  0.00001169264722082  0.00001259845744413
  0.00001354365088483  0.00001454663158369  0.00001559839319943  0.00001667054345287
  0.00001791278352086  0.00001929683229695  0.00002080283091215  0.00002233033156353
  0.00002386028689158  0.00002540227662574  0.00002698557213759  0.00002870190860295
  0.00003042001212576  0.00003224203106528  0.00003431897950738  0.00003659309770857
  0.00003905962514849  0.00004167136641079  0.00004446203969573  0.00004747254635084
  0.00005073112005850  0.00005424233928224  0.00005804562089185  0.00006243266997219
  0.00006771018148902  0.00007324945618686  0.00007886948317640  0.00008450997523029
  0.00009080360853035  0.00009742640820502  0.00010431677138159  0.00011180560204946
  0.00011982045214800  0.00012856727545348  0.00013837613355496  0.00014934366793710
  0.00016153546992693  0.00017466344566046  0.00018791335188737  0.00020157039880218
  0.00021583287823790  0.00023091361134311  0.00024714567863917  0.00026484326678646
  0.00028531068743761  0.00030932183483845  0.00033668078434875  0.00036872754578980
  0.00040521143930444  0.00044332705308291  0.00047972876912931  0.00051770929567248
  0.00055717005914120  0.00059937949356202  0.00064710971720441  0.00069856968584597
  0.00075235212419344  0.00080778476128033  0.00086995280015649  0.00093813032292642
  0.00100011047069469  0.00105893295225511  0.00112671166169171  0.00120433484857681
  0.00129606525934811  0.00138559490169775  0.00151619643786663  0.00168782043254711
  0.00188921929073280  0.00207293353136959  0.00227857545164658  0.00252481466700873
  0.00281289341013071  0.00313154225149598  0.00350019373500016  0.00396008358203526
  0.00445313514163539  0.00502141371950792  0.00576152329856669  0.00696525445044865
  0.00811823172536207  0.00906220380948715  0.00953776857939833  0.00993878271451878
  0.01042561367653149  0.01928451238811591  0.26259829619307351  1.00000000000000000
 -0.00540957648757195  0.03194051387060681  0.05975054690990732  0.08176493645422543
  0.09857313403836382  0.11456114841489046  0.12943690120106952  0.14568520602529733
  0.16280048510630149  0.17888038209160684  0.19474954525781604  0.21032065820955426
  0.22512105010031633  0.23924302915109011  0.25268297602973994  0.26489637057188065
  0.27560003887353157  0.28545250248241838  0.29621182709923694  0.30733369149979445
  0.31789782288922763  0.32800251083612542  0.33892291042749545  0.35168764562217719
  0.36613920093181657  0.38095654722664801  0.39526558436076803  0.40952948143985957
  0.42267120108416079  0.43490907442743421  0.44655165775191691  0.45838267543696659
  0.47078836760520698  0.48268942184674135  0.49310810231760316  0.50306684774965138
  0.51199661481087977  0.52181818594366569  0.53098354173716122  0.53992253528710377
  0.54863423770466946  0.55787777263133864  0.56819989495139467  0.57905312453068991
  0.58932081151915239  0.59932061738522002  0.60962182606705062  0.61980295468710256
  0.62940339779769017  0.63836588578493814  0.64671323062279795  0.65520805952139138
  0.66367387548169043  0.67189778907735398  0.68046546613706937  0.68886189090649919
  0.69689513866571251  0.70480655918807389  0.71305663804319108  0.72116869416065288
  0.72924772919505376  0.73783841096985392  0.74712080610414333  0.75538343264264562
  0.76329362127731304  0.77144734429875728  0.77977921170218800  0.78746433546555894
  0.79503732547424244  0.80296130327343584  0.81148050256750437  0.82045998788349439
  0.82966034986829973  0.83877079221299489  0.84744845210092723  0.85546494388128957
  0.86264032053668382  0.86930527420317938  0.87705550941747701  0.88474708667184787
  0.89220399813045559  0.89969482075644869  0.90702901896778487  0.91435134410470675
  0.92181669191416316  0.92953787139032384  0.93707851346534732  0.94452553638686088
  0.95162691519340314  0.95871743308997115  0.96593102127590846  0.97291896241663278
  0.97972891608667290  0.98623758958460084  0.99253468052111360  1.00000000000000000
 -0.00228540377911000  0.00998498874118846  0.02056612145670572  0.03002052506070041
  0.04031861492114894  0.05060496558595194  0.06157440322651224  0.07212533108222309
  0.08331369681389483  0.09445414290472672  0.10478037752722838  0.11416697393440293
  0.12338290000647754  0.13199998354635761  0.14113941721745410  0.15123457814353930
  0.16307900324916133  0.17526931118376857  0.18740597679278390  0.20030297717002787
  0.21237262352967190  0.22270041771462937  0.23303415565047997  0.24233548867187904
  0.25137989728212279  0.26016096297070895  0.26918814653426792  0.27865800569754184
  0.28837481943871646  0.29808206057222425  0.30785080694024242  0.31826094650084036
  0.32971017679169684  0.34199455034231996  0.35447790123842626  0.36600397413087771
  0.37788329251322317  0.39018897251517265  0.40255460612047889  0.41403709098975827
  0.42539920684161819  0.43623553045870711  0.44672312032283212  0.45585117527752683
  0.46534538397808062  0.47473337290067985  0.48491030903536442  0.49571442654676290
  0.50629476746713298  0.51681553214845821  0.52740920596715601  0.53860665748048053
  0.54943408445952246  0.55986283902799194  0.56965401601881593  0.57974329182512774
  0.59090170283166021  0.60267455522319346  0.61427192843309630  0.62485929063167411
  0.63462866740112367  0.64402807623758973  0.65367787751838324  0.66405711473070439
  0.67437142152070539  0.68401321757273048  0.69293304445425108  0.70174708534385533
  0.71131929517373060  0.72184195437771348  0.73324447503577195  0.74515675320586294
  0.75673571399473905  0.76791405923079481  0.77929956829261282  0.79087005126881216
  0.80196765715253238  0.81252586161459361  0.82312787299040546  0.83459566883762526
  0.84679907825866940  0.85847994888512791  0.86895293235558169  0.87857195715583891
  0.88787458955303422  0.89749607562374489  0.90762763232056853  0.91839555132316097
  0.92953579310563306  0.94057251994609337  0.95047206088129432  0.96004558553854602
  0.96939014769391907  0.97921671074282801  0.98997799263392017  1.00000000000000000
  0.00512055152768093  0.01436989971632257  0.02219560221672099  0.03151672050642823
  0.04075908860332319  0.04983294944741046  0.05879263844837916  0.06786102888926908
  0.07721112904584305  0.08646821361873784  0.09567134644265637  0.10418658549067293
  0.11259709906033225  0.12036239489694232  0.12858788652122455  0.13757123868116136
  0.14706156760246453  0.15638897718466449  0.16503069782381513  0.17410170256518834
  0.18336222015193329  0.19234638911607421  0.20132266356328737  0.21031096734178867
  0.21927923764826768  0.22895005984423594  0.23922617908497926  0.24991346733007314
  0.26197451558484514  0.27452680361065052  0.28734588015337920  0.29971809338594474
  0.31182028305034937  0.32325167445349684  0.33516853726114726  0.34736900120939762
  0.35879299994727171  0.36936559590190310  0.37979665450578154  0.39040688080921510
  0.40124554524734862  0.41213172671365289  0.42395402984572383  0.43669181075283725
  0.45176708060406656  0.46615964290147854  0.47982223752731218  0.49308060479876809
  0.50572376039655897  0.51794486508694804  0.53059778751241238  0.54324465841910130
  0.55535941556783874  0.56785216110313652  0.58151780791568453  0.59768197055812999
  0.61481682536826876  0.63116570453375109  0.64609634657533244  0.65975972562439034
  0.67167725072516349  0.68252692203116438  0.69309051862453308  0.70329324417504446
  0.71382968655962442  0.72483067827126157  0.73618835691511342  0.74764044507680705
  0.75816181949931782  0.76828731935795924  0.77918275033241413  0.79047322611722715
  0.80199463409596405  0.81267692443740391  0.82316969094060388  0.83312983035479082
  0.84214099069350501  0.85121763908663828  0.86089420834644881  0.87076311504220372
  0.87962482152067789  0.88792451765020997  0.89618358633837347  0.90483525861347192
  0.91396747023924541  0.92223487142983318  0.92953948616236148  0.93693018355637625
  0.94481719606943648  0.95274360308072670  0.96033862438608819  0.96840350807888975
  0.97573137359212347  0.98411727842872054  0.99214792803274843  1.00000000000000000
 -0.00274570782822369  0.01079367793841203  0.02137233624156914  0.03108247049094694
  0.04069219214465571  0.04904976324019616  0.05878469128514208  0.06910462838629286
  0.08061422769036694  0.09242359165359956  0.10446832776818921  0.11681924606368742
  0.12954899497248795  0.14127521911317215  0.15173390279545479  0.16167476322893412
  0.17137813040210148  0.18121072240013786  0.19175664074705820  0.20392193004079412
  0.21674294131698701  0.22810934359832546  0.23796759286160649  0.24751801722044756
  0.25713850582387798  0.26673665242964772  0.27644263298894717  0.28624501658425522
  0.29678703140708068  0.30829746732743268  0.31981261888347856  0.33091894069965561
  0.34209708391701610  0.35322840062143501  0.36482011444864210  0.37666110348435750
  0.38897891645841048  0.40051059532412658  0.41168729517920877  0.42283864526847620
  0.43452916720948537  0.44535870378896469  0.45624023450562295  0.46659694355607245
  0.47734840331756140  0.48839855329676313  0.49920884253876352  0.50939300450533176
  0.51925138073658650  0.52987615756869677  0.54143600671239567  0.55299334683160251
  0.56399495663003441  0.57463617751229790  0.58521396727097752  0.59616701864421351
  0.60745212020720818  0.61885609295296740  0.62968860615884648  0.63969845919200019
  0.64853624012632627  0.65691062372564502  0.66539733556918101  0.67517537635831959
  0.68590482189976731  0.69785549535117175  0.70989483249827334  0.72055240559389222
  0.73053596107047081  0.74041630830742411  0.75053309150539593  0.76037881277292640
  0.76962638840924213  0.77867883728927734  0.78804486371632254  0.79727917876610022
  0.80557633287006702  0.81374633718238432  0.82229482219789929  0.83180440240339837
  0.84246911303539296  0.85371839423720652  0.86475383220418922  0.87444291515301686
  0.88416782979039221  0.89387272913560489  0.90358590245369408  0.91358213727548587
  0.92391991812500096  0.93487275130991510  0.94580542979770477  0.95597226496926468
  0.96583047832144708  0.97568508531092724  0.98624904322509155  1.00000000000000000
 -0.00306201434617030  0.01195648653456882  0.02440443224422113  0.03633449107618671
  0.04871816569179889  0.06132304763042024  0.07313155791880400  0.08424921188708337
  0.09426695791904909  0.10403266216388593  0.11320510683646548  0.12213599960227213
  0.13089598228067478  0.13986617488515279  0.15005471763541478  0.16166886754026089
  0.17357965287338747  0.18528497707334049  0.19633633248786403  0.20670330007408305
  0.21678133282828779  0.22683438989128263  0.23786030179869272  0.24794325882789986
  0.25737751257946245  0.26647650283166285  0.27498344971320399  0.28469974138374576
  0.29510465093838550  0.30624731380696163  0.31654214293925820  0.32663651136298733
  0.33845590793863406  0.35034566937047751  0.36073503313796929  0.36963362408574496
  0.37895485311137139  0.38903788323147864  0.39938087278899703  0.40919880965169009
  0.41950671357543562  0.42995101850160028  0.44017804016011830  0.44998660607718388
  0.46020187845790717  0.47057020918465298  0.48109820748518345  0.49152046363629748
  0.50204158061627968  0.51267991810610092  0.52294509223685692  0.53278975115839189
  0.54300052932656706  0.55327668406012709  0.56340587069874060  0.57411761431052122
  0.58459632942544415  0.59530375221018172  0.60562260512704058  0.61604093700020424
  0.62617662747793656  0.63602548689774174  0.64616216913876867  0.65696476121210257
  0.66761564332713041  0.67801616436024514  0.68883156543947999  0.70027703406856878
  0.71016203349818985  0.71969603644082558  0.72918683556222841  0.73915563715854338
  0.74925187442817254  0.75948225750545284  0.77044033621750163  0.78161454249604523
  0.79265817867310306  0.80353650273291211  0.81513141300164127  0.82805468830125595
  0.84107970808235522  0.85366143269483896  0.86640373024449169  0.87776501668447038
  0.88853817299109639  0.89933931293060110  0.90965068670761173  0.91915944862427523
  0.92814789230982864  0.93783772174426761  0.94905994326989551  0.95955712776015922
  0.96886226998327651  0.97810529445986161  0.98851910410202193  1.00000000000000000
 -0.00012954891789640  0.00014359942787005  0.00046222373190143  0.00088238032707842
  0.00120508303459136  0.00147550968221634  0.00169181328794223  0.00190296061514448
  0.00210341831107266  0.00230798684543918  0.00251656571079754  0.00272661213830124
  0.00293716502814742  0.00316692196290339  0.00339501727626183  0.00361868730732584
  0.00384213777629497  0.00406401221837769  0.00424360878750512  0.00442320535663256
  0.00459911507123116  0.00477498441345274  0.00497182970221834  0.00517097019273233
  0.00540202822374747  0.00563882540887357  0.00588500939382695  0.00612318338586905
  0.00635506883286134  0.00660833888732941  0.00686684861327518  0.00711022543563954
  0.00737356597219902  0.00766935038898782  0.00795361033071813  0.00823504977291590
  0.00851366206165909  0.00870388941452845  0.00889845325107586  0.00910231665218936
  0.00932393212559597  0.00951956725242229  0.00972250099039698  0.00993382676937291
  0.01016178130558238  0.01053387736093254  0.01086405823222560  0.01111229164945074
  0.01133585336536945  0.01154380500912590  0.01177980708979910  0.01203252536362699
  0.01232243557724279  0.01263290775101983  0.01295154696157973  0.01328976363740758
  0.01361108965495286  0.01391852946013968  0.01423507267435530  0.01454260914243837
  0.01489870316662866  0.01534732845697803  0.01733046618618457  0.01750640952634313
  0.01768235286650170  0.01785823020213966  0.01803398601002231  0.01820974181790496
  0.01838536551524120  0.01856087049677191  0.01873637547830262  0.01962125433974478
  0.02112382802356296  0.02224045336996157  0.02309691929570757  0.02427811319191811
  0.02508858239519122  0.02595704171791249  0.02694721487661742  0.02799052240037162
  0.02918016440323805  0.03005343930308713  0.03099362471017084  0.03199138524059502
  0.03362254734187667  0.03723680479538969  0.03931073962540713  0.04341801242135805
  0.04983434250636869  0.05570882902201312  0.06126148374512573  0.06407823902170892
  0.06804531195659988  0.06973530488953644  0.41247918730750016  1.00000000000000000
 -0.00379531581662960  0.01663911039759402  0.03344075267738839  0.05159918619788453
  0.06862493607580410  0.08517086366620669  0.09779103810747233  0.10975021643409409
  0.12125469401479633  0.13348421298589030  0.14618473929276241  0.15921555647840288
  0.17170260002990748  0.18318926204769045  0.19486935314724244  0.20662394642204734
  0.21867959158641223  0.23017835433565420  0.24058452268147362  0.25073148410393931
  0.26069563925491879  0.27146111184900140  0.28295905654136400  0.29331579700127380
  0.30267732746423492  0.31217446046253727  0.32167453139968710  0.33151814803975715
  0.34171457032780245  0.35156986109459970  0.36099148816993121  0.36948488994042838
  0.37782867645614310  0.38574135111627628  0.39306471961229444  0.40035026319531419
  0.40777451551757027  0.41630039823775705  0.42581597363055834  0.43535357102590694
  0.44470645989658208  0.45369023463035268  0.46274705849480824  0.47182627191835852
  0.48000824705050532  0.48823503065734331  0.49658701969142094  0.50502526478546605
  0.51356100717489372  0.52166674821336956  0.52949214686726909  0.53772950954983989
  0.54617144319928723  0.55477391080443972  0.56359214948201597  0.57346581127355423
  0.58294581606267604  0.59287906352547515  0.60230516454888716  0.61153820208429766
  0.62072000514412418  0.63017277856641440  0.64024581256328617  0.65064136414147944
  0.66109859820913830  0.67125502870953979  0.68097680376600067  0.69015407341910495
  0.69888719857857995  0.70764005828712528  0.71647271471945406  0.72607944430725413
  0.73617783042581098  0.74612063037348986  0.75532610334643546  0.76413340162828591
  0.77333193393378041  0.78281460279624493  0.79257426203699477  0.80318090812930643
  0.81506320823597933  0.82783121828200756  0.84049035031357389  0.85192037915182472
  0.86196468089413802  0.87207537042284367  0.88296542904714548  0.89472870614497535
  0.90617521143791180  0.91815897793640677  0.93093705693320028  0.94464044499193256
  0.95804869475220045  0.97257138438147672  0.98643163917584920  1.00000000000000000
  0.49728826523841391  0.53702899867813270  0.55349249175560078  0.56469432581411538
  0.57716281188549834  0.58980665268298416  0.60256398310197978  0.61196285128989081
  0.62113260968469752  0.63021349512043068  0.63807031044714058  0.64593707342209383
  0.65226147594894313  0.65918905298731234  0.66648098799871891  0.67388735526265542
  0.68108348722257439  0.68782707391466080  0.69441222904641364  0.70090265263691520
  0.70719954115505002  0.71382010730407774  0.72080058571915739  0.72789662667833532
  0.73456858642032374  0.74144427931993961  0.74872293650736577  0.75568377424781941
  0.76220754898774590  0.76819304779475184  0.77404197852662604  0.77973587556218726
  0.78503612589293326  0.79014781644781462  0.79505121229280051  0.80004295783452339
  0.80541097745249923  0.81081613484879311  0.81594621213159180  0.82088967043727545
  0.82560712459733521  0.83021927595796152  0.83471926973248911  0.83919080632408771
  0.84364320428162565  0.84837755297342388  0.85291443743458317  0.85712537404928912
  0.86138577623246093  0.86548103104669927  0.86948732194156120  0.87330541328186040
  0.87691630793464492  0.88079659049659109  0.88468096214879122  0.88855511462786685
  0.89228693151463201  0.89581155566633264  0.89916590756570158  0.90250127746245179
  0.90581837709442092  0.90909524186543733  0.91224152378533174  0.91533798140065703
  0.91840742548568133  0.92136903333316722  0.92425467602540357  0.92712642334556294
  0.93019636770087255  0.93344374856240264  0.93678867155256118  0.94016521357378535
  0.94320440021835961  0.94618737500404659  0.94889949916972738  0.95145766436015511
  0.95397983434563105  0.95646399256337200  0.95888924643656759  0.96130236822576243
  0.96368403224826182  0.96612171305647476  0.96837972336518496  0.97062366051594595
  0.97282235339652290  0.97503269359508860  0.97725476191218463  0.97947931976320990
  0.98183049864335126  0.98404806371558196  0.98632998290191309  0.98866526789709153
  0.99105642435954389  0.99369792412033653  0.99667588504184135  1.00000000000000000
  0.08313856934023897  0.17899884436728017  0.22605044234127272  0.25136743122252997
  0.27085189369409024  0.28876371082611640  0.30635365771087142  0.32127462345298852
  0.33461839034807012  0.34858745931129848  0.36100696599940069  0.37222832667101713
  0.38309201666698717  0.39345504503008866  0.40310291005884158  0.41191790242884407
  0.42063333468242864  0.42953337407698583  0.43846421281130349  0.44682654168513936
  0.45519006940773399  0.46263095241611429  0.46939572074792524  0.47608727578762683
  0.48306621149965734  0.49070779971327316  0.49804760156013667  0.50494550756765155
  0.51157686244861189  0.51794998911471257  0.52440788550155637  0.53091400816018852
  0.53787668575274838  0.54455012701415539  0.55079787875585651  0.55687349826043364
  0.56288702962132275  0.56963833508882911  0.57572827474510313  0.58207724227662350
  0.58771852694891591  0.59387327855654648  0.60021808387461062  0.60676272532442799
  0.61333160378315976  0.61939891713816453  0.62500364877323700  0.63042204075419817
  0.63567598631231204  0.64087122318998535  0.64630517886670247  0.65169776199113094
  0.65735258297096821  0.66320216536739984  0.66895693108253507  0.67435181697802904
  0.67949556983498560  0.68448837354174152  0.68933338424648938  0.69375472956459427
  0.69805619361098692  0.70221349198177174  0.70646903291414798  0.71088523605239440
  0.71521058450250574  0.71963094558643026  0.72417003774907374  0.72844744114509563
  0.73271962928842993  0.73696617711166146  0.74106964161936617  0.74517056112331359
  0.74967988962532572  0.75429017348581417  0.75876831994030280  0.76319745389588334
  0.76761386749050875  0.77197730579099810  0.77597323517218564  0.77966912324035020
  0.78337910511641096  0.78691442609131523  0.79042712425738082  0.79484875264422061
  0.79960878939858271  0.80518044730327953  0.81092933832592107  0.81707895574873279
  0.82372130749726036  0.83082179447835447  0.83964717807711420  0.85140464797066140
  0.86574456191107496  0.87775826247044375  0.89134224407779150  1.00000000000000000
   2.0771843196317495E-006  -1.0000000000000000     
 F F F F F F F F F F F F F F F F F F F F F F F F F F F F F F F F F F F F F F F F F F F F F F F F F F F F F F F F F F F F F F F F F F F F F F F F F F F F F F F F F F F F F F F F F F F F F F F F F F F F F F F F F F F F F F F F F F F F F F F F F F F F F F F F F F F F F F F F F F F F F F F F F F F F F F F F F F F F F F F F F F F F F F F F F F F F F F F F F F F F F F F F F F F F F F F F F F F F F F F F F F F F F F F F F F F F F F F F F F F F F F F F F F F F F F F F F F F F F F F F F F F F F F F F F F F F F F F F
  <DiscreteSampler_grid>
  grouped_processes
  1 # 1 for a reference and 2 for a running grid.
  10 # Attribute 'min_bin_probing_points' of the grid.
  1 # Attribute 'grid_mode' of the grid. 1=='default',2=='initialization'
  0.0000000000000000 # Attribute 'small_contrib_threshold' of the grid.
  0.5000000000000000 # Attribute 'damping_power' of the grid.
 # binID   n_entries weight   weight_sqr   abs_weight
    10   10   1.989422788665975E+000   1.109570039752840E+001   1.989422788665975E+000
    11   10   1.989422788665938E+000   1.109570039752824E+001   1.989422788665938E+000
    16   10   1.989422788665974E+000   1.109570039752839E+001   1.989422788665974E+000
    17   10   1.989422788665939E+000   1.109570039752824E+001   1.989422788665939E+000
  </DiscreteSampler_grid>
