  0.00271661661056965  0.01630621320321047  0.02896873244787799  0.04048617377304845
  0.05096624269119197  0.06141622772861342  0.07132448843240248  0.08190357342824874
  0.09255419745074632  0.10382044411278417  0.11564501807734112  0.12773203325038135
  0.13944672533589758  0.14971020382315850  0.15874062253081378  0.16761039763822244
  0.17704544778060255  0.18637513525175434  0.19635291658612791  0.20532419536674171
  0.21452268222262738  0.22357219443953680  0.23301002086106282  0.24390007775476519
  0.25436354966621411  0.26296655213162151  0.27213656293036326  0.28168440340674417
  0.29350256309970091  0.30398185291251772  0.31388250398279954  0.32417429151760901
  0.33477907347242392  0.34532262099326899  0.35563178545577789  0.36674744374878215
  0.37848350504726413  0.38969857602002439  0.40164507494089013  0.41268746160438047
  0.42494907326639164  0.43536068685332430  0.44740043030892157  0.45862538607124859
  0.47071973413559942  0.48363359920358179  0.49724934166491896  0.50823198241272483
  0.51816091624829530  0.52790825212622261  0.53817543591420614  0.54813438553221872
  0.55726414632060406  0.56683597784011019  0.57734160205520446  0.58879288899052384
  0.60049363246709253  0.61198258492034896  0.62291600182710571  0.63360163126167490
  0.64481916882238810  0.65696672218066754  0.66939316439111618  0.68055115516540665
  0.69043806050619161  0.69991937945105054  0.70947682262223455  0.71964766942985203
  0.73071173865155647  0.74097134642239426  0.75133638864057839  0.76209762241211276
  0.77293633155278274  0.78340388232062075  0.79368847725898484  0.80434801176923221
  0.81524027442231684  0.82685887633553334  0.83675197588470263  0.84588284375857714
  0.85463247074991344  0.86338802851250607  0.87227668988547502  0.88116740212599787
  0.89032912228738204  0.89897624922458774  0.90801574812487929  0.91761813774537448
  0.92785797872518649  0.93785678861193478  0.94733148611261742  0.95648613436411545
  0.96650955529065752  0.97741359010092288  0.98871470311508081  1.00000000000000000
  0.00004758206075526  0.00005843532307836  0.00006638857985942  0.00007460537994610
  0.00008274518376508  0.00009037217753971  0.00009689923385404  0.00010281466226682
  0.00010833892237830  0.00011377154773477  0.00011967147999705  0.00012589559558276
  0.00013209276845968  0.00013810608802550  0.00014399682481864  0.00015011528908991
  0.00015680956096193  0.00016395307243581  0.00017118836813514  0.00017867729462717
  0.00018583142392295  0.00019257342663149  0.00019926474339298  0.00020620337541634
  0.00021357872298001  0.00022121701622256  0.00022890459623003  0.00023739044035031
  0.00024687925584795  0.00025562292046505  0.00026486019409216  0.00027403886151599
  0.00028427199323219  0.00029636284904176  0.00030898252711450  0.00032106305947765
  0.00033257171818366  0.00034452168720143  0.00035695201099316  0.00036920642363603
  0.00038178714072031  0.00039746243799509  0.00041424841920619  0.00043082643640696
  0.00044781575549956  0.00046555748508955  0.00048354750639905  0.00050235097883795
  0.00052173573078403  0.00054281194958510  0.00056456403569321  0.00058454521979310
  0.00060445578243414  0.00062678640266449  0.00065479829677260  0.00068316072563118
  0.00071111095027258  0.00074181117953051  0.00077709390590923  0.00082458769295388
  0.00086719138332708  0.00091022991899702  0.00095558143688184  0.00100374772875752
  0.00104977481663388  0.00110851160283733  0.00117663862170247  0.00125759773089149
  0.00133942084442443  0.00141326354048339  0.00149223375430398  0.00156806643203511
  0.00165200503434309  0.00174548576171934  0.00187256550982457  0.00204041184595574
  0.00220772657784904  0.00237771430115234  0.00261755503751864  0.00284804947319798
  0.00305331419319734  0.00325523301319944  0.00349319714951606  0.00377169885027447
  0.00415301091548035  0.00463103574061689  0.00523028780232062  0.00565895681205574
  0.00612030751781938  0.00692146603872481  0.00877953562637072  0.00992648638640267
  0.01115733535124456  0.01447463334341922  0.02291931311595256  1.00000000000000000
  0.00321071743402854  0.01391159495669056  0.02610015478594933  0.03730004920980270
  0.04927700061935524  0.06045089857298849  0.07119496057800942  0.08161444581721931
  0.09248428738135769  0.10293303152147384  0.11348872064150968  0.12361706009998798
  0.13421163643475065  0.14518174697992914  0.15598561553905319  0.16619831662133730
  0.17619109834794200  0.18513543362767662  0.19338205047950133  0.20168559101280467
  0.21061351234655970  0.22100740522896442  0.23255738192826189  0.24446945766730954
  0.25682403239567925  0.26829268849033472  0.27957918695885997  0.29114950562767739
  0.30236195720313574  0.31298676990021052  0.32409931952002480  0.33628278803230599
  0.34802099617214877  0.35890387776497967  0.36920902891633800  0.37904206242205052
  0.38850521108991654  0.39898975707306272  0.40926322413018240  0.42022310803581048
  0.43082627707515009  0.44274619538463500  0.45306235291665481  0.46230329866764264
  0.47043546353775545  0.47916245750413539  0.48802174569453410  0.49763608139777882
  0.50801002227990677  0.51911409877746495  0.53019442297002850  0.54177633751229681
  0.55319537515070183  0.56473692996551494  0.57549781629815688  0.58613333958200342
  0.59694716767359646  0.60868623374674580  0.62116059468027007  0.63359378310072367
  0.64580119929624780  0.65767875382373209  0.66921119461201162  0.68019907937424218
  0.69147396919134008  0.70319743118911360  0.71465341207669031  0.72579071179675070
  0.73717161263236264  0.74996044524173866  0.76246845430287369  0.77638190474273472
  0.78642522626560674  0.79603182915475679  0.80510485014463140  0.81456344268529102
  0.82464378237198799  0.83496207144635504  0.84582088922349996  0.85671947389825664
  0.86654980622633571  0.87539921742300431  0.88426674539131433  0.89401587597329624
  0.90522535696689232  0.91611526591762094  0.92649506890345712  0.93699679313659190
  0.94784801930488827  0.95842067497110783  0.96679400790133008  0.97357240154296598
  0.98053558918664385  0.98657581870025701  0.99222742748376025  1.00000000000000000
  0.00016735469013626  0.00024841182506893  0.00028511333768436  0.00031434984281903
  0.00034001112541772  0.00036625918015846  0.00039178719095526  0.00041762848313599
  0.00044280112131318  0.00046771186582663  0.00049446996565984  0.00052180917774759
  0.00054928491686275  0.00057915550239737  0.00060992671561519  0.00064288879450933
  0.00067880036306307  0.00071809353226647  0.00075721098068409  0.00079359944413282
  0.00082874041033051  0.00086444992813045  0.00090156069936133  0.00093916580900975
  0.00097763613817470  0.00101579569957079  0.00105517933236212  0.00109654349986240
  0.00114040448372884  0.00118595117453869  0.00123828197787557  0.00128970048202757
  0.00134118661428493  0.00140077224428940  0.00146469341927431  0.00152779262031515
  0.00159090898387274  0.00165317546670226  0.00172006222319578  0.00179661152090693
  0.00186929890243873  0.00194067293722167  0.00200800182953735  0.00207835652905820
  0.00214750631868493  0.00222086760152288  0.00230170388461858  0.00239097969858047
  0.00248240285124777  0.00257200764581430  0.00266108557802430  0.00275127818189772
  0.00285576719850207  0.00297389006378230  0.00309056017541400  0.00320659215527583
  0.00332831097573119  0.00345834346135907  0.00359562371675130  0.00373998741171891
  0.00389410393445561  0.00405370989990366  0.00422594539084280  0.00441592989862410
  0.00460609606377203  0.00482363713221866  0.00505876010951746  0.00535926950442317
  0.00566959472623840  0.00600852291603054  0.00637928532896849  0.00679073929852116
  0.00715951553040479  0.00749753290665075  0.00786604864076458  0.00838213880294139
  0.00909402602905583  0.00974303510309650  0.01044679245839366  0.01121158616610211
  0.01214483084661278  0.01313947283084206  0.01439757792427913  0.01607153572537689
  0.01835319892194410  0.02001137331421848  0.02159934869327213  0.02295993891004443
  0.02407239927183987  0.02541602154528857  0.02716080445588445  0.03074793023347948
  0.03797699821905500  0.04938455539662630  0.07425754033022765  1.00000000000000000
  0.00000367985109805  0.00000391463443536  0.00000413229086823  0.00000435000591329
  0.00000461701241329  0.00000487831577640  0.00000514853689325  0.00000544382283792
  0.00000577925150132  0.00000616097114244  0.00000656390233773  0.00000697513623030
  0.00000740688564428  0.00000791650769873  0.00000854087097278  0.00000923830646422
  0.00000998019918565  0.00001080275936327  0.00001172308559729  0.00001268871193563
  0.00001367987395212  0.00001471073348633  0.00001577473722672  0.00001700937966116
  0.00001843747087153  0.00002004052076233  0.00002179623009433  0.00002389669692612
  0.00002654489386534  0.00002954200006137  0.00003268619201341  0.00003608568718860
  0.00003991583915569  0.00004405464879989  0.00004819621976545  0.00005198242654840
  0.00005583854852064  0.00006007019399007  0.00006467607688803  0.00006955552388391
  0.00007499231324759  0.00008130751155255  0.00008795369847697  0.00009478132484791
  0.00010241369125182  0.00011160549502192  0.00012194927973856  0.00013242256351610
  0.00014353004567948  0.00015562274474208  0.00016894402386625  0.00018445033444218
  0.00020068594340044  0.00021683740757601  0.00023361706574747  0.00025154280480794
  0.00027062616543355  0.00029295931686562  0.00031823130570165  0.00034461553535368
  0.00037158874346368  0.00039937058799472  0.00043095988546929  0.00046756807217868
  0.00050972098428168  0.00055884650386778  0.00061233414173519  0.00067018396372351
  0.00072956260175303  0.00079024259707611  0.00085044540830082  0.00091253628676542
  0.00097298868428019  0.00104721793284945  0.00112484995822622  0.00122573036681147
  0.00131928951749833  0.00141495923159061  0.00151725404383396  0.00164044045587471
  0.00177428090428474  0.00191964151888836  0.00209701059493290  0.00229629897958363
  0.00251870681363890  0.00276743520594993  0.00311918042244159  0.00350974257580133
  0.00405847260636718  0.00499251647548817  0.00584648546439964  0.00672139320159792
  0.00805977848124984  0.01282775415055805  0.12717858209822425  1.00000000000000000
 -0.00259427186620171  0.01306354519663097  0.02609140668376249  0.03975837290551452
  0.05189765085778886  0.06312579510129562  0.07427454920430884  0.08505100546354101
  0.09627095575379972  0.10736488494794469  0.11979722869543591  0.13105836623702607
  0.14222440143401924  0.15424364706082039  0.16481296278487595  0.17446561330234589
  0.18360063291603043  0.19421891397926852  0.20557674812051868  0.21674978342148499
  0.22721212545029171  0.23744115037595159  0.24826913507288886  0.25944498090894952
  0.27133574173849601  0.28284936030467162  0.29248518968299897  0.30112126913783960
  0.30950473418946101  0.31823954071898597  0.32794265283629892  0.33788259132342008
  0.34814653683668273  0.35867885359245888  0.36943802549087018  0.37980694307717761
  0.38987962224954509  0.40016387058893882  0.41047404458924275  0.42070793856992167
  0.43090137180924210  0.44122743860562080  0.45144241514718342  0.46011031272093617
  0.46744523551335976  0.47495344549887542  0.48303134557197713  0.49193378623788053
  0.50105696934475319  0.51030642417101535  0.52006124763615813  0.53113830388489147
  0.54187851486194527  0.55238154194056655  0.56193359754688754  0.57200968034325661
  0.58299599848547889  0.59436888677835975  0.60492043333095025  0.61522352021873927
  0.62513886865682367  0.63534925662339048  0.64597055248611768  0.65720166093726740
  0.66880159779199122  0.67952586550238869  0.68939102821666243  0.69849155637263682
  0.70781163007420045  0.71878441889445110  0.73088373815763397  0.74241033161576875
  0.75215661666434874  0.76149114682863384  0.77110332961791106  0.78096048619404346
  0.79125755696533417  0.80288679383869399  0.81512187976902895  0.82650890467747562
  0.83697138366201396  0.84675557842209515  0.85580552521940934  0.86476810771885981
  0.87391329235325654  0.88421617901879546  0.89581995523768965  0.90729719275724929
  0.91894508839975220  0.93010936951297385  0.94144601424571006  0.95186152767476040
  0.96214335225412351  0.97387880826432383  0.98548629607956317  1.00000000000000000
 -0.00231725099923252  0.01140545718427202  0.02246913042850112  0.03247462066380436
  0.04271862006258673  0.05323965629281727  0.06316720119661151  0.07289654321947961
  0.08218324303117377  0.09190644412719071  0.10242216412987978  0.11158687005145555
  0.12205535789804048  0.13275725478023154  0.14513585977269541  0.15671839711623273
  0.16859714251747271  0.17896705828408907  0.18918713579241106  0.19917212991128833
  0.20869569923557887  0.21784570567600639  0.22718566649192393  0.23731037191720061
  0.24733304272237081  0.25732525561949832  0.26744420875918096  0.27722343126601590
  0.28646105698204777  0.29559569152267984  0.30478990155603347  0.31543473827279728
  0.32572051136304231  0.33633411288021919  0.34554707633864434  0.35505803600110897
  0.36519285025808640  0.37568321775287011  0.38718858206219275  0.39771598698205463
  0.40883373477744295  0.42021633862273816  0.43155545268660239  0.44313198725778669
  0.45323957576076718  0.46373011903043210  0.47311388087211081  0.48291846014337309
  0.49286523036072638  0.50289474437854009  0.51250792193059913  0.52138755403809545
  0.53053754606122383  0.53979754338547803  0.54892819774413937  0.55714546741481785
  0.56516398070153873  0.57327394616527161  0.58287139134011590  0.59447549228638230
  0.60614231948947206  0.61752677120175781  0.62812901444565228  0.63819314508689273
  0.64887029732921853  0.65934133659580330  0.67078562641790718  0.68126804120907014
  0.69295049579167456  0.70446940742078845  0.71602700055126456  0.72791452295809744
  0.73940469513952556  0.75099909694908140  0.76329015142228185  0.77470735009791725
  0.78615430204567660  0.79863892000651737  0.81255584057155350  0.82617859190528609
  0.83873434621421672  0.84950010362772510  0.86033087717316703  0.87070748528724518
  0.88114245448434736  0.89122828880856209  0.90167897764391491  0.91252676187739912
  0.92280013794878191  0.93311369174550451  0.94293567012737478  0.95270962002811210
  0.96213446353600984  0.97301746696685343  0.98580818718065999  1.00000000000000000
 -0.00281619428738325  0.01208003687912812  0.02320770277368733  0.03388503358360498
  0.04298114777116360  0.05240304145049070  0.06268695215685303  0.07467598691682900
  0.08570907052703747  0.09639088301415016  0.10677129654337075  0.11781666679736782
  0.12872953067660917  0.14109205912280690  0.15467916838387172  0.16886482803584416
  0.18070144206705460  0.19194158146707477  0.20304124713712204  0.21557539287223718
  0.22777962944575028  0.24034790886178886  0.25225184024125769  0.26367265365760734
  0.27467779978833851  0.28614594088653689  0.29856114029060166  0.30976155175221937
  0.32182466697461093  0.33324896858743602  0.34433366998776233  0.35475210078289376
  0.36489364982139139  0.37558386180066949  0.38590773839976872  0.39603585331737312
  0.40668372263611841  0.41784083733207200  0.42974447443125108  0.44173060317896334
  0.45415524577824845  0.46590460894621855  0.47749151624431518  0.48870711000790679
  0.50047689769736059  0.51239160533155004  0.52517386749904738  0.53774414036907536
  0.55009996109787751  0.56073142049878100  0.57125451413174599  0.58298221890700719
  0.59713542767554351  0.61144433101157969  0.62540746113044610  0.63690736076203558
  0.64687695781589216  0.65559905049130618  0.66563977309877553  0.67635078142988658
  0.68676120549851238  0.69686828377873167  0.70813746155616175  0.72032997650929187
  0.73323827454274759  0.74597826320366389  0.75755575724614832  0.76819091159527597
  0.77762880145766122  0.78691497066463278  0.79595473438484821  0.80516346989572118
  0.81383229425623826  0.82094294441561266  0.82860986680303306  0.83705628351252437
  0.84700518138068592  0.85666099432556941  0.86459073247838036  0.87148290012703444
  0.87825083170664775  0.88564070503888181  0.89369201059686731  0.90197695096517161
  0.91036787119045504  0.91890344148667424  0.92799977351762997  0.93741331350595780
  0.94645044981219939  0.95593797236307132  0.96524235269666592  0.97423094494678353
  0.98189384004332314  0.98835995374995489  0.99448916779578400  1.00000000000000000
 -0.00249518462070819  0.00754795197246249  0.01675528160880242  0.02625253910295077
  0.03646209001554718  0.04706924593510975  0.05750494953207849  0.06822267462444706
  0.07979344381080025  0.09226985208912146  0.10281489100492905  0.11249844450369222
  0.12192711739877948  0.13254790535920899  0.14316462745788561  0.15292234133108124
  0.16213552126385894  0.17110290163000524  0.18160267341979311  0.19338740907395810
  0.20551887679046066  0.21651611193839093  0.22673651565763306  0.23682537176447196
  0.24696735629247513  0.25727153675431458  0.26875082523222255  0.28212325464810123
  0.29469380639338727  0.30605692382328736  0.31655625315663011  0.32710807031120859
  0.33804705305256877  0.34963979496957520  0.36249649287071339  0.37548469112522481
  0.38687591145971328  0.39743207658210777  0.40810109189289157  0.41772221719320912
  0.42677981763947792  0.43574856693731101  0.44440405322715321  0.45358402887090665
  0.46288357118802609  0.47337669812014904  0.48470185972587326  0.49658646478204277
  0.50820711021366716  0.51915180736774491  0.52926792135554579  0.53941096156127077
  0.54915089104738979  0.56071451603298605  0.57144270860349722  0.58128822297572191
  0.58957977910107329  0.59763974254383423  0.60752656463386856  0.61966836221110211
  0.62978401775167470  0.63869738794920516  0.64819823814105615  0.65974149473934840
  0.67117315982738401  0.68107494873352636  0.69172408812538178  0.70325505091969287
  0.71506772805938779  0.72597494538698504  0.73835287023780904  0.75131033778094847
  0.76380509217013914  0.77555991713899741  0.78638141812289519  0.79710278269052814
  0.80783153796374285  0.81853487064432706  0.82934308033774751  0.84022409792110575
  0.85143600654109941  0.86205243996879100  0.87253376255883475  0.88236761883678283
  0.89152868802975327  0.90031381682986789  0.90929162207350456  0.91884995779823730
  0.92825886103816213  0.93773983199597943  0.94740525381244056  0.95735550740919750
  0.96782763063344102  0.97850085751793980  0.98956012077700406  1.00000000000000000
 -0.00215996720207400  0.01020106613063226  0.02149844782683917  0.03315532643839428
  0.04552460879564731  0.05639624384428626  0.06734848048776232  0.07803952863172083
  0.08830497105086876  0.09935872309255253  0.11025519914134252  0.12164840321066343
  0.13298421097353175  0.14380145140571182  0.15298836444610950  0.16207499884437751
  0.17165645166661367  0.18263879976462041  0.19291120361305195  0.20274966484567605
  0.21186375458411999  0.22160269376610808  0.23109552765037158  0.24095853983501880
  0.25029790574696820  0.25936824262695746  0.26789144953945893  0.27706452807169452
  0.28660022426588122  0.29670472654479241  0.30772390450205928  0.32011444696624763
  0.33282723388815971  0.34491719290935469  0.35643993948061015  0.36650632595498867
  0.37571116905590357  0.38432594322943547  0.39299449357079552  0.40279561471742187
  0.41409832302886823  0.42484227702329552  0.43447988149789740  0.44322559327609945
  0.45213773042092675  0.46082258665271109  0.46943247132273264  0.47834389304561709
  0.48933791681603733  0.50230518028954241  0.51582217881989412  0.52740165084879465
  0.53760499235026549  0.54750858852728512  0.55727643289586015  0.56668372631971198
  0.57546555703999447  0.58431039870481649  0.59429736340061046  0.60626618804617649
  0.61890692941543934  0.63016160178743685  0.64029573969373677  0.65018360603331604
  0.65990485962785139  0.67011689461838386  0.68050093610306694  0.69089458221933941
  0.70169997697299868  0.71291278598996932  0.72549070260488269  0.73582744467402139
  0.74591156448776275  0.75613019181582308  0.76597527574641033  0.77535415320161982
  0.78508624872374710  0.79510583477478503  0.80634003872809112  0.81702539147623354
  0.82742688857063973  0.83782267320543558  0.84882691958336032  0.86130678288467855
  0.87361397884911796  0.88470984279873965  0.89537154384283679  0.90673423608557813
  0.91795662913874621  0.92890586097974659  0.94136606719390969  0.95591814448943502
  0.96980819061460677  0.98198096325399420  0.99156175675387448  1.00000000000000000
 -0.00291356057590705  0.01097147761688380  0.02276858225783673  0.03608825640473370
  0.04784978197587975  0.05954578250177099  0.07073520717490830  0.08103377940758831
  0.08957082184111012  0.09777083628040807  0.10702546175939102  0.11741891341842191
  0.12840494550197434  0.13941070489844257  0.15061118600470980  0.16246078531420319
  0.17487761123930584  0.18731538402998724  0.19760909090764361  0.20678119363578074
  0.21522780130142433  0.22387505167359517  0.23361293473394645  0.24349427439259289
  0.25318581041728300  0.26299753121995184  0.27288002220882196  0.28278250494326590
  0.29258329880481759  0.30122302392477329  0.30911054070210309  0.31723249527970954
  0.32612588090311301  0.33624883931037408  0.34797855991386456  0.35891784823433087
  0.36988062876040906  0.38005855203741107  0.39073114088323396  0.40192038812623981
  0.41340227897278670  0.42481855838408533  0.43679674537648749  0.44960765096062766
  0.46207373854758410  0.47301820918590537  0.48427988233840619  0.49465544759584734
  0.50498759658991421  0.51424908566652261  0.52357425285671333  0.53153422331137312
  0.53994188693076839  0.54970804127918582  0.56113466628354025  0.57320426026367133
  0.58533746213420046  0.59722667666640838  0.60847181385212035  0.61870561267925017
  0.62871214544288667  0.63891364292511710  0.64792534735810103  0.65642420743085095
  0.66538172769304926  0.67637240978682744  0.68928137817257351  0.70098047436048283
  0.71121041774886784  0.72102959286923163  0.73111181037425177  0.74286232822614606
  0.75465169225698758  0.76702321969306286  0.77792897859227539  0.78800450926165599
  0.79731677226237951  0.80628783410443938  0.81553287376685735  0.82476712508984551
  0.83406807710480380  0.84348704097941163  0.85378068978680366  0.86483918509791047
  0.87582545447792681  0.88753501245362576  0.89910581306069803  0.91062315239457992
  0.92103334664531322  0.93114019010832960  0.94109379079422173  0.95124508157367327
  0.96214699344963317  0.97356478003066804  0.98627062831350243  1.00000000000000000
 -0.00198649141959279  0.00544861710045396  0.01254662430806746  0.01930611523871327
  0.02560778508713610  0.03211421419375134  0.03877455451682307  0.04560746315012015
  0.05262102334530568  0.06001465012399201  0.06773626162217625  0.07547903425746422
  0.08319934320348446  0.09109526529536263  0.09937487619827018  0.10756333067691394
  0.11519673435346373  0.12228177754162976  0.12862712193457379  0.13524688296315404
  0.14183806543007257  0.14944879785771553  0.15790912670988425  0.16724417539609795
  0.17647778184839880  0.18511410884989413  0.19369584171804247  0.20296819323205420
  0.21355203141063453  0.22422895417464955  0.23624067458488665  0.24821965515543437
  0.26111547003750168  0.27386293860577615  0.28597142186445312  0.29723397511259086
  0.30790909470506211  0.31885150220654113  0.32935240844643160  0.33952263633189000
  0.34930911123574709  0.35869919250075766  0.36861172014092997  0.38188166217514480
  0.39510099697861395  0.40631181000347083  0.41682688205829577  0.42885208704583344
  0.44143980986390274  0.45541674438090229  0.47198775175967134  0.48920738429299671
  0.50321385325998147  0.51459872863760814  0.52594420459522606  0.53893586474323041
  0.55127962543656017  0.56366304019216751  0.57656035017128304  0.59064489588331315
  0.60508529723669635  0.61911491845164324  0.63264465723989916  0.64755487164145709
  0.66320611901884829  0.67907656695050844  0.69350357039410715  0.70661945414790162
  0.71915426364901613  0.73251499241647211  0.74742799968133899  0.76115011584173453
  0.77337464409976919  0.78452527238763348  0.79514866277240526  0.80649868260604174
  0.81901143956803479  0.83175518935031023  0.84447984528507614  0.85645275591424219
  0.86772268144914444  0.87904742577921746  0.89049742210164551  0.90092506682412310
  0.91110175036893493  0.92059796926363480  0.93066457911769396  0.93925220367435802
  0.94737749357084700  0.95542017012526947  0.96384315307579649  0.97262332933972928
  0.98051087330398490  0.98748619576719476  0.99348381962868215  1.00000000000000000
 -0.00320610553699482  0.01053687376991302  0.02276490408634348  0.03495410416853851
  0.04769347219772386  0.06125259085545687  0.07504482955560345  0.08839119023892925
  0.10110045740741835  0.11344157305329043  0.12504926395924770  0.13582846848632396
  0.14628804167691009  0.15544674869676511  0.16498212815048777  0.17452929867742925
  0.18380091988713329  0.19374687243708275  0.20343374151236931  0.21361535730667655
  0.22399403378474950  0.23446138909680947  0.24548225199803905  0.25747245551062853
  0.26905982878727136  0.28020624540060485  0.29105389213302013  0.30266335877878625
  0.31363062104092110  0.32413827954962326  0.33526367795708173  0.34843212583879229
  0.36124935305065536  0.37218540225121449  0.38153874321836578  0.39005132135152087
  0.39834427121208260  0.40666865090606841  0.41491597812817749  0.42343068142687279
  0.43244156043613352  0.44223269005375182  0.45275095733129822  0.46290635715465395
  0.47347717820624818  0.48321597365504876  0.49244511868164481  0.50198447439409566
  0.51279228072464267  0.52490954172040238  0.53686228492284926  0.54750929153625849
  0.55836414184660743  0.56890970987787304  0.57931022286168954  0.59013698572098627
  0.60094084338230103  0.61144925213304124  0.62207917852524330  0.63325870923284600
  0.64408885535353655  0.65408927179875354  0.66417783149220422  0.67522831375767944
  0.68812744380045299  0.69998819567693171  0.71268390191691811  0.72476715299915673
  0.73727127147177163  0.74796549706383020  0.75717162587891518  0.76586631683251194
  0.77451109595051870  0.78313799343091672  0.79197103174946459  0.80126776085859719
  0.81100659383198537  0.82004061272843254  0.82934292455319181  0.83806065819368547
  0.84659947193415019  0.85559038184023295  0.86504925224367379  0.87546797517288721
  0.88565310613903236  0.89562199829031697  0.90559797870422942  0.91555426951894536
  0.92576539152004189  0.93645640548990439  0.94704349066460425  0.95710589182046846
  0.96696895816753237  0.97699170401928148  0.98826128865073559  1.00000000000000000
 -0.00250659870721886  0.01256049470225745  0.02485538519196097  0.03532099516367249
  0.04458062000137962  0.05264187581451144  0.06054442478186074  0.06956721758509465
  0.07778352929636283  0.08685079469337291  0.09581521597165568  0.10619805860260934
  0.11772925471235672  0.12965921617617529  0.14074357255405376  0.15106783048826258
  0.16012078909285737  0.16865119438223639  0.17789174836235414  0.18733281507117935
  0.19649646029118595  0.20547369011624711  0.21388111723407452  0.22373441715686743
  0.23380850263088715  0.24401354540170356  0.25397216538868356  0.26446226068241385
  0.27471762724964455  0.28466195234043296  0.29523552476065767  0.30671986482438252
  0.31904579909637792  0.33156569898307370  0.34352227229541876  0.35491399018547881
  0.36571601934905346  0.37758683008826283  0.38774688190199336  0.39826054357764223
  0.40940800312354242  0.42072043244516755  0.43051429652435624  0.43929341147318179
  0.44868652789247909  0.45981817035240824  0.47204603855036226  0.48384073888665002
  0.49515969763186851  0.50601504804252750  0.51654353891155746  0.52747306456372289
  0.53784740466116121  0.54978141335328146  0.55993973578911560  0.57017810746934017
  0.57978268020838208  0.58997903964178866  0.60133835562271032  0.61342722215076073
  0.62477275256798792  0.63508026786801686  0.64511147350287612  0.65564582654165848
  0.66673462720853616  0.67719171472043971  0.68812117423333541  0.69939046510680680
  0.71011065746004676  0.71989846240724920  0.72959273541918901  0.74014281170965890
  0.75146766336814697  0.76303194605571512  0.77500437551039170  0.78743103217733013
  0.79952270784331192  0.81131345347074080  0.82282339790791548  0.83313006765347619
  0.84221438767223766  0.85094624243419414  0.86056777666501727  0.87211542752713378
  0.88373463449919953  0.89347996109848260  0.90226507749126039  0.91092286039082937
  0.92026101477904876  0.93028285195053029  0.94012391441239485  0.95072131204256272
  0.96282855071003648  0.97527545350365052  0.98811268584266609  1.00000000000000000
  0.53668611402501076  0.60731431403351799  0.63692527430216972  0.66187144198835945
  0.67997500671537958  0.69701184182138542  0.71241442453674142  0.72453681985045215
  0.73553419655495444  0.74573677732735444  0.75488808759703074  0.76398822242179110
  0.77311572044238630  0.78188441059313984  0.79100653324830783  0.79830948211424080
  0.80450686336610355  0.81083119799849679  0.81766976840140093  0.82477560918683468
  0.83157640768540975  0.83753720963807621  0.84312222706210138  0.84884361857408641
  0.85401769022054907  0.85845507858937342  0.86282112466623484  0.86751087393019022
  0.87189149268674992  0.87564550289954735  0.87909413496481237  0.88250165854211848
  0.88602988274663175  0.88967158631863885  0.89333383496350227  0.89646745906689829
  0.89912405284668451  0.90168897846165763  0.90451947360418894  0.90754696726277650
  0.91062741234636890  0.91358224887159389  0.91624645082351541  0.91876648991273124
  0.92134838294837784  0.92387516933236646  0.92647472606337189  0.92886974112094856
  0.93121318897087224  0.93336242710102579  0.93531924644432107  0.93713884341124820
  0.93887807867963291  0.94063285991529211  0.94262270559075401  0.94447222786514895
  0.94621649490439730  0.94790385307571190  0.94949057696000994  0.95125696550959515
  0.95315408491962472  0.95501762645722743  0.95675101843437438  0.95828812516494299
  0.95970005091564747  0.96109437332657943  0.96246839622187952  0.96382020768428533
  0.96521970439635285  0.96665758305999638  0.96803569270905243  0.96955327769710742
  0.97098702309678275  0.97242655214689788  0.97385098174535589  0.97524860992342077
  0.97667761455516944  0.97813699770819895  0.97949280727968047  0.98068441893780267
  0.98181573472433659  0.98286594744234268  0.98388691447537879  0.98498585135928030
  0.98616251603743077  0.98732637586191974  0.98847741330234973  0.98967988289407594
  0.99090572346464878  0.99215531626509801  0.99337759035677098  0.99452687653051330
  0.99570290404648720  0.99698669146833996  0.99843399440291725  1.00000000000000000
 -0.01731542725093702  0.11542321234517941  0.15476229559990037  0.18037157222368416
  0.20283618539586862  0.22074328519823944  0.23753611195984392  0.25286412168630512
  0.26720542686963733  0.28033910222103925  0.29056856862654418  0.29976302140588035
  0.30804982636976697  0.31790968445856160  0.32711385271752719  0.33638230836719951
  0.34478711082882102  0.35303561329201505  0.36106768618918811  0.36914809339981980
  0.37738589186357818  0.38526009734180572  0.39290134421848244  0.40086989033740200
  0.40882814891207458  0.41669080868754199  0.42395450692882675  0.43094253449927356
  0.43731856427418853  0.44317577446516476  0.44939484563605259  0.45598671877765212
  0.46254229938175712  0.46914396769281930  0.47577287377166955  0.48201123631282200
  0.48793452559735745  0.49379748647328442  0.49937856187077817  0.50528342346044641
  0.51101872698762740  0.51659336502559572  0.52214629068255380  0.52784541157744846
  0.53343642948727410  0.53922305945883275  0.54496738231846242  0.55080584115671005
  0.55647416798376403  0.56198324557555401  0.56737075006140403  0.57286450522195753
  0.57865468913916296  0.58465034480866518  0.59087550552838752  0.59759405210231620
  0.60399939960650795  0.61037653848457307  0.61681163031097175  0.62310319608333775
  0.62925017953898443  0.63523343711762237  0.64077659409827947  0.64627161338225414
  0.65138047352080897  0.65685144252045191  0.66211959185507463  0.66730932855998681
  0.67269872988284407  0.67838999641794606  0.68455064676484501  0.69149212158574525
  0.69954430335425422  0.70794081351462912  0.71524563910792816  0.72171450067064769
  0.72816896838521972  0.73510162405899271  0.74220896648438928  0.74904979382226611
  0.75537154405306139  0.76166942885036715  0.76823570742050873  0.77498961250187293
  0.78295144198861810  0.79216231050585628  0.80179134837653510  0.81160528009176935
  0.82194671565249289  0.83221204373918922  0.84360956536457909  0.85647154433817496
  0.86837613255046886  0.88048091999465572  0.89970703810798158  1.00000000000000000
   2.5866095578848786E-009  -1.0000000000000000     
 F F F F F F F F F F F F F F F F F F F F F F F F F F F F F F F F F F F F F F F F F F F F F F F F F F F F F F F F F F F F F F F F F F F F F F F F F F F F F F F F F F F F F F F F F F F F F F F F F F F F F F F F F F F F F F F F F F F F F F F F F F F F F F F F F F F F F F F F F F F F F F F F F F F F F F F F F F F F F F F F F F F F F F F F F F F F F F F F F F F F F F F F F F F F F F F F F F F F F F F F F F F F F F F F F F F F F F F F F F F F F F F F F F F F F F F F F F F F F F F F F F F F F F F F F F F F F F F F F F F F F F F F F F F F F F F F F F F F F F F F F F F F F F F F F F F F F F F F F F F F F F F F F F F F F F F F F F F F F F F F F F F F F F F F F F F F F F F F F F F F F F F F F F F F F F F F F F F F F F F F F F F F F F F F F F F F F F F F F F F F F F F F F F F F F F F F F F F F F F F F F F F F F F F F F F F F F F F F F F F F F F F F F F F F F F F F F F F F F F F F F F F F F F F F F F F F F F F F F F F F F F F F F F F F F F F F F F F F F F F F F F F F F F F F F F F F F F F F F F F F F F F F F F F F F F F F
  <DiscreteSampler_grid>
  grouped_processes
  1 # 1 for a reference and 2 for a running grid.
  10 # Attribute 'min_bin_probing_points' of the grid.
  1 # Attribute 'grid_mode' of the grid. 1=='default',2=='initialization'
  0.0000000000000000 # Attribute 'small_contrib_threshold' of the grid.
  0.5000000000000000 # Attribute 'damping_power' of the grid.
 # binID   n_entries weight   weight_sqr   abs_weight
    139   10   1.322335413476583E-005   1.367155304152159E-009   1.322335413476583E-005
    140   10   1.322335413476608E-005   1.367155304152217E-009   1.322335413476608E-005
    142   10   1.322335413476583E-005   1.367155304152159E-009   1.322335413476583E-005
    143   10   1.322335413476608E-005   1.367155304152217E-009   1.322335413476608E-005
    145   10   2.595058732352654E-005   5.309327896558477E-009   2.595058732352654E-005
    146   10   2.595058732352661E-005   5.309327896558505E-009   2.595058732352661E-005
    148   10   2.595058732352654E-005   5.309327896558477E-009   2.595058732352654E-005
    149   10   2.595058732352661E-005   5.309327896558505E-009   2.595058732352661E-005
    151   10   6.902517755921781E-005   3.915868817274928E-008   6.902517755921781E-005
    152   10   6.902517755921753E-005   3.915868817274894E-008   6.902517755921753E-005
    154   10   6.902517755921781E-005   3.915868817274928E-008   6.902517755921781E-005
    155   10   6.902517755921753E-005   3.915868817274894E-008   6.902517755921753E-005
    163   10   6.810651955979712E-005   3.864502990497993E-008   6.810651955979712E-005
    164   10   6.810651955979658E-005   3.864502990497929E-008   6.810651955979658E-005
    166   10   6.810651955979712E-005   3.864502990497993E-008   6.810651955979712E-005
    167   10   6.810651955979658E-005   3.864502990497929E-008   6.810651955979658E-005
    199   10   6.751659711448285E-005   3.802486974743089E-008   6.751659711448285E-005
    200   10   6.751659711448228E-005   3.802486974743022E-008   6.751659711448228E-005
    202   10   6.751659711448285E-005   3.802486974743089E-008   6.751659711448285E-005
    203   10   6.751659711448228E-005   3.802486974743022E-008   6.751659711448228E-005
    217   10   6.760994315547709E-005   3.859813273933127E-008   6.760994315547709E-005
    218   10   6.760994315547590E-005   3.859813273932981E-008   6.760994315547590E-005
    220   10   6.760994315547709E-005   3.859813273933127E-008   6.760994315547709E-005
    221   10   6.760994315547590E-005   3.859813273932981E-008   6.760994315547590E-005
    241   10   6.704304094214243E-005   3.750681229918338E-008   6.704304094214243E-005
    244   10   6.704304094214243E-005   3.750681229918338E-008   6.704304094214243E-005
    247   10   6.803626603147206E-005   3.859692450525222E-008   6.803626603147206E-005
    248   10   6.803626603147160E-005   3.859692450525168E-008   6.803626603147160E-005
    250   10   6.803626603147206E-005   3.859692450525222E-008   6.803626603147206E-005
    251   10   6.803626603147160E-005   3.859692450525168E-008   6.803626603147160E-005
    274   10   1.322335413476583E-005   1.367155304152159E-009   1.322335413476583E-005
    275   10   1.322335413476608E-005   1.367155304152219E-009   1.322335413476608E-005
    277   10   1.322335413476583E-005   1.367155304152159E-009   1.322335413476583E-005
    278   10   1.322335413476608E-005   1.367155304152219E-009   1.322335413476608E-005
    304   10   2.371883007795443E-005   5.172069757641958E-009   2.371883007795443E-005
    307   10   2.371883007795443E-005   5.172069757641958E-009   2.371883007795443E-005
    316   10   2.397212353227278E-005   5.259907701847123E-009   2.397212353227278E-005
    317   10   2.397212353227290E-005   5.259907701847179E-009   2.397212353227290E-005
    319   10   2.397212353227278E-005   5.259907701847123E-009   2.397212353227278E-005
    320   10   2.397212353227290E-005   5.259907701847179E-009   2.397212353227290E-005
  </DiscreteSampler_grid>
