  0.00348734157794036  0.01370169545900033  0.02568269772182836  0.03772295203133973
  0.04869382615603979  0.05996911707067508  0.07179922790472631  0.08326346721305135
  0.09448818775517424  0.10136793461738715  0.10899043950730970  0.11670294266521528
  0.12558278607763618  0.13616474567463255  0.14677445409366824  0.15749248488510151
  0.16844762303233249  0.17951128034294583  0.19065186392015718  0.20153470837982798
  0.21196064019771446  0.22174191146152894  0.23170310246295156  0.24193316268343595
  0.25244606289224442  0.26261840731995362  0.27253050050482924  0.28245730829314597
  0.29239157529443477  0.30235622948297236  0.31305824283245148  0.32436873134596311
  0.33620177970602599  0.34820527946743224  0.36012060306187482  0.37131009375759533
  0.38115084761601997  0.39031719995021547  0.39949626384029641  0.40856287318561052
  0.41777035139463381  0.42750080667766194  0.43727942087467048  0.44727032237069836
  0.45815437409991094  0.46868279147080560  0.47965603802582224  0.49087755619240947
  0.50255855444906616  0.51474024177161959  0.52605755489706441  0.53642161620560791
  0.54738902375004250  0.55809431487246119  0.57073393912539416  0.58285366129806249
  0.59517024530726059  0.60609578773171691  0.61662202119761700  0.62675042196988484
  0.63611579278165264  0.64596002005433628  0.65602731023055050  0.66631829103888462
  0.67668708651870457  0.68771442574757824  0.69865071549837843  0.71080209167582786
  0.72171839865639642  0.73027764010026031  0.73873447003822645  0.74724752446376785
  0.75598963080512083  0.76770993127352471  0.77933615620476870  0.79108815709498292
  0.80227611985721636  0.81265364602225831  0.82238073223992580  0.83208419588982496
  0.84033294168737827  0.84966799194789255  0.85957427531940689  0.87056739313168452
  0.87979446938743933  0.88886510170791777  0.89791627935980767  0.90881036676296867
  0.91967829398169754  0.93050171901688872  0.94019175332745752  0.94993895085131741
  0.95999083730795509  0.97061981244391804  0.98070436168029551  1.00000000000000000
  0.00002838688825462  0.00003379859353850  0.00003652166779944  0.00003940934273279
  0.00004215974059150  0.00004471857692067  0.00004712012537892  0.00004933677729794
  0.00005201922283224  0.00005485849083805  0.00005776527864831  0.00006049392946021
  0.00006312169246594  0.00006563921189137  0.00006803447206527  0.00007055844507040
  0.00007329564969285  0.00007599373676115  0.00007872688838061  0.00008151047018823
  0.00008428221161618  0.00008698666163670  0.00008979588751810  0.00009277180193258
  0.00009576442673690  0.00009892466913025  0.00010216429281821  0.00010573116745134
  0.00010974768800580  0.00011388825288007  0.00011803034236881  0.00012210611201262
  0.00012608835945710  0.00012986277841757  0.00013382806657653  0.00013817750407717
  0.00014268159925471  0.00014706891943377  0.00015136439016164  0.00015562827352543
  0.00015984318860081  0.00016435968747723  0.00016967969262711  0.00017551180712276
  0.00018184284566935  0.00018846415550143  0.00019498018602110  0.00020212267042503
  0.00020976746833324  0.00021724451839976  0.00022481692331683  0.00023295114450380
  0.00024180015559134  0.00025122270014726  0.00026066167480514  0.00027113340217776
  0.00028109930924009  0.00029075483874702  0.00030100088630520  0.00031206767364393
  0.00032426325069036  0.00033857522578585  0.00035385550036328  0.00036834974921440
  0.00038289609158438  0.00039895244369233  0.00041719676783743  0.00043817171997225
  0.00046442405231210  0.00049522196599353  0.00052941708741824  0.00056195786131398
  0.00059583772073898  0.00062948791383045  0.00066372592091507  0.00069991725298637
  0.00073437764082931  0.00076948039992687  0.00080671538116296  0.00085575131777845
  0.00091981022618360  0.00099048807000363  0.00106412293706665  0.00115281100440146
  0.00125730708946114  0.00138197837105026  0.00153985056589935  0.00175838957655081
  0.00201429107238110  0.00234669309235474  0.00283066244525227  0.00355449206836282
  0.00527335916732561  0.00753804210729300  0.42225068470273269  1.00000000000000000
  0.00006979550694385  0.00007836586232698  0.00008530161663574  0.00009155386981647
  0.00009656095307761  0.00010154603909936  0.00010619241146329  0.00011102874013668
  0.00011588059145101  0.00012095664856519  0.00012575424546429  0.00012976967642014
  0.00013411858214239  0.00013876072094772  0.00014380437422603  0.00015047682788665
  0.00015777279898450  0.00016583352113567  0.00017412263804238  0.00018329036255662
  0.00019239585561398  0.00020180992088965  0.00021124222612667  0.00022078799206945
  0.00023010567356364  0.00023911077236261  0.00024813834999169  0.00025800786623555
  0.00026856296286912  0.00027973191654325  0.00029105717510267  0.00030240599849204
  0.00031413224693078  0.00032593747418562  0.00033854475298793  0.00035283534204499
  0.00036793355285735  0.00038328997699595  0.00039928777035419  0.00041578617057945
  0.00043301181306634  0.00045196851601751  0.00047228153709078  0.00049372105365932
  0.00051531762809082  0.00053704123470914  0.00055928679292943  0.00058321512095855
  0.00060999719224964  0.00063664881110413  0.00066845132283246  0.00070263361134073
  0.00073884181267379  0.00077710353015120  0.00081696995428889  0.00086061865004772
  0.00090761060205248  0.00096025115876232  0.00101839756628861  0.00108061280892928
  0.00114119282513993  0.00120403706736760  0.00126866516584786  0.00133855283355435
  0.00140267859219958  0.00147023038654964  0.00154338123887555  0.00163047018156592
  0.00172131827150703  0.00181439751933118  0.00190597998693292  0.00200105418694449
  0.00210883720293961  0.00223778881669082  0.00238409691340094  0.00253056371250161
  0.00268410625823161  0.00285932874772454  0.00304502096206047  0.00324660005049752
  0.00345903923417596  0.00375167788396990  0.00413619667047690  0.00477030349749865
  0.00543060614233924  0.00593287437325656  0.00647404421556421  0.00706616853993012
  0.00799575947250264  0.00953167294777076  0.01124274029554648  0.01250643169521916
  0.01382783712852644  0.01729231503171190  0.55086731188001614  1.00000000000000000
  0.00000289426337899  0.00000294503690833  0.00000302341793383  0.00000310494729064
  0.00000316916086795  0.00000322881174098  0.00000330296932191  0.00000337664574553
  0.00000344972377003  0.00000353250323082  0.00000361636520731  0.00000369953076526
  0.00000378391409380  0.00000387390925279  0.00000397650827161  0.00000408878773710
  0.00000420491295037  0.00000432293906671  0.00000444519428060  0.00000458483249973
  0.00000472625072909  0.00000487380238903  0.00000502126992889  0.00000517506531915
  0.00000534034079258  0.00000551333534488  0.00000569722938171  0.00000589684430692
  0.00000612335279614  0.00000636144997346  0.00000660880199076  0.00000685736456477
  0.00000710763938651  0.00000737455939971  0.00000764638041431  0.00000794709372242
  0.00000829245834320  0.00000865894335145  0.00000903357136497  0.00000942291901588
  0.00000982331809844  0.00001023791489099  0.00001068809125501  0.00001119896306994
  0.00001174017259327  0.00001231180823492  0.00001296336029823  0.00001370009817648
  0.00001445340077881  0.00001519508470409  0.00001599729080589  0.00001682525363187
  0.00001766923550833  0.00001870746281700  0.00001980024449028  0.00002109420941144
  0.00002253465590765  0.00002420062490418  0.00002604891981906  0.00002801669631440
  0.00003020241016167  0.00003257590079917  0.00003527582228769  0.00003805187915592
  0.00004117489882342  0.00004468702353858  0.00004902875369782  0.00005381442957442
  0.00005922543546962  0.00006490127355480  0.00007159774699651  0.00007891393968104
  0.00008708226106285  0.00009568648895510  0.00010691809705964  0.00011955939273710
  0.00013578846470383  0.00015101635729844  0.00016574324661019  0.00018215596512277
  0.00020293367504926  0.00023289659350164  0.00027149267707167  0.00032231058705750
  0.00038893266444012  0.00045752098887831  0.00054451084925973  0.00069562551737563
  0.00090780174404181  0.00115149817700062  0.00143603826634641  0.00190639198464415
  0.00309401653995510  0.00580222670975739  0.13172613287970819  1.00000000000000000
 -0.00296699589650162  0.01358106589114779  0.02674065558527438  0.03819343893326240
  0.04955934031455661  0.06057791812161629  0.07085490734522162  0.08075806540013425
  0.09122910612136609  0.10226208481224412  0.11247330233624617  0.12197961576406947
  0.13185638706280794  0.14099553301695913  0.14961501756594084  0.15815343893484030
  0.16726029920487881  0.17741838677091287  0.18748339800293462  0.19826755788369219
  0.20939960389060169  0.22137064723240546  0.23229140861952449  0.24245596491252489
  0.25226796533308471  0.26159086129846670  0.27083450672430198  0.27954706218171610
  0.28767420632670460  0.29625299654223897  0.30426409988974534  0.31169450723192516
  0.31911693334196678  0.32642076827776251  0.33406246951813878  0.34387982071157225
  0.35462711910700201  0.36561387493143366  0.37576905952260037  0.38480936572369673
  0.39353869813188730  0.40288018744453580  0.41291167414835789  0.42281465678015695
  0.43183875797307902  0.44044003550511296  0.44903435163905536  0.45776680200714698
  0.46742055555644513  0.47813164024790844  0.48964061990239394  0.50258061291477474
  0.51605186100321965  0.52856863117197017  0.54065373176151266  0.55337901556962554
  0.56577986249067747  0.57671423729925642  0.58691682929434297  0.59740807317836864
  0.60784293110986820  0.61746530956353429  0.62741829198726673  0.63697847919643791
  0.64652841096243563  0.65520610788129596  0.66443768848695650  0.67443106603624747
  0.68541747497080652  0.69683853128366036  0.70909897373508346  0.71828507701942645
  0.72665266359556768  0.73496017414838655  0.74336655063929147  0.75459258267649965
  0.76633330304708169  0.77745007774995512  0.78887464288811082  0.80095427913131834
  0.81335465656428618  0.82464348184803915  0.83627387138420761  0.84919807217890397
  0.86185787777477096  0.87387377916992526  0.88614399981215297  0.89913224992082252
  0.91188359545500619  0.92645711761595784  0.93993142198676760  0.95146761159893578
  0.96273433569202926  0.97352099218576027  0.98657948717106303  1.00000000000000000
 -0.00243528871020092  0.00769431650924712  0.01627157060407686  0.02549148511418245
  0.03650628432086821  0.04591191818241244  0.05474558315891569  0.06388231062381540
  0.07229415684744829  0.08179256491816629  0.09208436363022623  0.10232552283158351
  0.11347419083502905  0.12410253663284761  0.13204066234361120  0.13989848649347833
  0.14770387702135335  0.15661306184645818  0.16694657506806856  0.17847430247785409
  0.19039498092970930  0.20306561740518389  0.21516353199888913  0.22740548403850616
  0.23953815347709717  0.25187114304125718  0.26320035453380841  0.27431896500343717
  0.28512127883981103  0.29708922836726409  0.30897000628157550  0.31933078668072262
  0.32928075077918151  0.33991184263397156  0.35092144062075598  0.36122136975445612
  0.37055803024583867  0.38046730519000010  0.39054767310909172  0.40123780193346942
  0.41157052205732547  0.42255805789638312  0.43313606171186642  0.44358037879685858
  0.45421895180326005  0.46513771390658393  0.47598297926739463  0.48625543532379606
  0.49608234791467265  0.50652676555947895  0.51815952092235340  0.53086290530376690
  0.54212419177419868  0.55275205006610162  0.56312808229607503  0.57392993743806719
  0.58442811197967237  0.59490190974872947  0.60560741812445495  0.61732115048976344
  0.62877494601774853  0.63980898258930330  0.64987309355462597  0.65951531055634360
  0.66852634484953999  0.67756647782577972  0.68665840280960966  0.69637121784765754
  0.70549706885939545  0.71529193807877389  0.72608744953938287  0.73856214702144185
  0.75049148332700011  0.76236863496075324  0.77382659426601907  0.78474229742496660
  0.79484858261040969  0.80490212577011444  0.81540711674817790  0.82698789495492075
  0.83858208413283353  0.84966026793173766  0.86049854492982114  0.87157618616073673
  0.88165739074082750  0.89293105949007112  0.90423490436880338  0.91523170397868725
  0.92558742400751493  0.93494324270396223  0.94492405057454187  0.95508187371168252
  0.96582448629009643  0.97757504558022768  0.98883953666775726  1.00000000000000000
 -0.00266208973925663  0.01193255460807532  0.02542401562931710  0.03939190210632680
  0.05305686489211206  0.06673477244568277  0.08117486653804046  0.09570528826834729
  0.10964009049979358  0.12358150929018998  0.13809519226013448  0.15355985610288941
  0.16877087775003904  0.18301744884349072  0.19621854533310978  0.20924748274198446
  0.22265491919140865  0.23560537275161086  0.24854459465902756  0.26051903852467501
  0.27278376418263500  0.28589560050954843  0.30055520213669845  0.31431463424996386
  0.32609225698679012  0.33782244406949058  0.34921830554959682  0.35814105365562809
  0.36692049495666784  0.37543252417580819  0.38595991451960460  0.39732466270428235
  0.40914824437578151  0.42150390501305007  0.43439148348343504  0.44564987080109297
  0.45636938659734766  0.46724576677106577  0.47780608537789948  0.48849428110343363
  0.49955287974091128  0.51097506307651697  0.52239855485890252  0.53349154526925591
  0.54477935934517985  0.55689388439150012  0.56810147848485126  0.57866502590808044
  0.58821186413935000  0.59678937366432128  0.60566057108080384  0.61488638295543996
  0.62491243961532672  0.63542507896091527  0.64538559518192784  0.65506964753149854
  0.66476846320463434  0.67450198354736612  0.68387620170987584  0.69278864887441172
  0.70166409416309017  0.71079008674858968  0.72116893634773160  0.73201929184833470
  0.74391738371252014  0.75568411775909983  0.76737579225225749  0.77875448249944890
  0.78879292191845740  0.79796513662408219  0.80765596196287093  0.81767387595522090
  0.82838126167621917  0.83955813026133119  0.85070463465570534  0.86028039929711209
  0.86859868438487675  0.87595040424576365  0.88277129281859978  0.88950938819284708
  0.89654922807066750  0.90361926286625260  0.91076730230106318  0.91754341440580578
  0.92381284199171854  0.93035423833676056  0.93734514690754756  0.94429482763721662
  0.95118801247361329  0.95856270718621339  0.96629446873706870  0.97344979335952109
  0.97990512480995462  0.98642295071751851  0.99285930534834277  1.00000000000000000
 -0.00225711318640456  0.00925747636672047  0.01941667808515491  0.02928692735087804
  0.04001823194315178  0.05142647486338888  0.06302968833056469  0.07458528399682274
  0.08525239661553666  0.09632051135080678  0.10741140066364116  0.11897624781691811
  0.12956986047216618  0.13963897727011759  0.15030129891492847  0.16174404557308289
  0.17333611622549677  0.18467420871556592  0.19568266321275701  0.20589723462160336
  0.21578344229662927  0.22610763625382402  0.23687641493631223  0.24773374083588431
  0.25824796378744580  0.26897183152434573  0.27843342065315341  0.28662975475290658
  0.29513307416879431  0.30323014980422980  0.31375783628730747  0.32432236655442837
  0.33490099562492720  0.34558006915104872  0.35691865474743439  0.36907171722379223
  0.38083506511030030  0.39165903908898636  0.40177646529386712  0.41180539236212776
  0.42293407356954205  0.43501052809257557  0.44651391107114841  0.45746670339904250
  0.46781258196330988  0.47799306060618579  0.48827050773530983  0.49864192428413712
  0.50910550360941431  0.51921669740985366  0.53089818240269970  0.54204746669300663
  0.55364776823628914  0.56546192507205939  0.57679376127857973  0.58766191886437946
  0.59798445767747910  0.60886700159119145  0.61999730128431174  0.62948730178190504
  0.63880807742581280  0.64841694641700076  0.65984028051562726  0.67240437447521495
  0.68468083678512803  0.69576491555279285  0.70655586003153914  0.71781697163517011
  0.72812239250148214  0.73778689769360239  0.74690930251407894  0.75664083182248443
  0.76696872578283048  0.77707382305754635  0.78786714340295616  0.79847351781623510
  0.80971587479208262  0.81789428786523577  0.82558859943604068  0.83303335080696139
  0.84203227233262901  0.85079640465484907  0.85993532468163414  0.86887239517701387
  0.87897151758438352  0.88870752797318908  0.89903841294192133  0.90986879911016660
  0.92096037204310699  0.93222830527806733  0.94336441643425872  0.95455753065463411
  0.96543553796058634  0.97683445065953201  0.98873887516718095  1.00000000000000000
 -0.00098523599097061  0.01127459373140600  0.02321343766529003  0.03694264792265016
  0.05274143410181527  0.06836920941280823  0.08291323495835455  0.09713859134068201
  0.11199286057142448  0.12674629663015141  0.14078349000691903  0.15649579779326797
  0.17243262866108114  0.18835338709300739  0.20324762841343449  0.21826277255109602
  0.23368511047991455  0.24930992898515861  0.26403685899504925  0.27907441836308511
  0.29427702961343422  0.30809769246903240  0.32059584841008187  0.33264075861583431
  0.34578093109975921  0.35876550845292549  0.37206554781290552  0.38491580528167563
  0.39808347677562089  0.41120074008582280  0.42381645944082486  0.43580277138530260
  0.44783234272639272  0.46087427433873718  0.47383746797193188  0.48633108960527771
  0.49849279819102765  0.51191697195344388  0.52496611595516585  0.53736038015601895
  0.54905600964392098  0.56086691658628096  0.57126274930117127  0.58147065855029223
  0.59235899653895263  0.60314003523448623  0.61300982956711070  0.62268963915173203
  0.63307460348442379  0.64353045904404194  0.65351032759157568  0.66256453815996830
  0.67156459938671498  0.68057047182101282  0.69024094984038642  0.69991957742295841
  0.70933420417720150  0.71771951806075884  0.72571505018043581  0.73396506996055044
  0.74257883359153498  0.75125757310522134  0.75957416567042635  0.76629693977931412
  0.77250871615014793  0.77862202605927344  0.78454343092963186  0.79042066922017540
  0.79629601186032739  0.80248007898322793  0.80844584470137748  0.81479309155405655
  0.82194336613363506  0.82906962278277296  0.83662380784883683  0.84444371612824154
  0.85099250817638039  0.85747260839440698  0.86390564594886210  0.87045726399651879
  0.87850047634658868  0.88689227028834361  0.89605551568630515  0.90560165204388643
  0.91491483733210421  0.92310925173863878  0.93019128323005673  0.93739456488957784
  0.94548312335112827  0.95488192128903815  0.96076878531230103  0.96676130653682080
  0.97274218955086933  0.97769768148818592  0.98687867630522208  1.00000000000000000
 -0.00279321841471946  0.01206840079494288  0.02422692524509380  0.03702316524260321
  0.04989445456093616  0.06238320175692270  0.07329947520681797  0.08421352715162972
  0.09473078938385053  0.10572709524243817  0.11619884086482200  0.12752284774690667
  0.13803236057479162  0.14731518252833684  0.15626247888063827  0.16567308155423160
  0.17434968304503026  0.18436328464969509  0.19498506395381890  0.20546507606799549
  0.21665045052633758  0.22754911807344055  0.23822252369702587  0.24857712015400238
  0.25877734757950804  0.26887769459014460  0.27876372544539779  0.28846329917115376
  0.29858615092160917  0.30926037991550709  0.31942607283106494  0.32972228435902629
  0.34094083860772273  0.35371086456001860  0.36603515506580514  0.37698090147635294
  0.38794213508405734  0.39840002167381761  0.40920557701764737  0.41944218461923205
  0.42948907736659986  0.43927592225209250  0.44849845524232956  0.45786431136814498
  0.46736600660476491  0.47637603964409420  0.48513658406129589  0.49407726109405053
  0.50432701309958272  0.51571847350741584  0.52682803049680105  0.53609181830097441
  0.54559278471230699  0.55588020226210000  0.56614078620499553  0.57547254805261294
  0.58500668249860677  0.59574753121412050  0.60658026245428609  0.61678048888640236
  0.62676962280990234  0.63685598544504740  0.64734634986069606  0.65839386931826027
  0.67068802522671700  0.68411068545260623  0.69641778746223926  0.70623863120648123
  0.71400196250110382  0.72151160809982062  0.72921772289577125  0.73856711471005154
  0.75017443284480800  0.76260186202613567  0.77524181805589343  0.78762650214269403
  0.79995950480824662  0.81134199969269094  0.82138981446372439  0.83073862001190479
  0.84012779554282224  0.85028887098163142  0.86017933894128551  0.86995342103011630
  0.88044104531895528  0.89249796321138741  0.90463863301537417  0.91536981843080167
  0.92561028220893948  0.93552112597949555  0.94626665418605582  0.95866309981851039
  0.96971619287759681  0.97997503288292687  0.98983056252546342  1.00000000000000000
 -0.00144838820722150  0.00636752879194130  0.01477711236852273  0.02270450717214429
  0.03409378917856979  0.04567959528266897  0.05636200078797989  0.06643458881654060
  0.07719296256754317  0.08876284756072007  0.10068529761107253  0.11201419489247387
  0.12239040808182154  0.13238612125311031  0.14275616736191860  0.15328474302761361
  0.16363443746276052  0.17396212155054486  0.18518367043796310  0.19802269194733543
  0.21020032680635267  0.22174986164844729  0.23320393595920250  0.24500638475252343
  0.25629558830403804  0.26451132918551018  0.27191239415829516  0.27918804610277614
  0.28641994378338564  0.29584702730745671  0.30493269403254503  0.31496732017492329
  0.32563268236987647  0.33659751867034421  0.34743855104893684  0.35773707847029851
  0.36756999717793898  0.37751556312876644  0.38701855954118403  0.39727689318923087
  0.40784677313671103  0.41802406995154556  0.42828818167404709  0.43903026595074768
  0.45126072589308797  0.46357906720303255  0.47618522424366500  0.48712707669871891
  0.49883404443866636  0.51095327491331499  0.52444334858813202  0.53534455162239769
  0.54564448648480235  0.55617546534382090  0.56818633371278049  0.58017481599306220
  0.59248487133561811  0.60463112667729901  0.61552738305802046  0.62647849347178264
  0.63665332256208873  0.64661798494411915  0.65639159837686589  0.66605872812611688
  0.67597337580738004  0.68663512396879367  0.69776873223368274  0.70900771785047922
  0.72006033482019971  0.73071357624764588  0.74123371509471625  0.75132384263340635
  0.76089860901680129  0.76961196860094283  0.77767787794344456  0.78686953215835953
  0.79763495252373340  0.80804411430673706  0.81836328092796007  0.82776398977055332
  0.83809208845701044  0.84880052654793792  0.86069302045789442  0.87290826634960728
  0.88423601412797237  0.89440851020032630  0.90399736286262733  0.91344501363832298
  0.92337855573363481  0.93513946047693342  0.94726977593050921  0.95902283424848023
  0.96995240172951158  0.97985503370516236  0.98971829197930272  1.00000000000000000
  0.44072298480104977  0.58595162066287021  0.60296669649724555  0.61883343818329573
  0.63323564847805280  0.64513443898045697  0.65533575309619652  0.66602309612287180
  0.67502935766547467  0.68360532131474250  0.69168529505669973  0.69909419378229243
  0.70624612070984094  0.71324233077806187  0.72004279737722587  0.72665383856266752
  0.73309881626076923  0.73923683243047023  0.74512493506163491  0.75088706978137998
  0.75657754575122604  0.76227533763315170  0.76792747255464133  0.77385657062592939
  0.77963341134069863  0.78524878323640823  0.79094428621591784  0.79654938912366535
  0.80216476055642871  0.80739708048802972  0.81218616772256058  0.81650910193348580
  0.82080574801626227  0.82508709660905744  0.82941453417829236  0.83343216475383353
  0.83736493066276907  0.84136837707546441  0.84553056503548507  0.84948583387922538
  0.85341461023959964  0.85709944983191255  0.86067508441927354  0.86415203462916501
  0.86763512541347132  0.87133229583043292  0.87523238457087393  0.87902496425147203
  0.88249320126551145  0.88582712865815405  0.88922965116537755  0.89278181554100589
  0.89629051143990834  0.89966887591146349  0.90289333935878979  0.90603171138542160
  0.90901047078024144  0.91174007818011005  0.91430688040276942  0.91681968472031061
  0.91936818806314480  0.92202854696138636  0.92479137002075029  0.92757435020362622
  0.93021294796962828  0.93282810856873022  0.93538911744371322  0.93778634897334401
  0.94008718733162677  0.94235832288975752  0.94447167565589285  0.94673519177416543
  0.94897220254378589  0.95116876022673680  0.95324346078729472  0.95521408179462974
  0.95716452731502544  0.95919538073168109  0.96138138484113522  0.96379967359230878
  0.96628087101803439  0.96885700975671019  0.97141415759049921  0.97374973986415347
  0.97580891320212859  0.97784791297271412  0.97985079120835072  0.98192348275796737
  0.98411506318905273  0.98646217610822629  0.98901391256390647  0.99089092691540559
  0.99289235124516850  0.99499741213728665  0.99719099087679741  1.00000000000000000
 -0.00531007958986976  0.11693885883922210  0.14381877467898080  0.15660388641735729
  0.16663629394967872  0.17668817732802244  0.18583967926856687  0.19369669575978007
  0.20073053299749757  0.20779943698285000  0.21462311224422373  0.22143274946010871
  0.22802411719086288  0.23489303999027333  0.24139330055887953  0.24822832287944960
  0.25441742448541704  0.26076205184308648  0.26630419946248773  0.27095724407651894
  0.27562631307226210  0.28034385198924933  0.28531506352146913  0.29088923564599795
  0.29672886930637410  0.30205851020100805  0.30686296642632122  0.31150530539991012
  0.31598147246532127  0.32039882208839859  0.32498440707034953  0.32957482934211357
  0.33425991798420834  0.33918979555492079  0.34434081311606246  0.34954978348504739
  0.35466197697880752  0.35897962943155343  0.36338788445531423  0.36746478928276610
  0.37170348696785216  0.37623003424479595  0.38125686781570794  0.38672481205211279
  0.39243868120173214  0.39836080278530384  0.40392602338935374  0.40906852633648255
  0.41422961849537654  0.41935123464756918  0.42491203260909383  0.43043625093497501
  0.43649267677587800  0.44264655174977369  0.44872657749550338  0.45448844792244641
  0.45949928476104812  0.46400138558674581  0.46873801422651340  0.47349811841693790
  0.47887156829172478  0.48510435863729501  0.49105501693100428  0.49652037617089601
  0.50176637018366022  0.50637542782225065  0.51080406125994438  0.51548159496967316
  0.52032858677241289  0.52629879674728475  0.53272271588374620  0.53921215831203362
  0.54598613486765823  0.55264963777374776  0.55862912929388786  0.56380431584622714
  0.56949609723159955  0.57550126295950943  0.58300200943460867  0.59149655075069185
  0.60047742130542925  0.60943810785773200  0.61900042682356826  0.62918102074541760
  0.64003553627417498  0.65142655737465682  0.66383712829295927  0.67717543435788718
  0.69163623537961705  0.70823446998769712  0.72664927629437326  0.74986642830099104
  0.78415137827479531  0.83164627230672772  0.96285498924759227  1.00000000000000000
   4.6168994093555787E-005  -1.0000000000000000     
 F F F F F F F F F F F F F F F F F F F F F F F F F F F F F F F F F F F F F F F F F F F F F F F F F F F F F F F F F F F F F F F F F F F F F F F F F F F F F F F F F F F F F F F F F F F F F F F F F F F F F F F F F F F F F F F F F F F F F F F F F F F F F F F F F F F F F F F F F F F F F F F F F F F F F F F F F F F F F F F F F F F F F F F F F F F F F F F F F F F F F F F F F F F F F F F F F F F F F F F F F F F F F F F F F F F F F F F F F F F F F F F F F F F F F F F F F F F F F F F F F F F F F F F F F F F F F F F F
  <DiscreteSampler_grid>
  grouped_processes
  1 # 1 for a reference and 2 for a running grid.
  10 # Attribute 'min_bin_probing_points' of the grid.
  1 # Attribute 'grid_mode' of the grid. 1=='default',2=='initialization'
  0.0000000000000000 # Attribute 'small_contrib_threshold' of the grid.
  0.5000000000000000 # Attribute 'damping_power' of the grid.
 # binID   n_entries weight   weight_sqr   abs_weight
    13   10   1.896964578360564E+000   1.140875092216537E+001   1.896964578360564E+000
    14   10   1.896964578360565E+000   1.140875092216539E+001   1.896964578360565E+000
    16   10   2.016229191338275E+000   2.178659392998706E+001   2.016229191338275E+000
    17   10   2.016229191338275E+000   2.178659392998706E+001   2.016229191338275E+000
    22   10   1.896964578360565E+000   1.140875092216538E+001   1.896964578360565E+000
    23   10   1.896964578360566E+000   1.140875092216539E+001   1.896964578360566E+000
    25   10   2.016229191338275E+000   2.178659392998705E+001   2.016229191338275E+000
    26   10   2.016229191338275E+000   2.178659392998706E+001   2.016229191338275E+000
  </DiscreteSampler_grid>
