  0.00000216282556140  0.00000227899912493  0.00000238171692695  0.00000248902116941
  0.00000259889132162  0.00000270411027699  0.00000281974452428  0.00000293968159532
  0.00000306099919340  0.00000319131561261  0.00000333475987683  0.00000348209830034
  0.00000363557615686  0.00000379484782239  0.00000395620807221  0.00000411447350362
  0.00000426607325158  0.00000442079747630  0.00000459333822631  0.00000475757110433
  0.00000492529132809  0.00000509768659230  0.00000530713862453  0.00000550567175112
  0.00000570513969097  0.00000590440722478  0.00000613854654742  0.00000639825205695
  0.00000666500750698  0.00000693889769151  0.00000722513459128  0.00000751996187068
  0.00000784217609302  0.00000819565992000  0.00000863860457250  0.00000906073192031
  0.00000941265641654  0.00000977162058787  0.00001013114958096  0.00001048981037248
  0.00001093120844125  0.00001145593572428  0.00001204062292477  0.00001269637592811
  0.00001343838327518  0.00001420946640208  0.00001501907037783  0.00001588510432756
  0.00001677534057977  0.00001771443790604  0.00001869369710191  0.00001970416684763
  0.00002072462887896  0.00002184655038811  0.00002304236494075  0.00002440083975765
  0.00002589326490215  0.00002741314758698  0.00002904164004950  0.00003068818245000
  0.00003273615260250  0.00003499676722842  0.00003736693373450  0.00003982166298685
  0.00004299213757603  0.00004706302857365  0.00005170061823712  0.00005678860949942
  0.00006232689455638  0.00006856993053575  0.00007585760511169  0.00008334672602440
  0.00009130400910416  0.00010021155137707  0.00011064705139210  0.00012166509753386
  0.00013223351254390  0.00014400451254548  0.00015862638866610  0.00017558216789412
  0.00019568526495679  0.00021620139374680  0.00024197999674254  0.00028083990860592
  0.00032373155005301  0.00036554222597979  0.00040974269667680  0.00046542127131589
  0.00055393629603494  0.00070937351426312  0.00100744651039709  0.00142070181040855
  0.00210887131059391  0.00412177268000534  0.03063610550697408  1.00000000000000000
  0.00218387436890000  0.01697041366634180  0.03035888430609641  0.04280101094621715
  0.05347818182755235  0.06283879252718189  0.07163145391270825  0.08089417498677755
  0.08987892214216488  0.09891043969160215  0.10864593819877226  0.11883505049099503
  0.12924653341568784  0.14087978701749060  0.15311884593617309  0.16584088192656068
  0.17733352174378039  0.18818630408793147  0.19901385184038695  0.20967780208296677
  0.22046141498541091  0.23163063662712099  0.24399248741585414  0.25727099900141703
  0.26936406871553997  0.28113007579798094  0.29241352743340143  0.30229768822433828
  0.31206795861806225  0.32272505465659568  0.33422139227830361  0.34614717747086954
  0.35841458232261852  0.36991449356530787  0.37960993639258517  0.38942247655085960
  0.39899833229600190  0.40978457659068257  0.42114180404263474  0.43234535105619298
  0.44317673616844716  0.45314207633401976  0.46300625814439422  0.47276713372077012
  0.48211277103650135  0.49119187229448480  0.50055728908055508  0.51021385903729899
  0.51913376295740610  0.52747572555903577  0.53660599807646947  0.54626982333552665
  0.55622400639038549  0.56689302095800120  0.57891179024322093  0.59171713956277561
  0.60518052320406435  0.61718775903250789  0.62965275138989241  0.64220536119751725
  0.65374192833803424  0.66457525750025637  0.67585373561517026  0.68722613231176299
  0.69845312462485465  0.71054391562945129  0.72318324843724624  0.73575040423172444
  0.74778459185744917  0.75922758926064726  0.76992671615651243  0.77994830389638514
  0.79052699490066380  0.80174288659753357  0.81114259321032689  0.81914837805444451
  0.82686415628045051  0.83412743103827414  0.84211789139299398  0.85134520613202158
  0.86028046590814933  0.86989743977661027  0.87847968074325389  0.88651139375745958
  0.89471132117406083  0.90409099327819498  0.91490098404089215  0.92758305505749528
  0.94008410744989179  0.95215733238396438  0.96389763027242059  0.97420392648470144
  0.98215472807408233  0.98803234534582340  0.99236836058618338  1.00000000000000000
  0.00005381886439966  0.00007785854983529  0.00008978741201146  0.00010274440497477
  0.00011730321400667  0.00013087066079479  0.00014388658347705  0.00015719950587982
  0.00017072086997064  0.00018383483765977  0.00019675602538755  0.00021022764175953
  0.00022475587821179  0.00024016946947744  0.00025518821774458  0.00027023868873117
  0.00028597984907507  0.00030288123301719  0.00031996499843088  0.00033759796912154
  0.00035676837462251  0.00037699673333981  0.00039823926037536  0.00041965186471656
  0.00044182948448122  0.00046361140502352  0.00048612176443566  0.00050969708651087
  0.00053578097356818  0.00056185668704833  0.00059056349115679  0.00061972662451293
  0.00064945326651634  0.00067736141208984  0.00070748662004166  0.00074089637264862
  0.00077870832595818  0.00081517749490383  0.00085137328248263  0.00088869783034433
  0.00092518909758500  0.00096343602048721  0.00100649047130613  0.00105700937451480
  0.00111884545619362  0.00119230951121151  0.00127303024298215  0.00133162522996522
  0.00137909040722917  0.00141814138602409  0.00145572958575934  0.00149805521139247
  0.00155386604954094  0.00162402362153166  0.00168501153776117  0.00173971599148182
  0.00179780448378552  0.00185269599877970  0.00190588266721609  0.00198132924191269
  0.00206248314337545  0.00213518510323649  0.00220508552886811  0.00228299305740211
  0.00233461741348149  0.00238316864970674  0.00243221257423018  0.00248722085808339
  0.00255074095837235  0.00262679808041589  0.00272405852246102  0.00283744771586224
  0.00296190163759208  0.00307133499769969  0.00319341121600714  0.00332732930893791
  0.00346967763554701  0.00359798928624918  0.00372158429138779  0.00393804177860412
  0.00417028229785698  0.00445173937233522  0.00492075811113175  0.00590141387290579
  0.00633693525545882  0.00656389187261143  0.00679170806503188  0.00707225175997069
  0.00735279545490949  0.00772003123411189  0.00826406300301163  0.00880809477191137
  0.01128863624368821  0.01816152627883727  0.12051327185269123  1.00000000000000000
  0.00000301014132231  0.00000324831218088  0.00000359505952943  0.00000395561001294
  0.00000431086683505  0.00000462961212677  0.00000491856316045  0.00000520389858430
  0.00000549489814988  0.00000580074615793  0.00000613576388508  0.00000650315589927
  0.00000691320051801  0.00000736129060594  0.00000780174086693  0.00000826444152021
  0.00000871217773712  0.00000920921509035  0.00000975468657538  0.00001034589839035
  0.00001092847357042  0.00001149394350637  0.00001206363182834  0.00001264642796703
  0.00001326985396833  0.00001395531767650  0.00001469732682695  0.00001547083696283
  0.00001623118167903  0.00001699644216914  0.00001776975793558  0.00001853318472449
  0.00001933998399180  0.00002021191398666  0.00002121020248096  0.00002230879569239
  0.00002346696617411  0.00002473856759384  0.00002603644712702  0.00002745188052287
  0.00002895853846219  0.00003049608981751  0.00003206795028258  0.00003384058241524
  0.00003566307426654  0.00003753637341262  0.00003952960538123  0.00004152024385627
  0.00004356575116636  0.00004592494412449  0.00004836825197167  0.00005123116136774
  0.00005425947846837  0.00005746841828011  0.00006103630219713  0.00006494849615258
  0.00006941197020855  0.00007385736787345  0.00007897631478056  0.00008482459744031
  0.00009116288258597  0.00009741412572448  0.00010313717231452  0.00010925713923838
  0.00011615749594859  0.00012392518498351  0.00013287701188266  0.00014157593512570
  0.00015272283317558  0.00016542734164236  0.00017950490788639  0.00019524471457496
  0.00021221365106287  0.00023057331462101  0.00025048169942585  0.00027291306703384
  0.00030208636674710  0.00034157334365086  0.00038395818041786  0.00042185379654248
  0.00046272527316259  0.00051317168452837  0.00059331677025717  0.00068343127935145
  0.00078084215283610  0.00092514827032513  0.00113020432487441  0.00136460545823180
  0.00165992575561447  0.00216930777392753  0.00311385014345297  0.00454976477461813
  0.00769298905614293  0.01404948742285092  0.21641253562723586  1.00000000000000000
 -0.00135135911924924  0.00687720152912184  0.01421558852077709  0.02195960081127558
  0.03057165016950963  0.03969998792341973  0.04760822870978496  0.05461347058466797
  0.06216428101225114  0.06977483412353881  0.07753912321786938  0.08547016470959805
  0.09384303827734836  0.10369825197056669  0.11380776954263580  0.12360168727123035
  0.13275330102319258  0.14127805735566248  0.14964827043201762  0.15815346827340485
  0.16815607803776927  0.17934541413937233  0.18978136616025562  0.19884266632562494
  0.20758527339804494  0.21649911814572012  0.22555648157138206  0.23504244564163390
  0.24460106515480692  0.25505047630168171  0.26490631037762680  0.27485598404094364
  0.28512939721428449  0.29616220227258627  0.30807317074539575  0.32044146255871131
  0.33320211788048465  0.34409850754743054  0.35462103404398271  0.36529787949714321
  0.37652766341853872  0.38812693737054038  0.39918497767784389  0.41042479248258279
  0.42216928826242173  0.43420497977916894  0.44581212660101716  0.45697846929204672
  0.46812784744329072  0.47950236081611475  0.49152254369665099  0.50395116656783912
  0.51582401113308263  0.52712325661526949  0.53857685894691154  0.55091521357208251
  0.56199511950695225  0.57221979645110777  0.58237966085503257  0.59405756397411336
  0.60623544307579535  0.61947488567294884  0.63358439219340013  0.64742360375589447
  0.66001910648887008  0.67209688557887093  0.68384575686002946  0.69470476901625244
  0.70498649278437786  0.71562875865257658  0.72665507458515344  0.73835815043798625
  0.75051888444464931  0.76253832467630145  0.77332264123250483  0.78409443265993350
  0.79560662101655821  0.80897082974031298  0.82209304231038860  0.83389548671035407
  0.84505381969168025  0.85700169586713237  0.86849290348842989  0.88039605210059113
  0.89214273918347342  0.90432317797006612  0.91540653065663447  0.92525630894696220
  0.93468417761894573  0.94550531964407258  0.95681735366522436  0.96755458869087130
  0.97577520686972030  0.98396555297330812  0.99223654158107188  1.00000000000000000
 -0.00213885496165864  0.00729013418798063  0.01576209814839880  0.02482778426559178
  0.03472167017973276  0.04539060569514395  0.05660045434685457  0.06761837859550830
  0.07813335895189945  0.08924908374624692  0.10065437767292068  0.11231774365197304
  0.12302961234622314  0.13329605994464044  0.14285144997523563  0.15224461394785174
  0.16190342375097924  0.17164486532862022  0.18178050701328546  0.19212594591037019
  0.20170038270015156  0.21133288795637475  0.22062667443208625  0.23002515287081698
  0.23986617164886501  0.24966939327734167  0.25890108080887897  0.26828600056560109
  0.27853556501638210  0.28967710311198658  0.30134774569190120  0.31417551192219123
  0.32819578247579900  0.34139359664800922  0.35358210594007655  0.36499915944770522
  0.37620780724279523  0.38796119946854118  0.40015419290612608  0.41267010212650251
  0.42474297640398878  0.43712972052163351  0.44886289763418769  0.46136751302155843
  0.47357833681961842  0.48532261292233370  0.49691728792740442  0.50869623620575655
  0.52004466815473394  0.53162481447923682  0.54318618160376264  0.55460250802163158
  0.56599676613081196  0.57631827288160087  0.58636119898483274  0.59479998763071829
  0.60420008155714533  0.61459727774843353  0.62580579324517016  0.63715359736128652
  0.64820395348477644  0.65898794126917959  0.66879619804805446  0.67733453842121194
  0.68591902856703124  0.69363593289800363  0.70258967381350812  0.71222942359168995
  0.72213649439230920  0.73277961446888451  0.74462160229162455  0.75719991824976174
  0.76868514780668828  0.77877060187692115  0.78810640059813308  0.79854249005530364
  0.80833950629653151  0.81771853711003584  0.82596489439325949  0.83428693093402451
  0.84352844828265006  0.85364818684666666  0.86417330211492993  0.87462259831932454
  0.88581134806953388  0.89782048233061840  0.90971997721851816  0.92084182955025040
  0.93174065672983819  0.94156135251477591  0.95116632030462145  0.96080902022162695
  0.96995199744713989  0.97885770423585428  0.99004551312515365  1.00000000000000000
 -0.00186637762550432  0.00881945557703256  0.01682241915094464  0.02529201914827756
  0.03234958969625070  0.03995743425997696  0.04750993226773666  0.05573328658973269
  0.06495916162407969  0.07444373638568354  0.08370034882757796  0.09269790624503091
  0.10047653731556892  0.10842908704406214  0.11642594254023836  0.12553021883962656
  0.13543519170835308  0.14555664687655698  0.15591028718868316  0.16638937525613887
  0.17614867782639046  0.18515001407700299  0.19354904243918583  0.20199696082415125
  0.21076912169103129  0.21912038803434861  0.22693303388291206  0.23483579113256736
  0.24408630468302225  0.25368117529999745  0.26175400930556775  0.26854991680323881
  0.27542857879137816  0.28335762707540679  0.29296724540668501  0.30268188618615843
  0.31096972647150023  0.31884843241154653  0.32683028013406012  0.33495649395723009
  0.34334840824698132  0.35235057853611057  0.36254928155967048  0.37341277022958386
  0.38398047180484068  0.39351219173550839  0.40225022933525323  0.41103370278097656
  0.42028911134710123  0.43070985305149617  0.44159829673147188  0.45158778309982633
  0.46045223776695432  0.46750393073433033  0.47529486910838814  0.48410897674236114
  0.49444217379124888  0.50569930180649858  0.51753445426661837  0.53023257400843704
  0.54293289360295149  0.55514330330527983  0.56627882920133077  0.57699111074238929
  0.58799225786679854  0.59969393948487437  0.61190955987215989  0.62415729725843982
  0.63654072297603814  0.64953320199885278  0.66306132071219115  0.67619185507805812
  0.68808608496170975  0.69934942636762654  0.71059729229507695  0.72263502478806318
  0.73772242045798020  0.75423772628947372  0.77026106262881389  0.78596221004288869
  0.80065274404261622  0.81441883906293000  0.82806980660854324  0.84207391605018111
  0.85713820349032055  0.87040836339164263  0.88229718248923583  0.89312358794591395
  0.90344048348496364  0.91502995967268597  0.92881825391761752  0.94456846805968619
  0.95935248143724405  0.97359562525410714  0.98634288528708480  1.00000000000000000
 -0.00248884502831042  0.01003151423546375  0.01978768777651962  0.02894519482642342
  0.03853669639217266  0.04915338345069707  0.06165063560534541  0.07483383188927403
  0.08755516572773393  0.10019895740754707  0.11242134897049963  0.12454775322784306
  0.13637919642914831  0.14777373596903431  0.15964508173798597  0.17101841218905650
  0.18165269248222640  0.19268189308121389  0.20339746652205784  0.21434780616371574
  0.22560809874650614  0.23638967328630217  0.24719455618541805  0.25663993672232177
  0.26584893271404619  0.27484349237922345  0.28521685957198012  0.29741853231861881
  0.30922705247475657  0.32041378003779819  0.33213192667309538  0.34407801690436346
  0.35541472575953936  0.36656422176057746  0.37735511641972286  0.38814512260020984
  0.39872426993154331  0.40906834798650449  0.41936229159102184  0.43032353015271096
  0.44280251698601120  0.45613306610627341  0.46753219769764559  0.47812306936826365
  0.48915231033868967  0.49850874201819678  0.50716940158818991  0.51564578533438743
  0.52629312439560283  0.53778689544765212  0.54911036427161375  0.56097118112718702
  0.57200783876326189  0.58379876775452944  0.59540664784259500  0.60646359829599039
  0.61732331341010471  0.62854054752268851  0.64065986198731384  0.65210109472951283
  0.66391851159938364  0.67683277370504513  0.68999144474415197  0.70116659216250676
  0.71119361376193146  0.72137473896367166  0.73127841096393886  0.74035072568184468
  0.74891495983656442  0.75780260926381160  0.76756049491783906  0.77714041916465737
  0.78599977671013332  0.79487771599576884  0.80473279275137888  0.81493337967303370
  0.82378628841334312  0.83131920376327129  0.83896685252296233  0.84711283324003317
  0.85637726079056842  0.86680075531867362  0.87586972743811320  0.88481083919403258
  0.89410078769548373  0.90526430869013885  0.91686789344176534  0.92697978820038918
  0.93704794724058593  0.94717648334156679  0.95675674853821813  0.96529331568051613
  0.97419312786518564  0.98287316329005314  0.99165567526955767  1.00000000000000000
 -0.00386310888556478  0.02163959532547110  0.04088147447920465  0.05827810095677721
  0.07439530180653886  0.08984201407057571  0.10532008090935387  0.11976455568049203
  0.13542097523466953  0.14880672268851522  0.16135726197068057  0.17445758888202303
  0.18857918338276150  0.20238677942520097  0.21637935596489594  0.23081625761512675
  0.24505916744138634  0.25851913091109302  0.27189260625849898  0.28494877344410002
  0.29790485949268231  0.31059916177220148  0.32310144061339630  0.33527168049023270
  0.34695826974959876  0.35833612443303819  0.36991676050835770  0.38277116602178951
  0.39596680444557097  0.40964472059367263  0.42325051540310993  0.43673558667659579
  0.44971735897643278  0.46172912453581433  0.47274969695520852  0.48236953271288879
  0.49104889071892183  0.49955121463429653  0.50892729404597337  0.51850546644019124
  0.52789772742004493  0.53715470252296060  0.54759945088343542  0.55851849531597697
  0.56841066909154148  0.57751971893618681  0.58613112363678366  0.59435493533056005
  0.60286993866409211  0.61262843227193620  0.62257971298706793  0.63189377640128297
  0.64074094197454912  0.64897138590006587  0.65869414492774347  0.66774863669025675
  0.67722991465973403  0.68773548144300289  0.69958188127432575  0.71080884473475969
  0.72143631394265872  0.73175449063056019  0.74173965430645550  0.75115767673036904
  0.75920385319714012  0.76644708872036682  0.77378882033541940  0.78178131795851835
  0.78999210037693846  0.79817428549307501  0.80630587477321636  0.81494711040915091
  0.82383357347868036  0.83241443504679691  0.84133871538111626  0.85025918356770935
  0.85820903548906458  0.86533492991183580  0.87208638940563754  0.87927278606068571
  0.88685957053150499  0.89471605452922098  0.90282200174075256  0.91111621180426150
  0.91977296319260349  0.92788035858804074  0.93529376913474638  0.94170481122340866
  0.94813984686588282  0.95530328973007539  0.96275522624178234  0.97023736774592684
  0.97750145449058623  0.98482677243322791  0.99234089320444618  1.00000000000000000
 -0.00275490937719453  0.01261778464773769  0.02337920355725313  0.03364913214933817
  0.04356323309100863  0.05461964285539807  0.06650521603887374  0.07849358939446846
  0.08906272099227798  0.09776941349559044  0.10563550860700807  0.11339921640927743
  0.12195518230805225  0.13118213210481813  0.14119032465394354  0.15160482403777434
  0.16229926040318568  0.17160183991296082  0.18138304274903841  0.19181484927129425
  0.20379675512543755  0.21522441232585318  0.22710097279117791  0.24006587150193898
  0.25144574405798781  0.26196402940970132  0.27280464716202468  0.28571193375311577
  0.29948147652476603  0.31230392131202950  0.32343363834587963  0.33386844132496313
  0.34478600225910633  0.35588427340546069  0.36618107265286226  0.37653218784283471
  0.38723074844243027  0.39907035281330189  0.41194078920884220  0.42342695249735951
  0.43467898635691343  0.44577459968301797  0.45719879633525501  0.46890909597339642
  0.48073616998081969  0.49321870545522672  0.50523619104210327  0.51583656903374897
  0.52605363478548539  0.53679291909739335  0.54829605413246885  0.55947507625898385
  0.56989621665472778  0.57975957961777236  0.58882396119746949  0.59753043412424489
  0.60668501878720704  0.61681411676412801  0.62723718814381957  0.63672204948767641
  0.64527172180713976  0.65457595658693535  0.66436438105068729  0.67400615586480728
  0.68344738340803035  0.69344420071295354  0.70493978926174417  0.71652064302976459
  0.72747400450939226  0.73849985475915036  0.74988442048419768  0.76160982396146371
  0.77144688132431649  0.77989767834730916  0.78860485084303267  0.79765187428209694
  0.80772907298106822  0.81869280341439798  0.82985251230224211  0.84084164437220010
  0.84935523600593132  0.85694921137504798  0.86477670138698570  0.87313155527097386
  0.88465033789444480  0.89649632330515694  0.90821121979987540  0.91963410518125654
  0.93136030393719516  0.94250389371836374  0.95222413345153845  0.96112896693767280
  0.96973845369588707  0.97838704202341353  0.98897228629643430  1.00000000000000000
 -0.00233775980459529  0.00883788231173431  0.01891411853098420  0.02877482613208746
  0.03883572143890004  0.04859448586044920  0.05905425399831834  0.06987281553309672
  0.08009098102109687  0.08795602760095639  0.09604655054164017  0.10437423724414348
  0.11567977392873971  0.12671983889471652  0.13812810063388176  0.14986272473034296
  0.16223988810564252  0.17447562904290287  0.18586939138613873  0.19702377015766739
  0.20820705287670194  0.21792321237220053  0.22719325606069743  0.23614448816418993
  0.24533163656821216  0.25516023573615698  0.26532552035740581  0.27398425952531741
  0.28427879742954781  0.29512180679605332  0.30853429565521551  0.32193512605132080
  0.33505918028757919  0.34854929594409839  0.36105078412442915  0.37209950718010004
  0.38216067225071654  0.39141822799220449  0.40113066976723732  0.41150740471501523
  0.42222859506594745  0.43261212924988729  0.44285493598104053  0.45355805389294812
  0.46563738327477083  0.47894822746083915  0.49130496282382335  0.50250233980747838
  0.51309215363723371  0.52371258511854391  0.53362560143691506  0.54232606955999629
  0.55034871977300426  0.55800884839964671  0.56672227734604030  0.57642256884928644
  0.58700557486395466  0.59843022236659049  0.61092692435459517  0.62437883923897597
  0.63822178232427806  0.65160704642992451  0.66359227476102822  0.67381896241684558
  0.68342030133672482  0.69396857227828734  0.70587890692981037  0.71801500683101782
  0.72854357836829775  0.73780237416285077  0.74691639126493081  0.75639544538742765
  0.76624082454847164  0.77633862434538436  0.78637576886625238  0.79622469373121718
  0.80507419838871597  0.81380215435285153  0.82322381385886967  0.83364932631359168
  0.84511563242984222  0.85685515222552922  0.86742543954525664  0.87719758841723949
  0.88643803513677200  0.89550177461303382  0.90548407483941507  0.91535579082944896
  0.92458318305172349  0.93470363383341415  0.94443101478401570  0.95390579153073163
  0.96367391957181103  0.97401075835353568  0.98631466586622096  1.00000000000000000
  0.47678142889434094  0.51462690189657623  0.52332336326171836  0.53201982462686059
  0.53728098083998677  0.54244241172168983  0.54958691601244802  0.55979956102593031
  0.56932852194279526  0.58322448036513486  0.59624174257882323  0.60828504165855257
  0.61892519519244105  0.62820857568686717  0.63565098984230084  0.64273697425735543
  0.65037100381649493  0.65818332128173918  0.66581523269348430  0.67252474963547959
  0.67895405859775215  0.68563577056068215  0.69270014027260574  0.69900378991233569
  0.70515410579630766  0.71076192054298826  0.71651885756553280  0.72206514910354092
  0.72746319142397342  0.73260568151713468  0.73754106751738058  0.74219283891858057
  0.74629841755536608  0.75038100940934838  0.75490112886441985  0.76011324404193226
  0.76536935347747737  0.77031177333922130  0.77492509098309281  0.77932768211481507
  0.78377959926561802  0.78822649937768741  0.79261985349962749  0.79704369352213356
  0.80167961564252455  0.80684984322441422  0.81178336357031355  0.81609244397385405
  0.81996911770786129  0.82400189331752838  0.82806051821463211  0.83211652074587905
  0.83603541130364512  0.84003645121485215  0.84394452782511953  0.84774086604632826
  0.85184088719666240  0.85550086410323134  0.85934943669752606  0.86314631347604764
  0.86704877330535157  0.87111185052078532  0.87489031467135137  0.87865951765144590
  0.88241617820212848  0.88623029765275163  0.89004185648755318  0.89372599916027762
  0.89729818009105933  0.90058605943194270  0.90408922503167877  0.90755265159717502
  0.91092300229437040  0.91458319048935366  0.91834035118233348  0.92238481802189853
  0.92637382279139824  0.93026771003473996  0.93365887631725952  0.93707399352969756
  0.94057622904801674  0.94416381647386738  0.94788172467594789  0.95161920438932845
  0.95518996589173666  0.95867186565844897  0.96224849785286903  0.96582929186542177
  0.96948744456381442  0.97318369139494409  0.97679247525950719  0.98036110787499142
  0.98393346710964336  0.98795004961710364  0.99303498372366061  1.00000000000000000
 -0.01047652081293725  0.12816391332288571  0.15032635112709208  0.16631568426578289
  0.18138060985754415  0.19389800918304384  0.20616838559369458  0.21580617960615095
  0.22410961906370253  0.23127598550676687  0.23781143164170171  0.24459564835508008
  0.25179195285535894  0.25810255112359282  0.26326192457474046  0.26827279702943529
  0.27289667704385878  0.27834593547909980  0.28366769592387198  0.28830469788696023
  0.29281306214342362  0.29737070230536933  0.30234192426370493  0.30816245310513696
  0.31418774515751735  0.32035441802651282  0.32692992769013357  0.33308151799999269
  0.33827785571233493  0.34298384410880345  0.34759049244225726  0.35251777008230611
  0.35779923082635551  0.36295683823434577  0.36804115602450693  0.37330913498765445
  0.37868073026999027  0.38447365684634727  0.39040769401765096  0.39641250967462538
  0.40187331050773528  0.40698230678836084  0.41194202888268566  0.41718829508440114
  0.42261243139794952  0.42809620496200035  0.43392151249282562  0.43997457644105326
  0.44618299799150435  0.45184102933377757  0.45682728136638601  0.46184789430952811
  0.46692668445447011  0.47238393108716908  0.47805778828948392  0.48472753435757526
  0.49159542407715712  0.49891739573856564  0.50657128118339145  0.51383022239373832
  0.52128888981045940  0.52850897206847391  0.53550139737987923  0.54251142450789547
  0.54959568987430785  0.55677447780008649  0.56365147799774673  0.57033764004338727
  0.57688179275087015  0.58298495473895351  0.58936282165593135  0.59540476202824355
  0.60267560602534065  0.61092160244731264  0.61842385421379797  0.62582573748116099
  0.63314964381239891  0.64161508162360914  0.65068839639702136  0.65960232836417165
  0.66820614665101530  0.67662178090415914  0.68604582474390907  0.69592322043940269
  0.70608632899675094  0.71562324579802716  0.72518006751729358  0.73614206951607908
  0.74857098494502716  0.76351688524791839  0.78093444477412310  0.79885784165848428
  0.81597753068895296  0.83111948432747551  0.85541560437037478  1.00000000000000000
   4.4812483682847725E-005  -1.0000000000000000     
 F F F F F F F F F F F F F F F F F F F F F F F F F F F F F F F F F F F F F F F F F F F F F F F F F F F F F F F F F F F F F F F F F F F F F F F F F F F F F F F F F F F F F F F F F F F F F F F F F F F F F F F F F F F F F F F F F F F F F F F F F F F F F F F F F F F F F F F F F F F F F F F F F F F F F F F F F F F F F F F F F F F F F F F F F F F F F F F F F F F F F F F F F F F F F F F F F F F F F F F F F F F F F F F F F F F F F F F F F F F F F F F F F F F F F F F F F F F F F F F F F F F F F F F F F F F F F F F F
  <DiscreteSampler_grid>
  grouped_processes
  1 # 1 for a reference and 2 for a running grid.
  10 # Attribute 'min_bin_probing_points' of the grid.
  1 # Attribute 'grid_mode' of the grid. 1=='default',2=='initialization'
  0.0000000000000000 # Attribute 'small_contrib_threshold' of the grid.
  0.5000000000000000 # Attribute 'damping_power' of the grid.
 # binID   n_entries weight   weight_sqr   abs_weight
    13   10   1.546132037614454E+000   7.657477834364651E+000   1.546132037614454E+000
    14   10   1.546132037614454E+000   7.657477834364647E+000   1.546132037614454E+000
    16   10   3.543479009281536E+000   1.038283043916982E+002   3.543479009281536E+000
    17   10   3.543479009281536E+000   1.038283043916983E+002   3.543479009281536E+000
    22   10   1.546132037614454E+000   7.657477834364651E+000   1.546132037614454E+000
    23   10   1.546132037614454E+000   7.657477834364647E+000   1.546132037614454E+000
    25   10   3.543479009281536E+000   1.038283043916982E+002   3.543479009281536E+000
    26   10   3.543479009281536E+000   1.038283043916983E+002   3.543479009281536E+000
  </DiscreteSampler_grid>
