  0.00000224921391537  0.00000236525657097  0.00000244751857068  0.00000250715622523
  0.00000255381688480  0.00000260463939343  0.00000266465278387  0.00000272155764232
  0.00000277802252984  0.00000284376565801  0.00000291110142886  0.00000298382621095
  0.00000306047700348  0.00000313672788977  0.00000320984140213  0.00000328225906481
  0.00000335675587559  0.00000343131344270  0.00000350624332902  0.00000358730345597
  0.00000367703423883  0.00000377450002268  0.00000388825398303  0.00000400471495580
  0.00000412230675527  0.00000423724565136  0.00000435357529529  0.00000447859220497
  0.00000460412905149  0.00000472581561766  0.00000482933462603  0.00000493564950298
  0.00000504480347433  0.00000515855069053  0.00000531020058608  0.00000548473800944
  0.00000565441866167  0.00000582123105348  0.00000599044653698  0.00000617160273161
  0.00000635364259450  0.00000652910435442  0.00000670326615089  0.00000688792176816
  0.00000708343109162  0.00000729202295188  0.00000750882076254  0.00000772032826109
  0.00000793087317409  0.00000815283576377  0.00000839522254505  0.00000869347083587
  0.00000896960816524  0.00000925116013190  0.00000957039482035  0.00000995113244976
  0.00001035160344633  0.00001075432488196  0.00001121012418768  0.00001170704799060
  0.00001216900919868  0.00001265340807324  0.00001319198599765  0.00001375479871377
  0.00001441159931406  0.00001522705928278  0.00001615952446190  0.00001724016505900
  0.00001852408531530  0.00001993918357760  0.00002149945431907  0.00002314828860492
  0.00002496589322164  0.00002694989404450  0.00002909434765137  0.00003161877210292
  0.00003465931698583  0.00003818495478599  0.00004256391338617  0.00004847994018699
  0.00005543253002491  0.00006257520012712  0.00007056492670332  0.00008157987856535
  0.00009770544126229  0.00011999619694994  0.00014721152739252  0.00019040790734661
  0.00025304920371187  0.00033705603227547  0.00051510717568001  0.00096960063641159
  0.00187003386683580  0.00493572404567027  0.08736089020766749  1.00000000000000000
  0.00325940749050307  0.01409062772832152  0.02305741072492319  0.03156709674409844
  0.03996528677730748  0.04950702427873641  0.06141340571662846  0.07427152907937155
  0.08749412966048090  0.09870692137661247  0.10963428249621585  0.11989602078589251
  0.13045834999551398  0.14116016962329983  0.15132658073060370  0.16148069628558812
  0.17031462500759731  0.17905559750915295  0.18823434851659313  0.19714203563693045
  0.20906777274208191  0.22218284307100281  0.23497329581590137  0.24654679406741661
  0.25758326450807023  0.26903466994181963  0.28129530304462563  0.29330706407564794
  0.30451700115936264  0.31476866275640242  0.32502616276576618  0.33443833500859665
  0.34436440695068626  0.35506364896584319  0.36663418839575840  0.37844137637263220
  0.38976033616025685  0.40157876326645503  0.41301136917586140  0.42351847958907257
  0.43371286683530436  0.44525937134500398  0.45836124705668291  0.47009962505263686
  0.48011621765682083  0.48861261912397269  0.49736367216863120  0.50736273876577509
  0.51802739877044701  0.52848065674108258  0.53871962976925458  0.54975330562584401
  0.56044925428317083  0.57066967626955334  0.58064374576315836  0.59068817824980213
  0.60142762319095522  0.61280352386928083  0.62369483069010678  0.63293039840523890
  0.64144830268757691  0.64889020280540866  0.65654038136462767  0.66425644683873730
  0.67226306409724668  0.68247066188410110  0.69408609889092099  0.70752503356365437
  0.71903050440352778  0.72994532220548280  0.74068466469427618  0.75255641143673058
  0.76477649398162906  0.77709357533891077  0.78899962678776669  0.80060183805273044
  0.81195658539876270  0.82353505120348958  0.83516887404192475  0.84673366700144514
  0.85730683816745623  0.86741844851737870  0.87710012921914349  0.88708865620985167
  0.89728223856777800  0.90765344405261572  0.91809486467857737  0.92866525030722546
  0.93846359407339164  0.94778452996264473  0.95596335049631520  0.96445473667603321
  0.97299623597911233  0.98306015091203502  0.99277246482030346  1.00000000000000000
  0.00000783463141295  0.00000798115092700  0.00000827344172911  0.00000863144802683
  0.00000899227739614  0.00000934336735271  0.00000983132681694  0.00001036834618720
  0.00001087665380030  0.00001133311708016  0.00001175974850756  0.00001219017190061
  0.00001267560482293  0.00001322737924350  0.00001382118138853  0.00001440653000088
  0.00001488085014243  0.00001535119991667  0.00001581842346270  0.00001628196473729
  0.00001687011495609  0.00001752065518912  0.00001821938980824  0.00001896862793101
  0.00001972464599780  0.00002051843965715  0.00002132395280182  0.00002213093888194
  0.00002302853305562  0.00002411343055599  0.00002536273871904  0.00002689050997243
  0.00002853858241130  0.00003043637223111  0.00003234689651827  0.00003446534048148
  0.00003660970636419  0.00003891150522841  0.00004137727249373  0.00004404351360462
  0.00004675111834739  0.00004955827588225  0.00005234934373176  0.00005530919056645
  0.00005862761241810  0.00006246780451020  0.00006706328971773  0.00007247415017936
  0.00007859355460122  0.00008536295659202  0.00009220349694105  0.00009891878921170
  0.00010588776231764  0.00011364625878474  0.00012217046025689  0.00013118018063508
  0.00014015530019819  0.00014998707967896  0.00015978637218334  0.00017039749044538
  0.00018282834561042  0.00019626676259415  0.00021289487239861  0.00023162564443811
  0.00025113759414291  0.00027174317635816  0.00029382670968135  0.00031607090911879
  0.00034028209909208  0.00036715210614586  0.00039856388950236  0.00043737543704431
  0.00048215659147671  0.00053218469395567  0.00058714453837545  0.00064379608800032
  0.00070069694914672  0.00076125329647241  0.00083509032214274  0.00091857264531327
  0.00100026647617705  0.00108053391539715  0.00116908938912276  0.00130810583024103
  0.00152207082134129  0.00177263590896741  0.00209299129955024  0.00252642114881235
  0.00326316386006996  0.00416241769169115  0.00503396799244555  0.00580840622557868
  0.00685606478491791  0.00995820820901508  0.20865907597195887  1.00000000000000000
  0.00000500479771439  0.00000549430526669  0.00000637949652271  0.00000742160015588
  0.00000850304568993  0.00000959449698236  0.00001063423439234  0.00001166888441527
  0.00001275219789656  0.00001401236252171  0.00001556490085851  0.00001728647944402
  0.00001904011062504  0.00002079913533806  0.00002272021686552  0.00002468575458652
  0.00002665995405144  0.00002902114987491  0.00003204912264646  0.00003552968549405
  0.00003937477128912  0.00004347413511714  0.00004790826382453  0.00005271392935787
  0.00005781379192250  0.00006337655517140  0.00006920892378642  0.00007543787445589
  0.00008201358969412  0.00008960986098196  0.00009819861273026  0.00010747690965380
  0.00011716253170603  0.00012745246854416  0.00013792517428635  0.00014858728695311
  0.00015959475888606  0.00017125668654143  0.00018421396194408  0.00019835038080287
  0.00021322169197592  0.00022674450580299  0.00024134576637862  0.00025726103912225
  0.00027583329615908  0.00029574299312194  0.00031366330700498  0.00032980472743097
  0.00034592325577279  0.00036311951398309  0.00038228495942213  0.00040398597150367
  0.00042293004250268  0.00044591892532755  0.00047387561912918  0.00050240012916377
  0.00052900242503411  0.00055518015200965  0.00058346187548507  0.00061691232306587
  0.00065519865019597  0.00069543249644457  0.00073353260318475  0.00077251110219393
  0.00080806897450415  0.00084040472887575  0.00087734846757135  0.00091799499960108
  0.00096082774159456  0.00101552520656388  0.00106140729870422  0.00111087747025723
  0.00115465626512599  0.00120043630294399  0.00125147826656922  0.00131252888736479
  0.00138383134531104  0.00144823391122977  0.00153628193210600  0.00163121449432162
  0.00176625033703136  0.00195688187473227  0.00217319930204973  0.00239236789661969
  0.00262306703724339  0.00284991078957434  0.00306980369591996  0.00329648105688649
  0.00352935605519537  0.00375211434392544  0.00399174436123906  0.00430307438845364
  0.00508821918944940  0.00672013504438520  0.25793227506015498  1.00000000000000000
 -0.00236605689692035  0.00724757193668922  0.01628578471151784  0.02594525337261788
  0.03636084643314412  0.04547581587488972  0.05322891791493281  0.06085983465650097
  0.06875245847547073  0.07757226359506469  0.08746201600525662  0.09757245313970819
  0.10633164782665759  0.11420291826727202  0.12150494961387950  0.12931369292879874
  0.13857678263218914  0.14836895328265381  0.15724920328676500  0.16526305454990001
  0.17285072412007876  0.18153388455361083  0.19130326321190008  0.20227264890725935
  0.21255152383594647  0.22364111082313623  0.23416521371277166  0.24580653165449659
  0.25825970278391741  0.27128045439712495  0.28392900316527442  0.29770601205227426
  0.31252002025653985  0.32589580754942565  0.33935349155521460  0.35294700636009035
  0.36593953201048379  0.37797389545770038  0.39035347709640672  0.40357403070881925
  0.41763556665749324  0.43235511704838953  0.44720553520126782  0.46176739902562297
  0.47715067977968151  0.49255564071753544  0.50896338373271666  0.52359165487172166
  0.53651948672067340  0.54852318311586257  0.56077815259170183  0.57486121078306729
  0.59104072526602947  0.60551158849760134  0.61706690210074289  0.62782553458103463
  0.63612461795775721  0.64522753315154646  0.65516548895422444  0.66710829384680825
  0.68070627855124399  0.69419713638007774  0.70895300611286172  0.72252646828641875
  0.73484953577320977  0.74650534884946318  0.75886894805950134  0.77082086482284728
  0.78134406005553714  0.79088561021729198  0.80002277678420419  0.80848736645784669
  0.81684454179651567  0.82623586353374578  0.83642775966534844  0.84871862415826504
  0.85970202614219515  0.86768306262129957  0.87477891243593875  0.88141781774615457
  0.88895594937258715  0.89796983602650593  0.90586999942728830  0.91279905729499300
  0.91956257816792963  0.92618774442644625  0.93453714362945195  0.94231192395699737
  0.95018915478412269  0.95648707094459962  0.96309175348479248  0.96978210266489950
  0.97776687026637421  0.98646805238500046  0.99364383631822573  1.00000000000000000
 -0.00308189729960141  0.01173015906790727  0.02364513080894906  0.03354856845839339
  0.04267091474081870  0.05144506034453002  0.06014788544939829  0.06953449065311347
  0.07866012941813601  0.08785828110964444  0.09811799082501199  0.10944028222023448
  0.12234618598147394  0.13637818037780752  0.15054064295558528  0.16294940818212075
  0.17395321583992984  0.18396900303742042  0.19444900861955719  0.20496488009568503
  0.21517245875006222  0.22623058592449735  0.23819757299486563  0.25011024375087482
  0.26084025763820229  0.27169706155493101  0.28256998668419031  0.29328305171209296
  0.30307639108542650  0.31286049360655155  0.32292415516384904  0.33356534582870073
  0.34503115144917840  0.35802069641962786  0.37075990351724702  0.38229387410807458
  0.39319258629111364  0.40247944181753786  0.41120384240650548  0.41941830586785644
  0.42663443203083912  0.43376999228586205  0.44129967180104146  0.44937865915468667
  0.45744651557647370  0.46571788318334262  0.47424342732613517  0.48367015897714943
  0.49509217450736681  0.50889932978715691  0.52206116215206921  0.53271610890337939
  0.54277127015888094  0.55312467641179608  0.56324622117847845  0.57246439222599088
  0.58213007562082486  0.59266576645279234  0.60347686916045296  0.61306049226691339
  0.62263013854721438  0.63226782922099389  0.64253356473722900  0.65258205078852027
  0.66179918915387759  0.67009716243669593  0.67795745632502491  0.68631041989594266
  0.69502216535902217  0.70535832750666516  0.71675399995235423  0.72835575048778156
  0.73977797293240055  0.74965155565767094  0.75905795513430541  0.76814970515592718
  0.77775866686426942  0.79119665945225404  0.80253504053533231  0.81420281198439948
  0.82609307621588779  0.83882106655878452  0.85145750083905858  0.86361998188702815
  0.87508503640017110  0.88657666787808209  0.89790377694530399  0.91034857800179159
  0.92231171616211238  0.93267579846605264  0.94229308621630925  0.95181948708959396
  0.96269195304025468  0.97369013269651528  0.98660690372092630  1.00000000000000000
 -0.00126442810676511  0.00380665409407843  0.00976792025541703  0.01570129778018240
  0.02244267893419269  0.02930217132600020  0.03588323590809511  0.04239788729484577
  0.04956270487584269  0.05600531994548206  0.06250140828120961  0.06927474826642796
  0.07696891728615479  0.08523598874462192  0.09322859135957383  0.10120223522772742
  0.10960300753167997  0.11868219246059719  0.12770896739354182  0.13673258929087961
  0.14628473215143134  0.15612226467956788  0.16516254016970844  0.17324849909029583
  0.18098814314278891  0.18886983995641846  0.19747778107022951  0.20688089497635109
  0.21475680103082734  0.22135507595679071  0.22786444138480841  0.23487455056517373
  0.24287607594396105  0.25107932461748755  0.25892315336646243  0.26631456996417452
  0.27364261317234390  0.28112909890122051  0.28894395194527361  0.29703570382153605
  0.30559386180234793  0.31347219479529992  0.32051589423714844  0.32776601572104297
  0.33534484439941314  0.34445621411136329  0.35370541567050967  0.36102916935786600
  0.36790684856766642  0.37522448971367295  0.38410198154060554  0.39351940559099874
  0.40253709307132074  0.41136344497422506  0.42116027354999475  0.43235485386533423
  0.44321651807467860  0.45409454082790596  0.46471096956226471  0.47546048535018404
  0.48605721594468870  0.49627371365462186  0.50674117708174804  0.51781480146937064
  0.52973488230149257  0.54364325938030977  0.55780501688758144  0.56987324846358178
  0.58102483860504139  0.59300302358525636  0.60662479430234273  0.62040563625216227
  0.63340850701887763  0.64454821304480303  0.65556557987745712  0.66702924710880152
  0.67922607777005639  0.69310568704911912  0.70688432754804231  0.72176136101852539
  0.73646948214059438  0.75057647251858373  0.76270928625720535  0.77525275268929539
  0.78756162631337179  0.80184934820225939  0.81819456867267804  0.83496182910603289
  0.85181437452084707  0.87100173622366039  0.89272756016762811  0.91361192800164581
  0.93267095962876867  0.95152630617117229  0.97317345088014040  1.00000000000000000
 -0.00286009914474309  0.01075269985858504  0.02115371864694620  0.03135928834604218
  0.04158185289068957  0.05240877788838283  0.06415098167253214  0.07496064903591541
  0.08491572249462466  0.09454410354312458  0.10521336824574683  0.11701402379805047
  0.12845684113123143  0.13968846021256232  0.15077617616191616  0.16223941859286919
  0.17352863088712545  0.18566336418243393  0.19848018515519075  0.21124354739737941
  0.22229704861052840  0.23251301225423079  0.24259164970552111  0.25298760109825036
  0.26404608367615967  0.27492401823845392  0.28548672388749163  0.29596515139859392
  0.30497683302876616  0.31372043739090205  0.32210553340988646  0.33089313302377849
  0.34013583135358499  0.35037238911683760  0.36282623609750292  0.37601212696277642
  0.38846409918631708  0.40021608636300754  0.41153136725641315  0.42218352337272197
  0.43188946645423248  0.44074640244076990  0.44952698445004369  0.45939800730547287
  0.46995581373773077  0.47918890564063310  0.48799398171677522  0.49646173547785177
  0.50543030001493661  0.51512538279214304  0.52588808846234836  0.53732505844812350
  0.54800927674458555  0.55860622081710154  0.56973501717339403  0.58033990376333544
  0.58967591725142054  0.59869149218902484  0.60820568994401025  0.61747593731669537
  0.62631652488062162  0.63328729478770640  0.64031916915404030  0.64869970250287978
  0.65933875838839306  0.67123386641417726  0.68293100177387900  0.69529936735541020
  0.70850334402995419  0.72117606482808705  0.73223777283067015  0.74163562355897805
  0.75031467936312357  0.75932252853283444  0.76958089410540431  0.78065829261338271
  0.79204560736298568  0.80247957987637586  0.81249628540480490  0.82222646147760781
  0.83307813811898346  0.84472652594960451  0.85705548602393711  0.86998524203422423
  0.88153535252307591  0.89197057789761258  0.90073064959046589  0.90983609309871749
  0.92011964809567715  0.93109314694522594  0.94162048560004408  0.95149764511253532
  0.96262326536389564  0.97562598365862441  0.98843589756632666  1.00000000000000000
 -0.00213515235234592  0.00703015179450206  0.01572771973345881  0.02526714127385465
  0.03555851637002429  0.04568832320778678  0.05526900901153065  0.06458321045423437
  0.07323260382362048  0.08290839517364615  0.09191524031362289  0.10149151771827671
  0.11126450387550613  0.12166883596860448  0.13135262557067934  0.14128573161173355
  0.15208365030829013  0.16251567539532422  0.17153472886497567  0.18003971159558849
  0.18955399442102033  0.20084458528672208  0.21253358976870279  0.22321399497830849
  0.23345612839001731  0.24363067996515819  0.25390440476108045  0.26449410478259400
  0.27563628641863536  0.28674355261568746  0.29697967755783528  0.30707697662027295
  0.31742437451927008  0.32989166050008834  0.34264452322032668  0.35464501672467141
  0.36592035570441195  0.37737184092598286  0.38828490586008546  0.39935635516283507
  0.41115549982319405  0.42312169529555466  0.43313288291547153  0.44260920814665095
  0.45212317298597438  0.46183948355781751  0.47174127358587431  0.48157448115980672
  0.49115816042297367  0.50115901971723664  0.51179865779835410  0.52276560709193343
  0.53389087759284126  0.54379331888667337  0.55254760541060588  0.56110572349894527
  0.57044330651479502  0.58108948414741235  0.59185100595833029  0.60170771144410029
  0.61178449186654571  0.62206103641957522  0.63315644558358430  0.64530092483575741
  0.65779703020733737  0.66908163223079875  0.67917155469124735  0.68940237670475979
  0.70079859124981037  0.71323276648547573  0.72573596907152160  0.73816163914600375
  0.75015604267138514  0.76255022065395639  0.77425404130775011  0.78544994064698614
  0.79684842422255020  0.80798585168696979  0.81921175597191198  0.82963469547131885
  0.84047753784976720  0.85068856120021064  0.86094852067422301  0.87132990792873777
  0.88164045722829387  0.89298002975019408  0.90322382437207971  0.91239747649728831
  0.92189347104611219  0.93188297529998965  0.94554997023764720  0.95948548704446901
  0.97165740808625189  0.98211617644218585  0.99081141836175579  1.00000000000000000
 -0.00005520880919399  0.00011623503617544  0.00028767888154486  0.00045611685309414
  0.00062412478395342  0.00072195063509147  0.00080667479053388  0.00089756091026277
  0.00098962558149394  0.00107869787800167  0.00116813652342739  0.00126139301429893
  0.00135480049793090  0.00144928305790062  0.00154374077710575  0.00163803087060563
  0.00173308104304103  0.00183317731913081  0.00193303187023940  0.00203226084879963
  0.00213496220804456  0.00224214663810240  0.00234296726584654  0.00244144584634844
  0.00253464623915994  0.00262683006538785  0.00271787701601795  0.00280842571499807
  0.00290028071569974  0.00299337403979282  0.00308451216023643  0.00317383291107806
  0.00326075367505570  0.00334532032560262  0.00342678991801296  0.00350768087945278
  0.00358769342080878  0.00365926478969714  0.00372965079338108  0.00379529662214883
  0.00386109704273744  0.00392769372729987  0.00399576559931415  0.00407192833731042
  0.00415878678979103  0.00426037446267846  0.00434888109608980  0.00444134241052588
  0.00453661794950408  0.00463195769674358  0.00474610771631927  0.00488774861494233
  0.00503974695124068  0.00518652107179530  0.00531429917310340  0.00544860672726051
  0.00558675693005561  0.00573873272629345  0.00589678972472914  0.00606976381408818
  0.00630639397079346  0.00653351088983180  0.00673096173960259  0.00690763299150461
  0.00708262638536299  0.00724212666040829  0.00739139507524004  0.00755865600828577
  0.00770388683782286  0.00787349323971273  0.00799915778507891  0.00810342882570495
  0.00821301443644338  0.00832328618804169  0.00843471032889856  0.00864088400012997
  0.00890252089459435  0.00914710263982885  0.00935199096748465  0.00982270214167347
  0.01066597008268419  0.01130183365150688  0.01187189406984225  0.01259750345973506
  0.01311462959869641  0.01366010699756392  0.01396830324132961  0.01454851093126961
  0.01534570456807677  0.01571304627583640  0.01607898321252675  0.01668162514325128
  0.01868742080325043  0.02806977860880044  0.11284879210227713  1.00000000000000000
 -0.00164738403028942  0.00549175150221019  0.01288744463822001  0.02049808381195651
  0.02855685170306231  0.03719523690049036  0.04564353112800253  0.05389881518718782
  0.06221706248334545  0.07022937485525295  0.07940863672343598  0.08848835014669394
  0.09811492762224254  0.10672266385799728  0.11600107164861696  0.12573146939184313
  0.13557492136964649  0.14449791698576522  0.15243725538499733  0.16054721602196764
  0.16988412569995390  0.18043397551199716  0.19200241103581425  0.20436493950472001
  0.21633134501794646  0.22759811191048934  0.23947191108664928  0.25012294971129057
  0.25955816790781439  0.26904549338328970  0.27995083174115709  0.29239019518443615
  0.30552687320329519  0.31852097239517096  0.33105317369609077  0.34295497427533306
  0.35441438004539255  0.36612229890942427  0.37877659459858104  0.39216779954614345
  0.40393362245542347  0.41430400984828586  0.42329303361803045  0.43209227786158932
  0.44145013535350097  0.45201763083833463  0.46274477168909450  0.47295730951107490
  0.48267993309105389  0.49386953347043466  0.50556534266115061  0.51780664327796766
  0.52930557300072445  0.53989317571448991  0.55067469559616333  0.56148459951097285
  0.57216357166988030  0.58259459563115290  0.59304174744831450  0.60341010225580194
  0.61351138083695822  0.62402623244213884  0.63470416554235753  0.64488412653066285
  0.65490396826307440  0.66434223479932775  0.67429830871219076  0.68497797294492102
  0.69638027962801174  0.70640069862214294  0.71489603915590283  0.72425058767579176
  0.73410727357974326  0.74574393730282273  0.75911014550575251  0.77200355351301853
  0.78481102168772343  0.79764762545669254  0.81043701213144925  0.82217526400877738
  0.83358931599492148  0.84518163597786611  0.85673380153226109  0.86819763835507024
  0.87871569602694188  0.88915449470945296  0.89942982896616153  0.90959021111152649
  0.92072313115062199  0.93179370564040565  0.94295355610473608  0.95402708467382780
  0.96528182487234226  0.97712756411401991  0.98845389839880327  1.00000000000000000
  0.54398965125406995  0.57575884492022322  0.58432821930283341  0.59138481165469992
  0.59833914266389077  0.60589027716900234  0.61266908712634682  0.61851866364988539
  0.62472031926588700  0.63327810706010201  0.64030249629517388  0.64697302864283579
  0.65345069481555185  0.65917541494192289  0.66455978851676023  0.66930699265675908
  0.67416156873069211  0.67834480407825992  0.68268181465599975  0.68740704917926743
  0.69242810475576821  0.69785837441407250  0.70354760127367066  0.70954102236946337
  0.71637492221510690  0.72376869704004287  0.72989306662789577  0.73535882278641829
  0.74070956327574744  0.74635191892172792  0.75186528998265234  0.75696445547895874
  0.76191464097783368  0.76711602946831936  0.77241934324706352  0.77731894441896998
  0.78208181692772727  0.78663000314961862  0.79113514444475441  0.79525164199730458
  0.79925317860366518  0.80331696318739043  0.80763064772422000  0.81207588188798507
  0.81638713875454505  0.82076042613363276  0.82521268531848901  0.82991702257413613
  0.83458880646462341  0.83916626510997561  0.84372973524891526  0.84821934307087832
  0.85246986399718971  0.85649608233240648  0.86045968529635819  0.86448353372499975
  0.86849019307255904  0.87221604078504589  0.87569048335913191  0.87912745491908495
  0.88255286477484340  0.88599294612951973  0.88939298102234010  0.89287697292553836
  0.89633766901055645  0.90009674866496825  0.90349594582449799  0.90687893072117676
  0.91029172698287075  0.91366976052261784  0.91736056876112038  0.92085028423703075
  0.92424365169425615  0.92756613606913785  0.93079339050388565  0.93416884161756208
  0.93787483454910758  0.94150439780404227  0.94396647656894783  0.94636666634746747
  0.94876783132913145  0.95125192398539216  0.95391347295961149  0.95676787216068682
  0.95984711670864031  0.96292224911498769  0.96625348185673887  0.96943480933610815
  0.97245671391805200  0.97562044544784432  0.97874948460736566  0.98203152686259321
  0.98559881472302058  0.98963313522022722  0.99417663797323852  1.00000000000000000
  0.01894582488482148  0.14173410229706970  0.17304316219560373  0.19257324045013130
  0.20994010018159723  0.22472938695908529  0.23929317420824939  0.25348279934855883
  0.26656174978549935  0.28004225053741788  0.29293318644936728  0.30436941139623802
  0.31494607796773860  0.32552483114937714  0.33606976512052672  0.34445807564345704
  0.35226733946074801  0.36027213508094386  0.36873387709700278  0.37682201979413960
  0.38416664569447201  0.39142804457350044  0.39870160900703266  0.40603115403078921
  0.41297716145949903  0.41947352589218823  0.42587631429729894  0.43280982197486045
  0.44041181615363878  0.44765032550868000  0.45360396651523727  0.45867214332925171
  0.46350616767542369  0.46845692715388121  0.47377318009462893  0.48092346353689097
  0.48737962767314441  0.49390287837023789  0.49977800409636053  0.50564625598504220
  0.51167183899891933  0.51813441221002776  0.52407099700464121  0.52944053768030819
  0.53488706813945530  0.54060670399542499  0.54688769681403548  0.55288535719028298
  0.55889949435277719  0.56511162039429841  0.57172753934595644  0.57708477009561787
  0.58170300486826010  0.58598631112927912  0.59037847748534222  0.59507382723226221
  0.60071051183755275  0.60679863867704020  0.61274786750061383  0.61857002359126878
  0.62420282447445707  0.62984857194588317  0.63551957916019264  0.64091448111570692
  0.64618789787062703  0.65149557494993815  0.65681921955789280  0.66240703368577492
  0.66754378299188333  0.67245991527398741  0.67761369506848212  0.68303572061124973
  0.68897942863356088  0.69541062863689662  0.70194791009622570  0.70854845334678351
  0.71570906925125177  0.72317985675302054  0.73046007208296104  0.73671673244565539
  0.74170730162033427  0.74694540944531151  0.75210095870082405  0.75782448781105349
  0.76512189357070337  0.77234578832094547  0.77920892104059503  0.78584942927005974
  0.79333751397244201  0.80251859128594993  0.81154742581289685  0.82088477965130280
  0.83078792459382633  0.85706132275932723  0.97124918865243659  1.00000000000000000
   1.1892573631525894E-006  -1.0000000000000000     
 F F F F F F F F F F F F F F F F F F F F F F F F F F F F F F F F F F F F F F F F F F F F F F F F F F F F F F F F F F F F F F F F F F F F F F F F F F F F F F F F F F F F F F F F F F F F F F F F F F F F F F F F F F F F F F F F F F F F F F F F F F F F F F F F F F F F F F F F F F F F F F F F F F F F F F F F F F F F F F F F F F F F F F F F F F F F F F F F F F F F F F F F F F F F F F F F F F F F F F F F F F F F F F F F F F F F F F F F F F F F F F F F F F F F F F F F F F F F F F F F F F F F F F F F F F F F F F F F
  <DiscreteSampler_grid>
  grouped_processes
  1 # 1 for a reference and 2 for a running grid.
  10 # Attribute 'min_bin_probing_points' of the grid.
  1 # Attribute 'grid_mode' of the grid. 1=='default',2=='initialization'
  0.0000000000000000 # Attribute 'small_contrib_threshold' of the grid.
  0.5000000000000000 # Attribute 'damping_power' of the grid.
 # binID   n_entries weight   weight_sqr   abs_weight
    10   10   1.300302110308479E-001   4.821448252809099E-002   1.300302110308479E-001
    11   10   1.300302110308478E-001   4.821448252809103E-002   1.300302110308478E-001
    16   10   1.300302110308479E-001   4.821448252809100E-002   1.300302110308479E-001
    17   10   1.300302110308479E-001   4.821448252809105E-002   1.300302110308479E-001
  </DiscreteSampler_grid>
