  0.00219959729535953  0.01506763605812686  0.02857883009925634  0.04336142499099193
  0.05813762531509850  0.06869119055775111  0.07773739250602962  0.08592441598880719
  0.09327621515290389  0.10015794798098346  0.10684774363473380  0.11348501383217159
  0.12152855002126890  0.13042284737605839  0.14061856078709034  0.15092840951826703
  0.16255227443258555  0.17290083271905149  0.18213447081943213  0.19167758192379691
  0.20187633686363460  0.21209262416102320  0.22350760547175000  0.23373704332569623
  0.24200171702909609  0.25040272227703225  0.25868849385689180  0.26740121260562977
  0.27827848297137731  0.28837168127704632  0.29894850925315819  0.30744335261443179
  0.31606271904291294  0.32478767664188279  0.33614517764428214  0.34906924865225930
  0.36212881284014881  0.37595536889080078  0.38960314035474525  0.40197679136871406
  0.41327282784590080  0.42402798187284574  0.43453441235303303  0.44521592746997091
  0.45634984718687233  0.46817230666015625  0.47977836908377580  0.49120646807174773
  0.50191510911290504  0.51240992173161415  0.52100074532220630  0.52957967512193205
  0.53780863502656873  0.54525385078967770  0.55374279132204218  0.56304338617407490
  0.57364160693052813  0.58538050407442221  0.59726267022110013  0.61037946624198258
  0.62456172576312696  0.63822927307355226  0.65110184091581014  0.66352757440427756
  0.67595057234024192  0.68805407436222388  0.69977100177630325  0.71212699083637920
  0.72526110263576227  0.73781797584580011  0.74979277729341953  0.76172544287471078
  0.77361799972357670  0.78465415263794591  0.79392369711091304  0.80322309883450305
  0.81304482439557557  0.82298125207020834  0.83455433224078179  0.84376618493800692
  0.85561943974075183  0.86644904460882322  0.87682146463815014  0.88508520680425573
  0.89334273775712436  0.90159919103687569  0.90897163543953630  0.91602039259048751
  0.92372183702877853  0.93265644222652777  0.94267870617238736  0.95290024978210108
  0.96334374418853175  0.97358203611497374  0.98307631592087885  1.00000000000000000
  0.00000255555556736  0.00000268757737239  0.00000279548270697  0.00000290338804155
  0.00000297504152250  0.00000303699296377  0.00000310006689979  0.00000319278334294
  0.00000326300770209  0.00000333642477917  0.00000341542460384  0.00000349337576837
  0.00000358649595228  0.00000370708423760  0.00000383292921514  0.00000396668384697
  0.00000411976502702  0.00000426864754730  0.00000442537697914  0.00000458883487749
  0.00000472884289244  0.00000487429933447  0.00000502608822685  0.00000523525828406
  0.00000546685356385  0.00000570255098386  0.00000597430075694  0.00000632551934010
  0.00000674459370570  0.00000722588158710  0.00000779259246341  0.00000844672856890
  0.00000916012564886  0.00000992756173906  0.00001073330309793  0.00001160101631720
  0.00001249160644140  0.00001360019658343  0.00001491644107361  0.00001638262782529
  0.00001783124921375  0.00001929978961998  0.00002088598378155  0.00002267184500204
  0.00002481007053559  0.00002720182267938  0.00003050444963260  0.00003401248297985
  0.00003661127670239  0.00003895812399556  0.00004135774704915  0.00004440092700297
  0.00004881787195701  0.00005339700295169  0.00005742958216968  0.00006161993264331
  0.00006679804966390  0.00007455425655523  0.00008517579109203  0.00009728530597097
  0.00010974653343259  0.00012269076136732  0.00013645795172138  0.00015259888203601
  0.00017304893074914  0.00019886128233748  0.00022791974693966  0.00025566281882366
  0.00028606673825240  0.00031951567677147  0.00035564432836150  0.00039044127120425
  0.00042725857110160  0.00046886749041003  0.00052238468048313  0.00059458484847214
  0.00068405578125614  0.00079041738184334  0.00090816335667682  0.00103197515975042
  0.00114521544075613  0.00125913604107136  0.00138450404886981  0.00162619571069609
  0.00201512855997181  0.00256063253208097  0.00326421913729791  0.00400912256957702
  0.00500604763528235  0.00598650316242279  0.00709502486579818  0.00846923375493769
  0.01052997517514177  0.01555514934122969  0.07763462970840844  1.00000000000000000
  0.00000285547070932  0.00000312948890660  0.00000340594504629  0.00000355750618607
  0.00000369948864411  0.00000382616374234  0.00000394627136278  0.00000411899993219
  0.00000438898867237  0.00000469060668151  0.00000496267124342  0.00000521799135177
  0.00000545067918307  0.00000568157751704  0.00000592995094615  0.00000619906867855
  0.00000647309740322  0.00000675412358696  0.00000705743418173  0.00000746228247281
  0.00000785140182436  0.00000828582355656  0.00000876870695241  0.00000927443519371
  0.00000979774769845  0.00001032386584598  0.00001080545286758  0.00001129908202845
  0.00001180666427888  0.00001235757374201  0.00001298559176266  0.00001369007443655
  0.00001430453941441  0.00001482839930055  0.00001549373181780  0.00001616508982753
  0.00001677061282761  0.00001761804314216  0.00001849343315291  0.00001937790692070
  0.00002029902930094  0.00002142206166173  0.00002261278094186  0.00002401181996252
  0.00002542683118043  0.00002679240988536  0.00002819811562936  0.00002968695137466
  0.00003138658516949  0.00003335976811517  0.00003554334514914  0.00003789230997235
  0.00004030254581331  0.00004282182099795  0.00004577241350037  0.00004886808739801
  0.00005176533440212  0.00005451600611324  0.00005739362503046  0.00006076670108598
  0.00006438734306706  0.00006731282239993  0.00007066150585887  0.00007398051755000
  0.00007757039695845  0.00008255767236761  0.00008801051296222  0.00009435144505742
  0.00010228549969051  0.00011256177792033  0.00012429124672677  0.00013653217584601
  0.00014901298244485  0.00016137816334218  0.00017383703673749  0.00018742276731943
  0.00020571724564286  0.00022941867607673  0.00025445747442204  0.00028150257715561
  0.00031635640863451  0.00036439113056977  0.00042774627190341  0.00050879871236685
  0.00060896118339413  0.00072961353399769  0.00088761091938370  0.00112977852932117
  0.00150876166751668  0.00190803948803630  0.00212886668468804  0.00240485910164637
  0.00275001572590617  0.00372479489825598  0.02119859384696824  1.00000000000000000
  0.00000379422867067  0.00000434232406159  0.00000467948325490  0.00000494291990648
  0.00000530496466926  0.00000573954750449  0.00000621487490126  0.00000667808864715
  0.00000724163776051  0.00000783634891053  0.00000842631439945  0.00000904443037425
  0.00000973856941991  0.00001039175990871  0.00001103459833156  0.00001166687284297
  0.00001231626886126  0.00001302295037638  0.00001383065998386  0.00001483082662366
  0.00001600713791466  0.00001732120944052  0.00001875575079355  0.00002023138834699
  0.00002165047199056  0.00002314442915648  0.00002489335028627  0.00002697109502923
  0.00002919814779916  0.00003138520344840  0.00003365582647691  0.00003616215398666
  0.00003871196302378  0.00004147165775181  0.00004439807166622  0.00004797099981424
  0.00005200862941458  0.00005595471481486  0.00006016681955074  0.00006468674637713
  0.00006994311368421  0.00007519768241310  0.00008060449551448  0.00008647971093950
  0.00009313651871739  0.00010076823553627  0.00010882865551119  0.00011649827629083
  0.00012435749132253  0.00013138567504014  0.00013873190841184  0.00014673685428409
  0.00015552276553665  0.00016625329721129  0.00017681679707855  0.00018723591295116
  0.00019752657080468  0.00020984922380537  0.00022350429861073  0.00023646408060425
  0.00024874820450428  0.00026149983316333  0.00027719833018741  0.00029838005399918
  0.00032407415929997  0.00035388599281225  0.00039277003261913  0.00043425742270740
  0.00047268369916690  0.00051352088364141  0.00055944809279046  0.00061704833907641
  0.00068039582003442  0.00074526013193848  0.00080894931280359  0.00087452960484644
  0.00096285679402159  0.00108364057154052  0.00121837333317627  0.00134719431436756
  0.00149340413862975  0.00165993960080339  0.00188682483756713  0.00214456987903228
  0.00248389656953887  0.00295692190199079  0.00352739027593760  0.00409532600632876
  0.00479549672810985  0.00575743134789057  0.00737139002791602  0.00993993683387959
  0.01493183857284793  0.01641995005127898  0.08302822963172345  1.00000000000000000
 -0.00400286443485003  0.01705907617316953  0.03332448012581215  0.04728314987564890
  0.05957219314085436  0.07092223122485519  0.08218843432487982  0.09200741056060401
  0.10148873341868933  0.11176441213541674  0.12419002276691790  0.13811240007579809
  0.15207977680739751  0.16512572355863650  0.17719402206375823  0.18803894263210047
  0.19724682375752811  0.20712584098471154  0.21576994245630449  0.22499731256189009
  0.23520517658592019  0.24536043763659807  0.25612795643082720  0.26695305228345811
  0.27832202913010012  0.29055569982172436  0.30345170519231462  0.31614357077444155
  0.32859915611082408  0.34074197332064071  0.35265529061372142  0.36288762657340085
  0.37386240312746283  0.38396407380868053  0.39221311828940036  0.40052325573957281
  0.40879287174621637  0.41735344289743803  0.43000131642566369  0.44179684713564976
  0.45451974368464748  0.46596681102187987  0.47973202520895364  0.49339843762499930
  0.50611986783804663  0.51680536343227845  0.52845427519731636  0.54146793035898488
  0.55251529605819805  0.56201243580572902  0.57065691478004132  0.57916940820725316
  0.58877307870923457  0.59793125838540784  0.60775427525704617  0.61731037500854402
  0.62692182101043159  0.63743245293599360  0.64833950965703668  0.65953445580982561
  0.66811924264091971  0.67749816367919824  0.68692607118009996  0.69744913076443793
  0.70808402327846354  0.71555387500447520  0.72343936103551643  0.73104613226876303
  0.73789680167651306  0.74720654812186249  0.75615012594603903  0.76544942066798127
  0.77546585155520931  0.78475092112233713  0.79425595864870124  0.80311945763538362
  0.81146359773190546  0.81968094890181720  0.82923344641257446  0.83972365070524446
  0.84919175799412172  0.85818158410762513  0.86745022537083694  0.87803642374592794
  0.89019875018637262  0.90272957521870167  0.91477695076671184  0.92430537044180749
  0.93349128291153660  0.94298068327038942  0.95357597328496313  0.96459140007198396
  0.97421296585378858  0.98315498630316644  0.99140961653824411  1.00000000000000000
 -0.00222400122912332  0.00879097571836048  0.01918476182704366  0.02790675923270525
  0.03724692206968101  0.04634626587785753  0.05683348582006169  0.06896325159074315
  0.08323615319243421  0.09606056620004479  0.10781452158212242  0.11988390559820070
  0.13288450398890322  0.14560447233398183  0.15891902295380891  0.17218028837084157
  0.18688335613988985  0.20022783240857694  0.21376280459023556  0.22617200950112978
  0.23856572071846288  0.24992528464804317  0.26150498048626597  0.27322798784598418
  0.28558706882119494  0.29900533820611247  0.31325305488022948  0.32684618043567970
  0.33764182740557008  0.34605597548080164  0.35361860512913795  0.36010809020353596
  0.36685979117088879  0.37502881662924620  0.38287863520048371  0.39060996489709882
  0.39877359909085447  0.40912058675267887  0.41632398527819570  0.42510721224142961
  0.43414902505056624  0.44484323407053061  0.45700865323067286  0.46919090094231908
  0.48142017868588810  0.49286609239739021  0.50362407038174517  0.51371019523491845
  0.52393933410936244  0.53306083470688526  0.54241725570131716  0.55189996971127586
  0.56113243693863579  0.57018634974635274  0.57726110479706183  0.58459427658413043
  0.59127579685991793  0.59748795034457103  0.60637690101914721  0.61865572023970838
  0.63246888923205313  0.64602495221045053  0.65992102497125604  0.67443506155521116
  0.68475477418788699  0.69366194768815503  0.70079369361196930  0.70812562036838589
  0.71804764537498789  0.72888792232890232  0.73964577323998926  0.75022903816669972
  0.76155219536761554  0.77396930713732537  0.78588090323737303  0.79652639606626452
  0.80643117674015841  0.81707667318267518  0.82853192945275300  0.83966149302581961
  0.84943319765632996  0.85960827825569663  0.87052991921352962  0.88230033067262059
  0.89384314049137559  0.90562000275246934  0.91491192182671177  0.92380283308271960
  0.93226406843784881  0.94113683345250498  0.95188912335749931  0.96203312657817852
  0.97108614591044728  0.97989732341745561  0.98872538399235599  1.00000000000000000
 -0.00233069416683845  0.01203444590015236  0.02297266193032544  0.03207232979107822
  0.04087807109108390  0.04930953992033737  0.05982686927435381  0.07047974046992879
  0.08246349293636777  0.09498246719685030  0.10684642410257186  0.11830228523454450
  0.13002454203409944  0.14076236551036073  0.15054003478821823  0.15856417991055269
  0.16703811756835910  0.17569232361288589  0.18493480883877481  0.19427607574023972
  0.20296169012890228  0.21146174393245737  0.22040679466250787  0.23000399767875226
  0.24032880469890672  0.25038001977085739  0.26010295129552763  0.27086418911130494
  0.28260437238462072  0.29429891994838425  0.30488185753190705  0.31501354231246881
  0.32595437837734870  0.33757156339377031  0.34696541238391948  0.35376842864617852
  0.36062125251913274  0.36770649683992651  0.37560285982065639  0.38636161384782219
  0.39784584787077337  0.40885586287665010  0.42007014255203518  0.43251125774046617
  0.44476118094409900  0.45515149979267594  0.46564618628623422  0.47690210220540258
  0.48809225726400801  0.49884396729088737  0.50950656517733106  0.52013644119069868
  0.53102490430988070  0.54243429785441821  0.55435049379117873  0.56593638662950829
  0.57790997315974901  0.58866791008070940  0.59869254027334273  0.60891904389458429
  0.61902342120000087  0.62844311441780298  0.63625031008089949  0.64394861733194886
  0.65331512285563287  0.66488046443841742  0.67601959908830300  0.68681396375312320
  0.69752428259853616  0.70853974557167110  0.72012971393411029  0.73271778624656037
  0.74338546161313146  0.75330035405954421  0.76328030223287302  0.77297733485109243
  0.78487753963222739  0.79600760643092283  0.80800751836915230  0.81916032257716254
  0.83111585432898927  0.84394936006591592  0.85706698542594861  0.86739562479233212
  0.87605244998771137  0.88387336667691463  0.89206395076443901  0.90176266224058321
  0.91340088397202945  0.92746250250331674  0.93946906250879980  0.95042176912522558
  0.96194953602828626  0.97510201475199387  0.98747973590423421  1.00000000000000000
 -0.00003234394739209  0.00028372533235623  0.00051636976344501  0.00066343200011330
  0.00079988243228877  0.00092257483635670  0.00104853090566390  0.00117862720183079
  0.00131506190714444  0.00145780731401697  0.00160192754589171  0.00174680245864494
  0.00189896469493496  0.00205619577639526  0.00221858116436096  0.00238598963885051
  0.00253285690258296  0.00267570604114469  0.00281692539112657  0.00295903450213952
  0.00310621790420320  0.00326102727505854  0.00342005864098429  0.00356958621272083
  0.00371306482238397  0.00385249227128732  0.00399078544743970  0.00411767034635024
  0.00424578821783210  0.00439275733355978  0.00453964205871683  0.00469755043775628
  0.00489861730469622  0.00515667611494801  0.00542154586418629  0.00570733552944129
  0.00599522775932072  0.00631796052199142  0.00667561563470973  0.00698357852467846
  0.00726074597992298  0.00754804914439209  0.00783172197055435  0.00812999597694934
  0.00846300286225739  0.00875243206656395  0.00905215004003623  0.00934950353753740
  0.00964655870954059  0.00990678521892350  0.01021412388954527  0.01059040787320174
  0.01094888455169148  0.01127201264465191  0.01163862334325602  0.01199842818051726
  0.01237587689214358  0.01286640048254188  0.01376018577567208  0.01446621265299218
  0.01529622477801691  0.01578112319022445  0.01631959503006697  0.01681367859875210
  0.01717019869593005  0.01738792609165205  0.01761415336696545  0.01784770592467748
  0.01845595700605453  0.01955794151954564  0.02051959209877771  0.02131075031388614
  0.02239202332850520  0.02456068175079668  0.02547316613145725  0.02582186897299885
  0.02600918197732396  0.02620034437064205  0.02639174759089882  0.02655743423946413
  0.02672086924904719  0.02688415581248241  0.02702382124178483  0.02712000109240614
  0.02721618094302745  0.02731236079364876  0.02748798532780167  0.02784396045210975
  0.02883870948894570  0.03343057939039721  0.03580497815463165  0.04550344631451477
  0.04741904621473495  0.06575607573715042  0.30910832620772893  1.00000000000000000
 -0.00396811997673654  0.01471350338437408  0.03090609581825996  0.04617796356932197
  0.06060064135199825  0.07389344707177257  0.08625690022580781  0.09949024518010088
  0.11283670786621779  0.12289847373092244  0.13090323332088274  0.13909636638138972
  0.14679719848085993  0.15798624365961389  0.17069800356565859  0.18336965607672587
  0.19519764486557617  0.20702101181268315  0.21835357925144033  0.22909322168397228
  0.24002026662519879  0.25110752266201958  0.26331547775389025  0.27641068903511234
  0.29028316461327303  0.30459554639806730  0.31667824398800343  0.32778920424713948
  0.33509828441633399  0.34221521715314962  0.34910336468423930  0.35745588321299443
  0.36687524779937414  0.37569580682087567  0.38461277733392873  0.39381630808651497
  0.40335359018407252  0.41242674418665071  0.42052814244488229  0.42796936879588887
  0.43511664792449223  0.44266612251020526  0.44999456736695431  0.45680002359283400
  0.46312388097053614  0.46926688409484707  0.47431243777264548  0.47970023506597820
  0.48579654985525039  0.49273013601096277  0.50085076532086470  0.51042396276220081
  0.52025001710675567  0.52863474009685374  0.53680273999830097  0.54538615931548096
  0.55408059717955194  0.56141880052685933  0.56881087332992009  0.57623231065327418
  0.58563427100938215  0.59595485961370342  0.60691494188388684  0.61652944692145506
  0.62589825646004293  0.63460094127740463  0.64336613397703346  0.65241344172099103
  0.66134768501222541  0.66997060302315570  0.67838042514525521  0.68807875367590321
  0.69804581511111241  0.70797187575187581  0.71778913285137680  0.72809839560785450
  0.74023089147118903  0.75290881739503768  0.76722699799093708  0.78220538900914882
  0.79793870958285451  0.81256576245511170  0.82602772110716605  0.83864676613924238
  0.85059478970144875  0.86532302364166380  0.88103739789574431  0.89792379158158064
  0.91212289214499875  0.92459090486169393  0.93720877646236167  0.95105010619363139
  0.96552738500833546  0.97776942845858938  0.98937272085121841  1.00000000000000000
 -0.00006417506474523  0.00015062984373398  0.00035931421829244  0.00053555615470858
  0.00068097718183070  0.00078517307033983  0.00089507000824914  0.00100389433428184
  0.00110986933399581  0.00121757732419199  0.00132558034281878  0.00143373330418321
  0.00154395990749929  0.00165595454554341  0.00177366977375491  0.00189454938559821
  0.00201966104151298  0.00215292419194993  0.00226813531485651  0.00236794649978613
  0.00245399935733102  0.00254024641003919  0.00262656395222593  0.00272181304085253
  0.00282059864300238  0.00292465685593187  0.00302181098658873  0.00311621943643781
  0.00320826698818661  0.00330926414826516  0.00341479098091662  0.00351990892650631
  0.00361097915787534  0.00370534042744441  0.00380305710300802  0.00388475073741634
  0.00396479148094228  0.00407933237080981  0.00419442045617582  0.00430503744327283
  0.00442316638270954  0.00454941132853438  0.00471330332802693  0.00488348595599602
  0.00504585508145423  0.00524618862925092  0.00548714677224192  0.00573112183628375
  0.00602367840177452  0.00628402828932486  0.00648452873014761  0.00667113194075709
  0.00686006278327406  0.00703491275016730  0.00723954305488261  0.00747218352922656
  0.00791542861613006  0.00814465042251140  0.00835479715878223  0.00858753548196184
  0.00885424584200920  0.00911311064533349  0.00936090304673502  0.00961784871987729
  0.01092031076481640  0.01225778944803943  0.01299639926574316  0.01337195596934880
  0.01364712481082114  0.01389518186849071  0.01407643939933154  0.01425769693017238
  0.01443895446101321  0.01509642174987039  0.01587775170334876  0.01665908165682713
  0.01744041161030549  0.01775398091565077  0.01801974716613419  0.01828551341661760
  0.01855017344053140  0.01877902486252857  0.01900787628452574  0.01963270540366243
  0.02009905960619875  0.02076487306386225  0.02097415130784036  0.02155462018272363
  0.02248493365675576  0.02376136153802190  0.02447501091404542  0.02502875493796248
  0.02638361204250250  0.02796195289913639  0.20815679878609869  1.00000000000000000
 -0.00266927051515244  0.01115884854745702  0.02284318124694925  0.03372939646797567
  0.04493655298606679  0.05600153488764917  0.06723280510460991  0.07894613293914805
  0.09259687555432056  0.10427749795425220  0.11507300264604618  0.12530708802021673
  0.13633492743849260  0.14815815562991830  0.16100705702762017  0.17170048717905828
  0.18088086351676155  0.18927637595128555  0.19719816115657104  0.20627686461155303
  0.21540310400569604  0.22486758263330220  0.23574446110837932  0.24724694621228838
  0.25815266019081373  0.26796207469210509  0.27854174220771993  0.28896482987894750
  0.29898320088163599  0.30845706511296084  0.31841897822407228  0.32940715352976757
  0.34049373060288224  0.35129609110137944  0.36113302066479591  0.37047630391022612
  0.38023943908749269  0.39128178648168138  0.40452761624456735  0.41824386991389589
  0.42803736164806022  0.43630650002504312  0.44504119712773715  0.45534013204582896
  0.46763158946547473  0.47897891322733932  0.49533103593246258  0.51328290059933790
  0.53145169095924982  0.54677946250934317  0.55752930563057701  0.56658006603473099
  0.57587322547936159  0.58395265854423206  0.59281203386826065  0.60289413010933979
  0.61238297875494574  0.62269644295524984  0.63435858747947782  0.64371360025708801
  0.65402145037685144  0.66511595118488698  0.67684903195068902  0.68865175318047767
  0.70018023420858755  0.71229780078497718  0.72531026505257401  0.73808484267565333
  0.75020169352896959  0.76169652822903477  0.77336258480201947  0.78418794909732148
  0.79424404954503336  0.80368018323063528  0.81283761248764541  0.82344145721284279
  0.83297962328838826  0.84221344387544084  0.85144319452625550  0.86038986738564693
  0.87202270129050274  0.88541287861295459  0.89856793726746720  0.90987214345489709
  0.91897447218418038  0.92693688811155128  0.93488380416738237  0.94233601128242728
  0.95103932828633475  0.95878721179264581  0.96548544708822737  0.97202749965494861
  0.97771440064511261  0.98418981477508971  0.99230673001050729  1.00000000000000000
  0.52819194680155124  0.57269529865017865  0.59595815851142842  0.60925959907184435
  0.62533661528511875  0.63673796520153070  0.64682181785274684  0.65847806306400902
  0.66982345205666272  0.67773890308335638  0.68477467988034846  0.69231699317893969
  0.69955811185106842  0.70650621239554590  0.71368733710587506  0.72190034273959458
  0.73052928615055157  0.73912010447256593  0.74620664656332347  0.75283058905455869
  0.75930773565872245  0.76601609425777473  0.77289298328144829  0.77939016836828223
  0.78573955433449205  0.79204887114752476  0.79852941599495508  0.80487610763655559
  0.81081158295014799  0.81637538480923100  0.82177256153871292  0.82725082939817629
  0.83273419472371735  0.83778040485392380  0.84237834210132734  0.84669669092146971
  0.85095100041324367  0.85526978408267229  0.85974372158105861  0.86421363561304942
  0.86856460308355232  0.87292119561191295  0.87719242365700378  0.88136979246724134
  0.88543941155910111  0.88930346862427534  0.89295950349426467  0.89638037685853100
  0.89970938449007298  0.90294782670688034  0.90611881122583737  0.90896017557133757
  0.91145113131781952  0.91401820512222154  0.91666690827791031  0.91943305589348212
  0.92210447440615539  0.92443615432655513  0.92673550212650191  0.92893317305223733
  0.93113011684234359  0.93345056058548692  0.93580766979427232  0.93813019975400380
  0.94045876386187643  0.94295579726782386  0.94522779575099070  0.94759109086664517
  0.94998597489644665  0.95266363037638502  0.95517279441028835  0.95750500524183824
  0.95955322311381686  0.96159251296070070  0.96351214533116647  0.96542692995538348
  0.96744445296385895  0.96939819130907867  0.97137828930184134  0.97309955137611892
  0.97460822829548577  0.97607044680821864  0.97759235927248267  0.97927443026439931
  0.98101810421815860  0.98272282780353859  0.98427491791425081  0.98581436929781774
  0.98736341864161137  0.98891738658440287  0.99055252562855012  0.99247645714541177
  0.99449892229936665  0.99634268922957747  0.99821268580666689  1.00000000000000000
 -0.01789752685282649  0.20882276651775020  0.22233595454072166  0.23485960002130646
  0.24608508100116933  0.25999569092579489  0.27387281201954933  0.28734434278934362
  0.29751544066257707  0.30563892451344921  0.31281674487865957  0.31894911856955815
  0.32594895287871511  0.33284606849398674  0.33959735479618769  0.34649587189540543
  0.35301787979858873  0.36004978387332132  0.36760340864753371  0.37439263674697293
  0.38117763552651407  0.38770224671430542  0.39421591787801696  0.40026320319695552
  0.40615571709953441  0.41217166521056858  0.41816182964484355  0.42350712979697497
  0.42916926148392814  0.43529577086655458  0.44100574291386330  0.44620332830811105
  0.45139657944692696  0.45516298619541939  0.45909118654920800  0.46276037462904418
  0.46629856628557603  0.47024860137903701  0.47592417691158245  0.48247446758754142
  0.48877742195003970  0.49468183552298001  0.50035400323000045  0.50669570865023905
  0.51274763190394124  0.51817052292630472  0.52330504299856417  0.52812653112405950
  0.53357300946573250  0.53927123418812795  0.54507943224137012  0.55080177473049707
  0.55658537560632815  0.56241683044252733  0.56803841015897705  0.57378101572472962
  0.57973534491178902  0.58491029068195433  0.59062509629092619  0.59679517639499502
  0.60265999580054708  0.60978634934255105  0.61699301464813217  0.62390277384910431
  0.63064160688025162  0.63735555056744486  0.64467791315715961  0.65175383539034937
  0.65839371266231217  0.66528207540112283  0.67244725412300133  0.67944972584191798
  0.68588108805413917  0.69229921598712640  0.69929197985709979  0.70623268452031496
  0.71360909264527561  0.71954099327436649  0.72512279998307971  0.73075584488908130
  0.73627544557865687  0.74166349970296230  0.74811003971476819  0.75511011633409786
  0.76227171389966308  0.77139356537118897  0.78142155387398327  0.79179570366517282
  0.80157998550798359  0.81236362194678358  0.82598924966876286  0.83970315893082748
  0.85327956695907137  0.86831893687175454  0.88176671131002660  1.00000000000000000
   2.7910552248142915E-005  -1.0000000000000000     
 F F F F F F F F F F F F F F F F F F F F F F F F F F F F F F F F F F F F F F F F F F F F F F F F F F F F F F F F F F F F F F F F F F F F F F F F F F F F F F F F F F F F F F F F F F F F F F F F F F F F F F F F F F F F F F F F F F F F F F F F F F F F F F F F F F F F F F F F F F F F F F F F F F F F F F F F F F F F F F F F F F F F F F F F F F F F F F F F F F F F F F F F F F F F F F F F F F F F F F F F F F F F F F F F F F F F F F F F F F F F F F F F F F F F F F F F F F F F F F F F F F F F F F F F F F F F F F F F
  <DiscreteSampler_grid>
  grouped_processes
  1 # 1 for a reference and 2 for a running grid.
  10 # Attribute 'min_bin_probing_points' of the grid.
  1 # Attribute 'grid_mode' of the grid. 1=='default',2=='initialization'
  0.0000000000000000 # Attribute 'small_contrib_threshold' of the grid.
  0.5000000000000000 # Attribute 'damping_power' of the grid.
 # binID   n_entries weight   weight_sqr   abs_weight
    55   10   4.156140367559649E+000   7.962811388152265E+001   4.156140367559649E+000
    56   10   4.156140367559654E+000   7.962811388152286E+001   4.156140367559654E+000
    58   10   1.644746615822775E+001   1.800482958996097E+003   1.644746615822775E+001
    59   10   1.644746615822775E+001   1.800482958996097E+003   1.644746615822775E+001
    61   10   1.489958711094464E+001   7.366972002778715E+002   1.489958711094464E+001
    62   10   1.489958711094466E+001   7.366972002778729E+002   1.489958711094466E+001
    67   10   1.478112325461835E+001   7.217387796574441E+002   1.478112325461835E+001
    68   10   1.478112325461836E+001   7.217387796574451E+002   1.478112325461836E+001
    82   10   1.535814937449695E+001   8.768993700406272E+002   1.535814937449695E+001
    83   10   1.535814937449696E+001   8.768993700406279E+002   1.535814937449696E+001
    91   10   1.459754175294309E+001   7.152498353012651E+002   1.459754175294309E+001
    94   10   1.485099421007122E+001   7.483347364510240E+002   1.485099421007122E+001
    95   10   1.485099421007123E+001   7.483347364510253E+002   1.485099421007123E+001
    106   10   4.156140367559649E+000   7.962811388152265E+001   4.156140367559649E+000
    107   10   4.156140367559653E+000   7.962811388152281E+001   4.156140367559653E+000
    121   10   1.606572856438149E+001   1.724785502240742E+003   1.606572856438149E+001
  </DiscreteSampler_grid>
