  0.00295488065907907  0.01384385149818540  0.02385484449012384  0.03293769455656466
  0.04171535947521705  0.05139221592839346  0.06298579637882287  0.07518435054852557
  0.08705842763515859  0.09852604133125650  0.10975355582596567  0.12043347138578028
  0.13068227231694185  0.14057127030431238  0.15048362536219118  0.16133432200625339
  0.17289339125117953  0.18563606429845408  0.19701778882189486  0.20898779716034541
  0.22001995802115504  0.22999807823245597  0.23800149005526383  0.24540690038201660
  0.25287766142510854  0.26073967859828151  0.26988766204220954  0.28108328240970981
  0.29241495107543630  0.30443468660829265  0.31616838461117835  0.32724103402438387
  0.33765747361883269  0.34746439317065736  0.35718506888737378  0.36700282490123282
  0.37646074896738085  0.38849292191126372  0.39942567488496550  0.41106877077333398
  0.42195234746647114  0.43186755787815234  0.44160284828928847  0.45112704165970646
  0.46138758103441013  0.47203532811240229  0.48171207182419828  0.49025702242531899
  0.49855907423115170  0.50881774593120976  0.52067287048095878  0.53109926122777107
  0.53956619772662995  0.54865122264322574  0.55813633392991202  0.56936861908624137
  0.58008752452368040  0.59141384679120412  0.60315385545243516  0.61453105023499899
  0.62574345919178287  0.63694723824528676  0.64834486400329872  0.65940611332900778
  0.66996181649069264  0.68114790758661414  0.69336907669514170  0.70664235090680150
  0.71919062513379972  0.73174570305323527  0.74370179503156653  0.75524386487654172
  0.76607591221391891  0.77690392741137126  0.78711586054064175  0.79785471866757707
  0.80937285585542562  0.82086884260315629  0.83091781596203595  0.83950414793565598
  0.84847910618935540  0.85790669762914917  0.86809970069053422  0.87832745199036455
  0.89028711081044376  0.90073764476349205  0.91028304851383945  0.91959868642434173
  0.92957919488356677  0.94072159618768358  0.95223259869876231  0.96332044536684469
  0.97281877045185627  0.98187813726816608  0.99243855414668969  1.00000000000000000
  0.00000292874817797  0.00000312032019946  0.00000327217277099  0.00000337119622202
  0.00000345003264340  0.00000352644444155  0.00000359761039294  0.00000366838851998
  0.00000374704174150  0.00000383204174171  0.00000392134924825  0.00000400676709158
  0.00000410721663853  0.00000422309203066  0.00000433615674405  0.00000444065866915
  0.00000454068396919  0.00000464016294102  0.00000475297837523  0.00000487124771229
  0.00000499468757372  0.00000513664936052  0.00000530602034340  0.00000546173213553
  0.00000561037144349  0.00000577813532034  0.00000596112765981  0.00000616673819140
  0.00000644549113469  0.00000673310515297  0.00000700729017703  0.00000728819357761
  0.00000758655074288  0.00000790905982120  0.00000826637965766  0.00000861546199061
  0.00000896634994943  0.00000934834275613  0.00000975578868158  0.00001017689338935
  0.00001062350776313  0.00001108365307203  0.00001157088212130  0.00001210776523695
  0.00001273204013979  0.00001343441468072  0.00001418416895015  0.00001498994562742
  0.00001589216415311  0.00001687601372082  0.00001804093202926  0.00001936776050971
  0.00002070653914685  0.00002205989214641  0.00002347313957539  0.00002498866883757
  0.00002667413677641  0.00002856506700436  0.00003055014907334  0.00003286582207944
  0.00003522417060861  0.00003794328103782  0.00004086369081636  0.00004412646280293
  0.00004767690304485  0.00005144735700527  0.00005541927562985  0.00006019474085717
  0.00006546129493214  0.00007165788271419  0.00007894508923105  0.00008792453311142
  0.00009862882540774  0.00011086162739177  0.00012361603791240  0.00013799972165907
  0.00015589038770128  0.00017989708604987  0.00020759394407424  0.00023651811149765
  0.00026533116453634  0.00030191831270407  0.00033867719970091  0.00038979277984630
  0.00046005684444476  0.00052521250422929  0.00059672562751359  0.00069577756445824
  0.00087322060682654  0.00114844583112876  0.00150107139936783  0.00221795665334393
  0.00319690207082769  0.00530367307493417  0.07099389827207891  1.00000000000000000
  0.00000305758551386  0.00000740160563003  0.00000770657095317  0.00000798665068251
  0.00000825297073394  0.00000851382831657  0.00000891340009120  0.00000930498739032
  0.00000958047359374  0.00000982377322917  0.00001004593222676  0.00001028199286752
  0.00001051280582476  0.00001074021875925  0.00001096739810696  0.00001120567621871
  0.00001146865773018  0.00001175836160049  0.00001209076771521  0.00001244304320731
  0.00001285159093618  0.00001331672098829  0.00001371416743794  0.00001418930372720
  0.00001467647207156  0.00001510470661234  0.00001550175493138  0.00001595128174464
  0.00001647673305491  0.00001704447872221  0.00001765960664845  0.00001837740063652
  0.00001907141890720  0.00001977277514373  0.00002049438279513  0.00002120885432835
  0.00002199655982497  0.00002282912177931  0.00002391624681818  0.00002542202661718
  0.00002714152962789  0.00002901218101705  0.00003109631008444  0.00003337731800636
  0.00003575542022847  0.00003839591213229  0.00004124464874265  0.00004423825336977
  0.00004749959169931  0.00005106204437958  0.00005492658754756  0.00005908431370504
  0.00006394371397311  0.00006950795951932  0.00007564166190063  0.00008200905150731
  0.00008867280485526  0.00009531463999691  0.00010260024382676  0.00011101430825879
  0.00012195275949270  0.00013474559715136  0.00014949519480861  0.00016618181833998
  0.00018531557121779  0.00020627742817590  0.00022838602655687  0.00025356806376835
  0.00028049356552282  0.00030885086144510  0.00033830745828956  0.00037060055523665
  0.00040960611673261  0.00045531798633690  0.00050577007251776  0.00056622105472704
  0.00063536034272988  0.00071179301825413  0.00079243546176040  0.00088498943774419
  0.00099335080563546  0.00110591688170016  0.00122369139144922  0.00135495894880689
  0.00152928756553354  0.00178821911903411  0.00205326299826482  0.00228549498840482
  0.00257825434781774  0.00288724525033812  0.00331870951926692  0.00430510532466240
  0.00550041999262376  0.00691937132538289  0.05833935004118624  1.00000000000000000
  0.00000075192918205  0.00000312185435945  0.00000355942721196  0.00000409730428863
  0.00000453364000202  0.00000476110727684  0.00000508487498526  0.00000541220322405
  0.00000581876963535  0.00000620828151230  0.00000661229886089  0.00000697729297111
  0.00000739849088684  0.00000771241960849  0.00000813412552201  0.00000863487793366
  0.00000922497712284  0.00000996158903389  0.00001068320820942  0.00001132497601101
  0.00001195316742358  0.00001259098554930  0.00001325695632812  0.00001398419741530
  0.00001479793750405  0.00001562230050121  0.00001648562244121  0.00001741717144817
  0.00001848219405135  0.00001950171074772  0.00002052437960902  0.00002167008579653
  0.00002285273025170  0.00002415533992044  0.00002557026291017  0.00002694974769388
  0.00002837357337057  0.00002990068202542  0.00003153209098971  0.00003327511568447
  0.00003520263659578  0.00003743455912425  0.00004001567687193  0.00004281052217274
  0.00004574830756798  0.00004860859925984  0.00005163501958132  0.00005472812254850
  0.00005788029425812  0.00006155162808782  0.00006542223489356  0.00006970454859536
  0.00007416800403991  0.00007863317641521  0.00008377783997476  0.00008956717136543
  0.00009562613354395  0.00010338619301590  0.00011121503300360  0.00011957865821196
  0.00012824383088288  0.00013734991139686  0.00014759818698260  0.00015912084174777
  0.00017171574721420  0.00018519262052456  0.00020072753133579  0.00021859356766799
  0.00023811707052523  0.00025682003704310  0.00027899163761004  0.00030410562366284
  0.00033348765732130  0.00037738040916647  0.00042275121550474  0.00046888544174232
  0.00050964280648321  0.00055244199411899  0.00060004236951540  0.00066258182065524
  0.00074449160451906  0.00085443373948915  0.00100160917318691  0.00118044638255486
  0.00135023790516660  0.00153440425265591  0.00177959558779605  0.00205034441401651
  0.00235869731782606  0.00270811110546718  0.00329057280330757  0.00412825643391383
  0.00555759141002933  0.00852787036902898  0.24838899950527890  1.00000000000000000
 -0.00163776260729944  0.00714772935181417  0.01370083154726776  0.01937388321571222
  0.02565922013302342  0.03272218496188291  0.04042303671411330  0.04972795481761627
  0.05870139048725301  0.06598525040003941  0.07357132273554345  0.08076015742426361
  0.08857751509566902  0.09669144850477188  0.10489226965534160  0.11356180623493438
  0.12271740176466957  0.13280485473155251  0.14150467573147227  0.15026974266160981
  0.15925313837728519  0.16907305825408381  0.17945418072325570  0.18765816208561623
  0.19498103846341419  0.20172467393195961  0.20879295111327578  0.21642692028253180
  0.22454895360405114  0.23294876147717769  0.24124829300976361  0.24933435307018134
  0.25751249095152229  0.26597139174925361  0.27449969880466624  0.28338348051058293
  0.29303691105288121  0.30345217523537621  0.31419493593722969  0.32455106142954043
  0.33466637401539695  0.34529056827125720  0.35522014161174809  0.36457480540224607
  0.37399900006122400  0.38417863440460931  0.39616465681615015  0.40716501303004893
  0.41653509303138680  0.42540693444675282  0.43472301714335704  0.44630862447059100
  0.45786452021598184  0.46877374904390418  0.47961804908310529  0.49090554568225975
  0.50311133870542901  0.51599584285449962  0.52895847301417620  0.54207738138605566
  0.55531293436966433  0.56832439032248183  0.58085678202826574  0.59268831426201141
  0.60404024944489854  0.61488180645614154  0.62566933973744510  0.63706680135443794
  0.64927481989998592  0.66111362513752048  0.67243718061391222  0.68400315452096960
  0.69660204604226938  0.70977114720215839  0.72307694167206427  0.73660438112922122
  0.75054627911031391  0.76427113853086470  0.77739054180960254  0.78930767684096881
  0.80263336852184419  0.81531127864523600  0.82793037129921510  0.84177020369536371
  0.85652935802777352  0.87088434198774278  0.88412693234770967  0.89609167700341807
  0.90733172576727172  0.91911320767482085  0.93218387201535147  0.94759680326393925
  0.96297643616120610  0.97680130852883251  0.98876931804459911  1.00000000000000000
 -0.00167834149083980  0.01103865151437952  0.02142082983839853  0.03232122040939944
  0.04387054840287370  0.05686718549879549  0.06990775284057896  0.08297548473029405
  0.09561419803152055  0.10806998536101398  0.12130573260648810  0.13277523766768490
  0.14415456364077039  0.15375175641524172  0.16344959765940523  0.17378751189842329
  0.18500331219584951  0.19728635328743224  0.21011324515684290  0.22268112903571169
  0.23518637157598718  0.24656420881713201  0.25670652190813126  0.26597702241539939
  0.27498825576940189  0.28324263169916997  0.29244021886088861  0.30141024725211990
  0.31088119777020828  0.31949218971139820  0.32841531308721639  0.33725019791102501
  0.34652871652090111  0.35595335866523370  0.36583471693000108  0.37551164981341439
  0.38764944454313005  0.40056708678320535  0.41151002483233878  0.42103962343552020
  0.43014704568668544  0.44018747562463140  0.45083499588560733  0.46059192221644002
  0.46921525028007238  0.47733121588661759  0.48665665474383990  0.49733877868612075
  0.50785178854396396  0.51769928590049219  0.52775822273457573  0.53914409909192240
  0.55166634362659783  0.56440639862832787  0.57593439797469326  0.58566519983156862
  0.59382994851719051  0.60130438738276404  0.60881748761659937  0.61679887338535822
  0.62715166379438436  0.63757005438419057  0.64683590815865222  0.65501543791291483
  0.66299133480336558  0.67122350754694260  0.67925741688728036  0.68786416642058557
  0.69741962534074087  0.70753198196444433  0.72217666439815564  0.73528177700108399
  0.74568567632686877  0.75652726927608671  0.76794398123613228  0.77848239952571507
  0.78757610462305971  0.79658995607183281  0.80566362023530558  0.81485810579936613
  0.82393419049374339  0.83363555911588794  0.84507339810893045  0.85758350604742373
  0.87050050081968100  0.88311134698899396  0.89601330059271145  0.90914730853693759
  0.92096481774693928  0.93194769974854519  0.94254773894405752  0.95384865108427119
  0.96574342881620701  0.97673406063191126  0.98877028304205494  1.00000000000000000
 -0.00252591105644315  0.01126987577823079  0.02356087110455369  0.03625412727568846
  0.04959698611156654  0.06207318067160689  0.07328131746258072  0.08436994900075780
  0.09567844006048880  0.10651293530580148  0.11752798501205740  0.12827013859042832
  0.13925741398048092  0.14713285043635732  0.15453169899468147  0.16221332734649554
  0.17059913775878019  0.18196680423598371  0.19259787292148420  0.20196408292607407
  0.21135789843937874  0.22145356353173543  0.23207339473204347  0.24304917534337472
  0.25529704671276071  0.26762078458707350  0.27832411947406716  0.28737313320554958
  0.29573777461223427  0.30287806740956791  0.31046838224373330  0.31852066914066579
  0.32857108460597573  0.34126133611264303  0.35309221935087826  0.36341645009328455
  0.37326145932366128  0.38284104444485056  0.39277637564543177  0.40319531053593455
  0.41419584582992158  0.42531451229620143  0.43554215596800055  0.44504979766144581
  0.45378199067986030  0.46237897369663267  0.47113486675012867  0.48047878667382415
  0.49141618585789199  0.50210006807589747  0.51389918641173116  0.52523080866431338
  0.53691878275483151  0.54926349017998921  0.56035630752146837  0.56994129290133178
  0.57877300641785123  0.58685548911235574  0.59570980378025939  0.60483576211470602
  0.61488290867973017  0.62582994832372840  0.63610884228996900  0.64596187691259321
  0.65557937744548289  0.66491969976607601  0.67423507791656445  0.68313198478786452
  0.69192675524418545  0.70050203625516438  0.70993653027682924  0.71970758458909445
  0.73004791746832265  0.74055886864159959  0.75188441010251172  0.76284012651434507
  0.77455357726766128  0.78750093728119908  0.80007336984777633  0.81234930878843326
  0.82368654461997326  0.83559714954087949  0.84770016685831151  0.85966608185289461
  0.87042170844700772  0.88197273070767035  0.89370617088813042  0.90587973026627466
  0.91862819685759201  0.93184183644304242  0.94456139886080059  0.95568514061599508
  0.96568169604848353  0.97638756946012395  0.98769325491205151  1.00000000000000000
 -0.00010780533672732  0.00047834744288560  0.00087730755543040  0.00115422063796303
  0.00138956672902385  0.00161541628322697  0.00183723983543589  0.00206245443165869
  0.00229066803610287  0.00252238252615312  0.00276879658596079  0.00301208947969812
  0.00325087578221743  0.00348422063714999  0.00372297621653850  0.00393930258466953
  0.00413865280509667  0.00432400172435801  0.00450943891637517  0.00470510070975865
  0.00490659923335132  0.00509754460133264  0.00527645905977654  0.00545308631717558
  0.00562926689317578  0.00576551224903988  0.00588952289679225  0.00601216778863407
  0.00613307074772052  0.00625604684023295  0.00641556881823856  0.00657509079624418
  0.00678510539745542  0.00701396757430062  0.00716280086095428  0.00730366612313510
  0.00744951122139924  0.00762514295114468  0.00779217700941290  0.00793619673723898
  0.00807883966201351  0.00822469038898800  0.00838034872410300  0.00854358263209416
  0.00868646950111990  0.00883537797077251  0.00899361085307643  0.00915505972682531
  0.00932898044095123  0.00958212312098794  0.00994666300000304  0.01027998524528476
  0.01062937919985310  0.01099576264579940  0.01143397002749602  0.01182014004408854
  0.01210472232444017  0.01247056809684178  0.01289853558911510  0.01318317479216490
  0.01338019860191718  0.01357249480542647  0.01375784270134144  0.01394432438105019
  0.01415943368213592  0.01437454298322165  0.01467109386037217  0.01501001369266334
  0.01542792457568882  0.01581922067151175  0.01628559941601538  0.01683544271850125
  0.01725566033333130  0.01761335342390255  0.01795291516971705  0.01832340114922216
  0.01872722158506889  0.01908715537453422  0.01938059848784510  0.01975505603786251
  0.02019593582216135  0.02071311657717080  0.02142072747972215  0.02203922579635758
  0.02271074195773720  0.02362033244788518  0.02492981537788683  0.02574848414530471
  0.02823403350279790  0.03486499568215608  0.04416039027251167  0.04506341566671046
  0.04596644106090925  0.05003534520345085  0.17837788880246785  1.00000000000000000
 -0.00193563414364850  0.00586959472721054  0.01431473639259188  0.02411369689142757
  0.03696132233107546  0.04584732633633766  0.05194402013275240  0.05802714668176587
  0.06461870030828086  0.07246708642580561  0.08119679201225578  0.08910650625400159
  0.09743469124168795  0.10590662604050176  0.11663245895846654  0.12724489252042256
  0.13767837976564298  0.14801717996066954  0.15798881400029618  0.16763603666987245
  0.17719152012078346  0.18711592712497863  0.19842594566795232  0.21011169830313245
  0.22183015565870265  0.23385805391741529  0.24566034435375744  0.25711557592847167
  0.26743104672260981  0.27900005035333214  0.29073019936022965  0.30176137006880072
  0.31355943149217169  0.32728710489602880  0.34222551620615171  0.35679276471070936
  0.37130513983381291  0.38602868573944599  0.39961482451865432  0.41049400585351808
  0.41990973058501246  0.42829231702861942  0.43753964667943390  0.44736559988810559
  0.45860901535871357  0.47089868185845513  0.48285616656851277  0.49463991228835158
  0.50728796995141268  0.51982983004144923  0.53277873236425244  0.54540239666786805
  0.55833841567655285  0.56904624228569634  0.57930462842007180  0.58972592418340786
  0.60017717560967443  0.61030221142967356  0.61936696815631476  0.62811887037550773
  0.63714042217191535  0.64718868106719796  0.65865842124895191  0.67032633707747169
  0.68229206443348878  0.69393442130927852  0.70527383640478614  0.71726775800539999
  0.72877819344647277  0.73938482170236075  0.75005855771213692  0.76113431030113732
  0.77304118559426316  0.78430791050793258  0.79486104386267575  0.80421384642818683
  0.81174689570792469  0.81992873793190180  0.82860207425787735  0.83876051459155476
  0.84833133212597656  0.85725676044574628  0.86664685401980157  0.87817594554243439
  0.89047660685837149  0.90079636022332232  0.91052271121720152  0.91964163437943869
  0.92764135067852382  0.93631901526169559  0.94633609554916187  0.95722759745352648
  0.96816347640390210  0.97880519630264440  0.98939070679475993  1.00000000000000000
 -0.00012474764386366  0.00017604579862960  0.00043749128545506  0.00065602815128868
  0.00080483184418367  0.00094797682948617  0.00108997237039378  0.00121952538395180
  0.00134769125477054  0.00147454255749513  0.00159847943664429  0.00172580894187246
  0.00185414242076074  0.00194014110480918  0.00202613978885762  0.00211437119942567
  0.00220305348054884  0.00229192556172490  0.00238089178392147  0.00248971180790526
  0.00261773048480206  0.00276013438277680  0.00290040518328745  0.00303687190637306
  0.00314305009205040  0.00323075747450941  0.00330226428896198  0.00337389336856112
  0.00344568664909444  0.00351812242051707  0.00360168747152147  0.00369623124795464
  0.00379332980988058  0.00387811653495806  0.00396590723052589  0.00406218580726247
  0.00416541923432919  0.00426943168890456  0.00437235726425764  0.00448134060825766
  0.00461562034717872  0.00470974503851922  0.00478909438463754  0.00486835635885034
  0.00494039285629505  0.00501242935373976  0.00508786317300286  0.00516498102635726
  0.00526049227517578  0.00537768525481769  0.00551508460640999  0.00565012268782017
  0.00578907200317686  0.00593352252063281  0.00606735268067085  0.00618372015801507
  0.00632736552797080  0.00648368726983461  0.00665728765614061  0.00685869514447419
  0.00706917264330880  0.00722918342415544  0.00737917603524060  0.00751640308846663
  0.00764174967042758  0.00775259630769581  0.00786442039814951  0.00798881442968338
  0.00811320846121724  0.00826660015121984  0.00853821089798813  0.00899948611111922
  0.00932770448919635  0.00947668464276505  0.00958212981947061  0.00968349857007596
  0.00978438343102737  0.00987981561813729  0.00997462611619750  0.01013364003368951
  0.01027899998411139  0.01041845634545200  0.01055653280907514  0.01069865940606510
  0.01097560353468411  0.01132056582437163  0.01168135619188705  0.01206806141332621
  0.01269560833903787  0.01323017035748293  0.01743122073348474  0.02250401728604584
  0.02328090759479378  0.02621240673720910  0.15995261206611858  1.00000000000000000
 -0.00288248780374107  0.01395805176374737  0.02810354937157652  0.04148964828208640
  0.05484748808648050  0.06734053661102204  0.08004440974557976  0.09199716419697933
  0.10437747245138972  0.11683915955471683  0.12965986723412354  0.14272353803289770
  0.15698010914294436  0.17138464414766608  0.18508793180209229  0.19822461114401921
  0.21031674371895462  0.22188880637720640  0.23307888855600653  0.24434141037611953
  0.25592719666909042  0.26784925074350568  0.27965986161457701  0.29113191263675142
  0.30199508815373788  0.31151113497800154  0.32000353458190972  0.32802411102735096
  0.33608909309131046  0.34483838419157742  0.35436379943387375  0.36630874765428567
  0.37678012218595214  0.38581849949237013  0.39412740659910012  0.40221583004658201
  0.41072216727759936  0.42000103407491401  0.42926124168756497  0.43757592579700810
  0.44524895594223068  0.45254432754740942  0.45946677716158668  0.46588203454867710
  0.47280165835161664  0.47958837685066658  0.48668383957075623  0.49438356322736765
  0.50197395368033437  0.50904909755004812  0.51684079602288047  0.52439192163169202
  0.53168669748167197  0.53983223829807270  0.54858996476026434  0.55751081350141551
  0.56645464353356989  0.57534426885103507  0.58414984745082343  0.59283863427667649
  0.60253745282815752  0.61150461840407722  0.62027493811347767  0.62914859379077881
  0.63827155956809789  0.64753777243082289  0.65794856633155741  0.66919035270924987
  0.67967394696140715  0.68969466877985786  0.69781958758798768  0.70732474449444127
  0.71728361088149473  0.72647534569829841  0.73491920761815233  0.74306297866580762
  0.75237788188775934  0.76356404085753626  0.77621463727559226  0.78967018929513333
  0.80361549483529904  0.81765172033105249  0.83136017378546201  0.84518575195440759
  0.85710839450714060  0.86722303272062728  0.87756719616817058  0.88965355911915345
  0.90279952157928256  0.91537797353872619  0.92778852296742831  0.93931322575306575
  0.95152619612959188  0.96667716406179072  0.98335155874825042  1.00000000000000000
  0.47879095337515615  0.53560342090147295  0.55117658473770037  0.56614296087110227
  0.57960672789755208  0.58973704776040115  0.59999695556805821  0.60933520877442549
  0.62108976802375004  0.63270862973734709  0.64433396936610232  0.65540405864042106
  0.66537959308252992  0.67563064428496911  0.68624572768631742  0.69616538600676015
  0.70492280977819555  0.71300125914567736  0.72107484920593212  0.72923047217279036
  0.73749959018406186  0.74711115536225581  0.75542496771510648  0.76333425474455863
  0.77060437459949349  0.77738695468342212  0.78385655326229053  0.79052657196106957
  0.79718783692675188  0.80346697743326423  0.80913624561374076  0.81455283661660327
  0.82003938340963223  0.82542286077689375  0.83063020101244334  0.83555911987569009
  0.84012886588271984  0.84437509525866217  0.84866574303514430  0.85310458788159893
  0.85737231951564119  0.86158439562709599  0.86589593940637299  0.87020503794629156
  0.87423799787602474  0.87806552622017231  0.88161876911665138  0.88509357177514769
  0.88861071412547254  0.89234558063058123  0.89621253955973879  0.89973134288611833
  0.90290618820359925  0.90594048153686058  0.90898578525257501  0.91216528872048697
  0.91533423900204480  0.91861726295207280  0.92139440967541841  0.92396172930811460
  0.92640047523832592  0.92874862221084098  0.93125227735069482  0.93350011555689238
  0.93550890716332946  0.93737056412648911  0.93916477157223888  0.94094713965894472
  0.94276427979045374  0.94471686151068990  0.94702099680617191  0.94910913146709852
  0.95116541504649355  0.95322526539258479  0.95544373942260663  0.95784498148131358
  0.96012987216161993  0.96234594412161167  0.96449540328471461  0.96659329611283129
  0.96865062280340619  0.97074567052930760  0.97277549889073001  0.97484503495207175
  0.97701865204582139  0.97932589032607720  0.98169396368174511  0.98380885330951673
  0.98580598931478436  0.98768620431302134  0.98952223729982025  0.99134927739088696
  0.99312422462812688  0.99522617915473899  0.99753843114598317  1.00000000000000000
  0.00137744585643510  0.11944213295004701  0.13321209879304388  0.14387708934664617
  0.15300049433807228  0.16199759882581691  0.16947234926596652  0.17378505347163453
  0.17823121813341278  0.18299699124379307  0.18782961940487464  0.19131208190346310
  0.19433700426340780  0.19787565794324000  0.20136003716323331  0.20536509612227163
  0.21097191202977500  0.21534823256321894  0.21963724538855375  0.22356525975505429
  0.22672397237944206  0.23099785253333002  0.23406719047678298  0.23725009883480952
  0.24071805805871982  0.24390085502567171  0.24734538372875192  0.25142704428410512
  0.25573648222011919  0.25992562551868365  0.26398898896771716  0.26828587658892800
  0.27319676617798272  0.27824576311337268  0.28300526234587042  0.28734750284882593
  0.29177136994376968  0.29586368499211030  0.30040108090244289  0.30517361480093014
  0.30982949432433404  0.31440829437964041  0.31925547863930492  0.32377495522573779
  0.32869790366186097  0.33371444153045993  0.33889947201903398  0.34412143548747054
  0.34921170327895118  0.35437843155401999  0.35990950874294220  0.36530221958540732
  0.37014377907059376  0.37463487094648407  0.37897405612353596  0.38344145841452876
  0.38862614445514559  0.39394949025454085  0.39955981675808949  0.40545041020414957
  0.41170743986384928  0.41802897382321486  0.42419572440513398  0.43029135932777923
  0.43660778615278423  0.44263543117359277  0.44895091833541823  0.45552214014084691
  0.46199158043345318  0.46866010672799885  0.47523618834215209  0.48176782896246223
  0.48953914299076384  0.49712802453107885  0.50496893333194626  0.51257248471687888
  0.52029553573559684  0.52873975046669275  0.53796731812013099  0.54725247506911046
  0.55635205131546095  0.56536026644912962  0.57401552017633251  0.58313563983261407
  0.59228764967844072  0.60200657501336829  0.61298415921878735  0.62558958278264287
  0.63984698881057878  0.65571512858797087  0.67328388178810794  0.69310553594230595
  0.71720211570422165  0.74653830327555293  0.78549297476772983  1.00000000000000000
   1.9377849950593194E-005  -1.0000000000000000     
 F F F F F F F F F F F F F F F F F F F F F F F F F F F F F F F F F F F F F F F F F F F F F F F F F F F F F F F F F F F F F F F F F F F F F F F F F F F F F F F F F F F F F F F F F F F F F F F F F F F F F F F F F F F F F F F F F F F F F F F F F F F F F F F F F F F F F F F F F F F F F F F F F F F F F F F F F F F F F F F F F F F F F F F F F F F F F F F F F F F F F F F F F F F F F F F F F F F F F F F F F F F F F F F F F F F F F F F F F F F F F F F F F F F F F F F F F F F F F F F F F F F F F F F F F F F F F F F F
  <DiscreteSampler_grid>
  grouped_processes
  1 # 1 for a reference and 2 for a running grid.
  10 # Attribute 'min_bin_probing_points' of the grid.
  1 # Attribute 'grid_mode' of the grid. 1=='default',2=='initialization'
  0.0000000000000000 # Attribute 'small_contrib_threshold' of the grid.
  0.5000000000000000 # Attribute 'damping_power' of the grid.
 # binID   n_entries weight   weight_sqr   abs_weight
    37   10   6.503330131511933E-001   2.534526004628948E+000   6.503330131511933E-001
    38   10   6.503330131511940E-001   2.534526004628952E+000   6.503330131511940E-001
    43   10   6.642751501481926E-001   2.677180840418341E+000   6.642751501481926E-001
    44   10   6.642751501481934E-001   2.677180840418346E+000   6.642751501481934E-001
    46   10   3.798047942421497E-001   7.780073665377792E-001   3.798047942421497E-001
    47   10   3.798047942421500E-001   7.780073665377805E-001   3.798047942421500E-001
    58   10   3.649900868144488E-001   6.709526144248845E-001   3.649900868144488E-001
    59   10   3.649900868144484E-001   6.709526144248822E-001   3.649900868144484E-001
    61   10   6.508494653535741E-001   1.965677590043650E+000   6.508494653535741E-001
    62   10   6.508494653535732E-001   1.965677590043643E+000   6.508494653535732E-001
    64   10   7.158570559610031E-001   2.428034018560104E+000   7.158570559610031E-001
    65   10   7.158570559610021E-001   2.428034018560095E+000   7.158570559610021E-001
    70   10   6.417901252224120E-001   2.360943741202552E+000   6.417901252224120E-001
    71   10   6.417901252224129E-001   2.360943741202559E+000   6.417901252224129E-001
    76   10   6.346260092075364E-001   2.416102094659176E+000   6.346260092075364E-001
    77   10   6.346260092075373E-001   2.416102094659183E+000   6.346260092075373E-001
    79   10   3.872556170756231E-001   7.908395750301638E-001   3.872556170756231E-001
    80   10   3.872556170756234E-001   7.908395750301651E-001   3.872556170756234E-001
    91   10   3.484308066052585E-001   5.641614102854678E-001   3.484308066052585E-001
    92   10   3.484308066052580E-001   5.641614102854657E-001   3.484308066052580E-001
    94   10   6.803969581666430E-001   2.111472071560108E+000   6.803969581666430E-001
    95   10   6.803969581666423E-001   2.111472071560101E+000   6.803969581666423E-001
    97   10   7.097781364662654E-001   2.315048890174657E+000   7.097781364662654E-001
    98   10   7.097781364662644E-001   2.315048890174648E+000   7.097781364662644E-001
    112   10   3.798047942421497E-001   7.780073665377792E-001   3.798047942421497E-001
    113   10   3.798047942421501E-001   7.780073665377809E-001   3.798047942421501E-001
    145   10   3.872556170756231E-001   7.908395750301636E-001   3.872556170756231E-001
    146   10   3.872556170756235E-001   7.908395750301656E-001   3.872556170756235E-001
    190   10   3.484308066052586E-001   5.641614102854680E-001   3.484308066052586E-001
    191   10   3.484308066052581E-001   5.641614102854660E-001   3.484308066052581E-001
    223   10   3.649900868144488E-001   6.709526144248847E-001   3.649900868144488E-001
    224   10   3.649900868144484E-001   6.709526144248824E-001   3.649900868144484E-001
  </DiscreteSampler_grid>
