  0.00277328853746956  0.01367503366532998  0.02629424858675201  0.03806203520290763
  0.05011217129558956  0.06226540706129501  0.07450005554131475  0.08610884967976234
  0.09749435911677254  0.10863955813307090  0.11985201750405158  0.13096517693620482
  0.14198281223312592  0.15271919124958810  0.16329870872034496  0.17405871082348484
  0.18487242957824163  0.19588289908410700  0.20686624523301639  0.21791193446405363
  0.22925004298161361  0.24076070378928827  0.25182511156553128  0.26291789130795795
  0.27446360434800654  0.28656051473283167  0.29798601838472305  0.30872607207033353
  0.31952613097323873  0.33028885988982826  0.34126902382726110  0.35206349035888213
  0.36268368632414155  0.37304986511878463  0.38341856510564887  0.39419681901223247
  0.40535536464611349  0.41633978538594729  0.42721653086981959  0.43806157538623963
  0.44903292413417856  0.46007922013292935  0.47100612594439212  0.48185060176650707
  0.49228391523825382  0.50265554392130496  0.51294970785143135  0.52311517279742892
  0.53342379062045286  0.54409188234277017  0.55528191610203959  0.56652048612224770
  0.57754604316273150  0.58824261268595757  0.59878621951212729  0.60925640775466472
  0.61979682129612135  0.62997236441710669  0.64015897765043450  0.65048310691574296
  0.66082028232511758  0.67102694869010215  0.68099822634301777  0.69092867446294870
  0.70087577549461832  0.71096818483281965  0.72151993161371020  0.73206678998087749
  0.74251534370569927  0.75291942848071436  0.76325176914746506  0.77348913876773906
  0.78378768784511799  0.79432576819974943  0.80479157159460002  0.81496774666062421
  0.82511158694508036  0.83541672685089507  0.84610004083031431  0.85639721403379310
  0.86571177583807257  0.87461168638169717  0.88330491568020120  0.89212083811608101
  0.90103922661010194  0.91012854854420744  0.91982930568705690  0.92989612550633372
  0.93977248148458659  0.94937111986523270  0.95904187768477933  0.96808415266375358
  0.97675394054933262  0.98483874895462653  0.99272930029000506  1.00000000000000000
  0.00280826931842035  0.01467083608977917  0.02784386795356262  0.04010986335180635
  0.05219798402964712  0.06370546278580297  0.07436566459117715  0.08493345906648679
  0.09577635909236255  0.10687999934029757  0.11785514233054376  0.12883154984168771
  0.13987484023495980  0.15044444398645154  0.16085194450774074  0.17139077725778984
  0.18242879514126153  0.19328980273582202  0.20377112522311056  0.21435574063695839
  0.22478826391772094  0.23511786697156847  0.24568136269035404  0.25608862631107016
  0.26658370309699825  0.27708365768239690  0.28774692040271782  0.29841356125918173
  0.30902396747161737  0.31973323944511273  0.33071875833312464  0.34198387478394854
  0.35318245783884117  0.36411240216926777  0.37479883920790813  0.38524990585492197
  0.39574640150196344  0.40651416560393211  0.41736561081066803  0.42784162506571810
  0.43823269058535186  0.44920086381397817  0.46060854015783154  0.47268251661432292
  0.48333410378674302  0.49314177225356176  0.50294942430773260  0.51284831984701895
  0.52280971005276522  0.53237194872133820  0.54195703808630469  0.55232950321235785
  0.56285091692809841  0.57309059222370085  0.58346726082335731  0.59406949531227471
  0.60502140188600539  0.61625439638023682  0.62747303269602428  0.63855763946925725
  0.64917637543249485  0.65957313187423183  0.67028882752510066  0.68140527560506881
  0.69218042035699989  0.70253704891740443  0.71302716039124381  0.72425289414516936
  0.73600329018573096  0.74756008174932487  0.75857230227988781  0.76908705578035974
  0.77945289310811483  0.78967570874594384  0.79975271467912878  0.81004609456601995
  0.82074339552637632  0.83184125637389861  0.84288630519581276  0.85358338644821663
  0.86423153592534374  0.87486871171459590  0.88530840292568258  0.89541344753204766
  0.90544776809786076  0.91553764664892356  0.92568394886082606  0.93567713123857532
  0.94567927130216389  0.95571812343396789  0.96572831289675709  0.97511356789036352
  0.98390624197484922  0.99105560172464247  0.99277039458021754  1.00000000000000000
  0.00010546700285485  0.00020708691339813  0.00026056425740431  0.00029700651219486
  0.00032931971484527  0.00036044345694874  0.00039096422418330  0.00042100298477931
  0.00045098278119898  0.00048145561681566  0.00051243436284239  0.00054371241587553
  0.00057518463494128  0.00060647165873661  0.00063805596084819  0.00067106457932027
  0.00070617235312542  0.00074260933927800  0.00077929561839373  0.00081630088442104
  0.00085414321599097  0.00089495840718447  0.00093646401887372  0.00097953212556078
  0.00102258974909094  0.00106704464944722  0.00111260668269601  0.00115906112110286
  0.00120861461758623  0.00126063315981479  0.00131228026382240  0.00136491327660103
  0.00141962754489048  0.00147651857844845  0.00153153911663843  0.00158853532675605
  0.00165210452509650  0.00172378674967721  0.00179525631016410  0.00186672245654658
  0.00194242972054891  0.00201900458394625  0.00209722642481197  0.00218311125584970
  0.00227359358748294  0.00237090369899295  0.00247605290712984  0.00258719369345646
  0.00269820122513377  0.00281577082076621  0.00293058317602084  0.00304900821068656
  0.00316808020339071  0.00328124092014372  0.00339570758801862  0.00350759542992242
  0.00361627605064816  0.00372757104808411  0.00385383256861107  0.00398991871349118
  0.00413162871339532  0.00426955657373978  0.00440886915509326  0.00457234076272176
  0.00479283966437778  0.00502754246952844  0.00526430137477083  0.00551272640596083
  0.00577248304970218  0.00603710341004384  0.00630592375786598  0.00658786607791764
  0.00689048419331554  0.00722839895903638  0.00764928979088757  0.00816918741249447
  0.00857278749706844  0.00898267461834186  0.00940273404886184  0.00977240057017829
  0.01011042559625018  0.01049225885308519  0.01090664135904950  0.01142193639032436
  0.01206844998483689  0.01288177584372552  0.01392568822264638  0.01500385288439031
  0.01599404888428489  0.01677280932051951  0.01745873968128096  0.01822987823907270
  0.01913317220635976  0.02048491206960620  0.02729525310530357  1.00000000000000000
  0.00000267392679298  0.00000314597921851  0.00000354597524571  0.00000395586762409
  0.00000438707209520  0.00000482311404522  0.00000529041359808  0.00000576183437609
  0.00000624299690852  0.00000673365886088  0.00000725568783694  0.00000781631890208
  0.00000843144291489  0.00000906634059092  0.00000974608280964  0.00001044688543520
  0.00001119284261654  0.00001192706131250  0.00001274353451997  0.00001358919433635
  0.00001449158745498  0.00001542826067710  0.00001639059092647  0.00001740771100794
  0.00001849028140282  0.00001962765980975  0.00002083193681081  0.00002211676272099
  0.00002341776722348  0.00002473299953352  0.00002609815092898  0.00002754754096856
  0.00002910998009578  0.00003080235999633  0.00003259692637148  0.00003443599446330
  0.00003640360651897  0.00003851541674319  0.00004072136167918  0.00004310855461928
  0.00004563184997100  0.00004828884102975  0.00005136701183976  0.00005461116100735
  0.00005811861563211  0.00006190363449914  0.00006597543573489  0.00007018794300150
  0.00007474103768590  0.00007986482279149  0.00008550001721379  0.00009162427000672
  0.00009834717949093  0.00010589909917042  0.00011469810417469  0.00012453464060190
  0.00013542822706941  0.00014722135187226  0.00016052359665521  0.00017606055808446
  0.00019417129829940  0.00021499334767119  0.00023872934732322  0.00026668743668768
  0.00029926442212851  0.00033706296748546  0.00038009713361856  0.00042669662803572
  0.00047947050539292  0.00054143457735512  0.00061190696242323  0.00068927711532518
  0.00077156731264789  0.00086473694815037  0.00097560743798719  0.00110830183222105
  0.00126354687775849  0.00143979963530355  0.00164188688122510  0.00187109160453549
  0.00214302760961155  0.00247207238058621  0.00285663882148150  0.00332910004591504
  0.00397919861600041  0.00476658152839481  0.00570402068902272  0.00671874771236624
  0.00780281945814499  0.00881172614601803  0.00987975443147516  0.01153796291577947
  0.01541866383895163  0.02913579765728010  0.04658064722122470  1.00000000000000000
 -0.00298508751006004  0.01159544450142957  0.02415585648695332  0.03661769068600355
  0.04906794700221623  0.06103474806494591  0.07266271779959750  0.08461092390653804
  0.09658815217478503  0.10831632922203528  0.11996923744511095  0.13170863083688999
  0.14328675629186888  0.15507391939324847  0.16698644342325283  0.17902701957984207
  0.19106719598736208  0.20295051864621505  0.21473193975890562  0.22698829905184928
  0.23899873787701495  0.25069746172747603  0.26217022302500093  0.27386182123102093
  0.28553510819036965  0.29734723956726372  0.30854642393841908  0.31929115724069379
  0.33001025684551544  0.34128004977198373  0.35291184827542738  0.36401643316280341
  0.37488893748999891  0.38540503091015821  0.39637354177327028  0.40765430789793444
  0.41876605599413014  0.42948184720508897  0.44000663770118215  0.44979718328041202
  0.45930733334972795  0.46870331490003608  0.47842918217633923  0.48818553346669236
  0.49753541897833431  0.50735490121938753  0.51777108612119471  0.52863790027553770
  0.53964260130160302  0.55083409098647584  0.56208354457552878  0.57298206932098494
  0.58358072038511333  0.59415639168856393  0.60489912953762115  0.61551993818387762
  0.62597657139618301  0.63647960564618922  0.64692200444506409  0.65727895394171931
  0.66739394147368514  0.67762928066898265  0.68752487425291231  0.69708744437527592
  0.70673950598066249  0.71661730146463676  0.72658721762330924  0.73619936831667765
  0.74573186968700411  0.75549033646039787  0.76557999094823592  0.77539169678854980
  0.78508161549531685  0.79525943752388872  0.80502443385577538  0.81461222337371486
  0.82360438418842352  0.83288726679961678  0.84195265550923004  0.85102285807409295
  0.86026774456841082  0.86959279242739351  0.87929689369689701  0.88883351768790952
  0.89818568296558132  0.90758947351443475  0.91724319370673324  0.92717653353268659
  0.93696658884019668  0.94636141340405056  0.95544638009274396  0.96441232173036695
  0.97346920655468805  0.98235661416606967  0.99138704803056288  1.00000000000000000
 -0.00216890471422112  0.00877165960922394  0.01840871192686366  0.02936492734629956
  0.03991351368815805  0.05052516829802930  0.06090779076720777  0.07159229929006794
  0.08260274254379432  0.09368168846335170  0.10408459694076533  0.11464705710481506
  0.12534805692600862  0.13602333358677543  0.14702750522737748  0.15806233952444523
  0.16837249251372818  0.17839651239300747  0.18804895201457900  0.19905708805766176
  0.20996888744519340  0.22123832103867783  0.23215305927170093  0.24307840043265419
  0.25410481750418046  0.26543954006645332  0.27567623863392238  0.28507068486317416
  0.29485075160785579  0.30431116890954762  0.31368182747223328  0.32307209622199023
  0.33302241896833212  0.34372509381482041  0.35463825871817251  0.36537797912838804
  0.37610532887663889  0.38697542765854193  0.39792515809555090  0.40859066552702827
  0.41915089407019451  0.42974820044899587  0.44054836968077715  0.45141743585824046
  0.46185824135676073  0.47206581686166094  0.48225664702422899  0.49253333059363558
  0.50292102774325576  0.51327535141717662  0.52404458508877561  0.53499698421508923
  0.54599018764112617  0.55655280963454301  0.56699472133469342  0.57725984540533770
  0.58743742622708728  0.59750359667700614  0.60739381187593033  0.61714216717169135
  0.62694623476782818  0.63693424335702897  0.64717709351628017  0.65740080681437618
  0.66783121706196857  0.67836337595466634  0.68879373321833304  0.69910776512485806
  0.70954018531177998  0.71996605573413919  0.73056638330714030  0.74131743241666059
  0.75217355063924007  0.76299816914243945  0.77362033173351341  0.78407729717045349
  0.79470642126084379  0.80568614931966476  0.81659181849564999  0.82725172063878638
  0.83746534281422069  0.84741720614352722  0.85729594024610434  0.86732317632467404
  0.87751198615853221  0.88763793257862400  0.89781218824083386  0.90856849481935997
  0.91969958680985031  0.93096207691455979  0.94240258001302790  0.95379700889345898
  0.96523800449081654  0.97663733859067858  0.98840207165316174  1.00000000000000000
 -0.00815308318271627  0.04021657935995918  0.07773349957251678  0.11139041044386576
  0.14068471054801981  0.16690661506481930  0.19103296605463430  0.21339182017150804
  0.23465333613711670  0.25419149360229082  0.27265515767793030  0.29029607662633827
  0.30719842810233439  0.32345393397646777  0.33891998293685333  0.35411789296206359
  0.36922702664327561  0.38394905020177467  0.39798628218903898  0.41138662859671987
  0.42423335584916538  0.43677342441084993  0.44906908797114298  0.46115514693958704
  0.47312274591083175  0.48506638978555838  0.49688385072069252  0.50789005776947083
  0.51843997817895315  0.52859460837548966  0.53870255076091689  0.54888163238450594
  0.55878615938709775  0.56932253354029494  0.57946594145733854  0.58947737762137242
  0.59935464276199202  0.60933778669648342  0.61933702543794800  0.62821331255761237
  0.63622368609919533  0.64368959483292421  0.65096216040615218  0.65815178917352868
  0.66583430798767673  0.67355261267982702  0.68119724129150183  0.68855590149178991
  0.69713098719132227  0.70531177345859930  0.71285744549576469  0.72048439734315606
  0.72813381042349457  0.73566191435201422  0.74290696992393213  0.74999764313316231
  0.75699501254159351  0.76396121349859702  0.77085236202143792  0.77793659029347206
  0.78488599191652064  0.79180843643108945  0.79869612837410175  0.80556584651464647
  0.81240089870052090  0.81916097334327775  0.82585197296345725  0.83247954969170124
  0.83897554977841615  0.84529017896371939  0.85154699297166914  0.85799630661920534
  0.86451680660564989  0.87110009702621383  0.87773109655118120  0.88433351110048353
  0.89047038059805217  0.89634275410927244  0.90208046639208783  0.90784729751690629
  0.91369566776497069  0.91963523668497926  0.92564177953355919  0.93172620217400670
  0.93759015991819661  0.94327311028566363  0.94889968281356185  0.95454010515129817
  0.96027215170276747  0.96605005132616262  0.97173002323328628  0.97730595919215180
  0.98288210785512398  0.98845630377558902  0.99418961868127287  1.00000000000000000
 -0.00215064072004327  0.00836335751361883  0.01845902833066315  0.02747775875125977
  0.03670515048162703  0.04638132315767641  0.05644308806480414  0.06654933763021791
  0.07634871308449802  0.08617068178406244  0.09673071558517239  0.10770027871291658
  0.11872566342355291  0.12964170176541084  0.14032817848748927  0.15090984480310601
  0.16149072672937820  0.17200867824270169  0.18270487351455372  0.19359178070600344
  0.20467320195280120  0.21590506231876780  0.22706448082123573  0.23784426488176455
  0.24815424682264348  0.25833547016778707  0.26855648296032503  0.27889899505272531
  0.28946466674914406  0.30034262087340852  0.31122467289876021  0.32205520610473665
  0.33307105276099347  0.34423875066013004  0.35531973161089209  0.36613064001810225
  0.37705833644993164  0.38813283937998289  0.39909790897382907  0.40992320907194763
  0.42067176996719230  0.43127128317264257  0.44172684219814429  0.45230208839765251
  0.46318958994994097  0.47450845730064101  0.48581573715671200  0.49680022630623860
  0.50742148419706201  0.51784850800104243  0.52874157142038802  0.53991349673359179
  0.55095313488983488  0.56162227258260577  0.57227790986758464  0.58281808022657045
  0.59327007764281192  0.60366262434307516  0.61435528552018248  0.62514339932366580
  0.63586001029327144  0.64582630502461991  0.65555725061112613  0.66546123539923252
  0.67550075546008526  0.68549830773743370  0.69563926748143268  0.70591042676850846
  0.71609101009611886  0.72601770189008896  0.73584766556595849  0.74559959478037630
  0.75546328809954011  0.76555564721397595  0.77578773374320709  0.78632042129238788
  0.79706442306477709  0.80781820392168480  0.81827004957532812  0.82877699955587469
  0.83975989927163086  0.85127248568766389  0.86234000824161738  0.87281827254330668
  0.88322467327628995  0.89361355800886078  0.90421330468237282  0.91427229638812602
  0.92472450460338651  0.93522839754189835  0.94600953279507682  0.95652656843072381
  0.96762851221982549  0.97831233666893824  0.98939275521373182  1.00000000000000000
 -0.00035226609315734  0.00088731129951578  0.00263271127776670  0.00461326518134033
  0.00663919506132692  0.00872403148567448  0.01097483123587076  0.01330593306442797
  0.01551900206635221  0.01779684903153394  0.02012749793365214  0.02254345540220312
  0.02525546625045671  0.02814304163280218  0.03116299105602384  0.03426158983574294
  0.03741273909401671  0.04068851080106173  0.04427134313378246  0.04823115607684535
  0.05229176408680441  0.05639641673459145  0.06068445973922522  0.06534221473963676
  0.07018680649522564  0.07525141096003091  0.08053145819656103  0.08608324162907287
  0.09191882851420707  0.09802903769159636  0.10449683056721383  0.11167508903609868
  0.11931158305756757  0.12719573034557402  0.13525671438472708  0.14345678854982208
  0.15204241301935992  0.16127634830974838  0.17117884654751364  0.18156870869333555
  0.19240788157690056  0.20375303026469063  0.21578923101683722  0.22864332271793852
  0.24238822227616197  0.25675660127610989  0.27183363594288001  0.28811454159195504
  0.30615128140169334  0.32561363837519214  0.34626304538368802  0.36803368879877230
  0.39152640442817471  0.41671498612701252  0.44364267017029135  0.47222502075748957
  0.50114522837177089  0.53046749944394400  0.56000683114748573  0.58944929977764882
  0.61805382286456989  0.64544075853115301  0.67110065359350290  0.69557936485151428
  0.71894826820676760  0.74056868926329089  0.76009808406812385  0.77852976016601827
  0.79530607961085509  0.81106336198464957  0.82605925917000822  0.83983684094076305
  0.85242058732011250  0.86406745604411850  0.87503315441183505  0.88513483618450084
  0.89445831981666557  0.90309177404968410  0.91132162449678245  0.91916796269748291
  0.92663015529915171  0.93369161267089062  0.94023590017916392  0.94637674204718469
  0.95225422054855058  0.95771122594569025  0.96276133993490443  0.96735485783326913
  0.97182565861593539  0.97631057428870582  0.98063857814280975  0.98481088825050456
  0.98884537812715834  0.99271196949599194  0.99639017877048874  1.00000000000000000
 -0.00248595379321501  0.00928441935435161  0.01948968933999107  0.03009540367855904
  0.04068376742499461  0.05073056109890912  0.06102393127704153  0.07124307919430910
  0.08188912926335491  0.09251185550370628  0.10305838009600277  0.11382732176025964
  0.12496944491704835  0.13590565719439651  0.14669458860757642  0.15713774377553588
  0.16713912590567512  0.17716470128400155  0.18731484990913833  0.19774060783592251
  0.20821280053544938  0.21868101918363200  0.22926914999012005  0.24008583360518937
  0.25078306420417179  0.26174706524105923  0.27245673380314467  0.28299533719172854
  0.29336038056114083  0.30380281425604455  0.31437458860625195  0.32503661691109814
  0.33535462372958974  0.34556022425501032  0.35576520365741066  0.36644580682760924
  0.37714495782597685  0.38807682711071712  0.39914919042935859  0.41039019432162971
  0.42135935274558478  0.43222493320453637  0.44299315745385542  0.45400448488046774
  0.46460432146194330  0.47520702939640613  0.48600228107214832  0.49692919406791275
  0.50756262729681723  0.51779053804999708  0.52772112443551411  0.53789943390144024
  0.54822304590641080  0.55897438006365296  0.56962391833049142  0.58003853364766889
  0.59043149021980645  0.60082336797145075  0.61132553297065184  0.62158237243134551
  0.63123160540751699  0.64065918793300947  0.65016659185963488  0.65952072918310145
  0.66891750507712755  0.67791096702688292  0.68707953925164056  0.69727285101286307
  0.70810268372529650  0.71888091635252205  0.72981628270662202  0.74056067307701612
  0.75152990607070413  0.76273575117750825  0.77409649417780924  0.78537216865993120
  0.79645640292219189  0.80741326053891049  0.81803155886652146  0.82861242582466843
  0.83911258576362324  0.84963430583831001  0.86008138636786990  0.86948945965901936
  0.87896018626953387  0.88873414383111604  0.89938376734938497  0.91089018210267769
  0.92262955012258097  0.93397944392942445  0.94537623498758461  0.95635693954790202
  0.96766332648985587  0.97827664543532034  0.98936545657492270  1.00000000000000000
 -0.00243199678305797  0.00910809400766419  0.01916159574184659  0.02989098955679093
  0.04071311207288979  0.05144980045453362  0.06244876853759209  0.07376981063445483
  0.08527180719259572  0.09689677295262981  0.10811360432854245  0.11943381026978593
  0.13035306367200680  0.14102742730700074  0.15137879466988699  0.16164172985047318
  0.17253611723756698  0.18357044340395309  0.19438991029319760  0.20475562823099516
  0.21494347838238101  0.22538939990393525  0.23603525444148943  0.24686516569973962
  0.25781200607122395  0.26877549390363520  0.27959094016939312  0.29005060870916166
  0.30003579250761481  0.30979010776411114  0.31920975744105745  0.32873034929700995
  0.33872784565342745  0.34903570895948732  0.35970069583977538  0.37045470586693580
  0.38186445750691389  0.39330635391844393  0.40448777303808042  0.41533398820431106
  0.42622377074081064  0.43731540494970156  0.44862669800872468  0.45991400862129744
  0.47105651327591075  0.48221400075824034  0.49336863165641387  0.50434056110507397
  0.51517075624746866  0.52610856347649493  0.53726888424111308  0.54841571964465863
  0.55951578396116408  0.57082456614458832  0.58225222269078047  0.59341359010817230
  0.60411756537494055  0.61443594636602550  0.62456906982386673  0.63484311360387025
  0.64515948360753694  0.65534537819212391  0.66544373961972370  0.67551639862812440
  0.68559542915323823  0.69564991259920705  0.70599285981174220  0.71673030217311284
  0.72743890343799589  0.73795614909276930  0.74833436147769128  0.75894950120125526
  0.76954619702515181  0.77929688608512548  0.78877021564177463  0.79833430821156737
  0.80779534987678880  0.81719896359238409  0.82624622886403165  0.83554192190976428
  0.84538120017053575  0.85548731503739683  0.86534876448061626  0.87520447278635360
  0.88505341380279401  0.89544459414243149  0.90592507252787358  0.91657947796521722
  0.92700412063156867  0.93732294685282180  0.94760236318014957  0.95808391958313754
  0.96929913648933297  0.98041097289842405  0.99047847497819996  1.00000000000000000
  0.50644432976776543  0.55486282506067419  0.59869615784022168  0.63157684221480270
  0.65592632698536402  0.67361558741964644  0.68739038986249612  0.69878645500172032
  0.70888396614264471  0.71780925912362026  0.72600589436013574  0.73346361801046511
  0.74024651673858799  0.74665333489862162  0.75271181062494186  0.75850092284701132
  0.76419114511387176  0.76960613210153295  0.77464925136450447  0.77952418790449307
  0.78444750975497768  0.78933125527082382  0.79392646827694879  0.79823467915454605
  0.80236089590512283  0.80644859008350156  0.81040117011981527  0.81424846533496165
  0.81796739054669065  0.82163035073091895  0.82527391731033151  0.82886339960604238
  0.83236269165356225  0.83573214765913761  0.83905297742178286  0.84235728592959991
  0.84564825137375754  0.84884860252945427  0.85201167297427582  0.85506470803224732
  0.85802876381073767  0.86095516795404736  0.86383010605678923  0.86669740163551623
  0.86945808912082156  0.87217536481189284  0.87481915808891464  0.87739906411738888
  0.88002278658214184  0.88268566856209518  0.88535213187033379  0.88802195351328417
  0.89065274588610821  0.89328081647768975  0.89588322942100218  0.89847436357543364
  0.90105973660111638  0.90362197034153191  0.90617241660462411  0.90869853185759486
  0.91120141484394812  0.91368042597317656  0.91613256735923043  0.91856070529271305
  0.92094058093838438  0.92328325196369243  0.92561156340409356  0.92788704249534260
  0.93019655404432344  0.93258305555428467  0.93498888308930017  0.93738206764049214
  0.93970070122887173  0.94198399127621024  0.94427512258186164  0.94655778720939576
  0.94886485929280351  0.95113374501337866  0.95343491105242617  0.95579575433475350
  0.95813060827241670  0.96049617472063520  0.96287852839524313  0.96529061189263221
  0.96771437557845152  0.97006555786938120  0.97241787460137064  0.97478230150199086
  0.97721840371361535  0.97972909921333295  0.98243113715863783  0.98518525268139445
  0.98810120385235167  0.99118920037804914  0.99503900823200553  1.00000000000000000
 -0.01995430391122620  0.19058578673235435  0.23996416102630574  0.27141512041159077
  0.29536935956178578  0.31488182427643308  0.33180599175663561  0.34696936474991819
  0.36053968072706749  0.37310625430187744  0.38471893452586631  0.39568472672429006
  0.40578098680451402  0.41522970107588453  0.42439377700262360  0.43338841227071628
  0.44224378498625611  0.45097055948140158  0.45954017348285653  0.46796530962323274
  0.47655212352038689  0.48412977530335949  0.49138079116611333  0.49845032227127312
  0.50533343493430505  0.51186112404352113  0.51823116176686335  0.52455226731836657
  0.53098829780427637  0.53734058598615442  0.54378729907277057  0.55073026880542986
  0.55711456817044114  0.56345423563388408  0.56952186798538873  0.57557356277877691
  0.58158050979754927  0.58745014512629024  0.59319934481556646  0.59885166752761709
  0.60438718679855130  0.60989710943150666  0.61539450774009885  0.62083796860537011
  0.62614284778200102  0.63137306310913144  0.63658611043842184  0.64187127029211877
  0.64720303783078315  0.65237687724874938  0.65732117319551342  0.66217537190636888
  0.66708187161881294  0.67208642918212835  0.67712705661059736  0.68210331166487537
  0.68697771387581608  0.69187407952247004  0.69691623000049674  0.70201649443777847
  0.70709941488890704  0.71209469191238550  0.71697573908913603  0.72177977338783894
  0.72653412510248561  0.73104169928703222  0.73549411283727784  0.74003862151833522
  0.74469140932061240  0.74944594421764699  0.75420011093098815  0.75887455723034647
  0.76350137683267816  0.76811841437431339  0.77271647101765528  0.77734729910888689
  0.78194494790574220  0.78663618722651552  0.79152494487284297  0.79663561463975741
  0.80167260808821905  0.80661288470303927  0.81139759865558936  0.81624824041229127
  0.82130854479571003  0.82644277843640290  0.83205083930193546  0.83789802575542272
  0.84370255701225372  0.84955207903855900  0.85584409409012197  0.86344566202338779
  0.87403809739533789  0.88814360736012699  0.90884121665673712  1.00000000000000000
   1.0412321682566036E-008  -1.0000000000000000     
 F F F F F F F F F F F F F F F F F F F F F F F F F F F F F F F F F F F F F F F F F F F F F F F F F F F F F F F F F F F F F F F F F F F F F F F F F F F F F F F F F F F F F F F F F F F F F F F F F F F F F F F F F F F F F F F F F F F F F F F F F F F F F F F F F F F F F F F F F F F F F F F F F F F F F F F F F F F F F F F F F F F F F F F F F F F F F F F F F F F F F F F F F F F F F F F F F F F F F F F F F F F F F F F F F F F F F F F F F F F F F F F F F F F F F F F F F F F F F F F F F F F F F F F F F F F F F F F F
  <DiscreteSampler_grid>
  grouped_processes
  1 # 1 for a reference and 2 for a running grid.
  10 # Attribute 'min_bin_probing_points' of the grid.
  1 # Attribute 'grid_mode' of the grid. 1=='default',2=='initialization'
  0.0000000000000000 # Attribute 'small_contrib_threshold' of the grid.
  0.5000000000000000 # Attribute 'damping_power' of the grid.
 # binID   n_entries weight   weight_sqr   abs_weight
    13   10   4.804500556333429E-001   7.676437964191891E-001   4.804500556333429E-001
    14   10   4.804500556333428E-001   7.676437964191889E-001   4.804500556333428E-001
    16   10   4.804500556333429E-001   7.676437964191891E-001   4.804500556333429E-001
    17   10   4.804500556333428E-001   7.676437964191889E-001   4.804500556333428E-001
  </DiscreteSampler_grid>
