  0.00287012594465313  0.01653076416334881  0.03107212469567439  0.04473115911097036
  0.05710235526190753  0.06943002827797588  0.08161136555699934  0.09352867546214104
  0.10558562847547667  0.11769748387094162  0.12922602063190089  0.14044003977337319
  0.15269405739585368  0.16525547239924257  0.17680454360263262  0.18786407554916942
  0.19822256048479853  0.20772032659928164  0.21661430561061470  0.22614934570484158
  0.23654151849633701  0.24730748415400250  0.25799680666758462  0.26834007884276090
  0.27930522044956058  0.29083556175282738  0.30174089978209950  0.31220245574114852
  0.32275831115793069  0.33335281545976642  0.34363453283336270  0.35328749091096928
  0.36257795844635937  0.37231633418095234  0.38231490224188958  0.39140251909789864
  0.40068156988407483  0.41076318489552671  0.42218855226247909  0.43396462709122363
  0.44511264713997351  0.45623649760407070  0.46781989127297918  0.47902434398767557
  0.49026641250287345  0.50170145641640507  0.51314014795838336  0.52439915617178223
  0.53571684935136576  0.54660758200361059  0.55826038049655169  0.56974993543450758
  0.58134756782778019  0.59257658894681065  0.60338856861172430  0.61390161343159400
  0.62428689543495064  0.63408716559886691  0.64260253953836144  0.65071059097009942
  0.65882017635112555  0.66843681588919668  0.67905437942448610  0.69046311589720610
  0.70218940237910177  0.71372898500665549  0.72502242131429528  0.73598530692815822
  0.74686167811380066  0.75815013008223830  0.76914401739345717  0.77990916531960963
  0.79082970365123051  0.80143853215999095  0.81225300682141244  0.82238759925301586
  0.83237449659068152  0.84199011119076428  0.85193175009453737  0.86224852967060317
  0.87215305492728223  0.88098036596357077  0.88952261004539901  0.89914079366031030
  0.90877887584775952  0.91846273220451069  0.92741995112450415  0.93623516918897876
  0.94492200142959137  0.95333667823903223  0.96205135716387624  0.97029371278853926
  0.97808787828063559  0.98554538505016354  0.99224163516201047  1.00000000000000000
  0.00000272151520773  0.00000333941612257  0.00000377461583251  0.00000396856907651
  0.00000417978446085  0.00000441660756367  0.00000469439128345  0.00000500010951365
  0.00000530525051028  0.00000561306738095  0.00000590970034813  0.00000622717057869
  0.00000656379891995  0.00000691875885626  0.00000727459979045  0.00000761279661139
  0.00000796244830283  0.00000833566119539  0.00000875504294509  0.00000922286355601
  0.00000973275346176  0.00001027007798294  0.00001080683246274  0.00001141225349691
  0.00001207053697038  0.00001278134969255  0.00001356400868178  0.00001436101809507
  0.00001519206467450  0.00001604940361039  0.00001694285013955  0.00001787633777299
  0.00001886604566853  0.00001985644030465  0.00002093655503652  0.00002205853377792
  0.00002318275550731  0.00002453119426299  0.00002589191796294  0.00002731775505115
  0.00002886666251353  0.00003042209154771  0.00003209200246917  0.00003386416705921
  0.00003575313164691  0.00003778030449747  0.00004004535972901  0.00004240849672763
  0.00004498072854508  0.00004763327483593  0.00005045305207849  0.00005347572761259
  0.00005667548526058  0.00006022373155867  0.00006457380030780  0.00006890153437453
  0.00007397779015384  0.00007965829942359  0.00008614579252735  0.00009370107769584
  0.00010244389341273  0.00011266310198855  0.00012551166159201  0.00014030046657598
  0.00015313638295234  0.00016493808079821  0.00017759354182072  0.00019277994817252
  0.00021341580642153  0.00023545261459214  0.00025907731674032  0.00028797043338130
  0.00032018622641171  0.00035300017281873  0.00039087652315956  0.00043663795530422
  0.00049825860316014  0.00057043886099741  0.00065443637054865  0.00076090716289110
  0.00086685316172364  0.00100165383371890  0.00114878556937493  0.00133417552158178
  0.00152636893972027  0.00182235658617232  0.00257541630004643  0.00306248921222306
  0.00343540294930762  0.00384025476397953  0.00441841341421339  0.00599950022534175
  0.00722779337038626  0.00806101930157090  0.10687717877343587  1.00000000000000000
  0.00000275235074093  0.00000290398525776  0.00000298404363429  0.00000309535861500
  0.00000318834415462  0.00000328024529682  0.00000337289484061  0.00000347571985029
  0.00000358574697152  0.00000369942701151  0.00000382409773926  0.00000395742378654
  0.00000406983376310  0.00000417390764515  0.00000428583008444  0.00000442527481310
  0.00000461189256737  0.00000483946821890  0.00000505587219510  0.00000529850565315
  0.00000554544997512  0.00000578148526858  0.00000603990954768  0.00000630745425028
  0.00000658245633310  0.00000686784273346  0.00000716868763547  0.00000749197354915
  0.00000782847793067  0.00000814933633146  0.00000850909507070  0.00000888105934354
  0.00000927233646785  0.00000971589663638  0.00001019929053204  0.00001070751937451
  0.00001124198540570  0.00001178385450961  0.00001233346011126  0.00001290515515763
  0.00001356983523213  0.00001424625543938  0.00001496208962246  0.00001572994260481
  0.00001652477605152  0.00001740340005623  0.00001840906783425  0.00001951500673127
  0.00002068509341137  0.00002190680876308  0.00002312010967328  0.00002431174834725
  0.00002550492810254  0.00002675078396365  0.00002808820577381  0.00002975342442817
  0.00003147932986996  0.00003375990908591  0.00003603863761906  0.00003901038193307
  0.00004227993309708  0.00004581276142851  0.00004995579796677  0.00005479186490946
  0.00006021844805557  0.00006577913975427  0.00007189786879682  0.00007880911896532
  0.00008687980759017  0.00009612529909520  0.00010697077774610  0.00012007361102698
  0.00013580710800726  0.00015485838246469  0.00017685093821292  0.00020068199410942
  0.00022857321518564  0.00025839265929877  0.00029491734218394  0.00033603316566716
  0.00038323609763319  0.00044504778316933  0.00052500481984281  0.00060721524812974
  0.00069376140755326  0.00078688892338285  0.00092844883332544  0.00111848252090141
  0.00137035305281329  0.00181635296345487  0.00240732382483564  0.00306263536476735
  0.00381894018091131  0.00590757774692050  0.02874917539106836  1.00000000000000000
  0.00000338121983268  0.00000458714260090  0.00000539128065015  0.00000566068803795
  0.00000607538916492  0.00000649945751755  0.00000694106396730  0.00000745834208985
  0.00000803002934964  0.00000876115699843  0.00000959767487976  0.00001046555474680
  0.00001134996591311  0.00001228086143467  0.00001325353893318  0.00001431760759421
  0.00001546203660703  0.00001670176493211  0.00001806139736350  0.00001954430097844
  0.00002119954046400  0.00002303673217525  0.00002512481199416  0.00002732826776779
  0.00002976813007265  0.00003234873507229  0.00003523498196236  0.00003831442395569
  0.00004167182135414  0.00004535229374295  0.00004951158773801  0.00005406221249431
  0.00005889042924547  0.00006419158413539  0.00007036871493002  0.00007746380624871
  0.00008501005351228  0.00009347024274536  0.00010327038116195  0.00011360253985171
  0.00012457347034811  0.00013715586230918  0.00015131846808545  0.00016604484264106
  0.00018175945120109  0.00019828238001148  0.00021375444137184  0.00022905585639217
  0.00024687080607036  0.00026603637803808  0.00028995953933915  0.00031447025698569
  0.00034044663629741  0.00036901044300283  0.00039982746341920  0.00043019051965849
  0.00046519576972332  0.00050756627471752  0.00055299681041676  0.00059723328603366
  0.00063903550245887  0.00068912601908953  0.00075238014590435  0.00082599179160567
  0.00090197224326872  0.00097861240643327  0.00105841613708574  0.00115225177867187
  0.00123046139093515  0.00131573205097399  0.00141274548003875  0.00154998984302584
  0.00174307691375534  0.00194548100784728  0.00208749971300360  0.00218252574181855
  0.00230226170947054  0.00243659428728150  0.00262043518125513  0.00284435548780998
  0.00313848742685245  0.00324473754200532  0.00332621309189708  0.00340768864178884
  0.00351195370997132  0.00361716514353488  0.00372242980369248  0.00383967379814220
  0.00395691779259191  0.00410246295647137  0.00520392751628041  0.00800870868536420
  0.00990584425131361  0.01694219681032637  0.02671520059386150  1.00000000000000000
 -0.00624587783768307  0.03839032909989472  0.07232122574777450  0.10150683991533500
  0.12756713802874639  0.15042987645843237  0.16953442070919361  0.18878336961454478
  0.20892333949026420  0.23048812194529347  0.25129771667719064  0.26910270797811986
  0.28482474517513978  0.30002252654259903  0.31540252085857667  0.33018609307415897
  0.34415399814180353  0.35637281464519410  0.36939572258008013  0.38355805247332569
  0.39768625453283624  0.41054727067506364  0.42322506236120838  0.43654674040335156
  0.45014386891533625  0.46331174316466922  0.47557466495821449  0.48762355397062063
  0.49968425026729940  0.51198880561525606  0.52446337580044466  0.53673740731863295
  0.54866990495137180  0.55992991303739792  0.57091865125849350  0.58143693272935038
  0.59129966698712411  0.60107041641595449  0.61046785568139528  0.61941812828386322
  0.62817952102303287  0.63653420811690120  0.64471146961366776  0.65237056793414960
  0.65995921410361313  0.66756852691820623  0.67540470389780183  0.68401264496094749
  0.69193557947739992  0.69961547779972533  0.70715009743043378  0.71491346504023712
  0.72265114084999871  0.73033006343099272  0.73787261298374729  0.74519222580875255
  0.75255025298910871  0.76008353538391382  0.76773212826362858  0.77555021174261196
  0.78307592562833672  0.78998707770863086  0.79666889058396795  0.80332180646442197
  0.81060635954234250  0.81822312670650088  0.82581440074531987  0.83303174722178608
  0.83945689379177812  0.84575694738057294  0.85189538758163996  0.85765611287293109
  0.86330693662805602  0.86901530501751056  0.87485313931418418  0.88077624924333853
  0.88677040755771386  0.89278171695304842  0.89938242818308800  0.90668187497159314
  0.91387421886439590  0.92036124020218990  0.92661416252319662  0.93265996517936189
  0.93860963931637742  0.94450838282407534  0.95042760510701596  0.95606770585364753
  0.96155557247761581  0.96691807436486332  0.97218800286259066  0.97745276654291868
  0.98292968110148304  0.98852091551224197  0.99412508431671198  1.00000000000000000
 -0.00264631410228555  0.01042797664134352  0.02147808662473030  0.03276152230780513
  0.04467962409199707  0.05674201711983047  0.06835658873340952  0.07934692019156818
  0.09051608343888118  0.10186957895963566  0.11286653597399648  0.12273758835826472
  0.13192187099354136  0.14118085483018372  0.15103262417423360  0.16104091909452398
  0.17124860496226485  0.18182932631219764  0.19188701754408094  0.20130390787344343
  0.21092102416677372  0.22036924405596947  0.22960383414351104  0.23832981765683817
  0.24753275890854393  0.25765804012532306  0.26839488446868293  0.27879157320920667
  0.28911812630685368  0.30031518186685696  0.31221190670215115  0.32392421867648175
  0.33516226669624039  0.34593710551401557  0.35684598734839679  0.36807501622971145
  0.37932323458782186  0.39023937599357728  0.40180386045110006  0.41400361092714216
  0.42712070507396915  0.44037295672288085  0.45348928947327316  0.46416174834276830
  0.47389354673375161  0.48315194344147233  0.49311772746461685  0.50315067678768799
  0.51166426020971700  0.52114389993303345  0.53102171110975194  0.54222174913401089
  0.55288723023565223  0.56259994789183521  0.57222898065386685  0.58167651218405669
  0.59230222179069936  0.60471601017277188  0.61703110127454097  0.62796170936560725
  0.63777846702325547  0.64791167442073339  0.65785368350976958  0.66743745367071461
  0.67697830452756635  0.68686442034138073  0.69794319703387642  0.70916205536945598
  0.72076721851612513  0.73206594852580364  0.74297853196616392  0.75310935902384823
  0.76272911137911659  0.77290526804235660  0.78315203232630448  0.79338827448431681
  0.80284765177901252  0.81252892328113890  0.82291329301158944  0.83332085044564363
  0.84327364564867258  0.85242571732720462  0.86118147963037850  0.87019244791542572
  0.87975920388190421  0.89041920538518016  0.90217323708752517  0.91484805820803827
  0.92743269903677428  0.93905391891173862  0.94896937342407628  0.95819485234173218
  0.96716917166087757  0.97650696721578034  0.98830448335654852  1.00000000000000000
 -0.00238440115790875  0.00812420736906243  0.01710479061010677  0.02734098341560581
  0.03760406404734111  0.04790157886255544  0.05805481811111077  0.06893469644711046
  0.08098241665069901  0.09332620470095820  0.10452285455331384  0.11503285260917288
  0.12504773505855790  0.13467005324033579  0.14478363491358473  0.15488098792167984
  0.16580985976491927  0.17692810884972429  0.18808129033963944  0.19948450781878677
  0.21129539382898738  0.22285314679938001  0.23344824387649324  0.24331222515609160
  0.25333305887716911  0.26363129334333085  0.27423447829624858  0.28506118608426528
  0.29595146195637650  0.30686157556627836  0.31743846370926121  0.32789294799752317
  0.33813428100887921  0.34786916819387231  0.35761394935893065  0.36749265812019299
  0.37677445338582860  0.38550112862458119  0.39439358450895867  0.40365479979158403
  0.41309332963163997  0.42279298470747917  0.43308712879778843  0.44348596232675025
  0.45407752478478913  0.46438927009149567  0.47452237876987019  0.48472480407229263
  0.49568030517672645  0.50784098897247032  0.52008514529760019  0.53138311415721762
  0.54197386404770254  0.55224175780825213  0.56294194999775682  0.57170482086032304
  0.58051090164520780  0.58897619850687766  0.59808437149465776  0.60929197509982824
  0.62031356310448893  0.63108142835451564  0.64111732918554876  0.65130779708058217
  0.66209554396343917  0.67400709586291851  0.68639379045279891  0.69816141409023291
  0.70947336205416989  0.72007306381488023  0.73079648576889289  0.74184040149228092
  0.75319367359005263  0.76461279515479552  0.77509357842943205  0.78480286298553592
  0.79447318076608919  0.80478132001673064  0.81543450585468946  0.82585630309196656
  0.83633848077888095  0.84789394418907404  0.85971103221650247  0.87057394214626072
  0.88050357019535419  0.89032609990087963  0.90149373688832135  0.91272759823044236
  0.92344536141356681  0.93369345374355051  0.94496246124580430  0.95641415510516914
  0.96741526330240646  0.97817812174015839  0.98901537791210192  1.00000000000000000
 -0.00004099821077201  0.00036374507224355  0.00065495729621033  0.00089671920385198
  0.00104260882608520  0.00118994132657589  0.00133724729256359  0.00148269307064387
  0.00163221709134382  0.00178378713879696  0.00193747736141260  0.00207752815159815
  0.00221632724543984  0.00235865783334661  0.00248819153246820  0.00261546301403126
  0.00276289902304790  0.00290303894671782  0.00303810377166661  0.00316862289149319
  0.00328783243697762  0.00340938146545803  0.00353509524969174  0.00367248140606084
  0.00381069423755506  0.00395521218908797  0.00407534068363803  0.00416320219820087
  0.00425059189706152  0.00433727412674923  0.00442294888611912  0.00450639728117056
  0.00459692351205041  0.00473019538687534  0.00487670003790619  0.00503076247293095
  0.00519107904290501  0.00535296394636167  0.00550468079723390  0.00564835771706874
  0.00578402467762100  0.00591609313902958  0.00604706399112064  0.00617659728829931
  0.00630857375458419  0.00645665479907809  0.00661128467811055  0.00680265135413059
  0.00693087938946652  0.00702023638889703  0.00710959338832755  0.00720107592820521
  0.00730156021413273  0.00740204450006024  0.00750252878598776  0.00760448804387817
  0.00770669157988629  0.00780889511589441  0.00810356751254536  0.00854126968646654
  0.00886183923838406  0.00901309253943947  0.00914497650537673  0.00927510528165826
  0.00942817033306839  0.00951260906828449  0.00958136728005880  0.00965030994326271
  0.00971933051450905  0.00978576261240626  0.00985034925297978  0.00993113754128118
  0.01004641216963400  0.01015992681086019  0.01031658144652872  0.01051415342518986
  0.01077053471367702  0.01290848074355317  0.01454275563760164  0.01502001656158637
  0.01530812048729916  0.01545451665424091  0.01560091282118266  0.01575046326252052
  0.01590087905801660  0.01605129485351267  0.01620171064900875  0.01635212644450483
  0.01704088686122313  0.01857186581040967  0.02105497181146946  0.02190662104362683
  0.03059767260337758  0.03614857452838124  0.39671622731442485  1.00000000000000000
 -0.00191921176543792  0.00950806637598177  0.02006323202678032  0.03180187263372568
  0.04287805722072975  0.05346072570468732  0.06361261565126430  0.07425130184650754
  0.08601101553921052  0.09830457259517514  0.11094979122270218  0.12308363189070942
  0.13410201160803928  0.14439792340357571  0.15520495651685057  0.16710530185856509
  0.17937561723507614  0.19148517821513053  0.20359041709362369  0.21550293382563879
  0.22720073277800654  0.23847797570880605  0.24918344902899275  0.25930056434155013
  0.26944071859451502  0.27977943177647324  0.29046813792447201  0.30126483645933161
  0.31208679505319614  0.32251472470717302  0.33315042596238564  0.34383026130295297
  0.35446333320223899  0.36548302392873949  0.37718619094532557  0.38926828848398937
  0.40142399178299409  0.41272467839957799  0.42364914269245246  0.43456370136075317
  0.44602285569402078  0.45753601955691353  0.46612374517244010  0.47448555911386964
  0.48269546391816370  0.49155206677393187  0.50057523975081109  0.50988523203650482
  0.51843330659473430  0.52745839079478629  0.53601307400460851  0.54481203490905017
  0.55410893064231448  0.56376492763508412  0.57331924757608332  0.58269363858123913
  0.59224490914921346  0.60199547569479717  0.61139740044119373  0.62085943805379862
  0.63120032870956644  0.64151088203464635  0.65142984660985970  0.66086757286933007
  0.67077789418192935  0.68139069258240348  0.69214364758123315  0.70300494679642422
  0.71384916219540417  0.72523146413665285  0.73708463009039171  0.74916471649915617
  0.76124667156187997  0.77289283091305339  0.78426380377393767  0.79480157800863216
  0.80474990968175908  0.81435844655545075  0.82394451851373085  0.83397843429812391
  0.84467441582813907  0.85581296320463085  0.86728186902401916  0.87849799191157385
  0.88806412821691283  0.89759982625090950  0.90686821964118336  0.91720332896809265
  0.92741059965476369  0.93638440360151809  0.94543850937955487  0.95445100064034305
  0.96467511363876324  0.97652685351413815  0.98831403162170040  1.00000000000000000
 -0.00005951970613478  0.00021992425142685  0.00046318509161683  0.00065827541143684
  0.00077416728752137  0.00088952665381755  0.00100346300408369  0.00111560149930711
  0.00122605091231187  0.00133585646952173  0.00144495906766709  0.00155130901235443
  0.00165359887956424  0.00174882652635873  0.00183455522937693  0.00192004081785497
  0.00200962781230024  0.00210381726864967  0.00219802132589669  0.00228979805740878
  0.00237408028702548  0.00245728519167132  0.00254132349463983  0.00262520527688924
  0.00269734270744612  0.00276825086766191  0.00283832383419647  0.00291427852782248
  0.00299759626164139  0.00309115859929727  0.00318744884502714  0.00325532900729138
  0.00331144374431973  0.00335733337800257  0.00340322301168540  0.00345281333261691
  0.00350287482553964  0.00355268436014214  0.00360169594291755  0.00365070752569295
  0.00371145537764789  0.00378235492582097  0.00385102924470702  0.00391859321939647
  0.00400625798796605  0.00411320120939148  0.00421026725772057  0.00430447145437590
  0.00441619576324796  0.00452887794154179  0.00462762673834223  0.00471645122495827
  0.00477329804867669  0.00483014487239510  0.00488699169611351  0.00494353520879684
  0.00500002263014372  0.00505651005149060  0.00511411907916279  0.00517310913026872
  0.00523209918137466  0.00534853479482067  0.00589696252198204  0.00625212933712474
  0.00640366393299632  0.00646831331895697  0.00653296270491762  0.00659869876350216
  0.00666518092337679  0.00673166308325141  0.00680033838602274  0.00687065693991618
  0.00694097549380962  0.00723550542748839  0.00742200733086403  0.00762388905309244
  0.00778167485209941  0.00786165092896127  0.00794480249627586  0.00802849815622434
  0.00827854325249887  0.00836950392607741  0.00846116569319127  0.00864099178452481
  0.00876585017830142  0.00889179128562594  0.00901864914128718  0.01066272985999366
  0.01268862913903545  0.01296697449564349  0.01324411850526204  0.01351333589994156
  0.01378255329462107  0.01752516541194991  0.31937748381846498  1.00000000000000000
 -0.00235957968928550  0.01054763509413820  0.01983110519386311  0.02914277949092463
  0.03844395084041630  0.04930853379730549  0.06070303910305285  0.07163826777040602
  0.08417369623599180  0.09702478785664362  0.11008627789357990  0.12212115590823361
  0.13231221024314291  0.14167057497083013  0.15026160629082799  0.15818983589156085
  0.16696752968745199  0.17604207933537938  0.18561248034039821  0.19456909075369250
  0.20308564911300162  0.21182036028719387  0.22246379530939722  0.23453860767715995
  0.24787802848427823  0.26205591143327572  0.27495130057523498  0.28622948595014386
  0.29710008927987980  0.30762043394376887  0.31781910841589228  0.32696023447687272
  0.33699340222905444  0.34693645246105947  0.35717462190469601  0.36768121283616795
  0.37812951260591821  0.38867607806247950  0.39895987061529736  0.40960127889112641
  0.42029118541596749  0.43130397996341691  0.44285327772486732  0.45451647248842181
  0.46615479782098035  0.47813737104225873  0.49022707757084044  0.50131753701629533
  0.51121431080191104  0.52070241471819445  0.53035378425115565  0.54017356339914624
  0.54978166713964960  0.55901412503512338  0.56834426862484577  0.57833555595222563
  0.58903732335262426  0.60000368410281391  0.61043931150958164  0.62071023950382032
  0.63177249092674115  0.64368507709067813  0.65517383115574457  0.66710895901944178
  0.68031311069459910  0.69345042567398618  0.70563310536020674  0.71689355135543420
  0.72842195242840102  0.73971434684097148  0.75016157685167018  0.76042752209062281
  0.77133777209255816  0.78256034901987070  0.79323819438393994  0.80371545676713219
  0.81468535694269739  0.82638154649997086  0.83786160027150247  0.84854298958503382
  0.85856436696307636  0.86877643326113141  0.87977816450661062  0.89118843807061765
  0.90210841047540336  0.91329247758278709  0.92265318197493584  0.93154548261799519
  0.94028683310332162  0.94940754593986398  0.95846681751248453  0.96733302377812203
  0.97516558151943988  0.98352899180506470  0.99187011101272093  1.00000000000000000
  0.52365288132130905  0.57252820343088562  0.57885317789872637  0.58507528058132918
  0.59261877508217342  0.59966759357447952  0.60727263802541820  0.61525619783346397
  0.62265464697879114  0.62862829327655334  0.63439505593546308  0.63997009854811771
  0.64531601575688258  0.65045096854919415  0.65558875381630466  0.66112601340932009
  0.66641374395949515  0.67164399986533285  0.67665786932676841  0.68140689939668930
  0.68605644821135559  0.69088207984871397  0.69579499745032980  0.70001549173105571
  0.70413092750695205  0.70820606726524260  0.71268291862763722  0.71754354244854879
  0.72240788221655483  0.72729037887752723  0.73246053958383439  0.73769742852135889
  0.74266780053537851  0.74750059441848560  0.75217515014112935  0.75673400774749167
  0.76142785712200156  0.76607344370053376  0.77085360589205965  0.77558602479760574
  0.78035688962396166  0.78526141223999257  0.78990634274777316  0.79429668748528237
  0.79844407594611888  0.80274774272990546  0.80705106659685033  0.81122527774400022
  0.81541756027433177  0.81977173417098392  0.82402646927442880  0.82836687654627073
  0.83268263756072103  0.83700821106313061  0.84144072155984828  0.84612015875589419
  0.85099208976280161  0.85558534837163169  0.85987123628286866  0.86403179915854611
  0.86825723775973518  0.87267487009704392  0.87721416088066706  0.88164228340374950
  0.88590142741956757  0.89000548969062365  0.89402639780493542  0.89801455494002580
  0.90180920063213887  0.90554024310683856  0.90918036194639706  0.91275721035976853
  0.91665961673292884  0.92051820250216221  0.92431246643691911  0.92801169254736771
  0.93164498016750052  0.93501133068034004  0.93827415850107931  0.94135861282170963
  0.94425986804528095  0.94714707768762896  0.95012152337172229  0.95333674594661277
  0.95674197587076371  0.96048588586643702  0.96447162940070674  0.96837546398258656
  0.97227785503789477  0.97602389882524954  0.97973977969617365  0.98350705135307381
  0.98725362632395885  0.99105805258937596  0.99537113294048873  1.00000000000000000
 -0.01457329428392678  0.20268325346063698  0.23716610092030063  0.26210286830414348
  0.28097785043513979  0.29742470699497725  0.31294697027126961  0.32642361028724431
  0.33854843113682553  0.34994633741307352  0.36150461669711964  0.37197859998429550
  0.38141314015486755  0.39001686029328014  0.39846571547747051  0.40660697882238600
  0.41440928710217917  0.42204949575197032  0.42976714052391263  0.43747005704928571
  0.44532166424714820  0.45307229819458639  0.46116729947846963  0.46894755279771955
  0.47634712663666312  0.48332935756186507  0.49005105218325401  0.49664726911978041
  0.50333719582991054  0.51019453567185558  0.51721809450283895  0.52429925126646759
  0.53135508121320130  0.53839392296431288  0.54519236642757563  0.55182606317973937
  0.55824180900665432  0.56454253999008341  0.57067714955509685  0.57633789160028515
  0.58164354416330144  0.58681982764138940  0.59212543712314614  0.59772698456846696
  0.60344234473524183  0.60899588945067429  0.61442292937385479  0.61989686693926149
  0.62527042094327767  0.63072619695640020  0.63614248235517101  0.64151113754237943
  0.64683228858302222  0.65206818101684694  0.65726281428386302  0.66214360855591281
  0.66675982770916919  0.67114186493557348  0.67542462427284866  0.67988141815232062
  0.68467709801362875  0.68928893019085480  0.69362827244471426  0.69808424138404923
  0.70271232481826251  0.70788535186637336  0.71302609757253732  0.71767832420254329
  0.72120884834331089  0.72462220433410973  0.72811108675789238  0.73203847850263903
  0.73691061478728459  0.74196062430127974  0.74659900797927148  0.75127134983662103
  0.75625622386796965  0.76153188671847882  0.76689148188974088  0.77210262537181285
  0.77708283779889376  0.78153877669712379  0.78591478234682444  0.79035362464144421
  0.79500804373235312  0.80045244266932802  0.80602417659886938  0.81190721430106305
  0.81878374477244764  0.82637329058445053  0.83607568201957316  0.84593090257837544
  0.85632068284981500  0.86715125363835310  0.88106404082754208  1.00000000000000000
   5.3138397433598744E-006  -1.0000000000000000     
 F F F F F F F F F F F F F F F F F F F F F F F F F F F F F F F F F F F F F F F F F F F F F F F F F F F F F F F F F F F F F F F F F F F F F F F F F F F F F F F F F F F F F F F F F F F F F F F F F F F F F F F F F F F F F F F F F F F F F F F F F F F F F F F F F F F F F F F F F F F F F F F F F F F F F F F F F F F F F F F F F F F F F F F F F F F F F F F F F F F F F F F F F F F F F F F F F F F F F F F F F F F F F F F F F F F F F F F F F F F F F F F F F F F F F F F F F F F F F F F F F F F F F F F F F F F F F F F F
  <DiscreteSampler_grid>
  grouped_processes
  1 # 1 for a reference and 2 for a running grid.
  10 # Attribute 'min_bin_probing_points' of the grid.
  1 # Attribute 'grid_mode' of the grid. 1=='default',2=='initialization'
  0.0000000000000000 # Attribute 'small_contrib_threshold' of the grid.
  0.5000000000000000 # Attribute 'damping_power' of the grid.
 # binID   n_entries weight   weight_sqr   abs_weight
    10   10   5.315445541994110E+000   1.685481165749628E+002   5.315445541994110E+000
    11   10   5.315445541994105E+000   1.685481165749625E+002   5.315445541994105E+000
    16   10   5.315445541994110E+000   1.685481165749628E+002   5.315445541994110E+000
    17   10   5.315445541994105E+000   1.685481165749625E+002   5.315445541994105E+000
  </DiscreteSampler_grid>
