  0.00277169395437930  0.01699696598461713  0.03074473504932189  0.04397162712933798
  0.05690977235522697  0.06939955435701425  0.08138252879472541  0.09303349112259707
  0.10441341771539493  0.11497221905988565  0.12473778742745087  0.13453193333115573
  0.14470220214465837  0.15529347965416046  0.16583624690294349  0.17644699257032689
  0.18733738713116671  0.19866949081825125  0.20975747757205787  0.21999796900027643
  0.22981646373142650  0.23972561480147819  0.25008905454770397  0.26022566299045807
  0.27032884616650882  0.28045012338846931  0.29064744821904342  0.30133286386056463
  0.31263280129737520  0.32391904268975064  0.33474641831940394  0.34530087104624241
  0.35542752502404557  0.36533302783686339  0.37528479778261448  0.38535565470963018
  0.39591160625399019  0.40622875697370303  0.41704385612437400  0.42835883861623392
  0.44017699356114059  0.45155923900463379  0.46171429169690853  0.47116538035369898
  0.48025174409150490  0.49002292931573360  0.50052420427027711  0.51132120945410930
  0.52257417344106460  0.53419429219692049  0.54531128236789417  0.55598815129252865
  0.56692442225619855  0.57774446098541077  0.58884461249113917  0.59928524542920636
  0.61058156945192532  0.62225303081566163  0.63351233119051997  0.64443712099968553
  0.65478978811674204  0.66531373222831902  0.67555412385368729  0.68560823406130345
  0.69535771096066046  0.70510711759907729  0.71510579588850376  0.72547649337928488
  0.73580607408899190  0.74578335099837934  0.75558546547124883  0.76547635892157684
  0.77579847592981210  0.78665128083961211  0.79764831819522075  0.80857472895485227
  0.81966454082993545  0.83090811516453422  0.84205649270336136  0.85236438470735609
  0.86260607799861966  0.87269397769684176  0.88294279210265969  0.89329765070187306
  0.90355714340189985  0.91364526025461723  0.92368294654350391  0.93320876584236268
  0.94224428432159790  0.95135145094405593  0.95995325741183868  0.96815642236796284
  0.97670597278130122  0.98480804762044327  0.99191083996981466  1.00000000000000000
  0.00000213487225293  0.00000238134925721  0.00000252998625605  0.00000267360279486
  0.00000282215082177  0.00000297107594245  0.00000314121742934  0.00000333119708749
  0.00000353232432337  0.00000375166988214  0.00000399843164218  0.00000425247872622
  0.00000453630814344  0.00000483528629703  0.00000514404067723  0.00000548517022815
  0.00000585517604361  0.00000625580324688  0.00000667257779138  0.00000709342660468
  0.00000753775464549  0.00000798483659132  0.00000848993234454  0.00000898258820715
  0.00000950421940960  0.00001004991782861  0.00001061424051652  0.00001123445302487
  0.00001191826834503  0.00001266703150639  0.00001348024976244  0.00001437017951364
  0.00001531895750683  0.00001632806837035  0.00001739091585692  0.00001857379103731
  0.00001982816194468  0.00002126568770860  0.00002280628453926  0.00002453499753383
  0.00002637473002966  0.00002839190851823  0.00003054222416705  0.00003285409726523
  0.00003534838894669  0.00003802137715166  0.00004085908083452  0.00004401693877975
  0.00004746801090406  0.00005127122179672  0.00005529130951033  0.00005973540949044
  0.00006480577401337  0.00007045432727292  0.00007659402201120  0.00008313649967262
  0.00009043402317312  0.00009829102112641  0.00010672652240096  0.00011555992505261
  0.00012551763238624  0.00013625351385566  0.00014882318383888  0.00016297353745487
  0.00017904056935242  0.00019548415124860  0.00021182632574572  0.00022960782843044
  0.00024900138655927  0.00027256904071787  0.00029599525816007  0.00032325643109349
  0.00035675812818203  0.00039948875579275  0.00044945916979976  0.00049170015335206
  0.00053438457352456  0.00057730204893801  0.00063100320378762  0.00071139241629568
  0.00081962751836829  0.00093430402441927  0.00105649145313574  0.00118759617920435
  0.00133891359140198  0.00150058413888257  0.00161462000388125  0.00175437419160444
  0.00193275358374228  0.00239634784539217  0.00306482412453132  0.00391187280175285
  0.00466656265650237  0.00584342223955082  0.04116393953652285  1.00000000000000000
  0.00000185411535653  0.00000263758480239  0.00000331293474817  0.00000394732330596
  0.00000462341960536  0.00000532814482173  0.00000602646530068  0.00000674099925797
  0.00000745213313668  0.00000816758737395  0.00000891756599172  0.00000973931546301
  0.00001064272908848  0.00001159701589824  0.00001265101272919  0.00001383338389054
  0.00001510218898960  0.00001648857224868  0.00001803042977873  0.00001977458619011
  0.00002171612264770  0.00002380301322854  0.00002622432637526  0.00002890118384019
  0.00003186277692565  0.00003505882640830  0.00003846226314095  0.00004210179101400
  0.00004587979706172  0.00004990782968152  0.00005416388324066  0.00005889263211863
  0.00006374966924321  0.00006881734281508  0.00007413136827442  0.00007982984805559
  0.00008605726810046  0.00009288790216211  0.00010027922212243  0.00010796575558551
  0.00011642802601019  0.00012540315925889  0.00013531512052244  0.00014577077266777
  0.00015676620669329  0.00016744422689262  0.00017771344732964  0.00018821824364289
  0.00019988670920720  0.00021302000301898  0.00022778771236259  0.00024360231920448
  0.00025950105392329  0.00027691242985164  0.00029510598699722  0.00031485120168488
  0.00033522908227722  0.00035583319758121  0.00037743201785404  0.00040104748616671
  0.00042578531417843  0.00045156788960488  0.00047971866441093  0.00051238712576842
  0.00055279816636241  0.00059290831315051  0.00063145923697724  0.00066421315303684
  0.00069581867861855  0.00073086770506045  0.00077077099532171  0.00081132858520516
  0.00084945913081687  0.00089491273392918  0.00094352433171382  0.00099507472179388
  0.00108009721217350  0.00118248372324386  0.00129458677228899  0.00140222138522532
  0.00152292499836404  0.00160095526514917  0.00167525226428038  0.00175753746187012
  0.00184257942156988  0.00193851377151369  0.00204413471006375  0.00220702063750757
  0.00257202647388144  0.00327138171370636  0.00384613744095545  0.00443899023382464
  0.00575294056125293  0.00814350902801396  0.06302014001975742  1.00000000000000000
 -0.00485413546861554  0.02946591897453896  0.05793764937380938  0.08481072849103803
  0.10954441817318820  0.13287206749925451  0.15412666111275272  0.17460270082053014
  0.19594207651527601  0.21506839833838548  0.23177340839440586  0.24756267029954590
  0.26253759533673388  0.27684414636817611  0.29163001921523418  0.30766374024562210
  0.32397803056504726  0.33849732133025678  0.35187418348985233  0.36385257136553928
  0.37626974295240162  0.38905480127693298  0.40274656230599015  0.41603624697557573
  0.42858990642086314  0.44050629757107462  0.45180517406687798  0.46300568232378575
  0.47447754553078525  0.48649114976740959  0.49852142062580995  0.51032141117038510
  0.52154712099737210  0.53191479917344098  0.54080277149953160  0.54960990307465973
  0.55822008324429107  0.56867414520169612  0.57836420479733330  0.58759866930636984
  0.59656089176251803  0.60579676816726280  0.61404522993894572  0.62216676907285995
  0.63012953551883288  0.63860521103001289  0.64739098648608495  0.65623374078285801
  0.66500724408324352  0.67359977022040729  0.68146044742840894  0.68861012956197498
  0.69537655923666253  0.70258762216228166  0.71045637737240575  0.71849077973206688
  0.72598685025376586  0.73375868087584228  0.74170489408388907  0.74972376767537352
  0.75778213773470726  0.76565614522465353  0.77335595670802748  0.78094356150245259
  0.78855070843293329  0.79617494669738298  0.80367684697550190  0.81078533452745494
  0.81701587486045169  0.82291185398228517  0.82894485057425749  0.83554283922002315
  0.84268491608516449  0.85003431209747204  0.85748208062229281  0.86498256909293347
  0.87243929449774393  0.87988796732077657  0.88703159491197214  0.89408191638957135
  0.90106663264499220  0.90817572546369951  0.91560330463641815  0.92325547958270560
  0.93081219431517392  0.93803369983843132  0.94493197862020906  0.95160678105340613
  0.95829827952457280  0.96450080759703216  0.97056077000611363  0.97646629804043061
  0.98222081475299938  0.98807884046207206  0.99413178863061180  1.00000000000000000
 -0.00250591957616820  0.01050088028127545  0.02139281205250430  0.03249350236634480
  0.04339420988366476  0.05427575845264347  0.06505494768491259  0.07617011030705256
  0.08645046777976821  0.09700376701588025  0.10743183852776346  0.11805344363321379
  0.12899341200119765  0.13980213147673637  0.15058895646447812  0.16152702671210159
  0.17264659303063093  0.18396853633365051  0.19522616205385396  0.20628358862487173
  0.21692027715622852  0.22682621480204479  0.23665955473307557  0.24659996905388359
  0.25640387228845063  0.26658646127204438  0.27739300313329085  0.28840292677682416
  0.29891270817579008  0.30944464412793693  0.32049777734255230  0.33146848910763232
  0.34228740802315938  0.35311093333417520  0.36502400427148318  0.37692476078388010
  0.38838268335260034  0.39963299387628587  0.40968419176926851  0.41896254366592411
  0.42822603169059409  0.43776416540489455  0.44805787371114703  0.45810895105565674
  0.46823979228177565  0.47799033724040818  0.48783521799635993  0.49779439578348350
  0.50857592878023217  0.51995323767914403  0.53174114536048667  0.54326886351019144
  0.55466052286776790  0.56566733857325135  0.57660562892475076  0.58712018131056820
  0.59767412298741263  0.60741034196968469  0.61704557866318510  0.62693951798494729
  0.63747744719860477  0.64793423955462592  0.65755021647963008  0.66681471892721511
  0.67636773416265883  0.68634527962098002  0.69660872582339528  0.70703782745305677
  0.71744221338607617  0.72784321135119667  0.73812931025403028  0.74821463694570778
  0.75834121296933243  0.76840833935367470  0.77875116253947008  0.78905057055954830
  0.79926312159068413  0.80979305000137791  0.82050701411095039  0.83140048394012389
  0.84190581594674807  0.85235765423360477  0.86289297739211213  0.87358702967027024
  0.88448155864592959  0.89583247733509186  0.90744636521803912  0.91912935616230085
  0.93041726584226891  0.94143294628568075  0.95240363433623965  0.96259587984624173
  0.97139593954947467  0.98040410028457026  0.98957416237046814  1.00000000000000000
 -0.00287040433883004  0.01404363625328893  0.02812019315008355  0.04258186785022224
  0.05714780542752795  0.07154373046581929  0.08520952627145775  0.09816536433672644
  0.11081850841762468  0.12269532887228583  0.13428144259847494  0.14593502569874287
  0.15800390303406056  0.17019348496826625  0.18246457679077754  0.19442977356257940
  0.20554394607140136  0.21613921445779058  0.22654719400749221  0.23760292804208005
  0.24904750292467290  0.26101666404423463  0.27213007929102312  0.28256834464865571
  0.29205356861365472  0.30172778971130454  0.31170029975872104  0.32219395941214729
  0.33262362327660522  0.34281222174239584  0.35309114711870121  0.36334237933970426
  0.37329624681765072  0.38297971872654041  0.39264913165747556  0.40226240404230029
  0.41163340758442157  0.42074835225023965  0.42997753711764530  0.43966401274085110
  0.44975193368846883  0.45998305445946397  0.47012901711466726  0.48026026229934848
  0.49031708455690137  0.50032943197462354  0.51020675813165484  0.51960870599089803
  0.52878951214786274  0.53807088827975735  0.54757037592497193  0.55725440621629463
  0.56702213935060530  0.57643699937290793  0.58624630223894525  0.59584592048515295
  0.60526692995337306  0.61461724775896809  0.62419439990743864  0.63477593914736763
  0.64502053308671814  0.65536086262354187  0.66585460119806184  0.67644510841843508
  0.68703403067504909  0.69728588112136303  0.70784552824939839  0.71814436685822225
  0.72853518169912501  0.73752761382519649  0.74664248509358488  0.75590231611096492
  0.76589552984502540  0.77639844280205506  0.78674409989749239  0.79701142890739596
  0.80724391725026201  0.81669726113214336  0.82582687842936009  0.83511139552325109
  0.84489797567457137  0.85474833253004545  0.86478407686004766  0.87480582096560178
  0.88587178367923014  0.89726764014154459  0.90790323430924769  0.91763809582191025
  0.92687462588095071  0.93617930104527924  0.94633019739171043  0.95742148598161780
  0.96871856727201244  0.97940136334389216  0.98991639186863967  1.00000000000000000
 -0.00275439350630887  0.01146388161184289  0.02121296328430091  0.03126189823668153
  0.04125144758615435  0.05185032129587229  0.06251282100693073  0.07293485429660211
  0.08404694457212111  0.09573447589202715  0.10720383251318157  0.11827208354196801
  0.12871292419421740  0.13897702433392795  0.14941411771125995  0.16051379919190475
  0.17183759804669427  0.18254819571016664  0.19245470665742637  0.20211881306830468
  0.21240504819558825  0.22346268728893903  0.23475909634918010  0.24581602796103863
  0.25640450875587206  0.26678075637155491  0.27729975571906251  0.28783229555986756
  0.29814566814553833  0.30828339752995931  0.31879593240428278  0.32893808562171528
  0.33883094208223635  0.34872222292361693  0.35856487225071348  0.36845169618240692
  0.37852914272167976  0.38944439986328222  0.40101335347273193  0.41238278068922518
  0.42325359966127907  0.43398175120117866  0.44408806819827257  0.45385867685611692
  0.46417955516793585  0.47506454380122976  0.48681101857241799  0.49807438195861653
  0.50972911331198456  0.52099554731576148  0.53201253729056786  0.54286315068531588
  0.55423043516818482  0.56514032548317661  0.57592652149915735  0.58701732230106174
  0.59867043589418700  0.61011888479730569  0.62087018785446202  0.63132841306249843
  0.64196260125968241  0.65215300966097289  0.66179453787810572  0.67146819746183795
  0.68162603988960191  0.69185149018306047  0.70161410786588196  0.71083809332266878
  0.72077037626141249  0.73090676761166351  0.74143045864341905  0.75234917046181671
  0.76255995135013910  0.77242538965601992  0.78180537755781909  0.79111195455689864
  0.80051222661905719  0.81004099559465725  0.81949035076779930  0.82878559536680585
  0.83830308947611343  0.84847147864304440  0.85923566320453071  0.87031686378043149
  0.88126670779365557  0.89224665325320773  0.90342306023498287  0.91485062170171605
  0.92654376494341684  0.93809494806433091  0.94936689560372101  0.95951400480965621
  0.96912613693398630  0.97877151143661845  0.98871844958674304  1.00000000000000000
 -0.00268807081718757  0.01001465071659645  0.02079415782053370  0.03148582807044881
  0.04268543377845318  0.05414586086990191  0.06525934840648698  0.07584042979062905
  0.08562647492314350  0.09400299279895276  0.10221375471993767  0.11065286548923403
  0.11997185476731247  0.13045073871832694  0.14101603865206264  0.15146926665240928
  0.16176953061736651  0.17229421189740143  0.18283275689510370  0.19341384028885522
  0.20358283812375591  0.21352127906227628  0.22365155445331839  0.23360773394871245
  0.24434823802370806  0.25536010049771357  0.26636736142436751  0.27737774625212569
  0.28808930202609401  0.29845894466967837  0.30902049083141936  0.31982744502541016
  0.33077067470238430  0.34182955745480026  0.35258534359209348  0.36250519898566225
  0.37206356108391975  0.38164305278228006  0.39218468836216885  0.40355453506828282
  0.41484199733669197  0.42610552023365589  0.43730036500422786  0.44835299787864435
  0.45955667722363625  0.47122078895722658  0.48287045629161918  0.49384140679011507
  0.50393776784348432  0.51380290356773606  0.52366449589817055  0.53344097118449740
  0.54304693398668802  0.55227810905616115  0.56160008457883925  0.57126026966149757
  0.58129881022542307  0.59177969970131439  0.60211135508812907  0.61306567269148937
  0.62472923256130519  0.63719254840548822  0.64892860743777403  0.66073756575456155
  0.67214787532843223  0.68369449632555668  0.69573002358326630  0.70799865641084747
  0.72051294257376519  0.73278559558865863  0.74387387040116948  0.75391098412325686
  0.76377618766171829  0.77392978365772114  0.78500893178993036  0.79618885669463613
  0.80721914672719097  0.81780239613974326  0.82767683864834951  0.83757356029830654
  0.84732960246798839  0.85773089822559123  0.86698648839498038  0.87569853730742142
  0.88456804179382909  0.89374922436014925  0.90365805450579273  0.91400330952236541
  0.92544815310963990  0.93734674090211723  0.94888679229493622  0.95943385547032756
  0.96987436718796893  0.97992036804935934  0.99019453161210613  1.00000000000000000
  0.50578391379045995  0.51555928430817444  0.52334044519590084  0.53089604483681241
  0.53744072763200890  0.54291638042425761  0.54827596884142515  0.55393408175966496
  0.55997246703427794  0.56525810397986154  0.57002860628822261  0.57489162926316639
  0.57984122973484586  0.58483674072989611  0.58955499218384955  0.59404039566997258
  0.59864780251347893  0.60342433434175469  0.60848681322976539  0.61372699911753248
  0.61907644478728541  0.62436314556836281  0.62935727652928464  0.63431138137534226
  0.63933141307264330  0.64436629616042851  0.64907950624579902  0.65350035237023452
  0.65787556260105762  0.66237735317060820  0.66694611289469952  0.67158796946458255
  0.67654165984139103  0.68173150971249352  0.68673626208570449  0.69165283761658913
  0.69641183544062724  0.70094500953205585  0.70537456363821260  0.70983555260593956
  0.71451799808082361  0.71917338289283295  0.72408850194422958  0.72891566654998663
  0.73385937622067110  0.73890542436863993  0.74392595768901171  0.74914707993330876
  0.75410542296189753  0.75917658669994137  0.76430042205339588  0.76949505267979879
  0.77465436528664799  0.77969268538279080  0.78458540680869082  0.78948370925530054
  0.79451929816702660  0.79975916370784073  0.80491680638178587  0.80968290669869447
  0.81428613949312201  0.81891535010277527  0.82390599333525383  0.82884139256424538
  0.83371560984892545  0.83854479122508185  0.84340822570855956  0.84821692841241103
  0.85288295603184505  0.85741132139484300  0.86184723527613216  0.86640066910912661
  0.87109379943848142  0.87614130185200456  0.88117142473370524  0.88602847292725972
  0.89085723279849172  0.89592610881039059  0.90125888207386307  0.90662653901660795
  0.91178358009135707  0.91691730462129528  0.92219141073121269  0.92748065123274359
  0.93284974580967195  0.93825183694949399  0.94378588429832588  0.94944369250902383
  0.95495640730418541  0.96076673273012025  0.96690297855121887  0.97310385274356093
  0.97905135315937286  0.98514612587463557  0.99201054456803339  1.00000000000000000
  0.04049292684252118  0.19348716308485214  0.22626242550048173  0.24564854118344426
  0.26188291603396674  0.27772517988238549  0.29299731856147354  0.30721620704159835
  0.32042008903401831  0.33275336856668791  0.34470179564356174  0.35599922778056403
  0.36685534411983284  0.37732816212061815  0.38726559920642473  0.39660081614458148
  0.40530101242817151  0.41363082145535901  0.42224331786382097  0.43111938643429054
  0.43987931944659431  0.44842374983531286  0.45697602367085449  0.46553805893502265
  0.47376074174450061  0.48154991205103787  0.48912772548649780  0.49674307405311924
  0.50426972448606733  0.51135015199699951  0.51816074464288397  0.52497783441982560
  0.53191110318159951  0.53893620693807809  0.54571700840414872  0.55229553031051559
  0.55881105467116310  0.56549483167873815  0.57203538333774873  0.57769074856726310
  0.58328408470735627  0.58860964066522425  0.59447989635391363  0.60070545696638866
  0.60714338019318537  0.61346183730908532  0.61974981960288678  0.62600763289372419
  0.63214973530157093  0.63807713100927299  0.64363768710776048  0.64884735895934342
  0.65391257800713420  0.65894310039462745  0.66403263353201025  0.66930963146012501
  0.67441729806394068  0.67909087728880790  0.68366028508857990  0.68818264213650826
  0.69291885758110583  0.69768892107924729  0.70241445159025995  0.70697026916686045
  0.71130841572574621  0.71559104589677425  0.71986268806898990  0.72420194826939954
  0.72867377431392766  0.73309416356660062  0.73754761779586675  0.74208409354138072
  0.74655136307191694  0.75083579970394909  0.75502825311752497  0.75924442200436115
  0.76357328349954479  0.76803456455729302  0.77254052596189304  0.77688733583423841
  0.78099307836063747  0.78483607824075252  0.78854448129876231  0.79264276180022264
  0.79702648452136582  0.80175033084981262  0.80683127305643787  0.81170145174431252
  0.81715066873164677  0.82299934586987933  0.82844444810410012  0.83401642049729285
  0.84082353336425686  0.84925703229337135  0.86213670102716233  1.00000000000000000
   7.4168006118588355E-005  -1.0000000000000000     
 F F F F F F F F F F F F F F F F F F F F F F F F F F F F F F F F F F F F F F F F F F F F F F F F F F F F F F F F F F F F F F F F F F F F F F F F F F F F F F F F F F F F F F F F F F F F F F F F F F F F F F F F F F F F F F F F F F F F F F F F F F F F F F F F
  <DiscreteSampler_grid>
  grouped_processes
  1 # 1 for a reference and 2 for a running grid.
  10 # Attribute 'min_bin_probing_points' of the grid.
  1 # Attribute 'grid_mode' of the grid. 1=='default',2=='initialization'
  0.0000000000000000 # Attribute 'small_contrib_threshold' of the grid.
  0.5000000000000000 # Attribute 'damping_power' of the grid.
 # binID   n_entries weight   weight_sqr   abs_weight
    76   10   3.936544115042531E+003   1.237918198336336E+008   3.936544115042531E+003
    77   10   3.936544115042530E+003   1.237918198336336E+008   3.936544115042530E+003
    79   10   3.926484116605670E+003   1.256727844531368E+008   3.926484116605670E+003
    80   10   3.926484116605670E+003   1.256727844531368E+008   3.926484116605670E+003
    82   10   6.124517427806229E+003   3.335626379265107E+008   6.124517427806229E+003
    83   10   6.124517427806227E+003   3.335626379265104E+008   6.124517427806227E+003
  </DiscreteSampler_grid>
