  0.00309345661355028  0.01378066714188876  0.02505693731382144  0.03625897896151343
  0.04727291422465337  0.05835105393712028  0.06928266013371207  0.07954967235732133
  0.09005917378908027  0.10053259046975589  0.11111042969774901  0.12212919268639585
  0.13327818407062375  0.14491964847964325  0.15614588051164796  0.16719689974880431
  0.17807896325305192  0.18896166588111460  0.20002949420516614  0.21116986924937914
  0.22231845409460349  0.23338105994958044  0.24454592334258168  0.25575708162586130
  0.26723895160195643  0.27850147375848994  0.28923204464096836  0.29972636466396080
  0.30991741329770089  0.32041500690824476  0.33096448725004834  0.34086887184597192
  0.35070578066321134  0.36063508911703351  0.37052948299391425  0.37993104282041595
  0.38941536336917876  0.39946429891689028  0.41020304389748385  0.41995570029791879
  0.42904935017606194  0.43827393611803062  0.44805889522944642  0.45808213124870278
  0.46804170262364742  0.47791504629824100  0.48784990044737220  0.49835209687455001
  0.50933645558780649  0.52044757568649980  0.53125374201066478  0.54147782433050429
  0.55157455998188742  0.56113828533085863  0.57098924698740983  0.58119866155499611
  0.59199908396594225  0.60276333024454687  0.61322828008375396  0.62313239050142422
  0.63289385810647025  0.64275699478557446  0.65309856379982467  0.66361192654334644
  0.67441169034530690  0.68461575437637623  0.69492735803702876  0.70524982314777707
  0.71632503844368789  0.72727295265701430  0.73794318785062007  0.74865239524769855
  0.75956876999425016  0.77040360916836692  0.78127367075757748  0.79224417432465810
  0.80339552056829855  0.81432597371844007  0.82509695723536580  0.83594720107298859
  0.84641981522931753  0.85632018691853573  0.86608644828399950  0.87635333578686792
  0.88669035955390474  0.89760461946523951  0.90798312592183728  0.91884590859602966
  0.92927779232956564  0.93958831193009718  0.94968241570325540  0.95918367337012933
  0.96873337252371228  0.97849043906900202  0.98904413100528965  1.00000000000000000
  0.00002662640454824  0.00003306744534515  0.00003777018038394  0.00004300809897626
  0.00004800489907756  0.00005242977802403  0.00005657619327715  0.00006047165274733
  0.00006428744490571  0.00006810663262583  0.00007201789958433  0.00007598585464200
  0.00007991081763082  0.00008386582847979  0.00008777609515366  0.00009168331498799
  0.00009567488132689  0.00009964444059844  0.00010368966512718  0.00010781115964344
  0.00011191265925838  0.00011602848697986  0.00012060134187190  0.00012540004152172
  0.00013020372582191  0.00013513897541739  0.00014022611391595  0.00014539806798777
  0.00015075131965535  0.00015637744825899  0.00016223159776879  0.00016819006737904
  0.00017413887104116  0.00018063163659780  0.00018742756700377  0.00019429897429176
  0.00020103292463106  0.00020851075590247  0.00021617809001954  0.00022418411762274
  0.00023277494504875  0.00024124279548695  0.00024957228803542  0.00025806287294974
  0.00026701440791003  0.00027678756403890  0.00028673789306706  0.00029762040438983
  0.00030865832170909  0.00031987354768247  0.00033164509006823  0.00034471442277567
  0.00035908113759659  0.00037405524682085  0.00039147783116186  0.00040911877660687
  0.00042697277771634  0.00044575820920409  0.00046506768804255  0.00048431588928369
  0.00050367290690742  0.00052536704628975  0.00054885435927954  0.00057236502884685
  0.00059353285949898  0.00061617949460146  0.00063895165954349  0.00067408672189140
  0.00071201322386481  0.00075084555505031  0.00078978018687262  0.00081697710280333
  0.00084633390354781  0.00087694692571931  0.00090878920180772  0.00095822360887596
  0.00101408717619444  0.00108576575045805  0.00116740808144626  0.00126317024802945
  0.00135330670961723  0.00143853609391222  0.00152750737079287  0.00163189529453882
  0.00176583670841953  0.00195080380615141  0.00220452645676413  0.00242716159074551
  0.00272377211705022  0.00309470197320142  0.00362152370209044  0.00419784213372539
  0.00499638295438319  0.00774993714896471  0.06402364673745616  1.00000000000000000
 -0.00204081910938541  0.01090259732567115  0.02115772418619224  0.03196926702002134
  0.04227208911011178  0.05291205194905907  0.06326216771758776  0.07402271544736766
  0.08461402945635579  0.09499394667854412  0.10548331359008395  0.11598324330524555
  0.12677620843582457  0.13694893126730909  0.14713535592643653  0.15679185787707334
  0.16657048019732887  0.17620863961079561  0.18574513690760341  0.19473692588854724
  0.20374904363315738  0.21254412124318561  0.22185415692366448  0.23113835909313046
  0.24043923500023090  0.24979685417385836  0.25950071052252804  0.26948655996315890
  0.27975027007570263  0.28966976375238707  0.29947269448011749  0.30946705439790950
  0.31967170956182800  0.33008432292897433  0.34019341280039350  0.35053022319583993
  0.36103571261755085  0.37176388701291507  0.38232646460342889  0.39275461536401429
  0.40234720536075941  0.41232203004886264  0.42238236951488012  0.43289253141180839
  0.44338201863103865  0.45390360790856155  0.46395942890976033  0.47382440252100211
  0.48357661544181019  0.49395849837435624  0.50472629294125537  0.51555674160776399
  0.52590144314227083  0.53565380335627466  0.54465363278837053  0.55353513407242394
  0.56278464536953654  0.57281108656419943  0.58354674902757864  0.59430264015058887
  0.60501766203560603  0.61547223170305876  0.62580424571359405  0.63587334399654782
  0.64562440425132739  0.65577052549568826  0.66597076839985636  0.67700364392512968
  0.68747448699953062  0.69827589757716602  0.70825595353220927  0.71863716768843244
  0.72860185779741016  0.73917790034377584  0.74988050199130507  0.76037862114862365
  0.77183021442655830  0.78348219503571681  0.79503042849385330  0.80591061342915216
  0.81719979175747470  0.82867972391091049  0.84030415326776009  0.85123200750589167
  0.86204203681086677  0.87318480387876407  0.88525350488690813  0.89747788660282557
  0.90881653465684220  0.92068617233165551  0.93310203485190291  0.94616547000185447
  0.95930334337109646  0.97325896650022392  0.98671618638120928  1.00000000000000000
 -0.00187504268941649  0.01061388894554748  0.02159830291841756  0.03273302494056553
  0.04436790951227819  0.05574109356409550  0.06609749475887618  0.07595735068282071
  0.08594459453996980  0.09634101387627150  0.10654011500222273  0.11636832742504800
  0.12609115737080426  0.13622791434056844  0.14641494590885076  0.15652808815245248
  0.16675790735949614  0.17755092937315498  0.18803611433255363  0.19815664311135511
  0.20814673421970642  0.21831280511540790  0.22836262923459119  0.23803455575976920
  0.24815187584140697  0.25904333846838651  0.27027167579882794  0.28173401888557725
  0.29273535810645146  0.30384876947502815  0.31446205802533456  0.32523513836183676
  0.33621153407833193  0.34696037392605811  0.35749639063402056  0.36748985277664781
  0.37750033521677073  0.38786806594139545  0.39835086814350562  0.40884190533283388
  0.41922008242745562  0.42973550095852237  0.44003647456221562  0.45030461364860724
  0.46035255569957700  0.47068281535984413  0.48104040654654029  0.49129984875668470
  0.50128151083689498  0.51135923490994661  0.52181040058429407  0.53263121931291657
  0.54326056343877105  0.55395005588237745  0.56442306158494115  0.57472972076730622
  0.58523362558096581  0.59565317817540231  0.60561512817206808  0.61518928640577564
  0.62534955725758024  0.63617937167195793  0.64677956712235130  0.65702436826684041
  0.66724873474392232  0.67765372729517770  0.68805686972000313  0.69887616820319476
  0.71061891952194323  0.72200679653123745  0.73273442515594356  0.74306318995025078
  0.75380497130176249  0.76469163095048920  0.77512567478100658  0.78479010675959837
  0.79442826954592960  0.80421985408482810  0.81497915404285981  0.82618855541319869
  0.83665270019975635  0.84635328875735150  0.85621948723375596  0.86676993239278899
  0.87793840166597281  0.88915146953575963  0.90087376795214313  0.91305537393050451
  0.92489540947719417  0.93635000724609463  0.94773490889068746  0.95918023786844586
  0.96996222183011882  0.98006654097007206  0.98995043162359320  1.00000000000000000
 -0.00247566775676788  0.00820543558821972  0.01804705729285378  0.02902240525108908
  0.04043141805638025  0.05214193236129230  0.06355609107042795  0.07473696540043791
  0.08552395436068166  0.09621496701375820  0.10701478485390147  0.11818548713145829
  0.12923432443729099  0.14023153331390797  0.15104390561234352  0.16193790930694729
  0.17296765897197716  0.18425581583988121  0.19559710540038480  0.20695922931944832
  0.21839523371953889  0.22999958680757263  0.24164475715113801  0.25304521461307239
  0.26444176759151294  0.27608580727566695  0.28795059263603062  0.29975852239850664
  0.31144565835620042  0.32323779908538508  0.33477423139259394  0.34627941806543872
  0.35751065049572622  0.36869683062971043  0.38013199925277530  0.39150773657615306
  0.40311774168501263  0.41451625111790469  0.42604625885435554  0.43746739743622826
  0.44851828431163687  0.45937726161762166  0.47038977128919118  0.48169782726084148
  0.49317003905936613  0.50435133873385196  0.51499222350796214  0.52527077914804743
  0.53547292686604031  0.54622352956031595  0.55691364759873929  0.56746032354644649
  0.57800868623373802  0.58894197960160266  0.60030422759836766  0.61148790085054905
  0.62265215227963833  0.63408710026217230  0.64567533940680455  0.65701022847974044
  0.66834342355358634  0.67980365769579287  0.69134594015010686  0.70293384057959674
  0.71468946975121239  0.72613328691354972  0.73674860530437958  0.74679261758304039
  0.75692515365142932  0.76725339654228253  0.77763009092050162  0.78783063950405252
  0.79790805780232399  0.80783924860811007  0.81719938397064684  0.82602715580994035
  0.83513410344428385  0.84432874093346788  0.85399751974360116  0.86320057837250941
  0.87203568846612045  0.88079902585414938  0.88968069537582206  0.89901617849872817
  0.90842576118877305  0.91761998331529937  0.92675187513200696  0.93563827134773581
  0.94450079072753346  0.95234907372665201  0.96026424722039971  0.96760991488326775
  0.97482750633251136  0.98273900001422787  0.99085015119417552  1.00000000000000000
 -0.00265601824879408  0.01106189383207132  0.02288474861238303  0.03488801847761878
  0.04616763841995337  0.05722970367571890  0.06767480408520511  0.07848779480013571
  0.08984078173486955  0.10086348227051503  0.11088022614539209  0.12001559451077730
  0.12954140315421131  0.13973133339898403  0.15080949250456213  0.16240131998583504
  0.17382675484762808  0.18466824837079043  0.19485235086263614  0.20505638891548142
  0.21528859110137133  0.22551861744819388  0.23581790214101170  0.24561718846039077
  0.25561257623334677  0.26544779374238625  0.27573209142113536  0.28639214287380127
  0.29708924223604705  0.30760877091182531  0.31791200590518282  0.32838919466218108
  0.33955881343111621  0.35106269786547023  0.36227734272543088  0.37329257660730514
  0.38423303871160741  0.39526368137648876  0.40577004592344612  0.41647188360077564
  0.42707758534058904  0.43761932405889947  0.44802197057901855  0.45843853184974065
  0.46922032992012330  0.47964853422615666  0.48993156593559017  0.50013657945874468
  0.51010251505976234  0.52027895326100038  0.53065423090012565  0.54163401534405009
  0.55262545287312703  0.56329276178053145  0.57362587757819605  0.58373352098839359
  0.59377658196603145  0.60341776710589135  0.61328125391465105  0.62382042122213344
  0.63482317880884087  0.64571341646502278  0.65606551579137229  0.66671674817890492
  0.67776163547552271  0.68892543989498400  0.69969709480273223  0.71016764662948506
  0.72054371409443585  0.73078220876013211  0.74059809958078660  0.75040017226802536
  0.76032265609371019  0.77026664036143200  0.78053920808290234  0.79118787291891834
  0.80245626181541418  0.81350332096704325  0.82422762770343039  0.83473336953477983
  0.84482077730094984  0.85448939603745588  0.86396529621267804  0.87361280994953083
  0.88388595139582005  0.89454243984688497  0.90512336094375634  0.91592285326117107
  0.92750730064540721  0.93911458109507517  0.94978000598319312  0.95989427462483823
  0.96993456349322027  0.97999754731605571  0.98990787601672836  1.00000000000000000
  0.01387872608849497  0.02515151644580401  0.04018349881595422  0.05456575794154084
  0.06832782213045455  0.08170633480674926  0.09539716341840918  0.10872742995996476
  0.12155746283828789  0.13442876638674015  0.14735234141892548  0.15998693167193509
  0.17241688664590993  0.18531447882462895  0.19786579979188446  0.21022214451715104
  0.22110590221111354  0.23243523800890664  0.24360210473390081  0.25529669791756465
  0.26619249275530299  0.27672513410321137  0.28735188897058644  0.29819657936863764
  0.30913092807367748  0.32008488028686910  0.33037105700923369  0.34016288569229886
  0.34977268586325116  0.35960491454024435  0.36968231693367065  0.37986580601947273
  0.38997233928909592  0.39985527287321831  0.40931360958875895  0.41882573629421083
  0.42852725454898599  0.43867824451997661  0.44866347327114903  0.45853013008854354
  0.46747011880285472  0.47618196044823824  0.48502064310048743  0.49434182694102780
  0.50401181753421975  0.51337475133194421  0.52261057212855366  0.53180239471405044
  0.54094433680139098  0.55014047280171863  0.55953097760373116  0.56927904902115134
  0.57918745035258934  0.58904008224722471  0.59832276386452066  0.60752112245888967
  0.61678396382302181  0.62639996116955665  0.63591358280287547  0.64510035791856291
  0.65390780742184440  0.66269681489588206  0.67166249547128665  0.68073442217754032
  0.68998724673126199  0.69909098145286508  0.70827860435934886  0.71736840632430798
  0.72619479436243684  0.73466733308169418  0.74317670232411692  0.75214603367864818
  0.76166467071168109  0.77142929779894731  0.78115680705173496  0.79064641375266520
  0.79963855992401167  0.80844861331138818  0.81724097451779720  0.82648302550581543
  0.83610411256891959  0.84606275636063455  0.85577817705781278  0.86552287479280543
  0.87548223535950431  0.88562547539683867  0.89617681249819725  0.90607536604046457
  0.91654608711362007  0.92699338186797953  0.93803122703474384  0.94979979212224697
  0.96119140265159941  0.97326866341020313  0.98547617360774686  1.00000000000000000
 -0.00208085721342858  0.00875028081005213  0.01869627034266469  0.02895997140468032
  0.03984105661779349  0.04944061844628987  0.05863621056252305  0.06775242357251533
  0.07763965275745309  0.08841263512652502  0.09978087461867335  0.11124215333572370
  0.12262662479888864  0.13335033963200929  0.14398805988885513  0.15487801527896389
  0.16585880391950272  0.17681024176001819  0.18767078205859344  0.19815310523168272
  0.20890075413144926  0.21928354470933453  0.23020438183078251  0.24121466450711876
  0.25188680535512664  0.26215848262887481  0.27221208796752888  0.28264469541024634
  0.29335863149518182  0.30373065194900561  0.31405643621058382  0.32445990445933159
  0.33520217267727248  0.34532816926693266  0.35568197461045392  0.36606986284529464
  0.37670440384663489  0.38685618482086298  0.39674925788098020  0.40705796952457612
  0.41734781778175511  0.42777446524659424  0.43821185138455898  0.44904265463723853
  0.46004424553880696  0.47090722462987439  0.48137001208785257  0.49189818087286935
  0.50269677627811526  0.51352401319458651  0.52420038541451341  0.53493767310375151
  0.54582493709997415  0.55697980450399287  0.56834214120592730  0.57956463672564906
  0.59020421420748026  0.60069252042061783  0.61136804792574062  0.62239183437077528
  0.63344891266101611  0.64411095782698691  0.65441227043026584  0.66476945432828327
  0.67535364306092760  0.68605450953319347  0.69659142064875457  0.70701768700457013
  0.71752791551512607  0.72799563443518744  0.73843197404818450  0.74880804567760195
  0.75889746813034020  0.76871822313036686  0.77846939533071879  0.78795753771951904
  0.79763014249872100  0.80745650963477378  0.81839756803444963  0.82980268908352173
  0.84123973242379102  0.85235580823693435  0.86318775605320830  0.87369912242297598
  0.88354604690232541  0.89389551058411099  0.90408146014483359  0.91431106223143865
  0.92464461082586336  0.93516418503111876  0.94573463588734097  0.95705599239006889
  0.96816448697540269  0.97979624715378466  0.98963006663090514  1.00000000000000000
  0.45694287350563390  0.47534388320970677  0.48675498091467290  0.49763690539549527
  0.50669350983159522  0.51512187004004761  0.52257918392795466  0.52907988914693493
  0.53528148338873083  0.54183134239684905  0.54928965183972678  0.55712857749748879
  0.56462643202550677  0.57179860386254799  0.57895774728599492  0.58605613241162091
  0.59276944512710372  0.59918326702006952  0.60546004342035908  0.61154294093777972
  0.61789834006784183  0.62427060834122461  0.63056189561897369  0.63675516101390206
  0.64267986170800062  0.64846805712385303  0.65433022564222854  0.66003919758899465
  0.66563839420505033  0.67083112842758608  0.67585047606872573  0.68088242508994112
  0.68605038188007905  0.69142576873984540  0.69693768779944631  0.70247282857189264
  0.70790058408929413  0.71322563603334033  0.71850755273739630  0.72374319594969538
  0.72900957854590887  0.73436710096544233  0.73975032326342616  0.74491904586176882
  0.74978518271704986  0.75447468766985637  0.75905998681048958  0.76383865021152331
  0.76854708820295869  0.77344245044102133  0.77831476736180316  0.78335688373014178
  0.78839784594270435  0.79348179846130917  0.79854291455254978  0.80354916853360536
  0.80845980250716643  0.81315225731660790  0.81765845445422258  0.82208203850131223
  0.82653101905073001  0.83108887172778878  0.83565731371815666  0.84017544736272387
  0.84459120066142712  0.84903319586926518  0.85355855593960905  0.85804497442758276
  0.86246939652029375  0.86682727585896757  0.87120956689458429  0.87558335798389419
  0.87999180372391317  0.88449662843579613  0.88892284318904924  0.89318500650130406
  0.89746795114058531  0.90182852094759969  0.90642584499416934  0.91102715318205896
  0.91549800341452858  0.91994829077245133  0.92445337821283857  0.92907124804928809
  0.93371909156045885  0.93833946018829539  0.94310756683985941  0.94787228628134756
  0.95261206809465482  0.95746446937269036  0.96261614364385495  0.96824564520722567
  0.97430522290684995  0.98120221298684507  0.98970204005189821  1.00000000000000000
  0.06729211076771786  0.10482759874024895  0.12079312127836056  0.13083172294377390
  0.13969603070848738  0.14966723809618601  0.15924920290775491  0.16753414849030460
  0.17412562885442920  0.18009106862285790  0.18585036736658458  0.19140390473574803
  0.19684686662216891  0.20224740718094067  0.20757501201025591  0.21280380094491294
  0.21800099722735922  0.22304642387705040  0.22792929921113925  0.23301599029295206
  0.23806464694287377  0.24306151406794124  0.24790431797055026  0.25261539140385680
  0.25731405191998813  0.26214475628282669  0.26718720908889959  0.27232883375630418
  0.27741157805516448  0.28239992949253345  0.28726499725339938  0.29232342911288645
  0.29772096472555432  0.30305648869535617  0.30827105224610951  0.31313046353564172
  0.31818018906941081  0.32341963368535920  0.32873535708543516  0.33422924333274612
  0.33979670726232963  0.34547071653085748  0.35112397480365032  0.35674253904836412
  0.36254103593685189  0.36844639856624917  0.37430368099943317  0.38005558954223839
  0.38578920623394203  0.39177363136109117  0.39790071225154328  0.40403974266181153
  0.41007153809152191  0.41620297583975469  0.42245120026290534  0.42875287856821004
  0.43496347422694498  0.44103215940521456  0.44710037718370427  0.45343314182109978
  0.45999262457594065  0.46667095312956947  0.47343516407076713  0.48037753045536097
  0.48756254064829252  0.49453656906272897  0.50132288721472551  0.50815444628274797
  0.51534985817057499  0.52275423803079768  0.53023310794998735  0.53775211132838430
  0.54580915992790424  0.55440491028235528  0.56324573960211333  0.57232149736372606
  0.58132869005894316  0.59046453868894333  0.59999804592376849  0.61005837897831616
  0.62006082109319971  0.63014305164556994  0.64074112964304297  0.65236389494895752
  0.66463537152265351  0.67727074531492060  0.68990749292766695  0.70323448489818963
  0.71746951322268804  0.73306308638389328  0.75000436572256934  0.76851597895961010
  0.78888612292378357  0.81082445152962979  0.84273012389526281  1.00000000000000000
   2.5789801481112269E-005  -1.0000000000000000     
 F F F F F F F F F F F F F F F F F F F F F F F F F F F F F F F F F F F F F F F F F F F F F F F F F F F F F F F F F F F F F F F F F F F F F F F F F F F F F F F F F F F F F F F F F F F F F F F F F F F F F F F F F F F F F F F F F F F F F F F F F F F F F F F F
  <DiscreteSampler_grid>
  grouped_processes
  1 # 1 for a reference and 2 for a running grid.
  10 # Attribute 'min_bin_probing_points' of the grid.
  1 # Attribute 'grid_mode' of the grid. 1=='default',2=='initialization'
  0.0000000000000000 # Attribute 'small_contrib_threshold' of the grid.
  0.5000000000000000 # Attribute 'damping_power' of the grid.
 # binID   n_entries weight   weight_sqr   abs_weight
    13   10   4.507177829504916E+001   5.660125657675313E+003   4.507177829504916E+001
    14   10   4.507177829504903E+001   5.660125657675302E+003   4.507177829504903E+001
    16   10   6.517413785503439E+001   7.549396089015747E+003   6.517413785503439E+001
    17   10   6.517413785503427E+001   7.549396089015730E+003   6.517413785503427E+001
  </DiscreteSampler_grid>
