  0.00314469793395552  0.01355706046880782  0.02573448940647215  0.03872037467615881
  0.05125449656981217  0.06286337660800247  0.07457577114155997  0.08602203027780032
  0.09707106537724811  0.10731804437889476  0.11699854629328052  0.12729317328510750
  0.13777972012480155  0.14913966888993160  0.16121708290661702  0.17109361868333187
  0.17804134508138988  0.18450292971191787  0.19144128809498678  0.19961631032240360
  0.21133919152085806  0.22233691176257495  0.23270202185517133  0.24354313683551007
  0.25565861232929532  0.26839670320558096  0.28130192932970671  0.29402963861686388
  0.30629630966995020  0.31827967068441554  0.32986291149830166  0.34107686013851002
  0.35204278491405383  0.36201351443459373  0.37045278599905379  0.37822264850226639
  0.38611993998598987  0.39469692447235089  0.40370855933537680  0.41294397383813231
  0.42297382339245509  0.43372860582240075  0.44324119124529887  0.45190414157130177
  0.46050083719068635  0.46913614193852832  0.47785881841947164  0.48711604200248226
  0.49601576642628897  0.50557624898728726  0.51577268647396557  0.52654802674252066
  0.53745838268556290  0.54874165876212899  0.55923395017885891  0.56930490067915496
  0.57999887142037665  0.59051390057409248  0.59962776484286695  0.60778864298134683
  0.61551059417867449  0.62314273189333313  0.63211172194187415  0.64186098634680155
  0.65276373017189904  0.66389521822205644  0.67441634696698494  0.68473946725339729
  0.69530082436866036  0.70612416050444915  0.71731535619352205  0.72911736954827688
  0.74146055997385529  0.75322157621374530  0.76401045130551126  0.77402826199776897
  0.78383403674152041  0.79361075947996218  0.80322421599642746  0.81357733558070444
  0.82583455102572634  0.83787099965553358  0.85070262179497191  0.86232924756162677
  0.87355398671232432  0.88426675957539458  0.89502326012050037  0.90593034216144064
  0.91703353455181269  0.92904496053262298  0.94158414585450478  0.95357701149522178
  0.96499155344359056  0.97475379799163098  0.98369784980631081  1.00000000000000000
  0.00287522556081643  0.01503895142133202  0.02514905557249993  0.03433228628855717
  0.04261959941944589  0.05194781089355763  0.06183883212687070  0.07297983122758404
  0.08395660753423470  0.09455114436064013  0.10483534235516578  0.11501349383746189
  0.12649921424245847  0.13902968056763496  0.15156274766785122  0.16316107308155242
  0.17418511726909369  0.18499001916785587  0.19555407156949661  0.20638224795486509
  0.21698235537297761  0.22546481036219404  0.23366755618728344  0.24229901545487659
  0.25092062158514661  0.26176101081833408  0.27400116545216935  0.28693251024886285
  0.30038366159132196  0.31304211444896557  0.32481709370034872  0.33698580531458733
  0.34927264444708223  0.36231555787228098  0.37552803487354003  0.38690816553870666
  0.39821402216916441  0.40861658582386545  0.41906447161912447  0.42962395006597148
  0.44060922008040215  0.45242275147501293  0.46348152637598711  0.47374140073287602
  0.48524431745408542  0.49649209407888295  0.50749551142009974  0.51770302287766712
  0.52884322446413756  0.53985817364220590  0.54936132431518880  0.55851609428960758
  0.56813509157395670  0.57935576061956173  0.59030999218814795  0.60129678560856714
  0.61104390333362724  0.62015531432401028  0.62944263438067538  0.63851316402491043
  0.64734865636265326  0.65494490678131867  0.66231373867520871  0.67094306574684470
  0.68163873965363786  0.69312925958786831  0.70572382441434189  0.71934995857733852
  0.73192371627722930  0.74443461091797858  0.75616971535340860  0.76614900569397426
  0.77564022166734725  0.78515531385282489  0.79538775073919399  0.80641409419371679
  0.81726564572270699  0.82718729783533373  0.83707904214586204  0.84670895647814182
  0.85733902898684078  0.86885442698446902  0.88065382498462186  0.89206793718530364
  0.90183054349529623  0.91106795511936101  0.92025657384880877  0.93029157707076626
  0.94056357350199926  0.94995977053851488  0.95824618997649957  0.96640830605168659
  0.97523612008775895  0.98402288739642085  0.99202534913985507  1.00000000000000000
  0.00000328534013156  0.00000367056511175  0.00000396897744459  0.00000425614865681
  0.00000460588246753  0.00000496482485797  0.00000537109336866  0.00000586126874962
  0.00000637219912572  0.00000694313837648  0.00000752410496403  0.00000819894342104
  0.00000895941083661  0.00000974261381544  0.00001050293064038  0.00001127559349756
  0.00001203175348592  0.00001272475473225  0.00001335657293671  0.00001400196821021
  0.00001464968446599  0.00001531829702551  0.00001608382990175  0.00001696562875186
  0.00001796916359065  0.00001904333310165  0.00002012081885842  0.00002124851039351
  0.00002239964719298  0.00002366221152826  0.00002484030256783  0.00002598837314428
  0.00002718032083986  0.00002845204503429  0.00002963040849342  0.00003076077894679
  0.00003213513049630  0.00003355224657718  0.00003497138316048  0.00003670030865513
  0.00003870034426101  0.00004078594729742  0.00004325044507074  0.00004584683354576
  0.00004832268225696  0.00005077706163334  0.00005326379581210  0.00005608330248978
  0.00005900253776903  0.00006219751563878  0.00006539367223332  0.00006878730275564
  0.00007212909359918  0.00007546995863778  0.00007949126959416  0.00008390794775169
  0.00008902186021198  0.00009533198809688  0.00010195573601180  0.00010864934254186
  0.00011545238888727  0.00012282845334819  0.00013238069940327  0.00014400811645729
  0.00015830614218719  0.00017441193850489  0.00019230796926640  0.00021270271122780
  0.00023797410039817  0.00026930579377939  0.00030660669566551  0.00034544274134647
  0.00038819391788907  0.00043668155758865  0.00049221124792790  0.00055581277779652
  0.00062445205588953  0.00070266064391769  0.00079100346475292  0.00089843845977725
  0.00102334362975296  0.00116953832332237  0.00134105329943336  0.00157207583214970
  0.00190077509929165  0.00225874142572506  0.00261725642300058  0.00301344441631697
  0.00343870787833707  0.00403451637198524  0.00466191675565631  0.00580037380352265
  0.00692321567948912  0.00835541697920772  0.02338957559348854  1.00000000000000000
  0.00000416174931886  0.00000457373604376  0.00000486252882788  0.00000510861679498
  0.00000533420650933  0.00000556877143967  0.00000579739404864  0.00000599979670415
  0.00000622457330279  0.00000647140396098  0.00000675606552737  0.00000714836370869
  0.00000761011218748  0.00000811900226145  0.00000868147074439  0.00000922327490002
  0.00000981335383179  0.00001048120330809  0.00001120730919929  0.00001206148372430
  0.00001293542321865  0.00001381457929974  0.00001470749182280  0.00001559168478840
  0.00001645796884480  0.00001739433915541  0.00001847248209005  0.00001972263227094
  0.00002124008470055  0.00002275574757847  0.00002444776575316  0.00002626250815178
  0.00002808725747702  0.00002955211155136  0.00003099999322258  0.00003264318858357
  0.00003420564898413  0.00003593990378547  0.00003808989323965  0.00004032079213167
  0.00004270077274350  0.00004555944961322  0.00004850112784784  0.00005184517468621
  0.00005527965980402  0.00005860092533059  0.00006196503719149  0.00006562662868678
  0.00006990120957818  0.00007497636318420  0.00008075692823877  0.00008724528081524
  0.00009455067693091  0.00010267455501117  0.00011086604953618  0.00011962430901874
  0.00012939428686548  0.00013922644941171  0.00015057537804959  0.00016426737383820
  0.00018388419761695  0.00020524056557258  0.00022738835751887  0.00025062931727362
  0.00027639115881800  0.00030367420654123  0.00033270041023170  0.00036883875962084
  0.00041063548917376  0.00045096219683839  0.00050105574826740  0.00056546651822275
  0.00064168547448534  0.00072757555539902  0.00081590101157401  0.00089703561453496
  0.00098303157872043  0.00107221499645176  0.00118875569738585  0.00136916811747750
  0.00155377968762093  0.00171423879113853  0.00185040994873155  0.00198831832825655
  0.00214086176602833  0.00229783598973244  0.00257931395679058  0.00284242133978627
  0.00314334718894268  0.00346467811323584  0.00376910985776262  0.00399750282113819
  0.00424522958312506  0.00450593865681809  0.22425989531004864  1.00000000000000000
  0.00000578570932494  0.00000777629227715  0.00000863290406180  0.00000957397919960
  0.00001051588330368  0.00001147751011505  0.00001224552668807  0.00001356425794514
  0.00001497886663043  0.00001611481809413  0.00001727894922879  0.00001881626074403
  0.00002043279501982  0.00002212480439493  0.00002382355419351  0.00002565399099361
  0.00002756933345056  0.00002984646620438  0.00003234886811545  0.00003492463254039
  0.00003791286187760  0.00004129076768278  0.00004505757687374  0.00004905591636775
  0.00005343825343278  0.00005857261757041  0.00006552550834767  0.00007470133903636
  0.00008565126266330  0.00009706482489150  0.00010905557132661  0.00012112472031394
  0.00013363321913098  0.00014633175893919  0.00016124011994812  0.00017754491281532
  0.00019459741375262  0.00021254528627531  0.00022725136653285  0.00024234699246776
  0.00025826296324050  0.00027565059938713  0.00029583379974175  0.00031739150556407
  0.00033850537176938  0.00036071836103206  0.00038514722915202  0.00041141618625745
  0.00043887915045308  0.00046421136877120  0.00049210358330744  0.00052173531354614
  0.00055113758233557  0.00058276516081967  0.00061580738345386  0.00065112051187015
  0.00068729252940637  0.00072379867119559  0.00076265948092624  0.00080758422715920
  0.00085584248568732  0.00090190076759738  0.00094401416439181  0.00097966213223173
  0.00102432969701163  0.00107535605371959  0.00112986968322239  0.00118206887224921
  0.00123306383017031  0.00128483724798459  0.00133671386552866  0.00140027352761086
  0.00147295036570465  0.00155077420190044  0.00163117930216403  0.00171252456002936
  0.00178559179597617  0.00183707735357416  0.00188744725649639  0.00193928686993010
  0.00199530930920735  0.00205883092017137  0.00212481749136751  0.00218894031067890
  0.00226374595858486  0.00237452619875641  0.00255096003606104  0.00279938960472466
  0.00308326244995848  0.00341757503554353  0.00371917498489984  0.00410916331151801
  0.00447498823575908  0.00502784962952023  0.02611494231966680  1.00000000000000000
 -0.00125513959878561  0.00836790225633675  0.01748610387376497  0.02741301318089922
  0.03772482286067366  0.04808342341595061  0.05859731621558747  0.07021217263650298
  0.08305883623583268  0.09627617653590867  0.10986701978434277  0.12352022607431787
  0.13709886878392072  0.14868187440330202  0.15870623487789107  0.16961817341063182
  0.17894146638124520  0.18683752816660146  0.19521919747481731  0.20406026640583155
  0.21245149347814568  0.22514999116217826  0.23973715830445633  0.25417273450088662
  0.26882146053600942  0.28106944922364419  0.29336435492280694  0.30501509966594248
  0.31780004153246932  0.33027241949900477  0.34212743054479278  0.35299058241873110
  0.36381621559413563  0.37475766593143683  0.38693389825865987  0.39968454155996280
  0.41248762916786919  0.42405028675109901  0.43596767498428474  0.44961480305526419
  0.46174757779563919  0.47160354437211616  0.47948121230156032  0.48784660108225203
  0.49568033418214030  0.50470112342639251  0.51501727828623733  0.52739314480225929
  0.54043036062799976  0.55292491176012404  0.56447826721246874  0.57533993142641437
  0.58593074791123811  0.59680700040983548  0.60709378355633525  0.61668427328348052
  0.62541698999454753  0.63373539080775254  0.64233986219791850  0.65060525746615039
  0.65806593484759357  0.66535394361859401  0.67515150933130341  0.68595804273746663
  0.69567586422759953  0.70489646884277901  0.71306401919907081  0.72157303302001763
  0.73089455013746096  0.74023984343604432  0.75041134020644507  0.76014055549511605
  0.77020813613810901  0.77987645267520600  0.78882512308223618  0.79700270949547614
  0.80464673181131963  0.81201159625292474  0.82130958548877597  0.83057828153130575
  0.84024594037131983  0.85016786420873358  0.86204028440887037  0.87315536916655434
  0.88359659175325767  0.89381025440384732  0.90485730598817227  0.91666541225285236
  0.92861524186641242  0.94073318165765796  0.95319749212295224  0.96454675200645978
  0.97423090238955345  0.98317094145178352  0.99170403966986165  1.00000000000000000
 -0.00224772449182123  0.00930548954826968  0.01972117160093239  0.03142785233329645
  0.04305673838103585  0.05429914084183007  0.06511273326410626  0.07618693134452428
  0.08732849451190453  0.09923982730999679  0.11105186562589761  0.12280112601006976
  0.13443493927868438  0.14576489376132029  0.15768163834067889  0.16778647703565985
  0.17748500109732884  0.18806544096438016  0.19947237350473362  0.21063062391804607
  0.22118618895404596  0.23180961410551904  0.24251717726022945  0.25287342837276544
  0.26261546947486997  0.27252292856046539  0.28338261112241825  0.29494955134071671
  0.30668811626542580  0.31838579528969690  0.33024078923203293  0.34184599946529071
  0.35322061194378851  0.36524040531796548  0.37713235936289552  0.38861479926512410
  0.40034267102771559  0.41297442908947479  0.42638905873288047  0.44046248360314089
  0.45397419180251797  0.46572330687835323  0.47653112000823850  0.48659557903926232
  0.49765536576398589  0.50799170192836562  0.51904053735649025  0.53043231614702413
  0.54186653674581475  0.55293724809443756  0.56372737417881136  0.57398334701318066
  0.58380350752163723  0.59354312830262157  0.60424853207764428  0.61570369879387987
  0.62698662779489667  0.63747646483123843  0.64732576017274135  0.65676705342884789
  0.66552467597456355  0.67275833571059807  0.67823442755004215  0.68438662681562512
  0.69036199048756530  0.69628560644615889  0.70525411668010685  0.71521654040436289
  0.72532877628184367  0.73601005764877714  0.74637255384835133  0.75612099630796836
  0.76583256013577827  0.77616804146017004  0.78702065585793668  0.79755030011882266
  0.80779333763956529  0.81806911012272432  0.82904070398148877  0.84025379588219107
  0.85161782881459169  0.86292222255015860  0.87486342591194322  0.88688265739010652
  0.89789591670025970  0.90826209836172733  0.91890624204465543  0.93036850828306328
  0.94198112730556671  0.95169755620616237  0.96054395970696893  0.96746930879780169
  0.97456266421366811  0.98217610394307509  0.99072944901047122  1.00000000000000000
 -0.00539971725566639  0.03052421548190731  0.05805256879140610  0.08588085568827004
  0.11230346770864907  0.13462154080533484  0.15537387936708241  0.17773222289354448
  0.19774406339399556  0.21738748032226704  0.23630231961713508  0.25424737294537614
  0.26885408752746176  0.28435447824034227  0.29961836816197418  0.31282671121470773
  0.32647967896685570  0.34085197710370102  0.35602169453103011  0.37155277728439656
  0.38592792097676443  0.40003791110732584  0.41438083204036869  0.42836802269912960
  0.44158882659596360  0.45430476163834704  0.46667717011256060  0.47922832056071540
  0.49159951928834034  0.50381740152600529  0.51610972962534740  0.52555935658928643
  0.53345137606771553  0.54144043807060915  0.55039859363176846  0.56041527607503583
  0.57215382068672049  0.58310925115664392  0.59253522843230044  0.60125096477695184
  0.60958004707488578  0.61814630075531041  0.62783549738092803  0.63813330133428758
  0.64784069808219580  0.65713464034686497  0.66640382001038678  0.67474666029901120
  0.68226929378106682  0.68928456097060442  0.69633244906514047  0.70390810384567815
  0.71226107814443596  0.72105214211719904  0.73017028296926922  0.73957073288355990
  0.74819122538021754  0.75620127982155949  0.76385922248386462  0.77110552125494480
  0.77838383361964725  0.78551104164251206  0.79265345391862585  0.80002831263316321
  0.80763877181105359  0.81490271396096647  0.82156463389164769  0.82833012287675523
  0.83504930700512225  0.84166071965922651  0.84855721254875205  0.85492975107027769
  0.86104933420737229  0.86670507377702000  0.87235789980142875  0.87850954201116016
  0.88502469065216072  0.89199072123627754  0.89968443150561195  0.90660757341811171
  0.91278509222961712  0.91795932803279634  0.92285516227363829  0.92800076065445070
  0.93341035341147705  0.93922945486785170  0.94551209259177393  0.95208380357664779
  0.95872368327040003  0.96593312464024317  0.97323560977413481  0.97997449020112859
  0.98501116513528908  0.98981793771724236  0.99498053297175093  1.00000000000000000
 -0.00180100575025579  0.00655477382754106  0.01558044828337995  0.02449797501239243
  0.03431091542070905  0.04656851059748708  0.05905664627660137  0.06989595331891085
  0.08025633541984507  0.09086377888063320  0.10216997175810852  0.11517576069759086
  0.12692736559900550  0.13838579680513849  0.14769311242140890  0.15641976325269058
  0.16494219754624351  0.17273964353651269  0.18132471300910880  0.19237693267295236
  0.20433897468898740  0.21535850641117119  0.22631964664377710  0.23554836581117949
  0.24506592554664883  0.25500154783708556  0.26516207256902830  0.27515730527902571
  0.28427636917894888  0.29340731734905218  0.30306590923503895  0.31335980730303198
  0.32432824174561387  0.33585894528807198  0.34644155457950543  0.35664857594817240
  0.36670758368712592  0.37613466678846974  0.38504642043724885  0.39446440677309147
  0.40427626048264015  0.41428703512512211  0.42269120598033277  0.43072540770770101
  0.43928886769576381  0.44860164001690644  0.45781872158624509  0.46714957743223434
  0.47608451195147405  0.48686829638215706  0.49805830318738020  0.50978440026089133
  0.52188873862216378  0.53419845446762326  0.54723773441170032  0.56091735424950284
  0.57356064929782669  0.58488525221679311  0.59574259179245714  0.60649803122238299
  0.61747383026573521  0.62777947909215093  0.63630305486357042  0.64601383660376011
  0.65669681071602970  0.66597944971622303  0.67489029722223770  0.68385200113724121
  0.69569055660529677  0.70987818514325440  0.72359013656977200  0.73725368598496921
  0.75045061251501266  0.76230885518085933  0.77343478138438482  0.78302814388764708
  0.79205896842847157  0.80159232529256741  0.81198314920257630  0.82299066309337621
  0.83467444720012107  0.84761955091204122  0.85959408693238992  0.87069947904694944
  0.88186542826258973  0.89348778428154629  0.90396889483969156  0.91385027877829528
  0.92484678917996432  0.93517522063565606  0.94615057351240461  0.95602073212620176
  0.96589392538323093  0.97644812011964854  0.98729179193678573  1.00000000000000000
 -0.00209993764450854  0.00849576613317668  0.01836902587731934  0.02730518639368671
  0.03673401766047393  0.04657539526216131  0.05661811044496514  0.06569135390600092
  0.07392716164666295  0.08244511828456866  0.09261341449959261  0.10334715433591408
  0.11411251723246488  0.12477275721037108  0.13518049362819851  0.14523439395007340
  0.15572210795642741  0.16692778144290243  0.17826510531358786  0.18890735931283056
  0.19895034691147553  0.20908109000881664  0.21907665222240608  0.22943860395618892
  0.24062201400670685  0.25181890075934144  0.26138143142598519  0.27093693455901818
  0.28075602973683067  0.29099881286725959  0.30107164517728946  0.31112981732637329
  0.32183894559041631  0.33268982096987870  0.34376088404585187  0.35537924321319525
  0.36765398131592869  0.38003157565254925  0.38969890510371608  0.39973659667062966
  0.40951561362011552  0.42009518071246876  0.43176419060622595  0.44186615557078079
  0.45180857318938111  0.46233853353300602  0.47352272064764800  0.48484268197286950
  0.49586296130156088  0.50736987451074345  0.51942649719983736  0.53129529544575305
  0.54280594022192441  0.55404077708209920  0.56611578480808944  0.57913023386975704
  0.59154879301869190  0.60342812719161998  0.61332022971805611  0.62318656618399848
  0.63314464159503381  0.64379434737516605  0.65463514986696580  0.66496852632359515
  0.67467444094668816  0.68389329542309873  0.69363696026802768  0.70463587618406542
  0.71796170847873786  0.73311136430980517  0.74718781118107547  0.76002554663703892
  0.77183200780783356  0.78225299835398632  0.79165737308122619  0.79970054769540588
  0.80788262868185690  0.81636612086582128  0.82558068921638572  0.83510881877556142
  0.84616562832999653  0.85758571214509449  0.86961811873349726  0.88030952963068554
  0.89028167963860227  0.90107594754716747  0.91210296138727442  0.92091073260357414
  0.92772445571724482  0.93447794460403921  0.94203207770430508  0.95087260827349207
  0.96171046611152156  0.97367103321662019  0.98694664056772585  1.00000000000000000
  0.00003174522266975  0.00029447586699696  0.00057604920390224  0.00083179478478719
  0.00100285012657862  0.00117164501654290  0.00133934353533724  0.00150550401268077
  0.00167051145748812  0.00183477688188764  0.00199040395625106  0.00214702547894844
  0.00230602004811374  0.00247413132380816  0.00264672138268754  0.00282241378648224
  0.00299187262173990  0.00316021209991935  0.00332962895188284  0.00349195632873162
  0.00365127551049495  0.00380183656657343  0.00395343325061782  0.00410886449355658
  0.00427127797679846  0.00444336808436830  0.00461841320103252  0.00479485797452877
  0.00497762321194983  0.00516014337946330  0.00534236430784135  0.00557891971621676
  0.00581994975250974  0.00603960850319599  0.00622732623085343  0.00641698024487573
  0.00660746011916073  0.00680735197557502  0.00701898636871586  0.00726308514332121
  0.00751858459470938  0.00778233690962925  0.00806334515594297  0.00838133784188400
  0.00868777313619175  0.00888772446998593  0.00906811672726045  0.00922860233873635
  0.00939302688545877  0.00956009893852161  0.00984199170513016  0.01018568919993751
  0.01038237455740087  0.01057410601894227  0.01072617737356927  0.01086981525430127
  0.01101490570165316  0.01119598999024477  0.01139695438039975  0.01154922400995212
  0.01168096394806631  0.01181805223336508  0.01196302657225524  0.01217435699966915
  0.01246728761985946  0.01272641130452393  0.01293170095913515  0.01311864715539198
  0.01333063573266550  0.01356834339438597  0.01386253080182117  0.01407198189344672
  0.01426717455917205  0.01442811132412296  0.01462049443252458  0.01485355985337692
  0.01516657500948049  0.01540173782493176  0.01559588885157997  0.01579343361930245
  0.01617079808058220  0.01667884714616717  0.01747462895952477  0.01795912144844032
  0.01833899995105526  0.01854257536652473  0.01869957548565913  0.01885265096615957
  0.01901394756919147  0.01920189756526770  0.01940130595159891  0.02024435878709190
  0.02296156023514569  0.02392191256515797  0.34416327247046652  1.00000000000000000
 -0.00284703043351634  0.01054824456444694  0.02208075724592385  0.03575883142052751
  0.04925144127268169  0.06267834525252071  0.07451120183340362  0.08600719182823513
  0.09695080912340927  0.10807816289867589  0.11887182324965469  0.12988768032783210
  0.14130940546562801  0.15268599902549448  0.16402255565758314  0.17603049048463071
  0.18870928894345759  0.20082998631601878  0.21314723382292397  0.22489117950099055
  0.23755641575184694  0.24875461240955535  0.25898048163720250  0.26863282328537397
  0.27803416234439476  0.28645777655565974  0.29752529689723911  0.30946387040503176
  0.31881067945012481  0.32760029458483392  0.33594031177157385  0.34300742827714925
  0.34937935567287265  0.35605156978392966  0.36430402334307649  0.37323716013177838
  0.38293824441498847  0.39307596521943056  0.40232062440438776  0.41085124489474473
  0.41934719753003163  0.42915873563022072  0.44014385446798543  0.45013327912771756
  0.45989278657665306  0.46920536167748239  0.47913402426890073  0.48895911768723854
  0.49862561587566140  0.50653620488935969  0.51328799424843830  0.51986490418931641
  0.52651377714123404  0.53340726232516078  0.54041856129053512  0.54748209002507031
  0.55511217646575028  0.56459467723260559  0.57579333117623699  0.58676073800297235
  0.59763216063009228  0.60844073907500285  0.62024775999501613  0.63264838108795785
  0.64544604955216689  0.65723193008379976  0.66771611821396459  0.67757385472353815
  0.68741470176464181  0.69632724386151357  0.70494822450783978  0.71415583545369721
  0.72414707428174951  0.73782756180963038  0.75080633995382418  0.76372024173561326
  0.77470205547593129  0.78498778071563513  0.79511397791199667  0.80615905579042157
  0.81837926108727810  0.83104736242329302  0.84405371231672299  0.85664903496628642
  0.86778787931527224  0.87803272234454843  0.88813567929757131  0.89921876858143113
  0.91115391547246938  0.92539441754555374  0.93915380753013966  0.95173644571830507
  0.96409192123137621  0.97463850266068319  0.98683966813986046  1.00000000000000000
  0.00000301263193404  0.00019900728618226  0.00035102464169087  0.00046310266461965
  0.00055964095687447  0.00065506006415575  0.00074932295798360  0.00084122544273898
  0.00093073001815511  0.00101718665211524  0.00110172768417643  0.00118734413027177
  0.00127337500262974  0.00135920617427865  0.00144496185143317  0.00152939403079301
  0.00161357678223132  0.00169669374845099  0.00178245337449812  0.00187184935259630
  0.00197333466314246  0.00208001780950469  0.00219151232840769  0.00230569950516921
  0.00241150731656581  0.00250599152275187  0.00259835787139525  0.00269005121933051
  0.00277048866164575  0.00285008995335983  0.00293390128130885  0.00301849818626603
  0.00310077713821009  0.00318323629001860  0.00327565010217127  0.00336259942370911
  0.00344270417400622  0.00353352340696068  0.00363163773584343  0.00373030666327080
  0.00384232313751210  0.00397403028230334  0.00408501768185881  0.00421761749690077
  0.00433887314865043  0.00445401718790511  0.00456952326610952  0.00469339476740406
  0.00483775718688422  0.00500955507240762  0.00520112992441079  0.00540828011436921
  0.00564059849913128  0.00588095939997703  0.00609045337743289  0.00627335059167704
  0.00649502525320974  0.00664242069361763  0.00675858661116234  0.00686992107610377
  0.00697181621827419  0.00707371136044461  0.00717560650261504  0.00728640656588290
  0.00739739963304571  0.00750839270020851  0.00762562128143680  0.00774672467406210
  0.00786782806668741  0.00812088533700164  0.00833476675178399  0.00854610444053228
  0.00883484122416778  0.00924835979048728  0.00950789300035174  0.00977108977565510
  0.01040543106459373  0.01109068272635359  0.01130116857681418  0.01142704073489451
  0.01152988468610609  0.01163485647760428  0.01172090026283103  0.01192137195667689
  0.01201599310757783  0.01206540481743975  0.01211494104803144  0.01216448352134652
  0.01221402599466160  0.01234417559692395  0.01246857033167145  0.01405668979596247
  0.01903516469512044  0.01962332921469939  0.02249937219822127  1.00000000000000000
 -0.00235098489146078  0.00922160160821234  0.01749081822609767  0.02562258338453883
  0.03340496250406511  0.04175388830541976  0.05030507564590236  0.05801217495174350
  0.06511367557063591  0.07267993490128230  0.07971172655863587  0.09051737868161547
  0.10307868833082488  0.11622576096647957  0.13026913304894677  0.14395564742338171
  0.15560326814951850  0.16568942204718715  0.17586763134149358  0.18625236451230362
  0.19730556022818868  0.20824782508433451  0.21975255603797725  0.23234350332217230
  0.24516943211251882  0.25697495698479744  0.26769219250856063  0.27825504114298960
  0.28954327217131615  0.30069597116447166  0.31172945890585435  0.32360247054600122
  0.33578686498522708  0.34885399961429986  0.36263187809772524  0.37546247726718346
  0.38545007608602394  0.39572193430707209  0.40604382209562695  0.41634233639435431
  0.42588512305278786  0.43555856100290741  0.44624770284162307  0.45715170312018588
  0.46741574262916902  0.47724297958252682  0.48542603106439797  0.49357398233763927
  0.50277022567220808  0.51286134953602358  0.52320280810654829  0.53329671437625459
  0.54355816802540824  0.55414505752309984  0.56445923710372914  0.57475521264175355
  0.58599712881783872  0.59885303045011096  0.61190142847194662  0.62354671943693563
  0.63259242889887457  0.64121659446324819  0.65083130967977143  0.66098006106492269
  0.66988384973473802  0.67732560519498919  0.68429213592436500  0.69246762266023432
  0.70212382588774136  0.71243929577546550  0.72311245494027721  0.73448208024450390
  0.74698349416283272  0.75932025460335062  0.77156882106797509  0.78309133086324134
  0.79454009021128458  0.80635208609668219  0.81828668563485063  0.82980494104925928
  0.84068219205541617  0.85148659126002535  0.86138595029146214  0.87131795680408120
  0.88114561979173134  0.89178296152850589  0.90358569117481546  0.91527453681928206
  0.92612309154529893  0.93582086122663966  0.94499896938964689  0.95449738659238303
  0.96488713667199577  0.97629322054849343  0.98819100060773013  1.00000000000000000
  0.34182100945865856  0.64116079219210431  0.65564398361053022  0.66758606682585109
  0.67940429494959265  0.69092686296372852  0.70128028017067479  0.71068897292285738
  0.71834205077936686  0.72569121036050843  0.73130641783035877  0.73659377876125032
  0.73984100466950964  0.74192973245320015  0.74468922142277183  0.74794920944091026
  0.75109572128620716  0.75348666001847908  0.75616848467078257  0.76060096705650371
  0.76604408804738644  0.77111016068035543  0.77551164289266272  0.77984093753544348
  0.78415332626399314  0.78855678413759267  0.79272067940028712  0.79673374396543617
  0.80095967824271985  0.80517938094895392  0.80918233889749691  0.81291235922760152
  0.81663968357346062  0.82031657431352267  0.82385763863151140  0.82722713864355413
  0.83057412200488445  0.83373664415750148  0.83679389025235262  0.83969582109268848
  0.84238359709510890  0.84516355363989304  0.84811967865845295  0.85139595821537406
  0.85476522510367470  0.85801087486328897  0.86126618934160526  0.86440363986704172
  0.86719456211825918  0.87027415784860496  0.87348221788337999  0.87745408588581342
  0.88103020240239260  0.88432118963475614  0.88731787715324617  0.89027540859587173
  0.89328252925306040  0.89613973724806406  0.89878640299773216  0.90144675726710277
  0.90422367331374709  0.90705672055037645  0.90998120430987539  0.91282877512007576
  0.91548694053701596  0.91806108616040016  0.92053039299264161  0.92300876333201232
  0.92576082139819393  0.92845735249200079  0.93105871276138363  0.93346959283509490
  0.93566369123725202  0.93778900288223022  0.94003992499269473  0.94258877363993099
  0.94543727045644621  0.94820207382445132  0.95062971313019506  0.95284636124118249
  0.95496801276160848  0.95718263607727361  0.95964545600807871  0.96228509873507806
  0.96489795579716853  0.96742783101805851  0.97003778366940707  0.97262208358571334
  0.97537961065270640  0.97814490874294491  0.98100416164189719  0.98401794235821682
  0.98721494792725772  0.99068193091649825  0.99473257989232022  1.00000000000000000
 -0.01849185881288108  0.22059797663743325  0.25112307489826829  0.27350160214618585
  0.29262921940274894  0.31249824578495311  0.33045763990350385  0.34465226701465018
  0.35725803874371909  0.36979136548197528  0.38230777534999610  0.39413659888232139
  0.40485000368481283  0.41443339250636846  0.42262846567970286  0.42953073904499173
  0.43595659664840880  0.44258025200730677  0.44911145540270964  0.45672877908636000
  0.46401669758820269  0.47067366284076728  0.47716702026036345  0.48344864504857238
  0.48937481622540180  0.49514334265486776  0.50089772770554675  0.50654668637579447
  0.51213068498495629  0.51775473351840939  0.52364544264380986  0.52999156034092987
  0.53643002476604573  0.54314758963572873  0.54955079031790921  0.55586769141116765
  0.56192592236889427  0.56747398496280121  0.57300634283661944  0.57828651935966890
  0.58340273222863159  0.58839457798679096  0.59271604488668705  0.59686519979327834
  0.60113557685610230  0.60573033315431379  0.61092368051967738  0.61651166386866729
  0.62166501829062137  0.62627219832529279  0.63070412241641371  0.63503809650462217
  0.63929401149498533  0.64361182197928357  0.64788328659083372  0.65221954432541307
  0.65696829851598026  0.66209840749334981  0.66711772233777422  0.67179365982931227
  0.67645686010658934  0.68140515651391931  0.68677165872277701  0.69241549518978029
  0.69729838582166059  0.70245227807409749  0.70794186879495524  0.71396825314437595
  0.72006145010490974  0.72572046417952674  0.73089208343304901  0.73577136358545780
  0.74058016175635977  0.74549513250158483  0.74997465587449941  0.75417129658922422
  0.75809716340135924  0.76251366371196760  0.76790825355120562  0.77315702264202835
  0.77768573294542576  0.78144235480360613  0.78505913773322600  0.78887831700490518
  0.79288342917061339  0.79760558680859039  0.80281764929399679  0.80873566906840955
  0.81875396460628258  0.83158444357556793  0.84650718611524223  0.85723470791112621
  0.86985904664001545  0.88608090281084373  0.91323189566228069  1.00000000000000000
   4.0764461573884876E-009  -1.0000000000000000     
 F F F F F F F F F F F F F F F F F F F F F F F F F F F F F F F F F F F F F F F F F F F F F F F F F F F F F F F F F F F F F F F F F F F F F F F F F F F F F F F F F F F F F F F F F F F F F F F F F F F F F F F F F F F F F F F F F F F F F F F F F F F F F F F F F F F F F F F F F F F F F F F F F F F F F F F F F F F F F F F F F F F F F F F F F F F F F F F F F F F F F F F F F F F F F F F F F F F F F F F F F F F F F F F F F F F F F F F F F F F F F F F F F F F F F F F F F F F F F F F F F F F F F F F F F F F F F F F F F F F F F F F F F F F F F F F F F F F F F F F F F F F F F F F F F F F F F F F F F F F F F F F F F F F F F F F F F F F F F F F F F F F F F F F F F F F F F F F F F F F F F F F F F F F F F F F F F F F F F F F F F F F F F F F F F F F F F F F F F F F F F F F F F F F F F F F F F F F F F F F F F F F F F F F F F F F F F F F F F F F F F F F F F F F F F F F F F F F F F F F F F F F F F F F F F F F F F F F F F F F F F F F F F F F F F F F F F F F F F F F F F F F F F F F F F F F F F F F F F F F F F F F F F F F F F F F F
  <DiscreteSampler_grid>
  grouped_processes
  1 # 1 for a reference and 2 for a running grid.
  10 # Attribute 'min_bin_probing_points' of the grid.
  1 # Attribute 'grid_mode' of the grid. 1=='default',2=='initialization'
  0.0000000000000000 # Attribute 'small_contrib_threshold' of the grid.
  0.5000000000000000 # Attribute 'damping_power' of the grid.
 # binID   n_entries weight   weight_sqr   abs_weight
    13   10   4.460717042100086E-004   8.788620859843996E-007   4.460717042100086E-004
    14   10   4.460717042100056E-004   8.788620859843839E-007   4.460717042100056E-004
    16   10   4.460717042100086E-004   8.788620859843996E-007   4.460717042100086E-004
    17   10   4.460717042100056E-004   8.788620859843839E-007   4.460717042100056E-004
  </DiscreteSampler_grid>
