  0.00262983719812652  0.01498235796949312  0.02817065092828010  0.04043417284344553
  0.05220454586050757  0.06337210414944555  0.07428148872035027  0.08507852220527318
  0.09608449078123740  0.10703567108416291  0.11785005210224499  0.12858977905455668
  0.13936998499972122  0.15017446219165217  0.16103829044443385  0.17170674207227493
  0.18252663168380356  0.19328053028732464  0.20393460004512007  0.21433845346426664
  0.22468117065613447  0.23514830816403906  0.24576216263521078  0.25653755653198052
  0.26731832749844353  0.27809246946805383  0.28868679354704502  0.29921387356665391
  0.30948849849297144  0.32001400526298496  0.33059794787711699  0.34137421445734145
  0.35200013937908731  0.36243794849618116  0.37294977882861036  0.38348608093545122
  0.39427979981464434  0.40494273393161956  0.41566662260244730  0.42635082684154973
  0.43700313802820911  0.44785486473507208  0.45883537600986674  0.46989559337324277
  0.48103287608971207  0.49198457674310347  0.50268987670844234  0.51301254633835847
  0.52360033909295634  0.53428518196583707  0.54485489525177788  0.55506064373879482
  0.56519636523201666  0.57542364943434754  0.58576703677037290  0.59621203664555633
  0.60672010035633372  0.61731536604397164  0.62785266428845410  0.63817854559283904
  0.64821186421783872  0.65803464985131666  0.66809981402538865  0.67841036972588686
  0.68867694161903481  0.69888010940177980  0.70926825023923246  0.72020889906563423
  0.73113076919947539  0.74184455179584363  0.75260724874227725  0.76354453131494004
  0.77462516963069517  0.78553422139622298  0.79634450112932753  0.80700186649839456
  0.81747156769313289  0.82793027164157218  0.83835141002449631  0.84863346918112037
  0.85874941361572477  0.86867978189809492  0.87852545036472651  0.88833879796557780
  0.89837823842587816  0.90850928125671793  0.91848849456313486  0.92811251520169058
  0.93760115527249532  0.94709101173271781  0.95659807476227898  0.96569423117000397
  0.97464115907212279  0.98304323138596750  0.99280500240808212  1.00000000000000000
  0.00250442827323403  0.01563353010708757  0.02970551587019993  0.04263576433281360
  0.05475768474451350  0.06623779164779743  0.07745818400826869  0.08863257158935053
  0.09976165020114308  0.11073661484096786  0.12170999528996407  0.13283290902053682
  0.14399563730477458  0.15511281439876623  0.16618559200338659  0.17740979670401794
  0.18873594120971102  0.19994621800002119  0.21083133984716856  0.22147081800378884
  0.23225819753251906  0.24333234205494639  0.25447207604727234  0.26550956636446188
  0.27670089356731525  0.28780604203284360  0.29849004282464719  0.30884966348150061
  0.31934776585747221  0.33012256589115380  0.34103285476713446  0.35164053127062611
  0.36211097732193281  0.37251742412000854  0.38280134118489029  0.39305650009267501
  0.40337186962973304  0.41413701504913863  0.42521498453269674  0.43621161262863012
  0.44693605186462537  0.45758764019636244  0.46844821249927282  0.47958012966118863
  0.49068273727218192  0.50147912082351898  0.51176546668870926  0.52181492445247390
  0.53221815286337859  0.54294656580948608  0.55392495469644576  0.56474245736708384
  0.57542649747482777  0.58619761825055650  0.59689252288696137  0.60764793462457045
  0.61833700784976786  0.62912498802479522  0.64001341368692966  0.65084179214411264
  0.66167149911534529  0.67241241952159359  0.68283066752741661  0.69338870028954580
  0.70387334847335981  0.71460163749327921  0.72497361497482504  0.73519035054236315
  0.74540351459332244  0.75570386045249782  0.76625690439922123  0.77642313995438172
  0.78659078792978443  0.79690693840907822  0.80741624258696099  0.81774643597286800
  0.82802083031514462  0.83831695273672857  0.84842514401511160  0.85829093967657000
  0.86810675783880631  0.87796209971680572  0.88786891557168723  0.89775256997691510
  0.90776904962611238  0.91781205828784718  0.92796757933504925  0.93808830522919917
  0.94809840885516272  0.95783269272879645  0.96706153198782518  0.97593954897988333
  0.98430444011132356  0.99126807650232518  0.99283167316137844  1.00000000000000000
  0.00000323296123637  0.00000349518518678  0.00000362327448523  0.00000375107542214
  0.00000390887046854  0.00000410805840358  0.00000434954875025  0.00000460240373892
  0.00000485305094784  0.00000510875114895  0.00000537669222607  0.00000565208469301
  0.00000595829145656  0.00000630621746313  0.00000666309933053  0.00000704274240428
  0.00000744799217672  0.00000787705820979  0.00000835495078215  0.00000886671654554
  0.00000940313478827  0.00000997075998535  0.00001055614459512  0.00001118544081024
  0.00001185348728827  0.00001254498793452  0.00001328993544281  0.00001404214862889
  0.00001485964840625  0.00001571011196471  0.00001658752260910  0.00001752656014599
  0.00001852076877325  0.00001958084207317  0.00002071162493184  0.00002189632910067
  0.00002312598150627  0.00002445401807094  0.00002575246888730  0.00002719822985330
  0.00002872289021608  0.00003033102087611  0.00003205033230990  0.00003387203921745
  0.00003581354163918  0.00003794501906723  0.00004024504694705  0.00004266940380054
  0.00004535533963729  0.00004811498654060  0.00005120280586332  0.00005446770954526
  0.00005814843066693  0.00006206451143446  0.00006630180618849  0.00007103826638642
  0.00007628397831765  0.00008229136109955  0.00008872987901152  0.00009579445747248
  0.00010354245445436  0.00011229255579864  0.00012204032525854  0.00013303161287657
  0.00014585847679436  0.00016013526542398  0.00017729347680376  0.00019628377748384
  0.00021865132287260  0.00024435081825391  0.00027373398981336  0.00030912319737486
  0.00035109702888635  0.00039858603592452  0.00045266773170732  0.00051280058124424
  0.00058324378568018  0.00066289096470377  0.00076251119142747  0.00087667566353450
  0.00101193607434975  0.00117001070612615  0.00134968683406424  0.00153975155479742
  0.00175261993936559  0.00201596988963556  0.00236704245620080  0.00279174297396371
  0.00324939905000428  0.00376223548606864  0.00438690373283188  0.00518708520015046
  0.00643944265222425  0.00854966252489330  0.01184109864992056  1.00000000000000000
  0.00000211267593116  0.00000338156860615  0.00000484631370629  0.00000635593132592
  0.00000788007239418  0.00000945553152773  0.00001112361119382  0.00001289524408005
  0.00001475120225421  0.00001666198332149  0.00001868309516180  0.00002090446518816
  0.00002342277951696  0.00002621999782585  0.00002931068846184  0.00003290610624387
  0.00003690725903491  0.00004141860838063  0.00004653638614789  0.00005231013951669
  0.00005885352856797  0.00006622213274603  0.00007430085344365  0.00008279088261976
  0.00009178460303038  0.00010124572369079  0.00011127433227801  0.00012200859557410
  0.00013324694931472  0.00014507530846242  0.00015721484762749  0.00016938983013418
  0.00018239561124807  0.00019617304670664  0.00021054181439577  0.00022590431356968
  0.00024250633191300  0.00025956764495944  0.00027742567939202  0.00029609406303507
  0.00031627643039632  0.00033781491301492  0.00036026253524271  0.00038418674659162
  0.00040934329384880  0.00043611388526552  0.00046472689229333  0.00049457564367774
  0.00052653340490169  0.00056041109534520  0.00059621632621524  0.00063626637573204
  0.00067976188858717  0.00072644484213052  0.00077560364407576  0.00082744994333493
  0.00088042540948133  0.00093737417779718  0.00100238033535538  0.00107281079896086
  0.00115066267474385  0.00122881352378932  0.00130123282731393  0.00136896064572001
  0.00144144474151969  0.00151670834995447  0.00160155636772226  0.00169243656655603
  0.00180881024733396  0.00194511848658916  0.00208668097280313  0.00223428988446515
  0.00238942008462956  0.00251642979981404  0.00264411148281567  0.00277267648703463
  0.00290259391557006  0.00304290584718977  0.00316282695032492  0.00328297051864172
  0.00342328968848667  0.00357338895152208  0.00375536574454339  0.00394204527467350
  0.00412173257319950  0.00432481753300343  0.00455961996255808  0.00479583343550156
  0.00499457859981400  0.00517331131387075  0.00535224463552321  0.00554931299954467
  0.00585668722925316  0.00632848890480052  0.00979176914888378  1.00000000000000000
 -0.00268545856859001  0.01124635151293537  0.02300499372127129  0.03580936032730453
  0.04840594231568139  0.06111301813972709  0.07368935767703928  0.08629400543161742
  0.09881495639002331  0.11132757940741125  0.12366860684968543  0.13584943914601341
  0.14797859898192717  0.16013289684196438  0.17225948767287602  0.18405662621904637
  0.19548855809261831  0.20675463157472668  0.21808534641765653  0.22956185932210774
  0.24093463349299352  0.25215497926438701  0.26330534229482705  0.27438900706124258
  0.28535236386585849  0.29649844999344299  0.30773105703151976  0.31913359238854949
  0.33050581729708406  0.34163059697072051  0.35241213359280393  0.36297167710164335
  0.37341318289188469  0.38391432861463565  0.39450151222435187  0.40516819446385960
  0.41588612360340049  0.42655554372211768  0.43730248298725644  0.44801987918578273
  0.45865270756989390  0.46936331923901664  0.48002210102486537  0.49064561873121326
  0.50111884052747591  0.51090094970597022  0.52042831539554513  0.52995741820913933
  0.53988135178352936  0.55004549418687998  0.55996800917857592  0.57000149374754827
  0.58016652084644571  0.58998362460110587  0.59984679745372427  0.60948733393656385
  0.61935395452858844  0.62913131726067473  0.63874251539622073  0.64828923753666445
  0.65784544756590757  0.66772591088692901  0.67764476436397192  0.68756181039432596
  0.69773193324886695  0.70783181988380528  0.71777934380107844  0.72755924739266942
  0.73716863783884334  0.74676992214253746  0.75633018774209226  0.76598683498229014
  0.77573648722026856  0.78551196320279704  0.79519102307660061  0.80480628761850914
  0.81451303463610636  0.82429393395447137  0.83436402975631319  0.84477080883122480
  0.85526147740637193  0.86574677825759128  0.87601630743784964  0.88632470305198441
  0.89668992231064126  0.90689533363962926  0.91662003171849549  0.92596012702736852
  0.93537694447067410  0.94518272248680479  0.95497816493562693  0.96423557645782942
  0.97319575505168276  0.98220258576004649  0.99116809050041599  1.00000000000000000
 -0.00256979275782230  0.00946788692696156  0.01993531426100338  0.03079922616409125
  0.04169180542849664  0.05236772227978168  0.06282546713090166  0.07312967279608641
  0.08363679339580102  0.09432788191318499  0.10493507171662551  0.11537661234123112
  0.12566753033887518  0.13592541791700383  0.14638416464149123  0.15692694968832208
  0.16773773930081246  0.17848160480919736  0.18938968985187454  0.20029936684862482
  0.21094555767451376  0.22152368208602943  0.23194064347293158  0.24241216284162534
  0.25262910137879374  0.26249581808878403  0.27247439234113918  0.28259240759346532
  0.29306977542354462  0.30363759314794031  0.31446560238679488  0.32556936514739360
  0.33645470589106591  0.34711083395366144  0.35779189524468158  0.36810156669323668
  0.37835659936439298  0.38827116027267489  0.39865086459528043  0.40886706984151983
  0.41909551931679251  0.42934765456839086  0.43936101523061383  0.44984161916288490
  0.46026079773963008  0.47128990056855635  0.48243599103771745  0.49366983746204129
  0.50481695235024171  0.51598180744329114  0.52714119290857908  0.53795417613471175
  0.54858374035632973  0.55911372252406288  0.56996508039348581  0.58079916207706628
  0.59167868286118486  0.60231976420259570  0.61294656831245664  0.62349228489976882
  0.63430915365979035  0.64528272398961517  0.65603358268777567  0.66665081193091147
  0.67704793835726718  0.68747649518816167  0.69775900999308038  0.70812695378403234
  0.71874096873369042  0.72928260770095366  0.73982183694151715  0.75011340815639471
  0.76028504268171160  0.77031002488542988  0.78062149522954960  0.79088055068824425
  0.80100178379840836  0.81097135316517588  0.82141563418268637  0.83186306428329815
  0.84239203959238074  0.85296706168955294  0.86369466644538118  0.87417306676770523
  0.88422313024775856  0.89427996530991138  0.90422206384982462  0.91461769129872861
  0.92506764264464403  0.93579032248640992  0.94661855535959882  0.95718564891301972
  0.96772889720414978  0.97803072058709417  0.98890568237056764  1.00000000000000000
 -0.00266660339703975  0.01135512379124924  0.02327574715074230  0.03575059291178041
  0.04788837783471427  0.06006074866905877  0.07209348310688155  0.08446934467803466
  0.09720436539195317  0.11012387995816417  0.12288110021811254  0.13544478273858723
  0.14760361246074816  0.15932303057333436  0.17100177243746043  0.18279535603399732
  0.19466260137070779  0.20653013098115189  0.21824110895862850  0.22965051663178834
  0.24090633503745962  0.25232763309780848  0.26384923235415425  0.27532430692506599
  0.28669832351437347  0.29793079869729661  0.30909572940510222  0.32004460484410957
  0.33081402442145985  0.34118304900686608  0.35136556981999784  0.36167467572055112
  0.37215174552849672  0.38270454849609870  0.39333037761024359  0.40409500668210491
  0.41484889327015018  0.42546478031875112  0.43574872043633667  0.44597662761030621
  0.45630343066761436  0.46679238306265836  0.47720872117853003  0.48727453400915233
  0.49720420713475449  0.50718514948247329  0.51726772625665340  0.52742460395964086
  0.53760126464197644  0.54766967605879868  0.55756438368028793  0.56743735502683323
  0.57747689187657369  0.58766603045989618  0.59804154743045157  0.60850281677592710
  0.61890809609511965  0.62903613300190264  0.63883956435968270  0.64848409959130304
  0.65803022256805399  0.66778180487740590  0.67784425917497482  0.68808489283852259
  0.69803057639322219  0.70758961240338258  0.71689647955387847  0.72615652862555236
  0.73546617916928669  0.74477205175274808  0.75408724626657586  0.76352637184987004
  0.77316397967074613  0.78285057802352820  0.79257388856542044  0.80241135616166959
  0.81214585814430729  0.82191853833132977  0.83178850884851308  0.84173407755220453
  0.85166824580052336  0.86128683353461211  0.87076543761852465  0.88061848173892232
  0.89051066885062669  0.90055706112894995  0.91065826596643640  0.92108642116522077
  0.93188695931500665  0.94200963918153457  0.95158133183025218  0.96104900137739735
  0.97075249157974808  0.98066177547824629  0.99033111758289272  1.00000000000000000
 -0.00262305003441107  0.00974588783682745  0.01993777570992954  0.03034818743373273
  0.04067801474544168  0.05124018661392349  0.06151838753309864  0.07203826891951516
  0.08248376550728470  0.09358486631389419  0.10444793166466494  0.11506861803620624
  0.12550199415599908  0.13603256443027648  0.14647588028987379  0.15722494601455317
  0.16795627165414301  0.17882879146867134  0.18940416669920959  0.20003900139230152
  0.21058349273907426  0.22102561289161077  0.23103878714342582  0.24081505720104657
  0.25060040684251811  0.26047903079534129  0.27015547556611480  0.27992676128683358
  0.29005965063403605  0.30051662800106560  0.31081777703272540  0.32084976348646460
  0.33088400403101537  0.34087098134247934  0.35110829285663631  0.36123408796981687
  0.37135761611176260  0.38169428889364337  0.39249267798557086  0.40365877417189450
  0.41474408875601732  0.42588151103581184  0.43696771372625587  0.44772177029287841
  0.45829493418905687  0.46882053034842969  0.47942582542642587  0.48994117427466466
  0.50065914698211422  0.51147600195245568  0.52234710944140172  0.53313454745802802
  0.54383816967632315  0.55473323906256955  0.56536536261472969  0.57607834595426388
  0.58662355731002491  0.59730562877014526  0.60813570645111226  0.61893720704804822
  0.62963528229595567  0.64012962307624788  0.65068505014672007  0.66134162325245538
  0.67213500561415651  0.68293677992775470  0.69393833470891086  0.70498296042337172
  0.71572688487580582  0.72630151027664647  0.73698610659971486  0.74812225159477574
  0.75925502324195870  0.77019903661921985  0.78074174337198488  0.79099695720204244
  0.80114137167609345  0.81133105079781531  0.82205293893104026  0.83250883118398866
  0.84295136671513526  0.85283431280918909  0.86282867466380853  0.87304593194514635
  0.88377309679387139  0.89427137266858858  0.90474710727901109  0.91472041329590070
  0.92512370237143382  0.93545334990727058  0.94613370479298486  0.95681425982491353
  0.96750449509747705  0.97823618355916964  0.98900062724628179  1.00000000000000000
 -0.00245142677266727  0.00968892947922297  0.01979452784544781  0.03028748954357176
  0.04069272175768401  0.05104348498207478  0.06133815245660219  0.07170522892822401
  0.08222197930322714  0.09264498987919437  0.10291979032238256  0.11306359984571229
  0.12354678241070913  0.13420092004548073  0.14503297606477375  0.15583715357237291
  0.16656865613883759  0.17728081680008345  0.18783483586910368  0.19838181689707132
  0.20883227163585827  0.21927211550991654  0.22977557028822870  0.24039290048344267
  0.25071415353677234  0.26088643241731585  0.27120877901383217  0.28192722066391468
  0.29268118700593176  0.30312827373503587  0.31343028057757055  0.32389671119592867
  0.33417444657550588  0.34444608821841166  0.35461009972816565  0.36522143520005873
  0.37581678693803472  0.38628518175295523  0.39651870862593847  0.40673793813338682
  0.41710370083810777  0.42734651038005100  0.43778959870098699  0.44833261299857696
  0.45879380205589820  0.46889803688569681  0.47917197024212904  0.48975950065458851
  0.50078061493387294  0.51163252588021313  0.52261120695249486  0.53368131274706498
  0.54478424121965918  0.55575399194970920  0.56664621368275991  0.57754825792591580
  0.58847911941147113  0.59936469383852564  0.61046420277564939  0.62148341262491180
  0.63224174867830663  0.64265708434003810  0.65316567953034887  0.66366501654129539
  0.67403250276651605  0.68437949498079831  0.69490453505950112  0.70541654761879635
  0.71588233941999224  0.72632091140367150  0.73693309575288679  0.74750359706518010
  0.75821817685581117  0.76883784389594678  0.77965059504012735  0.79016371833042465
  0.80047154787595121  0.81093084979524699  0.82153421768100154  0.83225684821317314
  0.84255488201848605  0.85298196272349047  0.86363330035715002  0.87440007385075791
  0.88500420764564203  0.89531004287413785  0.90561202919227446  0.91606966384901645
  0.92689385018266013  0.93781323731261335  0.94822772984053960  0.95901999144681915
  0.96947605934151215  0.98006581512382296  0.99002643052497608  1.00000000000000000
  0.00002639924459544  0.00017686468490225  0.00040241668224549  0.00064936595187929
  0.00079086994333077  0.00093269359434823  0.00107406356648245  0.00121394407462688
  0.00135282790653638  0.00149079424333045  0.00162685493984808  0.00176266121486035
  0.00189854212699372  0.00203540633635568  0.00217495562308029  0.00231628708336042
  0.00245885806093767  0.00259981257132645  0.00274006254246285  0.00288056979945496
  0.00302007806762105  0.00315759392196795  0.00328705162165374  0.00341188549532813
  0.00353343833836905  0.00366005091112862  0.00379007341133484  0.00392551254670904
  0.00406370299145535  0.00420210985962949  0.00434053045215194  0.00448007628700203
  0.00461853233793570  0.00475890544876791  0.00490625933201320  0.00505770092345181
  0.00521068038494754  0.00536504459400721  0.00552341888777797  0.00566672099451023
  0.00580424202964285  0.00594371754118399  0.00608170206987681  0.00621850273225615
  0.00637102639223998  0.00653165703178822  0.00669926919484475  0.00686581379892838
  0.00701683348792900  0.00715578700392996  0.00727971900958354  0.00740894171687724
  0.00754353287129197  0.00769807745220682  0.00786686392315991  0.00812651263992204
  0.00838011960972768  0.00861053570447846  0.00880405466280909  0.00899798234229856
  0.00919411679873123  0.00939434869213719  0.00958422844772084  0.00976606763549574
  0.00994236262384695  0.01011603623909454  0.01029547950104214  0.01047751487360381
  0.01065411802303475  0.01083583877681001  0.01102927254531907  0.01125826126919065
  0.01151812110163713  0.01180772933079335  0.01212857278646024  0.01256556625184574
  0.01334780134415820  0.01403423210180978  0.01496444819971724  0.01525928932268415
  0.01557317381267711  0.01592811724476549  0.01633107196102578  0.01685248493880666
  0.01737503132043510  0.01788043808892165  0.02117223544559123  0.02227940509916942
  0.02268944549830888  0.02323269062148941  0.02400344219939736  0.02427845448707782
  0.02525310863606259  0.02950887976996909  0.03234737468414939  1.00000000000000000
 -0.00244143988160307  0.00969150423969692  0.02008998119274069  0.03053126821310688
  0.04113946346958114  0.05164404833268141  0.06214689292846561  0.07247230251779983
  0.08323529304023797  0.09407013900254078  0.10483819334638282  0.11526030229312928
  0.12586168666464426  0.13640369600227428  0.14708037920277664  0.15791184479818371
  0.16902576524489676  0.17992910098128218  0.19062523295353323  0.20151422022308735
  0.21262266998218141  0.22345209800817498  0.23434141860761601  0.24518429496143451
  0.25629146386600549  0.26730010001763188  0.27841784880204712  0.28953536227377363
  0.30047523456215613  0.31101730634984992  0.32158893490154045  0.33217601481627779
  0.34296332710082150  0.35356632536342797  0.36404350316492817  0.37450889198642878
  0.38500151364081930  0.39553828687720866  0.40567091928939275  0.41530602557625629
  0.42465739266733732  0.43426250318004073  0.44444978279186026  0.45519594264863544
  0.46557956004382212  0.47529046541725334  0.48467495812538947  0.49414956007115896
  0.50403334826871593  0.51431059100898802  0.52463175783724147  0.53504657816686751
  0.54521263031214284  0.55537211631556227  0.56536970750477022  0.57545333137823351
  0.58569853958045937  0.59621030766910488  0.60687893360498668  0.61775190875436503
  0.62854643262106002  0.63900922440158325  0.64918755543103435  0.65958235831041123
  0.67034112167305870  0.68121849471937990  0.69196405404341321  0.70270152259600327
  0.71347729364869261  0.72432539556924613  0.73503300100600022  0.74568030018280562
  0.75620819035459230  0.76702007659013904  0.77801490774827231  0.78866952365748355
  0.79917987251579059  0.80945257897616529  0.82024549898979371  0.83102443028443085
  0.84227930278638963  0.85318758804340411  0.86409460430734586  0.87463875547977066
  0.88565782328821718  0.89655475195351964  0.90728492095376023  0.91783466757737941
  0.92809618249257986  0.93814614193715207  0.94819797972021169  0.95823449854015685
  0.96849019604768594  0.97866087817051051  0.98920475315503709  1.00000000000000000
  0.44694450599684693  0.55369049603343046  0.56630414421289343  0.57704296860752968
  0.58726318470747152  0.59697617229899780  0.60555967504207275  0.61396616685115857
  0.62242651586576148  0.63044671257651341  0.63786762719206014  0.64495993584506373
  0.65154651167302313  0.65789270050948601  0.66413241196374717  0.67009841405949000
  0.67587336414389521  0.68156216260970148  0.68710660629189413  0.69241671055007847
  0.69765020752093199  0.70284681866763876  0.70796796745222168  0.71286784657427960
  0.71771055562993791  0.72254290061373094  0.72734661767652709  0.73202305617061603
  0.73658777709584489  0.74116765085588954  0.74573847183296493  0.75023834285681223
  0.75463677592016754  0.75892948763918688  0.76319650042238141  0.76746812110700657
  0.77175866909374902  0.77592785177937018  0.78005141342418149  0.78411031429720768
  0.78819770367251418  0.79226188011398035  0.79617450814390700  0.80005907616887217
  0.80394077477654680  0.80793265076928278  0.81197349284805997  0.81591725056981190
  0.81970161430736943  0.82333334783581857  0.82685401461134556  0.83030900004921215
  0.83368597843848880  0.83698155462786550  0.84021383008780270  0.84334602834612482
  0.84634410823732353  0.84926555983327978  0.85220314752885429  0.85516070252089926
  0.85820176460089670  0.86137942251325283  0.86460304240712460  0.86776539574310296
  0.87089540849808633  0.87409134390630006  0.87730088170516318  0.88059388941160643
  0.88398897513949348  0.88737589572284070  0.89082711728531794  0.89430687783277540
  0.89780796632209792  0.90136689812659276  0.90492425146940525  0.90847560862640520
  0.91203790121922490  0.91570544158181455  0.91951584796738683  0.92344926878926459
  0.92734031761884417  0.93123779171406329  0.93499327789372355  0.93875334012696454
  0.94263139590101397  0.94654872699377124  0.95059593998650316  0.95475541614449622
  0.95908541573205397  0.96372464693538318  0.96847146314862320  0.97331657610690459
  0.97841075548380019  0.98418149720215731  0.99124261537593761  1.00000000000000000
  0.00856183649146404  0.16548513785456892  0.20436010345901851  0.22915051763841846
  0.24989981703839756  0.26758366972300546  0.28287300786154568  0.29646330983232305
  0.30939668094992984  0.32152780123643998  0.33318227814470064  0.34417041868683751
  0.35467921637376371  0.36464659907301089  0.37419040680944982  0.38347048933641054
  0.39254520399288617  0.40131750383557502  0.40985706189719795  0.41805943761258407
  0.42606791423364621  0.43387898060308661  0.44152664132708030  0.44902015255686178
  0.45642954170611072  0.46371752462130078  0.47097502496335031  0.47815324037087731
  0.48523010456882515  0.49219958921108220  0.49905642542075085  0.50562825072331496
  0.51198609536545026  0.51824048284626989  0.52442293694873932  0.53060558684154335
  0.53676140640153747  0.54272390766328915  0.54845424015641597  0.55406081178684852
  0.55962861639753037  0.56519673016616123  0.57071610352301883  0.57618074031928035
  0.58154455073453348  0.58680519079448490  0.59196763990618528  0.59715918257957168
  0.60238563402627487  0.60755466101743916  0.61268209532063833  0.61778136583370213
  0.62286840778145725  0.62786881468996047  0.63274439033643315  0.63758360126730818
  0.64241915621652623  0.64721989743929242  0.65208070770422399  0.65704919519768257
  0.66196342921431672  0.66675032197489470  0.67151993049954561  0.67626290287322433
  0.68103112246199660  0.68573103640623023  0.69033880828388994  0.69496905766576733
  0.69963296155460697  0.70442258195345420  0.70928698059385675  0.71428376401682014
  0.71930782975907126  0.72428846710475137  0.72927930518210693  0.73427906774339879
  0.73928303387162064  0.74424473409169467  0.74932970664905030  0.75459772870741793
  0.76015103312868504  0.76588835148324186  0.77189506366228811  0.77805149067187640
  0.78406402365786476  0.78991524590085127  0.79579504650811328  0.80189026207729708
  0.80854415301489713  0.81620228663287142  0.82442507533481224  0.83311662401817432
  0.84242748992111782  0.85248676517136401  0.87379096079370722  1.00000000000000000
   4.9478298547525929E-009  -1.0000000000000000     
 F F F F F F F F F F F F F F F F F F F F F F F F F F F F F F F F F F F F F F F F F F F F F F F F F F F F F F F F F F F F F F F F F F F F F F F F F F F F F F F F F F F F F F F F F F F F F F F F F F F F F F F F F F F F F F F F F F F F F F F F F F F F F F F F F F F F F F F F F F F F F F F F F F F F F F F F F F F F F F F F F F F F F F F F F F F F F F F F F F F F F F F F F F F F F F F F F F F F F F F F F F F F F F F F F F F F F F F F F F F F F F F F F F F F F F F F F F F F F F F F F F F F F F F F F F F F F F F F
  <DiscreteSampler_grid>
  grouped_processes
  1 # 1 for a reference and 2 for a running grid.
  10 # Attribute 'min_bin_probing_points' of the grid.
  1 # Attribute 'grid_mode' of the grid. 1=='default',2=='initialization'
  0.0000000000000000 # Attribute 'small_contrib_threshold' of the grid.
  0.5000000000000000 # Attribute 'damping_power' of the grid.
 # binID   n_entries weight   weight_sqr   abs_weight
    19   10   1.094078517190913E-001   4.107592022929964E-002   1.094078517190913E-001
    20   10   1.094078517190912E-001   4.107592022929953E-002   1.094078517190912E-001
    22   10   2.188157034381826E-001   1.643036809171985E-001   2.188157034381826E-001
    23   10   2.188157034381824E-001   1.643036809171981E-001   2.188157034381824E-001
    25   10   2.265417157701908E-001   1.759915371715389E-001   2.265417157701908E-001
    26   10   2.265417157701906E-001   1.759915371715386E-001   2.265417157701906E-001
    28   10   4.530834315403816E-001   7.039661486861556E-001   4.530834315403816E-001
    29   10   4.530834315403812E-001   7.039661486861546E-001   4.530834315403812E-001
    34   10   1.094078517190913E-001   4.107592022929961E-002   1.094078517190913E-001
    35   10   1.094078517190911E-001   4.107592022929952E-002   1.094078517190911E-001
    37   10   2.188157034381825E-001   1.643036809171984E-001   2.188157034381825E-001
    38   10   2.188157034381823E-001   1.643036809171981E-001   2.188157034381823E-001
    40   10   2.265417157701909E-001   1.759915371715391E-001   2.265417157701909E-001
    41   10   2.265417157701906E-001   1.759915371715385E-001   2.265417157701906E-001
    43   10   4.530834315403817E-001   7.039661486861563E-001   4.530834315403817E-001
    44   10   4.530834315403811E-001   7.039661486861540E-001   4.530834315403811E-001
  </DiscreteSampler_grid>
