  0.00266844749093847  0.01483072996710470  0.02833672538962539  0.04088590993991775
  0.05323215637991588  0.06522155683338722  0.07655995997575755  0.08731582362586232
  0.09801196663434841  0.10953682984649483  0.12206923122879737  0.13412594407861805
  0.14647616468460967  0.15930201214941275  0.17311032461932660  0.18679778685135778
  0.20022307960238928  0.21253693155173387  0.22307932088136725  0.23252868006246502
  0.24159350035117216  0.25132262942621003  0.26223066070846751  0.27358125592420612
  0.28516875001031206  0.29606393263858866  0.30451502288432591  0.31237708758890737
  0.32050575237264251  0.32949817426468103  0.33958085902859680  0.34964494723831452
  0.35971517809145426  0.37083506295571073  0.38375005951457780  0.39649374774434792
  0.40904216366333929  0.42142433596565804  0.43328334492498616  0.44466059679840503
  0.45579381235556071  0.46662909200011238  0.47695009818836887  0.48729439863750074
  0.49799030676530842  0.50898245806881381  0.51993747395983680  0.53087146428039822
  0.54134955246684791  0.55031374209624051  0.55949254189228326  0.56865896430294061
  0.57955987446670265  0.59055994944465828  0.60117906612499861  0.61166982325168617
  0.62239205323916769  0.63390375255233233  0.64319355114711252  0.65278432010938015
  0.66171215650924387  0.67121210755439531  0.67963939660235473  0.68771300384459089
  0.69610299805225251  0.70507749849400192  0.71507257723777007  0.72439184034964610
  0.73509661190824893  0.74624074776847071  0.75703372870140040  0.76708461279357298
  0.77863347060989152  0.78915030743991077  0.79836141250295434  0.80799520018374260
  0.81685342874390376  0.82786759008602095  0.83802783480797349  0.84764378954382058
  0.85650740117639934  0.86497441073682113  0.87323968272330876  0.88148224184613333
  0.89000029536342629  0.89951313109226394  0.90988633146621478  0.92066935598749278
  0.93144996199631247  0.94242239707496966  0.95395841785634117  0.96555594341399709
  0.97548984537355343  0.98418369940160311  0.99231671881550543  1.00000000000000000
  0.00369119410609431  0.01293976086385649  0.02331003587604522  0.03366097611178748
  0.04333268884536468  0.05319647327431569  0.06350957855181429  0.07419131093005554
  0.08368068772934434  0.09267880077854958  0.10208223306817217  0.11215531807348027
  0.12378283335670831  0.13560018767663160  0.14672163737364047  0.15846679170083910
  0.17043726756540303  0.18254399926375706  0.19453352586370626  0.20591966817461413
  0.21667487381705577  0.22738486379550166  0.23812658931628450  0.24957559742919624
  0.26071711538464665  0.27125485536040633  0.28185167208425060  0.29220274652627631
  0.30271278724582901  0.31319385140032852  0.32374651957540052  0.33512319446235583
  0.34736996611839444  0.35932591677564246  0.37128070361795013  0.38272685694786068
  0.39357619018438122  0.40346909365541572  0.41413603521793307  0.42425303278914339
  0.43572581289705598  0.44752309916591515  0.45830669431146459  0.46882792921154176
  0.47958433103072518  0.48980001049232813  0.50012284936642382  0.50916492303562821
  0.51907739754686533  0.52940855214361937  0.54075734930329877  0.55201965797139407
  0.56193001375787865  0.57213292566843255  0.58287356539281177  0.59400835005515740
  0.60553045423171403  0.61688705731105742  0.62815438510092225  0.63953037621276898
  0.65002483537194533  0.65991253707434805  0.66956648605159530  0.67943105361417278
  0.68902982301100058  0.69755765280345139  0.70613951912929562  0.71501235013518216
  0.72429118351879662  0.73361546010541190  0.74270403936341722  0.75184491653425645
  0.76126573733926239  0.77129704029305501  0.78225653168466636  0.79320651047650981
  0.80409363462461381  0.81464493284160810  0.82537119383444091  0.83682443101564230
  0.84859916133319135  0.86011026994595452  0.87046119220903073  0.88090103653860796
  0.89151125074514570  0.90278571269914620  0.91410801056552382  0.92650578805982120
  0.93503080406090566  0.94261967995206164  0.95034136464565200  0.95820484172717713
  0.96631497243630937  0.97515768950724524  0.98425720233800051  1.00000000000000000
  0.00014915936576274  0.00019354425031397  0.00022062025832736  0.00024156136132538
  0.00026137648499434  0.00028065193066802  0.00029858110417885  0.00031604169186304
  0.00033387449758611  0.00035120792381207  0.00036757243215563  0.00038433689277377
  0.00040318260436243  0.00042252218681329  0.00044177957779578  0.00046161876387732
  0.00048348113522720  0.00050533243710629  0.00052849837486256  0.00055347477440858
  0.00058051262124953  0.00060945107106993  0.00063963526863873  0.00066695609565155
  0.00069388349792252  0.00072099686528002  0.00074845516067216  0.00077792043255876
  0.00080971206315823  0.00084300564195303  0.00087630276369611  0.00090859099676347
  0.00093604366702139  0.00096420604110464  0.00099428413365571  0.00102517600561109
  0.00105829785940121  0.00109201366638655  0.00112996933161043  0.00117344924524752
  0.00122594261917868  0.00127989042069308  0.00133224030171891  0.00138473458011359
  0.00143901077385758  0.00149651350819118  0.00155959802938862  0.00163027246622799
  0.00170978412314225  0.00179221962627291  0.00188011509937302  0.00197201890906399
  0.00206481218243081  0.00214735955206903  0.00222311255373407  0.00228414134478907
  0.00233230042117971  0.00238658698093904  0.00244855520274993  0.00251307538792148
  0.00257582721489261  0.00264123066482965  0.00271341531597965  0.00279456371165135
  0.00288835763176113  0.00300250404623082  0.00310882246721118  0.00321060531546216
  0.00331377099924930  0.00340182708022384  0.00348308813093100  0.00357511062261372
  0.00367656882362321  0.00380499265435783  0.00394739258568073  0.00407980143107780
  0.00426794513019451  0.00448100584676657  0.00474159866827123  0.00507112627236380
  0.00551760347316873  0.00595880126294912  0.00643760874303125  0.00687009235991836
  0.00724736933575698  0.00766215449370745  0.00808401516798597  0.00847554286927432
  0.00889784696731075  0.00947003258606749  0.01004973295564647  0.01063485143658595
  0.01156044342166572  0.01266144563272302  0.02257878401761685  1.00000000000000000
  0.00000452688532299  0.00000464776421503  0.00000478078485810  0.00000497753850425
  0.00000517691427971  0.00000538981344512  0.00000562726475397  0.00000597262554114
  0.00000628853039044  0.00000659478879437  0.00000689774603262  0.00000720531616746
  0.00000758008527357  0.00000797126534120  0.00000839827251691  0.00000883272112611
  0.00000928011992605  0.00000976418316147  0.00001030884878218  0.00001087496536106
  0.00001137354887970  0.00001178235017706  0.00001219454760978  0.00001262928201912
  0.00001307725143478  0.00001350030330837  0.00001397661710397  0.00001445734171538
  0.00001495423136404  0.00001561202594886  0.00001624357316514  0.00001685636911274
  0.00001751269623673  0.00001813354971972  0.00001879826561510  0.00001948601166774
  0.00002026695675978  0.00002101500788840  0.00002176468923268  0.00002251228110885
  0.00002341245440321  0.00002441867180447  0.00002541662894153  0.00002646317381635
  0.00002757965777484  0.00002872002263810  0.00002993476764954  0.00003128223870005
  0.00003276820795992  0.00003434201344475  0.00003599089733408  0.00003764248577608
  0.00003934017893650  0.00004094459749747  0.00004288089803862  0.00004488275885902
  0.00004693625028149  0.00004931897223017  0.00005199031862412  0.00005492742810796
  0.00005825404214932  0.00006188846293323  0.00006583030641150  0.00007017218872417
  0.00007476023771954  0.00007948655538380  0.00008432037257012  0.00008915753008852
  0.00009481807123403  0.00010104129594664  0.00010856633238141  0.00011700762731383
  0.00012746375929791  0.00013853046700487  0.00015102541204633  0.00016514813581445
  0.00018311327019573  0.00020789255567935  0.00023478870812656  0.00026673181900970
  0.00030433318273492  0.00034596196341057  0.00039111345210978  0.00044106768418556
  0.00050033581042817  0.00058105152954195  0.00069832500555139  0.00085549901696046
  0.00110371495237943  0.00151456427067945  0.00205527252618873  0.00283032887692405
  0.00402130104321509  0.00771561574608646  0.03692506664646469  1.00000000000000000
  0.00000714275569203  0.00000818574510934  0.00000937981571312  0.00001075280774664
  0.00001232436285939  0.00001386567670543  0.00001538772929043  0.00001633086225056
  0.00001725499832386  0.00001816324121730  0.00001911480449585  0.00002010915515430
  0.00002159558209797  0.00002320297558281  0.00002501890878999  0.00002690302735079
  0.00002897042445757  0.00003106867865552  0.00003331971047413  0.00003565160316799
  0.00003789580546178  0.00004032764164603  0.00004292459690179  0.00004568494276114
  0.00004863363828305  0.00005172945564835  0.00005495283983587  0.00005839143089439
  0.00006228197519836  0.00006686754562801  0.00007225670759176  0.00007798887028001
  0.00008422803519551  0.00009047550834839  0.00009679266332065  0.00010372101314921
  0.00011141659645224  0.00012060775050726  0.00013116223189994  0.00014328818519438
  0.00015755267221786  0.00017224788524375  0.00018706725667121  0.00020201802093877
  0.00021798524697535  0.00023689544023031  0.00025983440038017  0.00028205319424474
  0.00030572964665001  0.00033048545482545  0.00035972975408252  0.00039476282014226
  0.00043257140508421  0.00047676898464428  0.00052716791685560  0.00057931647650773
  0.00063717696408433  0.00070240209166590  0.00077573246168178  0.00085706216151936
  0.00094293702796150  0.00103222961346013  0.00112500331126828  0.00122039606867686
  0.00132115098614531  0.00143295355511169  0.00155252982689711  0.00168758388155540
  0.00182453597026084  0.00194288261743189  0.00206250018001164  0.00219515011622270
  0.00235298126627888  0.00253723075825743  0.00273420173846513  0.00294261826669129
  0.00317593373018746  0.00337140317509880  0.00351212699027083  0.00367172471402628
  0.00381871957880177  0.00394323939582051  0.00421407266612348  0.00453051174746099
  0.00485370431184974  0.00526098152405709  0.00565457757052675  0.00603353785840261
  0.00667262840664209  0.00770366204234776  0.01004872917645861  0.01364030972327166
  0.01643660163813347  0.01921760356792531  0.02541440952649554  1.00000000000000000
 -0.00294121817981077  0.01242909812976072  0.02387210777706338  0.03439540643415397
  0.04398708540960423  0.05309730188866345  0.06280026925416914  0.07478311197788162
  0.08949262611980639  0.10468964871180232  0.11798633822077806  0.13103747793284962
  0.14324317318034868  0.15499042292367760  0.16679191631948886  0.17857205099223247
  0.19016875302126166  0.20042828553050779  0.21115463457651362  0.22144665704535144
  0.23139807620869082  0.24114868388059968  0.25120281051358834  0.26146156588057784
  0.27182846161735946  0.28279703723598421  0.29450172153262366  0.30711310605849068
  0.31995632029458476  0.33239153853774212  0.34384816604370028  0.35421173353098667
  0.36340205184595958  0.37274620313627360  0.38241197577481928  0.39275903377570387
  0.40322440267898418  0.41304382920012395  0.42258467483874751  0.43175851065828735
  0.44144360770382363  0.45205837536327709  0.46399351087500773  0.47557294731681565
  0.48592457021405561  0.49612825699173929  0.50605439283913378  0.51578533203642574
  0.52552741872775588  0.53544786773408626  0.54553757245477064  0.55524609502255817
  0.56539522480428506  0.57628337074272473  0.58708718573701502  0.59830242097532860
  0.60871100416633039  0.61847505459468188  0.62844361911580493  0.63821928699454189
  0.64830327983674985  0.65799707035409660  0.66751073511233927  0.67754553093687264
  0.68810416343064174  0.69899608248793266  0.71032655500824948  0.72106818090238078
  0.73187658223568575  0.74089180130766763  0.74976265189093305  0.75898665247940567
  0.76878073755011200  0.77873136013624211  0.78887724278279781  0.79937025065723266
  0.81056079234599665  0.82141458227375086  0.83107610580546221  0.83994939921333900
  0.84918050937070355  0.85943433923293799  0.87037074130988268  0.87909546153680695
  0.88700331950622113  0.89503039145493057  0.90373083416811684  0.91273346009492706
  0.92262401154518658  0.93228315218304680  0.94157693365404882  0.95220778720696264
  0.96320547126015121  0.97521444496916443  0.98754905273340055  1.00000000000000000
 -0.00179965044812504  0.00979354766704661  0.02049730599517586  0.03260012320610708
  0.04455879165354484  0.05391742770509562  0.06225609080742776  0.07017857404116970
  0.07865277755899923  0.08811045121826178  0.09770915704272379  0.10698415658853246
  0.11626220772983394  0.12580092144585520  0.13712278440004100  0.14944951698539743
  0.16087849913114494  0.17174880948732771  0.18206920689656123  0.19274662046478744
  0.20256110501330205  0.21207453167162996  0.22126692924986199  0.23073854320775519
  0.24037077695550102  0.25046634157907349  0.26170234437817363  0.27380580010053457
  0.28547892983949064  0.29693329295159632  0.30813720123627186  0.31959041921260345
  0.33133819258841579  0.34214781193131982  0.35174435180194707  0.36097140374658032
  0.37057907735298634  0.38210215658504865  0.39470077848604201  0.40805818188841397
  0.42044933828636344  0.43122287731089903  0.44154846101288298  0.45184916899758798
  0.46241733673186824  0.47433066753177888  0.48620716272449666  0.49771549630932044
  0.50958007592311927  0.52143807501716766  0.53099447012779144  0.53969206601398101
  0.54859714110107471  0.55929287581674580  0.57071168388591520  0.57832316798735961
  0.58610036329767357  0.59360547030052979  0.60221683884129307  0.61188052398481019
  0.62248732584601729  0.63460773413373739  0.64586673804206796  0.65638575182273695
  0.66701402121597642  0.67967910227505401  0.69343143879894542  0.70606586177165875
  0.71642529957600598  0.72610034947213831  0.73608044460210920  0.74663141061150085
  0.75799747753902513  0.76964304448824539  0.78013515776703535  0.78994453706819956
  0.80012382848308405  0.81129376245250440  0.82150010852688105  0.83060102932088986
  0.84047596591872198  0.85160435241908516  0.86181448806892869  0.87170485973832701
  0.88215857759613636  0.89298908074628325  0.90338804278061480  0.91380909518996878
  0.92400360966998640  0.93509649365633596  0.94675843318985520  0.95805218064745035
  0.96969709547848637  0.97994195509675674  0.99038199583139352  1.00000000000000000
 -0.00165390540905314  0.00655500000472194  0.01392503017873987  0.02137717518660017
  0.02842517803954392  0.03463315712292611  0.04090001335862603  0.04775132195525116
  0.05452312905182484  0.06137676226960453  0.06860696741238506  0.07675479790457330
  0.08578965364864509  0.09495721744282672  0.10349428463068862  0.11119048072903723
  0.11876659410438888  0.12717525199464019  0.13572143525354224  0.14359188829548769
  0.14978949554196472  0.15595836186146811  0.16223116617487598  0.16910645246649389
  0.17800524272989765  0.18543840784886931  0.19295964795194315  0.20041169629199165
  0.20887189881183515  0.21842831224279863  0.22812710656272076  0.23734141063355765
  0.24598111660706329  0.25504752848063350  0.26348833420505924  0.27271770410957302
  0.28064866651818127  0.28892870356939621  0.29754768811299404  0.30639635931600323
  0.31603953411887514  0.32597474307873364  0.33425525781802579  0.34114002468081300
  0.34764335813774616  0.35438366600809806  0.36228949502388386  0.37178435352273420
  0.38150900899461387  0.39182193878031973  0.40178869452745569  0.41172611695508560
  0.42071786177033027  0.43022162904592504  0.43944263353891544  0.44921446773683743
  0.45942918381332964  0.46970619385422924  0.47947143031111461  0.48943773673353519
  0.49950498309429547  0.51141687635694766  0.52256224181727040  0.53317307180166440
  0.54354066503491338  0.55404940043669282  0.56506761430075780  0.57694538204035639
  0.58968351602127544  0.60282360749197417  0.61517617350257814  0.62624722628500695
  0.63714278656493040  0.64823124614211447  0.66126521517192549  0.67535988649670242
  0.68904496622582045  0.70124973056418782  0.71232680351011357  0.72355849150950535
  0.73600374953589864  0.74985315931473029  0.76272012205965289  0.77351093401184201
  0.78561292591447396  0.79822520098028904  0.81226541779415029  0.82695321922890996
  0.84495242803928938  0.86376535143899491  0.88398106355552308  0.90581136384868322
  0.92926553284505153  0.95182152344889304  0.97501049214007252  1.00000000000000000
 -0.00258390682056106  0.01005959991301085  0.02161702553227668  0.03440463669671517
  0.04668066616877773  0.05866947059371788  0.07044204605220142  0.08193429325196031
  0.09262665240841240  0.10332725956527175  0.11406801285359652  0.12468141797639991
  0.13492952926077206  0.14569199512365447  0.15694585682754536  0.16781198829776733
  0.17771584401446347  0.18719824853850184  0.19644055658151041  0.20564484805178215
  0.21500802047158379  0.22523864188183254  0.23632177648007899  0.24783662995630074
  0.25931030388586312  0.27050511294671664  0.28234494302049706  0.29493501684960283
  0.30629689645895536  0.31708070570016383  0.32563731411317204  0.33434014962009084
  0.34311628901917302  0.35144557745009936  0.36056828228509702  0.37011667666369497
  0.37970735356958141  0.38946990777423895  0.39874105890130290  0.40910620092963068
  0.41947891062669551  0.43043272877764643  0.44144510471266873  0.45277047393419378
  0.46431509759462930  0.47617569278122618  0.48826900047016158  0.49865699220666110
  0.50767247375347857  0.51659977558951975  0.52736352210991011  0.53809216684243444
  0.54830268961483053  0.55785995707083702  0.56802286163882798  0.57826973597923681
  0.58808998860377470  0.59789119791651935  0.60809077263988653  0.61885237891399802
  0.63052210859565583  0.64239854357915793  0.65321541163524977  0.66382162944942158
  0.67461448722539652  0.68577189639464764  0.69645022281169278  0.70689324029478218
  0.71494596390235332  0.72270426193884352  0.73093347008707366  0.73899232958031280
  0.74872129909951224  0.75959647979769451  0.77096295263564618  0.78206687211326542
  0.79332894024526546  0.80563063893610354  0.81806610130746049  0.83044718735822787
  0.84328435861504647  0.85650569342889848  0.86878321096874001  0.88039523085146199
  0.89130582699971550  0.90137246862796705  0.91195419597909144  0.92259686564991239
  0.93257998453338253  0.94229614303344555  0.95183355625237809  0.96191152783183842
  0.97150895115940528  0.98092618750958105  0.99012925466406831  1.00000000000000000
 -0.00102009778927396  0.00241423383671651  0.00607838297978831  0.00967809547945971
  0.01293087452609173  0.01675959477072635  0.02097031554771567  0.02557499242011856
  0.03088610072702644  0.03578908000091067  0.04077591466768792  0.04618037774002144
  0.05207607059524226  0.05835677166107701  0.06507233819637538  0.07206028457644058
  0.07917239675069138  0.08631544902146032  0.09319196398988087  0.10014727544650212
  0.10744530376179257  0.11551515930850059  0.12432744855687916  0.13323605915520267
  0.14270556467754927  0.15287960390362548  0.16371795015219789  0.17532569962348629
  0.18761257514684637  0.20026470094547416  0.21357055486125767  0.22844738381717766
  0.24562608918625975  0.26294822465371293  0.28077592156406400  0.29827164631084652
  0.31467311772491868  0.33120314048856669  0.34907157213054862  0.36986519124315420
  0.39508262148805623  0.41869614894014873  0.44362898787306937  0.46686256678580318
  0.48731160994178985  0.50528436146459887  0.52474378023234469  0.54633401945685389
  0.56793436111866269  0.58785879984636158  0.60628126269194393  0.62232208160262370
  0.63862560512256639  0.65600344176599046  0.67288905295576029  0.69039801130830736
  0.70784605017778113  0.72348424807448342  0.73691199158946641  0.74945128180578691
  0.76140345187246727  0.77326493145068886  0.78524567389031164  0.79651420730620004
  0.80694510256489227  0.81660658218851701  0.82570826041733369  0.83478055149224328
  0.84333210388744462  0.85175458945466509  0.86014305549192571  0.86844915424521729
  0.87619227854766146  0.88348296013228056  0.89004540576308899  0.89596243420497690
  0.90126532360759981  0.90648816777168617  0.91127948656021207  0.91624326577713211
  0.92099905727239861  0.92694905832733787  0.93228939230860597  0.93754539647605162
  0.94229239321376712  0.94681373384833067  0.95127757230426890  0.95586009348956635
  0.96105215411226363  0.96695618750856727  0.97253932426959877  0.97815439063198439
  0.98391995658898390  0.98930012505388909  0.99465835652560963  1.00000000000000000
 -0.00299946842892104  0.01252029193686773  0.02585316810326176  0.03746258193332923
  0.04792817065291459  0.05798751412911922  0.06897668437913242  0.08029644352401819
  0.09190967998984639  0.10306745658609379  0.11468118991338140  0.12592523571102876
  0.13573018599520709  0.14472481091121525  0.15501094757971640  0.16528780354519093
  0.17509923351249801  0.18510201266207035  0.19564933066171208  0.20668640808112992
  0.21712726805395266  0.22597569140861520  0.23549264752488661  0.24512917212200286
  0.25563188442982571  0.26633030988052775  0.27651133181173621  0.28667669515893407
  0.29660511157169200  0.30732690846567678  0.31818184384875997  0.32897182233114358
  0.33972607422467593  0.34994450532280807  0.35973852770217857  0.36995847336903165
  0.38117171876903866  0.39256419149085992  0.40398719648617387  0.41545287575274809
  0.42655157632611684  0.43648381201823078  0.44620345842444570  0.45610603831802388
  0.46625181035874291  0.47602064867767307  0.48592932910311487  0.49572807859517748
  0.50521175617878467  0.51610178727494116  0.52780876237706087  0.54043096957831993
  0.55220938594685087  0.56270158854412688  0.57293732990530111  0.58313479970264093
  0.59310772144782875  0.60296801994657134  0.61299141847352556  0.62438388494117636
  0.63534762919837928  0.64535066393085239  0.65438850866461329  0.66378787558322006
  0.67440433737664773  0.68570828543069806  0.69690605594814115  0.70769722382628997
  0.71909523722632984  0.73046954298523359  0.74070341642142667  0.75042060898842933
  0.76014463508031727  0.77108955596443440  0.78286618223976889  0.79296048487948467
  0.80029190834371600  0.80706458680964532  0.81443363176955097  0.82348263434468338
  0.83426982990352150  0.84569925742129604  0.85620294644551220  0.86639688753196165
  0.87720897323656788  0.88725391281845212  0.89682720650710468  0.90562545264658800
  0.91519754767026662  0.92614994402327144  0.93889515077040542  0.95151075515078753
  0.96372384623190432  0.97484610998819010  0.98728468564789196  1.00000000000000000
 -0.00226191940192105  0.00882474107571859  0.01834492627774936  0.02890047544154871
  0.04025948571202284  0.05136406963068488  0.06083098392835688  0.06968338062241193
  0.07849278837574310  0.08866120830757637  0.09794304976485033  0.10634089597841208
  0.11481639219960146  0.12387858721619614  0.13381801564160140  0.14444447239173425
  0.15480214377718890  0.16476864481621326  0.17469244375544882  0.18578666046626105
  0.19861785684201613  0.21169532248639916  0.22247888021570866  0.23350719444382842
  0.24488347197238666  0.25547458235911774  0.26417364462459803  0.27283953995645965
  0.28261806204149154  0.29314884911344330  0.30281021276139936  0.31291198116677388
  0.32514632792686438  0.33931932613837906  0.35242917093368353  0.36274830770719729
  0.37249840342953866  0.38280284014300470  0.39475897649435909  0.40750085523847923
  0.42074060202053365  0.43300626240529644  0.44377750121278664  0.45383928025648868
  0.46336321562412858  0.47353144081055942  0.48359480206790278  0.49482115551698702
  0.50688696328334870  0.51866787441485973  0.53066752990534272  0.54292409935269104
  0.55377067726861207  0.56448672138568257  0.57485518244493639  0.58597911460954288
  0.59727924923018982  0.60804911187312938  0.61874455531558259  0.63002156289193478
  0.64168265360663357  0.65255171301291193  0.66246736951160923  0.67214390383952738
  0.68173347712961885  0.69133595380948087  0.70094902964675299  0.70947304848815096
  0.71873078090411191  0.72837954375888148  0.73989610800646355  0.75108703165867408
  0.76181615725557006  0.77266942928324667  0.78391565781806594  0.79579217173266703
  0.80729655977109294  0.81725485661440245  0.82631074171010788  0.83547078664835273
  0.84494582384504324  0.85398306241211108  0.86285729363504793  0.87291607113742908
  0.88406101637071766  0.89598483134173923  0.90767048080145996  0.91846651276410707
  0.92926313582068576  0.93969166805650806  0.94951682796212833  0.95954920787289466
  0.96950055134001512  0.97983646316545348  0.98973940787716619  1.00000000000000000
  0.00005938182194625  0.00061367885115721  0.00095809637069579  0.00123086909853657
  0.00148960839614386  0.00172960268017866  0.00196604713239083  0.00218864175752408
  0.00239016610346394  0.00259498136384723  0.00278669885509981  0.00297090433437341
  0.00316216651863599  0.00334945478718381  0.00353764129898020  0.00373216270956760
  0.00392821904262404  0.00413613268120177  0.00433347161316718  0.00452465327170134
  0.00471779214590304  0.00492748950106314  0.00513999768308009  0.00535683414021300
  0.00559003605219080  0.00584103224299568  0.00609302965160003  0.00632224560999583
  0.00656221126864872  0.00680334688292604  0.00704363928737948  0.00727908730468035
  0.00749575081294894  0.00771748833484785  0.00789452893426964  0.00804887934085708
  0.00822443071007594  0.00840499669239886  0.00860170695897673  0.00885011159068901
  0.00915373791223337  0.00938890282161321  0.00958544006421132  0.00976113956525918
  0.00991653341646154  0.01010968246132218  0.01036246999840347  0.01061244233483563
  0.01084871337419506  0.01106749035097374  0.01127780560663061  0.01150851498447488
  0.01179413917845694  0.01216255763055520  0.01251193431348012  0.01284153177342929
  0.01315507035795307  0.01349091207427525  0.01383812700824000  0.01420498003064103
  0.01459601551799446  0.01500825149087433  0.01519792744561182  0.01539255479479946
  0.01562989296936450  0.01592185447498977  0.01617937477573244  0.01641854227952841
  0.01666808144649948  0.01692584431458443  0.01724731418502836  0.01758823090587662
  0.01797913252159406  0.01826614212066525  0.01850460477541006  0.01874479718147455
  0.01902339057580937  0.01961308996293784  0.02020003798677757  0.02057285073033991
  0.02095412877740441  0.02142203445611329  0.02213426685158136  0.02307934224971995
  0.02410739543945019  0.02507312853857432  0.02609923640516358  0.02715584109000313
  0.02833361606006059  0.03078916164461282  0.03404151620950658  0.03625188085090821
  0.03911454947362801  0.05049927987778680  0.07337804922066678  1.00000000000000000
 -0.00168505009912741  0.00777340374307168  0.01522531734465811  0.02318511858651139
  0.03126782112861901  0.03920011840728643  0.04765899799691078  0.05685301971764878
  0.06675237677008206  0.07586293085024899  0.08534417595666519  0.09479311386593789
  0.10383071953050761  0.11311289109650707  0.12223416293894139  0.13126779896692187
  0.14113267474625557  0.15080761977881102  0.16104105905860877  0.17090822934906885
  0.17929822663191794  0.18823803233800090  0.19750259640866208  0.20677890005881280
  0.21572169893230525  0.22425146345013802  0.23408636408616543  0.24517416145279289
  0.25663697113591266  0.26704647247125091  0.27795526495646700  0.28893883082493632
  0.30030853876663133  0.31228600158191355  0.32549009289452524  0.33841595606667052
  0.35134725597289351  0.36453406104956859  0.37813656481052027  0.39237289580829676
  0.40890032920739311  0.42624467100679508  0.43991332112465759  0.45178276858861649
  0.46315315084672437  0.47384413998455710  0.48488299820294123  0.49633559170352315
  0.50958413970993621  0.52373151632556292  0.53817066430497107  0.55173807729178304
  0.56491510050717930  0.57763767501115870  0.58966806398571936  0.60132540562571457
  0.61268258676054821  0.62437672483376072  0.63683250139173120  0.64989977578330527
  0.66318156954520480  0.67540326430334008  0.68751444378214421  0.69927157050955135
  0.71154657369091434  0.72394386435620184  0.73486614889912216  0.74565601224640332
  0.75565209660349153  0.76643085941688449  0.77689596089595392  0.78742593166147135
  0.79768013018780515  0.80755275089462863  0.81718013087190333  0.82715128951455164
  0.83829908004692455  0.84955516122661301  0.85988106492770777  0.86912608737883168
  0.87846286735876422  0.88787527918459652  0.89732743730000397  0.90655232457618495
  0.91383110632922404  0.91981344535528264  0.92737497688090453  0.93520838461350420
  0.94393232315546538  0.95287659884985043  0.96153128410798916  0.96973347919688668
  0.97768818025962623  0.98561479217787984  0.99320172819904995  1.00000000000000000
  0.58683146882139714  0.64414517029294538  0.66422104923028968  0.68030254065249829
  0.68946606796120702  0.69743665056263937  0.70783691550911088  0.71747745095660664
  0.72573586879846363  0.73279990444572507  0.73918939686143303  0.74554632245050145
  0.75174194707919106  0.75810284287890228  0.76417018665028302  0.77012848051023686
  0.77533385630744611  0.77989210559592737  0.78453281276037179  0.79006110790376372
  0.79549205234095455  0.80090357716153038  0.80564123988933034  0.81041636077783785
  0.81493858222221094  0.81971756423940390  0.82417285913681948  0.82867135727812691
  0.83218871592592947  0.83531919345263905  0.83845825034402111  0.84186088235920398
  0.84541855306265556  0.84864428779799261  0.85155612107708323  0.85454747162664424
  0.85767745061629030  0.86087045597289824  0.86421925476984995  0.86752419205795261
  0.87062558666050593  0.87360900832891575  0.87655314498419412  0.87954792057737352
  0.88277283064465795  0.88591215198919682  0.88885765430990571  0.89136367903890990
  0.89388324577355593  0.89627482810740899  0.89868288052479295  0.90099634529871220
  0.90320241924189903  0.90545969241116497  0.90792609910826849  0.91067587931822369
  0.91346628655975404  0.91601964146127246  0.91830254596431626  0.92049322185992555
  0.92274058678657311  0.92526897227763272  0.92757701425541728  0.92988428376568810
  0.93215696200809195  0.93445253478263424  0.93689165353568915  0.93917352293609824
  0.94165225738562341  0.94415333494731069  0.94645071759383737  0.94872496019466412
  0.95087158939104788  0.95288750480283047  0.95478259586760950  0.95660653113094163
  0.95847946634260250  0.96038676293395453  0.96213563008208913  0.96391570559019646
  0.96568750331006747  0.96738862593732322  0.96908778873024215  0.97090263682994071
  0.97284711789823974  0.97484930615818077  0.97681478733443328  0.97884441904956287
  0.98090542143464332  0.98305932875264956  0.98530145422331061  0.98759746327539943
  0.99008135614845105  0.99289037068503816  0.99622916030039799  1.00000000000000000
  0.04617118337431945  0.19135437688935425  0.22701649282157466  0.25319712982548537
  0.27291956149804703  0.29008655554979595  0.30509862913173968  0.31878441294042476
  0.33134239180224928  0.34049792591651029  0.34924909664690074  0.35863587856862561
  0.36872458108896361  0.38036504101283442  0.39064080364832904  0.39945758742857240
  0.40773171842722883  0.41535656940496157  0.42294772893681576  0.43032212893564048
  0.43731288802402962  0.44394620713565075  0.45030612384495694  0.45691495459695614
  0.46361842327767327  0.47049121623047768  0.47687270534300630  0.48267409256582017
  0.48804294798630365  0.49343340998638280  0.49887414066813435  0.50383325554900271
  0.50871985783153961  0.51410209354506142  0.51989750558454295  0.52543702233934542
  0.53067651286612727  0.53576183400124866  0.54076574190091575  0.54578356076502244
  0.55075053266081331  0.55502686135652091  0.55913336552382020  0.56328080530943869
  0.56770412561634298  0.57263560433858807  0.57803703941398377  0.58361054610721141
  0.58919042135605515  0.59493265832371856  0.60043486723318940  0.60569837375608560
  0.61054502974614278  0.61476721150960922  0.61885219070438502  0.62283822271220135
  0.62694108695768791  0.63109244585161273  0.63591179919615037  0.64113955370532238
  0.64634039910224861  0.65126453873278956  0.65588232793976098  0.66045979080537631
  0.66505871327497146  0.66947917188976658  0.67396371279987821  0.67853331143525475
  0.68296732918253533  0.68740482960242677  0.69173210239148175  0.69596237521177629
  0.70041964581826988  0.70503758573569997  0.70993644699557201  0.71524304757808332
  0.72112865702808715  0.72717428351460778  0.73249209196327614  0.73752097968104602
  0.74214336081982279  0.74679786696580919  0.75182917629189860  0.75734160993433630
  0.76345489592324933  0.77039882813371308  0.77869515733565042  0.78770895023841947
  0.79710434258361262  0.80726869606220708  0.81966602499160346  0.83532659261041387
  0.85386005001744347  0.87401423282137036  0.90094719090068354  1.00000000000000000
   5.1384074521171004E-009  -1.0000000000000000     
 F F F F F F F F F F F F F F F F F F F F F F F F F F F F F F F F F F F F F F F F F F F F F F F F F F F F F F F F F F F F F F F F F F F F F F F F F F F F F F F F F F F F F F F F F F F F F F F F F F F F F F F F F F F F F F F F F F F F F F F F F F F F F F F F F F F F F F F F F F F F F F F F F F F F F F F F F F F F F F F F F F F F F F F F F F F F F F F F F F F F F F F F F F F F F F F F F F F F F F F F F F F F F F F F F F F F F F F F F F F F F F F F F F F F F F F F F F F F F F F F F F F F F F F F F F F F F F F F F F F F F F F F F F F F F F F F F F F F F F F F F F F F F F F F F F F F F F F F F F F F F F F F F F F F F F F F F F F F F F F F F F F F F F F F F F F F F F F F F F F F F F F F F F F F F F F F F F F F F F F F F F F F F F F F F F F F F F F F F F F F F F F F F F F F F F F F F F F F F F F F F F F F F F F F F F F F F F F F F F F F F F F F F F F F F F F F F F F F F F F F F F F F F F F F F F F F F F F F F F F F F F F F F F F F F F F F F F F F F F F F F F F F F F F F F F F F F F F F F F F F F F F F F F F F F F F F
  <DiscreteSampler_grid>
  grouped_processes
  1 # 1 for a reference and 2 for a running grid.
  10 # Attribute 'min_bin_probing_points' of the grid.
  1 # Attribute 'grid_mode' of the grid. 1=='default',2=='initialization'
  0.0000000000000000 # Attribute 'small_contrib_threshold' of the grid.
  0.5000000000000000 # Attribute 'damping_power' of the grid.
 # binID   n_entries weight   weight_sqr   abs_weight
    13   10   4.294146618966076E-005   1.244156634560041E-008   4.294146618966076E-005
    14   10   4.294146618966087E-005   1.244156634560049E-008   4.294146618966087E-005
    16   10   4.294146618966076E-005   1.244156634560041E-008   4.294146618966076E-005
    17   10   4.294146618966087E-005   1.244156634560049E-008   4.294146618966087E-005
    22   10   4.294146618966080E-005   1.244156634560044E-008   4.294146618966080E-005
    23   10   4.294146618966085E-005   1.244156634560048E-008   4.294146618966085E-005
    25   10   4.294146618966080E-005   1.244156634560044E-008   4.294146618966080E-005
    26   10   4.294146618966085E-005   1.244156634560048E-008   4.294146618966085E-005
  </DiscreteSampler_grid>
