  0.00000211531218943  0.00000224629847857  0.00000234317631544  0.00000241418443938
  0.00000248811604391  0.00000256436020383  0.00000264426466876  0.00000272005361923
  0.00000277987459570  0.00000283173764055  0.00000288709396259  0.00000294742858314
  0.00000300720181553  0.00000306287547407  0.00000311246033941  0.00000318113611061
  0.00000325529152964  0.00000333577162658  0.00000342843821795  0.00000352151280844
  0.00000361185413760  0.00000369359292308  0.00000378049467939  0.00000387549599927
  0.00000396941994336  0.00000405717035361  0.00000414496233180  0.00000423462297900
  0.00000433155881477  0.00000444976881230  0.00000456241735543  0.00000467540626771
  0.00000479071321012  0.00000490982702421  0.00000505699371157  0.00000520307021377
  0.00000535323521437  0.00000550237032603  0.00000565656837176  0.00000582138786576
  0.00000599765387760  0.00000618481542812  0.00000637301870516  0.00000655314353796
  0.00000673004830873  0.00000690636168793  0.00000709707227004  0.00000729507383780
  0.00000750080470006  0.00000769970863769  0.00000789919280138  0.00000811635515033
  0.00000835131976394  0.00000859477372906  0.00000884266721965  0.00000909168226224
  0.00000936742702152  0.00000967650297722  0.00001004411376128  0.00001039824824818
  0.00001075487908063  0.00001115661039910  0.00001158436976006  0.00001203778712648
  0.00001246389735074  0.00001313217414200  0.00001388477556969  0.00001466938833779
  0.00001551642030049  0.00001635427301946  0.00001715409785383  0.00001801390639546
  0.00001890785080839  0.00001992195187810  0.00002111443046405  0.00002239354515513
  0.00002384818225260  0.00002552099173738  0.00002732470359889  0.00002940278678569
  0.00003199241486104  0.00003540130917991  0.00003936047741750  0.00004407033209415
  0.00004988093809221  0.00005708803373396  0.00006598330107613  0.00007833007895048
  0.00009844035430947  0.00013320748003067  0.00019874819389457  0.00029691737744691
  0.00057394673299912  0.00225687572666116  0.05586221358613505  1.00000000000000000
  0.00001239198135354  0.00001248020196744  0.00001260862710440  0.00001269871778433
  0.00001294102122256  0.00001322227327919  0.00001346424136652  0.00001380286197661
  0.00001414121609692  0.00001463800434974  0.00001517946257882  0.00001567142061338
  0.00001610516458360  0.00001655266689577  0.00001708438916948  0.00001770889090659
  0.00001834548615540  0.00001893172342988  0.00001948857529285  0.00002002443033542
  0.00002066500641654  0.00002127300578511  0.00002182827717281  0.00002228834752829
  0.00002275924176649  0.00002331587835722  0.00002390423260430  0.00002443891274457
  0.00002496390798757  0.00002551418766641  0.00002604774296240  0.00002660498912887
  0.00002728992677596  0.00002818676683586  0.00002927491227373  0.00003025582182605
  0.00003123945559884  0.00003221477518713  0.00003317557922001  0.00003412226532208
  0.00003509494355665  0.00003609116042660  0.00003723543650834  0.00003862827972822
  0.00004014232037082  0.00004165982305974  0.00004320515253891  0.00004498880050534
  0.00004683680304241  0.00004864057919755  0.00005046515294073  0.00005245293611023
  0.00005439716479902  0.00005637873492107  0.00005897197054281  0.00006233810668905
  0.00006626396774275  0.00007053320443301  0.00007534500896445  0.00008057786737031
  0.00008640204863355  0.00009295337550357  0.00010060980963057  0.00010959865808373
  0.00011973109172629  0.00013206702875869  0.00014644819335073  0.00016213834937957
  0.00017874532063772  0.00019671816833317  0.00021716491383494  0.00024426564801356
  0.00027825677545028  0.00032046977623493  0.00037028237137634  0.00042896260986824
  0.00049291259418730  0.00057193463060791  0.00068240249621845  0.00081765386964997
  0.00096103426801493  0.00112589589418397  0.00133027403486194  0.00158033419670892
  0.00191779672748526  0.00238539178913325  0.00282552260273916  0.00324218086892384
  0.00368094369429215  0.00413341338765126  0.00525920490878945  0.00704691463474012
  0.00940531771791463  0.01364203637819486  0.11288014203915279  1.00000000000000000
  0.00007248647850326  0.03100544643920981  0.05192196698136560  0.06866508923410049
  0.08196747073207027  0.09361329000285763  0.10428836026764247  0.11489979262334997
  0.12579909387291391  0.13780817870717921  0.14953853296863509  0.16167152379682026
  0.17436796116438402  0.18690893028214522  0.19866179224057104  0.20995293493166553
  0.22099360299199527  0.23103245468035333  0.23961690553249285  0.24748337137088294
  0.25389082722322770  0.26034696215410852  0.26927505217091019  0.27793811749038294
  0.28659871937714976  0.29554307480218622  0.30404851088950163  0.30985698084310975
  0.31736172390901457  0.32559973090916794  0.33478668182164512  0.34540060505925430
  0.35686063412032332  0.36773083610856777  0.37891948433724754  0.39016254059390232
  0.40156551874644231  0.41252370528972082  0.42269075406480877  0.43264962194885564
  0.44284201141563800  0.45301724967811829  0.46297120158795285  0.47285911583301526
  0.48268744878644648  0.49390960124006655  0.50474073382195617  0.51531325865247823
  0.52615986656492431  0.53745305059857917  0.54840037990633683  0.55866828915425160
  0.57013010091021643  0.58278656347037672  0.59547137591948740  0.60748358861148621
  0.61852240341078346  0.62816846166932361  0.63733576617128462  0.64670849162424149
  0.65796680880335201  0.66955292350659901  0.68061832706293346  0.69083578682941860
  0.70086014140115049  0.71078224233230636  0.72047415516431668  0.73010451758756334
  0.73971052341146459  0.74930399206833964  0.75956215730720122  0.77061121801681876
  0.78095868121586520  0.79155032432262218  0.80285396341219573  0.81522551242817654
  0.82711273620496817  0.83921025204221145  0.85002081249879591  0.86119788427526889
  0.87184175248102336  0.88199325677793849  0.89184471415029487  0.90135809856325533
  0.91037427393742087  0.91913064783993481  0.92814274013093134  0.93806889231865920
  0.94833463985420019  0.95855731875616534  0.96840597186310917  0.97716139653386358
  0.98418869348930660  0.98928395429668259  0.99209139130790436  1.00000000000000000
  0.00000485090730630  0.00000669555806876  0.00000813840302943  0.00000980196493931
  0.00001166685419119  0.00001330628085302  0.00001518125114273  0.00001734738268639
  0.00002010810821747  0.00002396151121498  0.00002819032034889  0.00003276760830274
  0.00003797688122282  0.00004478393029874  0.00005291800823968  0.00006267181208981
  0.00007259481542731  0.00008244808777099  0.00009390530850298  0.00010610205928963
  0.00011836872561585  0.00013129097656915  0.00014557250355957  0.00016138921834605
  0.00017900459430753  0.00019728483633037  0.00021529548674600  0.00023409854700350
  0.00025363922079315  0.00027397929290100  0.00029501623777463  0.00031792539558061
  0.00034291733178066  0.00036957359456980  0.00039738564801204  0.00042463325897376
  0.00045412737735265  0.00048392720108526  0.00051838310438612  0.00055290901219946
  0.00058093064893880  0.00060731331619298  0.00063466094234946  0.00066191591856413
  0.00069189593578530  0.00072167708280667  0.00075721374120193  0.00079193368885340
  0.00082028024786851  0.00085571400415693  0.00089642106769992  0.00093610283680763
  0.00098500870248768  0.00103720152081279  0.00108694800682838  0.00114776256933060
  0.00121336778488123  0.00127764269589881  0.00135186484409328  0.00144029671845505
  0.00149955228787581  0.00155031590206736  0.00160584114948419  0.00166336450976283
  0.00171981792602820  0.00178224857974168  0.00186145794779813  0.00196993235719527
  0.00208686661942089  0.00219383425464005  0.00228372959982237  0.00238072971328172
  0.00247143597292083  0.00255602722669311  0.00265452449802012  0.00275825315536740
  0.00286834378392259  0.00299694141949913  0.00314981718359351  0.00334968668109624
  0.00362737717944414  0.00397546900768378  0.00440815586054141  0.00487325750626841
  0.00535489054876573  0.00621398440088843  0.00711129708763427  0.00800668791853338
  0.00865996115729293  0.00942136644357730  0.01056345557520056  0.01226526833054271
  0.01662924332635186  0.02310563577331394  0.07105327983066292  1.00000000000000000
 -0.00172644006752143  0.00934041545114265  0.01860031089518872  0.02762344895767486
  0.03632631751382511  0.04430327961009828  0.05308436728490665  0.06114418993028753
  0.06809203779476364  0.07356813031589625  0.07945185548816441  0.08564159559650551
  0.09374377164502223  0.10135284386916402  0.10812120479511915  0.11448504266925032
  0.12132572639465954  0.12989840631859795  0.14019907638579207  0.15077333376384258
  0.16105467220154149  0.17136572290268073  0.18034453512258314  0.18926346097239774
  0.19865470457575504  0.20870892089254781  0.21970704280420000  0.23078285000310589
  0.24027405215855696  0.25012365241257134  0.26053000098785367  0.27216841812105674
  0.28402876364706620  0.29546870513277679  0.30732703479377188  0.31970230894421398
  0.33148284372096265  0.34185754703876270  0.35246139132133109  0.36349257882399938
  0.37489593983708541  0.38652677565970139  0.40035704131431465  0.41433751023187693
  0.42790293903006232  0.44021149990494185  0.45280444632682787  0.46575868777364138
  0.47976384250723347  0.49420133538922945  0.50763470907555275  0.52097306969685742
  0.53555331935588357  0.54947066695057301  0.56342782079970744  0.57801241058796138
  0.59217529607560471  0.60402990507174781  0.61354089212452900  0.62353919790894563
  0.63523603064840528  0.64869841168718079  0.66296016735661323  0.67695399933789457
  0.69066798761824211  0.70288610961618314  0.71468676392685115  0.72546351343023097
  0.73575830852005264  0.74626212639911238  0.75740475991203360  0.76798716180446236
  0.77775115212705470  0.78754211230563842  0.79731686492894072  0.80726722876235180
  0.81740570479070040  0.82766091055631774  0.83792677457115605  0.84727857146080443
  0.85677670466739064  0.86629545519479323  0.87616688169818557  0.88578549269140572
  0.89539574958680457  0.90537046195801840  0.91606359048625885  0.92544214903782795
  0.93491385096594082  0.94464871051430732  0.95333206790283298  0.96170623289100199
  0.96971080165281109  0.97793153503385155  0.98822431730637328  1.00000000000000000
 -0.00224987979760953  0.00839278064649467  0.01764812955859906  0.02794911155651476
  0.03911792225277296  0.04992651904325320  0.06121964618182781  0.07169812685589688
  0.08263700791844114  0.09312692496708076  0.10413182961158617  0.11502472994641161
  0.12623324301916292  0.13752983020091245  0.14912379208083149  0.16060754241481504
  0.17102363574829307  0.18076982286835000  0.19024630991824151  0.19945589201116559
  0.20845921965546457  0.21765221657245404  0.22724298337670665  0.23546066252095230
  0.24347730771211970  0.25219861788111664  0.26154812364960900  0.27281566491652776
  0.28380505924872201  0.29548931084925684  0.30853289315834603  0.31986404961502146
  0.33116464723085332  0.34240493086427054  0.35335499082444666  0.36325578191570740
  0.37170452654294411  0.38029509857689614  0.38949300240496948  0.39985411492133577
  0.41070764806593762  0.42100301538470503  0.43131383832832931  0.44161766409364683
  0.45227418754582410  0.46324937040689285  0.47444313789482340  0.48633776520650857
  0.49804868223480381  0.50950062328175161  0.52105316751202913  0.53279359372582447
  0.54454506959472571  0.55587320263081397  0.56577227047874945  0.57483368754155006
  0.58437591051416127  0.59527681945488753  0.60736709826269875  0.61842421403375303
  0.62897625233016785  0.63952088216866065  0.65073459693905433  0.66334259004000762
  0.67278712926648443  0.68065146327918924  0.68849599743050760  0.69617141568500185
  0.70393784235001877  0.71122496649474753  0.71875710696276363  0.72708715512722011
  0.73644585098833004  0.74643661247393156  0.75712938807020980  0.76865106073675604
  0.78042335274057739  0.79112398726602251  0.80044351247765444  0.80924841723685481
  0.81902203098263560  0.83047460310426013  0.84405878956518854  0.85775520462238375
  0.87084895010729813  0.88367647088774159  0.89666442242210098  0.91027267295317704
  0.92423148441061542  0.93734403448318004  0.94945886565612980  0.96042929688887357
  0.96994879024232128  0.98080638674048226  0.99071115796737330  1.00000000000000000
 -0.00143091939256731  0.01181433323595425  0.02072556983398881  0.02983470121552846
  0.03887438497310235  0.04755247850835325  0.05600570396094749  0.06468022055448662
  0.07309044968976436  0.08180561295669496  0.09059273815278628  0.09899047023060070
  0.10715140119817865  0.11536782800172574  0.12429375772237140  0.13440833439928043
  0.14471186612159093  0.15528943008029328  0.16672759892105346  0.17886523488411563
  0.19087261003869635  0.20124075414519549  0.21083197867538489  0.22032217386979508
  0.23045267012305670  0.24265720979818814  0.25557555464935339  0.26874401647843610
  0.28309386208200193  0.29776255315663935  0.31218326094186222  0.32570485631839197
  0.33903190146973194  0.35157102720127570  0.36335640013886938  0.37436910525207467
  0.38576228961613457  0.39778861358510365  0.40980789077645602  0.42187140118575983
  0.43473800194001910  0.44769477108011940  0.46108389831340613  0.47514051983904559
  0.48952488860130411  0.50335926964162614  0.51710208331411689  0.53036834873600647
  0.54451848574679462  0.55738870609812829  0.56935035146299207  0.58091607602300499
  0.59178234603545921  0.60280148626621965  0.61433674236746627  0.62746173670604954
  0.64129288738642698  0.65393761319767441  0.66659358467154195  0.68024876238280496
  0.69414072137696503  0.70691671889971508  0.71943593125265459  0.73243909274622798
  0.74465893739630185  0.75628465342877815  0.76754401660115468  0.77706815016585473
  0.78582156720110730  0.79457515793937528  0.80304462254811038  0.81305283799807571
  0.82356733445995556  0.83328415847865445  0.84228572691109971  0.85115233073406005
  0.85974191154713830  0.86838229613526896  0.87777337842508785  0.88542927361576906
  0.89391648043595628  0.90148254822812157  0.90819291042481709  0.91444841717357295
  0.92062631753558199  0.92687760651115669  0.93301346046889555  0.93996528455259365
  0.94779088085828678  0.95544559083403346  0.96268288604006980  0.96954119859325483
  0.97687367361826849  0.98459969362891175  0.99194442335446487  1.00000000000000000
 -0.00223910116739581  0.00848906152710404  0.01883387552123120  0.03051706146047732
  0.04184955547163749  0.05358038427718834  0.06680849663583356  0.08092932224476170
  0.09385619916311577  0.10598717443750209  0.11771947431940596  0.12838947961789429
  0.13916344055938179  0.15121247789802200  0.16195206289019576  0.17102592863003666
  0.17958530109095944  0.18786174412046738  0.19638416520922453  0.20495029539726101
  0.21343388620544271  0.22289184313535609  0.23354918785224033  0.24517425489461953
  0.25759201229798784  0.26989624858129801  0.28157639129936723  0.29269340525660431
  0.30309631938749693  0.31257229756612365  0.32206457315516057  0.33213616476920182
  0.34369535898575521  0.35663572955610756  0.36914300734151667  0.38124660413652794
  0.39208827832955134  0.40223679476264163  0.41198718423242497  0.42114071348224158
  0.43062026667158909  0.44102285687823972  0.45106548609761027  0.46112238555077406
  0.47089345629044799  0.48013279733400949  0.48921975771287418  0.49803910186982403
  0.50695000451768846  0.51608813448529445  0.52534723775991443  0.53466630301171758
  0.54458606149201116  0.55509361780137112  0.56604016051227912  0.57621156916125205
  0.58587681357119603  0.59513970235008451  0.60535608477114422  0.61541538352789715
  0.62535401245739264  0.63603697356841771  0.64713581026831346  0.65747136363313485
  0.66752822622528529  0.67759925603556481  0.68729642466858520  0.69648614994026459
  0.70575414442391493  0.71549203633463820  0.72553442241716237  0.73868854770108761
  0.75230186446887770  0.76499491659122787  0.77536615401750253  0.78389421773586376
  0.79307462397109507  0.80220883975989687  0.81130808102092533  0.82043893204071328
  0.82877053323383809  0.83669648997037027  0.84601424570134620  0.85630406958381344
  0.86803002542984420  0.87922268071763188  0.89037035757513638  0.90262649025570829
  0.91471936400446485  0.92583845941677534  0.93620735302289548  0.94725990604562804
  0.95951161236156957  0.97221017418921107  0.98660793480316777  1.00000000000000000
 -0.00220691635780395  0.00582597182755975  0.01331688653712153  0.02054354808950518
  0.02760318320782917  0.03382111122259700  0.03974748870759720  0.04553199489422807
  0.05120104099462289  0.05714529791867947  0.06352151924506989  0.06994250377594102
  0.07646652668371423  0.08310543694441372  0.08990058794460853  0.09700290759817519
  0.10436555447185904  0.11233845848426961  0.12088794976154538  0.12930014364857323
  0.13726800057559396  0.14498449027155938  0.15268139417621174  0.16041859439834549
  0.16802124714168162  0.17560601129105732  0.18350942101408832  0.19183359213076503
  0.20036567940634695  0.20840389556890176  0.21626678210645267  0.22352896520698889
  0.23008540721951254  0.23621618280702522  0.24274163488352640  0.24953345030613852
  0.25732877305989621  0.26496154831037610  0.27219096374510315  0.28080062484020857
  0.29027084527635388  0.29949099492118642  0.30789263756784718  0.31544863215254226
  0.32228247859828896  0.32940836842682170  0.33662712386639776  0.34473686815998961
  0.35294537147515076  0.36216656785678741  0.37179275098481884  0.37993252584279641
  0.38855153014509819  0.39680840623894081  0.40439342672473944  0.41220138247042554
  0.42032543683910506  0.42855552229869531  0.43803302438238351  0.44818307644827138
  0.45786797971818999  0.46738809492507355  0.47484677213556070  0.48214591092525005
  0.48963139644657233  0.49894462331939293  0.50881284182643305  0.51775974065199604
  0.52999946519659591  0.54352405383652913  0.55647695656627061  0.56873154444458429
  0.58095627975455977  0.59285833630499585  0.60752445268751920  0.62203585036060649
  0.63599810505963161  0.64974757914169423  0.66446217367820037  0.67865543239750947
  0.69273683190089819  0.70731601340294870  0.72475645892904994  0.74250733405729208
  0.76158519313225481  0.78161236708140147  0.80100712213470526  0.81992949579117147
  0.84110539929968231  0.86009621417540638  0.88047538826216876  0.90293857604273731
  0.92885342781239844  0.95615978134118407  0.97877529077368586  1.00000000000000000
 -0.00276391961652340  0.00992835511384988  0.02083271759826025  0.03046664482248902
  0.04157779534144660  0.05343720911469158  0.06399626560521950  0.07378856021754944
  0.08396100499220076  0.09419725018180300  0.10372003144579285  0.11312801971489732
  0.12277089741463591  0.13231797344009252  0.14104900050607633  0.14987887008629874
  0.15910618280642508  0.16950496612634292  0.18068245969890512  0.19283966202023900
  0.20599142013504701  0.21940076515476795  0.23223472802243875  0.24400250251934802
  0.25536423759467430  0.26526166466272916  0.27456084476352710  0.28335803887967831
  0.29153457445900521  0.30020395094461394  0.31066936023564135  0.32363962366629745
  0.33536990435399650  0.34576676583105465  0.35626864860831403  0.36751894210684249
  0.37894005854900537  0.38989310172108133  0.39872115924966800  0.40804902688722289
  0.41754753922553678  0.42909841235666984  0.44100150931263210  0.45315735545604330
  0.46432185620501104  0.47637297156790354  0.48715274764985184  0.49724650385391650
  0.50667306183579319  0.51620147253410154  0.52635741598600838  0.53776552906437913
  0.54829866777543512  0.55688862807727857  0.56552399239410744  0.57431500798260215
  0.58444994584975474  0.59597116437557440  0.60810866249532136  0.62027772639011303
  0.63120920006229231  0.63999930249660963  0.64929316420033056  0.65862944316380012
  0.66947183387423792  0.68224864871867874  0.69424600162004979  0.70567088686440171
  0.71624119287520849  0.72651305818548517  0.73617273934489635  0.74626651245099440
  0.75768623881551811  0.77105588867724872  0.78263792311350089  0.79298172423763458
  0.80309625215412772  0.81360456354230337  0.82498337178078296  0.83718271002286715
  0.84899999261688708  0.85977211970635126  0.87018141536315496  0.87981577722892834
  0.88827477358352869  0.89677651811850623  0.90496920650538648  0.91352543014360532
  0.92209154340909671  0.92928467984282459  0.93687005606472218  0.94742645804285153
  0.96052533112418359  0.97291768867602979  0.98481850034987728  1.00000000000000000
 -0.00284256032445872  0.01061597818631581  0.02265354809299977  0.03553076415471750
  0.04815768555260810  0.06091572570325043  0.07415141456883106  0.08712151536536190
  0.09932286386632821  0.11027611141173839  0.11972158156001084  0.12881913656987720
  0.13863042473017101  0.14821194975039917  0.15675041594774147  0.16514015782386504
  0.17320299234830139  0.18202942592202265  0.19256191639177433  0.20383016973639262
  0.21786319782256003  0.23195393948673473  0.24408381521682593  0.25631476924781338
  0.26817037182623371  0.27993788053951096  0.29188235347305969  0.30422421925140797
  0.31722605750452865  0.32933459978903601  0.34034919781129402  0.35073006431858317
  0.36127861702090242  0.37141081739361537  0.38140863357253163  0.39125794002549341
  0.40223907109179757  0.41342462839687755  0.42411137076270305  0.43440061472932295
  0.44484736212277481  0.45400813200283008  0.46311536421058525  0.47273820586919796
  0.48262058464747398  0.49267252834546793  0.50319254434379945  0.51504848172558593
  0.52668434107086370  0.53646897458178111  0.54625796543860150  0.55643647107837846
  0.56842602860168445  0.57959877153034367  0.59206734222151769  0.60419988676250602
  0.61644968043734061  0.62922523482789083  0.64220949879567812  0.65549696806476776
  0.66821783646523802  0.68005660993121964  0.69155589527872263  0.70251484403693165
  0.71266726506779421  0.72239196832884656  0.73102614368019181  0.73919498654481541
  0.74816267701514760  0.75614740502160938  0.76293139322766224  0.76948333556640414
  0.77658118300752033  0.78440736426588120  0.79262549159432594  0.80266282609897155
  0.81154674671534477  0.81987771175638224  0.82808036757974146  0.83698525119647282
  0.84705380941654695  0.85767784971387440  0.86879666927226940  0.87946239866128972
  0.89053835776678902  0.90215589364786342  0.91476343708540797  0.92570193139760071
  0.93557421770181515  0.94526308718077345  0.95398117875750976  0.96274472530683952
  0.97116491748826572  0.97999045693694731  0.98998655496997856  1.00000000000000000
  0.37513949665542523  0.53214029107055272  0.55927608054976263  0.57203988765093972
  0.58638062503624289  0.60388156202379684  0.61807625259386834  0.62841385866641075
  0.64096509768002730  0.65392679506893703  0.66483694017335471  0.67397705291651655
  0.68144470342695862  0.68876691604407947  0.69665123499986792  0.70477608849466322
  0.71294372457088095  0.72137703216668836  0.72997796430979900  0.73736990845581252
  0.74305182868410413  0.74798885567649809  0.75262977206801185  0.75777782533984250
  0.76371652825943936  0.76975011334805676  0.77508396624735965  0.77940213759095656
  0.78295600239717711  0.78646307123682602  0.79025505597777834  0.79533306027639072
  0.80043892611671930  0.80440235744547162  0.80800805156407962  0.81149098949750109
  0.81560931019129612  0.82037490173738548  0.82506784543894418  0.82951534258153448
  0.83396513760436841  0.83849010745280228  0.84261933101701425  0.84638468387210875
  0.84996681251788753  0.85353862407452041  0.85715065094977938  0.86078553515722067
  0.86459980543596893  0.86850865932759347  0.87226888012769033  0.87603173052798211
  0.87973309275436662  0.88332901062473590  0.88678497339655515  0.89013266290264259
  0.89354699933063286  0.89698687126604160  0.90055585630699320  0.90383089965513830
  0.90708738947765710  0.91022246898712222  0.91325984730157261  0.91630733016813715
  0.91911085042597040  0.92169845473039114  0.92434392815124844  0.92690571734403060
  0.92943345682729972  0.93181324724718551  0.93413349493594966  0.93639710400868137
  0.93869549714770484  0.94114305950986343  0.94348248862830286  0.94572674998847028
  0.94793343948204944  0.95008537903779389  0.95268400291146582  0.95538342757567007
  0.95818459463670236  0.96092180880611489  0.96358771700374535  0.96617328971446148
  0.96865632977595972  0.97127268261083211  0.97377892524586218  0.97628345578475939
  0.97871336881150250  0.98108830162338823  0.98358944297618767  0.98612816967121064
  0.98888980818201622  0.99197879721268989  0.99542181761536874  1.00000000000000000
  0.04434102675337601  0.14539597480565264  0.18872729895898285  0.21656439170139458
  0.23666312265837014  0.25296958610357023  0.26756337418770126  0.28204918563394227
  0.29701912613648562  0.31040509874079730  0.32348384977277328  0.33595070300261332
  0.34696275261694326  0.35708127900183539  0.36688656829572586  0.37576535134542755
  0.38402506142915022  0.39189337795073248  0.40054200995793054  0.40941226242534046
  0.41832997975179603  0.42615031887061350  0.43376069447944271  0.44087394600566265
  0.44812125361492999  0.45596448235809889  0.46313114123895482  0.47003564736349551
  0.47638160387401196  0.48225584056110676  0.48839620664337069  0.49404740258013419
  0.50102714405359683  0.50826469396697782  0.51522222919484340  0.52130580808699267
  0.52682922182196135  0.53244281547222549  0.53836823061830186  0.54534630096099779
  0.55168690245051366  0.55726444686671983  0.56249347854470122  0.56743242856946929
  0.57266707086512603  0.57845223363930143  0.58435720910021560  0.58945645039324268
  0.59410153442761771  0.59864511964374467  0.60325526840701893  0.60844221255058029
  0.61392293622864447  0.61930616196921617  0.62494013705316231  0.63086762117314854
  0.63653239964437325  0.64176797950566900  0.64690596010868961  0.65230801561552099
  0.65795593011556575  0.66402302290159265  0.66968831935734341  0.67552556530840124
  0.68167920052013120  0.68774803318932798  0.69320372608347092  0.69805435628449797
  0.70263712063588224  0.70712983739099655  0.71170685573028547  0.71637035053233555
  0.72084076710677591  0.72512869677263603  0.72945284286502610  0.73395432707571384
  0.73860054332884806  0.74329233601559230  0.74796648309413061  0.75323473740052560
  0.75919239422820017  0.76550552190593391  0.77135546554052914  0.77626615549468092
  0.78077023337345430  0.78533969210710219  0.79005393982960981  0.79588066815984893
  0.80293397966215252  0.81051231849123428  0.81755561847781200  0.82476314096664960
  0.83627917545262864  0.85932066741167101  0.89008795211739200  1.00000000000000000
   3.9838138708602869E-006  -1.0000000000000000     
 F F F F F F F F F F F F F F F F F F F F F F F F F F F F F F F F F F F F F F F F F F F F F F F F F F F F F F F F F F F F F F F F F F F F F F F F F F F F F F F F F F F F F F F F F F F F F F F F F F F F F F F F F F F F F F F F F F F F F F F F F F F F F F F F F F F F F F F F F F F F F F F F F F F F F F F F F F F F F F F F F F F F F F F F F F F F F F F F F F F F F F F F F F F F F F F F F F F F F F F F F F F F F F F F F F F F F F F F F F F F F F F F F F F F F F F F F F F F F F F F F F F F F F F F F F F F F F F F
  <DiscreteSampler_grid>
  grouped_processes
  1 # 1 for a reference and 2 for a running grid.
  10 # Attribute 'min_bin_probing_points' of the grid.
  1 # Attribute 'grid_mode' of the grid. 1=='default',2=='initialization'
  0.0000000000000000 # Attribute 'small_contrib_threshold' of the grid.
  0.5000000000000000 # Attribute 'damping_power' of the grid.
 # binID   n_entries weight   weight_sqr   abs_weight
    10   10   1.377291977658794E+000   9.197345697075043E+000   1.377291977658794E+000
    11   10   1.377291977658787E+000   9.197345697074926E+000   1.377291977658787E+000
    16   10   1.377291977658794E+000   9.197345697075043E+000   1.377291977658794E+000
    17   10   1.377291977658787E+000   9.197345697074924E+000   1.377291977658787E+000
    22   10   1.377291977658795E+000   9.197345697075049E+000   1.377291977658795E+000
    23   10   1.377291977658787E+000   9.197345697074930E+000   1.377291977658787E+000
  </DiscreteSampler_grid>
