  0.00000219446795427  0.00000221853441873  0.00000227470575927  0.00000233186509858
  0.00000238700063533  0.00000245002873429  0.00000251119510916  0.00000257253707345
  0.00000262893005674  0.00000268398642123  0.00000274020536701  0.00000279993775119
  0.00000286890932900  0.00000294169054674  0.00000301644353360  0.00000309688040391
  0.00000318069819924  0.00000326634160081  0.00000335926087753  0.00000345328981480
  0.00000354428265459  0.00000363698367737  0.00000373812078034  0.00000384831897388
  0.00000396698949022  0.00000409475640137  0.00000422067389035  0.00000434041511807
  0.00000446193433347  0.00000459570841933  0.00000473255141183  0.00000487070696143
  0.00000501842616603  0.00000518304479373  0.00000535839878517  0.00000553896649675
  0.00000571822548515  0.00000590099223112  0.00000610234033415  0.00000631992441477
  0.00000653780631883  0.00000675934242466  0.00000698850194173  0.00000723365957344
  0.00000749771367877  0.00000777442741490  0.00000805615614970  0.00000834540737076
  0.00000864555221240  0.00000894536319512  0.00000924878628164  0.00000957413319925
  0.00000992259264571  0.00001028847705969  0.00001067513418094  0.00001113439752673
  0.00001165042814758  0.00001217726157854  0.00001274352837587  0.00001338529211023
  0.00001410199359114  0.00001485634461257  0.00001569620151815  0.00001656662154395
  0.00001757252046039  0.00001877198351208  0.00002013942648855  0.00002168544950851
  0.00002343667362158  0.00002541504367694  0.00002760351977124  0.00002996285720660
  0.00003271947822381  0.00003604565629489  0.00003965476598210  0.00004377251251243
  0.00004879446478718  0.00005509119533075  0.00006319010874910  0.00007199953386515
  0.00008175092688577  0.00009403588947995  0.00010982145184959  0.00013047191623293
  0.00015582096449622  0.00018860563602359  0.00023589030508259  0.00029997879982307
  0.00036534039342922  0.00045841507075057  0.00065314830424273  0.00095896012781414
  0.00148260282760598  0.00266990261541647  0.27713417316261912  1.00000000000000000
  0.00048511428109062  0.02958124204437046  0.04916097984120627  0.06488386193134271
  0.07915120296193745  0.09225195435812533  0.10415399310014394  0.11560632225260256
  0.12711827606847914  0.13910889161458118  0.15095974714452343  0.16213622766516800
  0.17283857747593717  0.18362371596959409  0.19431288339354405  0.20418903015264320
  0.21447082651837193  0.22480256725622311  0.23555505262790655  0.24654333381780630
  0.25937691200854329  0.27172698743625762  0.28352118670301341  0.29401951991538022
  0.30381462681270371  0.31341036683818246  0.32238083068185441  0.33283212477036506
  0.34320081627799015  0.35263455383729686  0.36156680587405843  0.36923786719374901
  0.37755530441623508  0.38631563436999983  0.39570908680288480  0.40578900107377658
  0.41649968467526827  0.42743360792863810  0.43906298306642400  0.45095933544824934
  0.46290697497556821  0.47460978177459817  0.48563614203913147  0.49635819688533528
  0.50691983829497556  0.51769020568115243  0.52867298784793304  0.53946689627889000
  0.54956756178144084  0.55902893281845700  0.56849902282996168  0.57830702941533563
  0.58835660106366539  0.59863962359202216  0.60922119177180845  0.61988942543201775
  0.63021766484136355  0.64060100895043048  0.65044308363532832  0.65975503399557822
  0.66881965121551623  0.67809313964664431  0.68869783098747206  0.70025326753330919
  0.71182824105668840  0.72267103022513846  0.73262463984908754  0.74208002422923158
  0.75133895688092256  0.76086733718330501  0.77130221486812478  0.78211337975648154
  0.79340941199645332  0.80395297772233976  0.81377461333116974  0.82236965189696654
  0.83133297588097976  0.84154383646472142  0.85252515306849175  0.86246306906571879
  0.87194913685948128  0.88143637148142273  0.89135997189480243  0.90052737684475637
  0.90973085234734052  0.91885544574946143  0.92770690295426594  0.93685796279638456
  0.94620198853263504  0.95449433219361768  0.96218831871344446  0.96973944713381766
  0.97707426906203532  0.98438758755715217  0.99263934384853791  1.00000000000000000
  0.00000451378253460  0.00000504200191450  0.00000559651532490  0.00000635739261989
  0.00000725722633085  0.00000811941647139  0.00000896192737206  0.00000977951007764
  0.00001065987235778  0.00001166714611683  0.00001290964890683  0.00001429713218496
  0.00001578817288450  0.00001736069557245  0.00001914331251147  0.00002132325219659
  0.00002398819350357  0.00002700028629085  0.00003027706931265  0.00003386720920536
  0.00003789406891974  0.00004227535124858  0.00004698471252160  0.00005199774046164
  0.00005743650298810  0.00006317388431054  0.00006946855112557  0.00007612906463764
  0.00008320564898872  0.00009047493991723  0.00009809565923830  0.00010622522871955
  0.00011500948423666  0.00012462974138491  0.00013536587699138  0.00014645481214369
  0.00015825592771815  0.00017031042156070  0.00018268484843013  0.00019620455489104
  0.00021111472296223  0.00022764770846107  0.00024685268895549  0.00026805648032507
  0.00028834488326473  0.00030946007029835  0.00032645084164717  0.00034498746830146
  0.00036472839576112  0.00038585688791039  0.00041179360685417  0.00044347470026411
  0.00047919994862194  0.00051525633584572  0.00054835706348634  0.00058918057636767
  0.00063363365044940  0.00068281902946402  0.00072772872960815  0.00077292980853944
  0.00082222731795946  0.00087023655913267  0.00091447012623270  0.00096008567850690
  0.00100268361752357  0.00104332486800875  0.00109587962370924  0.00115899318062836
  0.00121558339666620  0.00127175385225547  0.00133194724659330  0.00138798053545890
  0.00143867738068846  0.00149534568818143  0.00158580367620353  0.00168879744066091
  0.00178623245442238  0.00187260607255805  0.00197747705324767  0.00209442926960118
  0.00225083549140259  0.00242184048382673  0.00264425371863292  0.00285939438213059
  0.00315637429140136  0.00364021249894544  0.00416671889884759  0.00489203829762589
  0.00568343142052842  0.00648885964922210  0.00780398540010274  0.00946727368175890
  0.01133122068981849  0.01339033893831444  0.08128335275033841  1.00000000000000000
 -0.00165739064952515  0.00817286835693073  0.01503234747533892  0.02193163642962195
  0.02942177471928414  0.03689363780873495  0.04426369496693244  0.05144484387798351
  0.05834229685819579  0.06519951850682572  0.07205714804189317  0.07936761381483995
  0.08764598343070391  0.09643619924298645  0.10488162028700161  0.11322937940479644
  0.12189812041268910  0.13102363603046518  0.14020940991059522  0.14917563814562615
  0.15880453581006007  0.16884433601463425  0.17920694353549202  0.18978925800904178
  0.19994297032182701  0.21109143962733662  0.22132611352186599  0.23172739129071743
  0.24258105483778974  0.25453269189513816  0.26721261556642750  0.27996739918653946
  0.29219675412264862  0.30378981794604859  0.31572551920915159  0.32810957650313299
  0.34089496428505806  0.35357368397462641  0.36681599486751587  0.38062452958779830
  0.39431486382550518  0.40828951284155113  0.42300054197571119  0.43786743106696702
  0.45233849748602833  0.46667510077953683  0.48078637846623018  0.49524153122224468
  0.50859444439354140  0.52168344157842883  0.53529243784891012  0.54994449431559467
  0.56499403898677159  0.57966640554480708  0.59324240967316522  0.60647170399688144
  0.61951310566505269  0.63268831979561291  0.64560779811342484  0.66016151734601947
  0.67375345865013814  0.68628572314490444  0.69898651546334978  0.71281087112525110
  0.72683060403145761  0.73924055985291137  0.75027950583738634  0.76112956046755276
  0.77249466867355077  0.78460023942628465  0.79618676143211242  0.80688783406438802
  0.81643452977312614  0.82566913778393658  0.83520968930939099  0.84556215372878196
  0.85571367117717267  0.86502376383762913  0.87387010757571171  0.88193102647249855
  0.88960870569653727  0.89727607266253961  0.90467522547061952  0.91199919304543187
  0.91918174326185786  0.92628865435106567  0.93427381145281008  0.94239193079665251
  0.95035363059057787  0.95776025716196611  0.96477306110968741  0.97168039087714098
  0.97868288993103936  0.98585430284916042  0.99309541657933909  1.00000000000000000
 -0.00242453227727719  0.00977514549324675  0.02025588534464149  0.03040989172186592
  0.04074954387452486  0.05136386067859016  0.06302832537346545  0.07486146803853017
  0.08642723846217731  0.09724852997116121  0.10784041916278923  0.11813744636072412
  0.12822748912430909  0.13748908371664076  0.14647404058003591  0.15600411688555996
  0.16640046827888880  0.17743301838745673  0.18860322085221098  0.19957630313655592
  0.21048553416137988  0.22141020120712074  0.23241804042694150  0.24419148423743858
  0.25635766188593456  0.26830594265419738  0.27976316974667514  0.29047419443297118
  0.30085640462582786  0.31110045199022895  0.32159633601390269  0.33248849946016812
  0.34304994531128863  0.35337595024587054  0.36370879679742296  0.37401432542023277
  0.38499266982452651  0.39609910100530765  0.40689277575783667  0.41695974928843965
  0.42725241717815299  0.43824554457483411  0.44961117504121229  0.46026612430251052
  0.47047672025252441  0.48079662809003437  0.49131588928972741  0.50125657327793793
  0.51104528445360742  0.52073635726283773  0.53097720462895281  0.54213895589035854
  0.55320943854112770  0.56330888952870051  0.57282805405098125  0.58264206232337179
  0.59422939366474969  0.60641715770376492  0.61792481389261311  0.62848593987810064
  0.63871110503234652  0.64907733059556250  0.65964671543971309  0.67019247670233506
  0.68107079934575299  0.69153185520272065  0.70233793883083395  0.71328864674271619
  0.72386988455678769  0.73362836332682357  0.74298747500772788  0.75215911789156387
  0.76159483275319839  0.77111231316619433  0.78009362044604913  0.78880229294306703
  0.79788923684134372  0.80763044801003570  0.81675262654740011  0.82572123494522087
  0.83509310395789260  0.84739406235162940  0.85960772547237929  0.87144076938954462
  0.88271507233421942  0.89375788230520525  0.90522161598508188  0.91589078026418858
  0.92570448889322199  0.93522310745913884  0.94502485581092932  0.95557512733283045
  0.96574822288260498  0.97628248640611959  0.98800169316714548  1.00000000000000000
 -0.00110339699439162  0.00425775780954234  0.00937214171927466  0.01418459429923494
  0.01926082274502614  0.02467103634093176  0.03021396266868046  0.03574710201689896
  0.04128014744260668  0.04689050382450616  0.05270668506675406  0.05869561670950246
  0.06480770071638996  0.07096904635778596  0.07707135058389296  0.08321571189338141
  0.08934403386291814  0.09565412036381161  0.10214296189322267  0.10890226532458179
  0.11582625613725327  0.12270630549904443  0.12975997688140470  0.13671014094720516
  0.14353630458143271  0.15050294592755853  0.15790115785527800  0.16513597491481777
  0.17241621925332640  0.17963892206796997  0.18667393803704874  0.19379013433817352
  0.20129661319036743  0.20919677595458516  0.21766417601606899  0.22656487128186975
  0.23529328287032653  0.24401323110893050  0.25208203927758421  0.25972018393191465
  0.26730821677211380  0.27505220170803152  0.28308858018505162  0.29121952904920922
  0.29948127243094691  0.30798411805012416  0.31697007134490357  0.32588944912175566
  0.33519254090049566  0.34479711989344874  0.35464562793321608  0.36432793025975457
  0.37392212312715917  0.38347727947341598  0.39311608086575239  0.40235128938557224
  0.41158085355302293  0.42087721872477235  0.43043295885756150  0.43979794509493325
  0.44918619916958924  0.45798121609637993  0.46682051471871161  0.47611267282146036
  0.48590473219510266  0.49594398164782955  0.50542926697619983  0.51465062346555457
  0.52536761754466343  0.53729829893344994  0.55026229583736819  0.56393835760785938
  0.57840215393352679  0.59124217959513303  0.60324424406538291  0.61525992165543275
  0.62775621563254869  0.64143275010715506  0.65731144880618075  0.67311186171592507
  0.68660097964759181  0.70022646281196721  0.71290720740210911  0.72886814453314619
  0.74684883370770683  0.76706598655068092  0.78522886410006032  0.80291231639849336
  0.82201281308482321  0.84233343448583864  0.86231381350644931  0.88283729790900933
  0.90713577088322472  0.93636805580888438  0.96646216784965877  1.00000000000000000
 -0.00217373173435552  0.00998146413281293  0.01994724566319297  0.02916867204831993
  0.03799247695478503  0.04728786902317907  0.05805371055547721  0.06966137917637952
  0.08088028360250037  0.09208049466547290  0.10329206692131743  0.11466946855985691
  0.12549020329599797  0.13523499380330217  0.14437676423241427  0.15295834839189343
  0.16180690521983854  0.17191865824167579  0.18226964456355682  0.19297716431252337
  0.20452405177376209  0.21670454200362316  0.22836953869771889  0.23943669945707988
  0.25091466661431427  0.26256983481815926  0.27302872087937741  0.28315046045288483
  0.29291062935347689  0.30185067893503820  0.31132396882854335  0.31987159655509273
  0.33020457796090480  0.33987922657392483  0.35033567587538567  0.36068912509150675
  0.37051337843359811  0.38005243978816305  0.38989796874937599  0.40132726645028266
  0.41348995676522976  0.42554720210800895  0.43676685534743581  0.44761144584966611
  0.45830441135405936  0.46946869980623668  0.48068608340068514  0.49162237679651172
  0.50247395867361266  0.51386551313109741  0.52610827006554595  0.53779588251095223
  0.54876230142993676  0.55931736566084589  0.56977453915646137  0.57891386562102798
  0.58825730594988013  0.59748891006636884  0.60678783349998178  0.61695165067646640
  0.62762855125188066  0.63905713583952573  0.64943291893311672  0.65874676037108326
  0.66792833472858848  0.67743938686171878  0.68798377268083022  0.69879830436530621
  0.70953405199377795  0.72037915948093667  0.73159220131561142  0.74266246669865765
  0.75345417463857201  0.76405659944988580  0.77497062162334207  0.78592026296387607
  0.79707006860727891  0.80862351217525885  0.81969126970846817  0.83038702230868122
  0.84067049640674851  0.85101281176442267  0.86176055994525780  0.87275917968812800
  0.88420108669169473  0.89572279299062940  0.90652771305913993  0.91723760160914558
  0.92746160653491050  0.93770869603950036  0.94826563840840561  0.95874474876566773
  0.96864625531665627  0.97832880493732988  0.98838894892650875  1.00000000000000000
 -0.00205437366756190  0.01006204425318030  0.01888515992475192  0.02872858847642413
  0.03793126121317265  0.04781331865870490  0.05814870248477742  0.07054344174030951
  0.08362450463313374  0.09501463449900857  0.10573140932681827  0.11657074297457851
  0.12713837841948086  0.13677628076678303  0.14718089528860598  0.15875366734794769
  0.16921309454182243  0.17903239337884214  0.18873405038891911  0.19949842111224103
  0.20997471804920909  0.22062837200589411  0.23172506281333435  0.24239901312099155
  0.25297262562389100  0.26399498652724707  0.27534051215014615  0.28660086595204032
  0.29770334469229648  0.30889084446812420  0.32065500841214234  0.33294625107518755
  0.34511767688358391  0.35666617918832560  0.36679469041706791  0.37676001877184523
  0.38630240064679144  0.39577392766908975  0.40544514463120856  0.41578070336415229
  0.42662934106868322  0.43720642314427610  0.44728132976601642  0.45715576639859418
  0.46753132245889933  0.47786647233216961  0.48823599815327384  0.49825161884249652
  0.50870210516118242  0.51925180849436314  0.52959808883436787  0.53978086176211271
  0.55072801409847327  0.56212099193298426  0.57385440845296809  0.58529347950883093
  0.59625794742796345  0.60764841250998169  0.61860946131295991  0.62856497691790003
  0.63777697782517129  0.64749380377965804  0.65833697029436045  0.66951441192178573
  0.68065601299421441  0.69137992394537728  0.70196564017984109  0.71277305129868740
  0.72386188626739068  0.73505771695461797  0.74577930185535446  0.75562707920343430
  0.76541510133032986  0.77583426092934271  0.78770116587130634  0.79998622215281634
  0.81053520134132861  0.82002179746563331  0.82927864822370301  0.83794883729281910
  0.84663018098507936  0.85562318712452912  0.86564198260261671  0.87600640468962643
  0.88625632822986256  0.89674154899900060  0.90750498596211016  0.91829522705704569
  0.92865078620914521  0.93872575349254195  0.94804753879006620  0.95732412993197880
  0.96705840807272481  0.97765441428378175  0.98867278630722055  1.00000000000000000
  0.24110478432547841  0.47394109884275210  0.51320467279159132  0.53602254930165127
  0.55059335970733903  0.56153690286549152  0.57051153684610578  0.57862665873942787
  0.58655176629698202  0.59464656414845041  0.60206892559348546  0.60860929200699487
  0.61421383550029873  0.62016770811847910  0.62660241947769069  0.63315235344258936
  0.63919701513271654  0.64533524471643444  0.65175417521170453  0.65844137489249488
  0.66478420120430637  0.67095075717980412  0.67691484388300194  0.68253701866974859
  0.68780784152475560  0.69270579819045341  0.69747549648211116  0.70246189738131848
  0.70756508788386052  0.71234514430206708  0.71699189861189361  0.72150890449884864
  0.72588875660543350  0.73040597800091889  0.73534909585726160  0.74014877319174288
  0.74514470770320207  0.74971879677516196  0.75433091918286921  0.75858830661218113
  0.76275150628474786  0.76702393044754336  0.77144608881688637  0.77576655081100909
  0.77998259398516512  0.78423056202590968  0.78851178417445589  0.79274997474050746
  0.79671321237232551  0.80069741320219556  0.80474048242137564  0.80887765015087232
  0.81306799409464114  0.81722524356195281  0.82126849908733823  0.82523179028825111
  0.82916944964176009  0.83311501899427043  0.83708455181675667  0.84109835033176694
  0.84515445873427553  0.84922732071864659  0.85332732422380031  0.85745114569574299
  0.86148527203308400  0.86549548666332954  0.86955810547762780  0.87369220890929966
  0.87817357243989391  0.88266662124629136  0.88707349289386694  0.89131049583002298
  0.89532281423033033  0.89918816274516489  0.90304700122376524  0.90684793971851874
  0.91057723188128892  0.91469185230219918  0.91887433821067654  0.92334374902553706
  0.92774692330417707  0.93213886193227047  0.93633351782620977  0.94078140046310810
  0.94531224086451782  0.94986614642260081  0.95428930693368996  0.95854736133122342
  0.96276343110548412  0.96718944259416850  0.97175674367284748  0.97649158434691807
  0.98119321931022330  0.98639561439213852  0.99240608903500838  1.00000000000000000
 -0.01187574627323619  0.15236188851384186  0.17702133507729212  0.19309393128280913
  0.20826268875090548  0.22118959785288164  0.23394066395747526  0.24653719736177079
  0.25814975452227285  0.26926875473621181  0.27976135446407813  0.29013810412297653
  0.30001986255091972  0.30992699713822258  0.31980985643564819  0.32932043559325730
  0.33870798150003206  0.34775777159974597  0.35657108058104170  0.36565005803394557
  0.37478503597557128  0.38353687398024583  0.39195930552744557  0.39969560191948694
  0.40700767623489664  0.41430376949170633  0.42188298321095330  0.42973990902260806
  0.43761712885512483  0.44520557415302631  0.45230677568226590  0.45932996487715116
  0.46647347495763758  0.47371035972888204  0.48052960369492759  0.48659437036347197
  0.49251443211875023  0.49871372617550352  0.50507215218072843  0.51154697459689469
  0.51779126498751593  0.52399544707935941  0.53025206685411697  0.53662690032967009
  0.54274596818840837  0.54857140534113624  0.55410838712381671  0.55985077150981177
  0.56509504621945728  0.57008385550289131  0.57501950229526178  0.57969314746832057
  0.58475698633812478  0.59001336649377711  0.59492188476654528  0.59982879222127172
  0.60478085903354128  0.61000237673233881  0.61562579952117691  0.62141385499594881
  0.62741945438266089  0.63339618958543609  0.63943483556649905  0.64534419084159511
  0.65103445513542046  0.65664668003622007  0.66246977704512011  0.66788196232887798
  0.67277974984759759  0.67777281273971046  0.68269953659489746  0.68750800271982837
  0.69217883506707867  0.69687084955192524  0.70188125071546403  0.70732442064001377
  0.71289947663908826  0.71832626386650977  0.72354967085673361  0.72888082211879002
  0.73463341162156803  0.74074785323188908  0.74639884405327428  0.75255937514581872
  0.75919179042544294  0.76617421332304758  0.77429506068694620  0.78349445589168032
  0.79223077664106856  0.80001318971957791  0.80735508098203890  0.81515331293306559
  0.82388438474035575  0.83965089806451598  0.88290848425902935  1.00000000000000000
   9.1722861384202221E-005  -1.0000000000000000     
 F F F F F F F F F F F F F F F F F F F F F F F F F F F F F F F F F F F F F F F F F F F F F F F F F F F F F F F F F F F F F F F F F F F F F F F F F F F F F F F F F F F F F F F F F F F F F F F F F F F F F F F F F F F F F F F F F F F F F F F F F F F F F F F F
  <DiscreteSampler_grid>
  grouped_processes
  1 # 1 for a reference and 2 for a running grid.
  10 # Attribute 'min_bin_probing_points' of the grid.
  1 # Attribute 'grid_mode' of the grid. 1=='default',2=='initialization'
  0.0000000000000000 # Attribute 'small_contrib_threshold' of the grid.
  0.5000000000000000 # Attribute 'damping_power' of the grid.
 # binID   n_entries weight   weight_sqr   abs_weight
    10   10   3.169036968750744E+003   5.245569072462757E+007   3.169036968750744E+003
    11   10   3.169036968750742E+003   5.245569072462750E+007   3.169036968750742E+003
  </DiscreteSampler_grid>
