  0.00280427082641061  0.01287013463518537  0.02301369483665744  0.03342832294674325
  0.04425178466971291  0.05596632845804153  0.06671296932430715  0.07708054381455751
  0.08716580133141817  0.10005497968730884  0.11342458347232104  0.12730552221296584
  0.13902813418073950  0.15070018347761174  0.16181813783744370  0.17302730924555865
  0.18529216765984377  0.19745571874591966  0.20935939603944168  0.22096488003494488
  0.23084475124376977  0.23970054415382366  0.24779875737683668  0.25919333058206456
  0.27019216682809655  0.28083533235769476  0.29093578827504568  0.30107350138165218
  0.31196297614189339  0.32252039716034780  0.33355841287625304  0.34409879937027843
  0.35493098723239774  0.36411857751062560  0.37263062131301583  0.38081974700450993
  0.38977240760839416  0.39974660695903924  0.40970691067913778  0.41963733693886363
  0.43080432763986809  0.44292156873547112  0.45488648926084885  0.46679896790938175
  0.47893895603293885  0.48984693025936243  0.49995527942116780  0.50988927712759380
  0.52043036607741278  0.53125314103029497  0.54170220285791526  0.55190734998600655
  0.56260285438677204  0.57532918085079165  0.58952694408669815  0.60339894802562510
  0.61609246136883300  0.62731977753719115  0.63811825156705371  0.64922654889920095
  0.66069196855150469  0.67172976577079935  0.68253046536124629  0.69385295529344848
  0.70568070395723992  0.71818903778520338  0.73118015697144789  0.74361454984600950
  0.75359240441158770  0.76279631160751327  0.77227032700278708  0.78308103530232953
  0.79297577321083934  0.80306715182991151  0.81295592782579162  0.82184540311310239
  0.82941401768340206  0.83670433183069237  0.84460451605607489  0.85425087459943927
  0.86476636683295371  0.87386177789363206  0.88418992471676539  0.89452992136959886
  0.90493033132075062  0.91589293181972165  0.92448099362442759  0.93338081323721567
  0.94276327758517331  0.95215678070914289  0.96183028032095597  0.97018027488144265
  0.97737165081954647  0.98514822506442057  0.99258311855389114  1.00000000000000000
  0.00223700806461826  0.01826891008484039  0.03071366017005303  0.04197492840445360
  0.05335260829147198  0.06522855076746351  0.07649579564469178  0.08853617183675834
  0.10073573064161086  0.11200587125066311  0.12243118525325848  0.13331906868079121
  0.14450661855170049  0.15585712215853906  0.16779202895476361  0.18068168955780090
  0.19331396093812159  0.20320864779426726  0.21253978265524850  0.22166802949080419
  0.23245252884331413  0.24290657734888921  0.25282879278946074  0.26245592705101373
  0.27237689423542905  0.28302540876649868  0.29368287306454144  0.30619782546994107
  0.32091766668934063  0.33471709291073826  0.34756769560383444  0.35956642706730207
  0.37198501815472806  0.38423166003202797  0.39640446741435942  0.40909616816494870
  0.41960105211668997  0.42896313548700354  0.43751960088077957  0.44642148209280830
  0.45654251298468029  0.46715311925600483  0.47798896073385649  0.48861580521710946
  0.50032018965780178  0.51265548894422497  0.52473728260588604  0.53664751168042457
  0.54877408601870636  0.55930709995776906  0.56948429495758679  0.57931314936859368
  0.58878421086753863  0.59849103611855436  0.60804752540545326  0.61713663149317077
  0.62609395613672503  0.63537986277436154  0.64562191674846747  0.65700540900409821
  0.66882517584346080  0.68095688503836882  0.69404241431761204  0.70678871714586933
  0.71701614700455929  0.72577735495019424  0.73357679328494596  0.74006825674085130
  0.75037367813090416  0.76064455776841944  0.77023767519341224  0.77927301519894210
  0.78797512685596915  0.79724651725579410  0.80743389827764644  0.81757874429368049
  0.82751875717742684  0.83725040779611826  0.84800137537056153  0.85938905091442808
  0.87066218002212670  0.88181760958708855  0.89094502236189177  0.90067365376918662
  0.91002573626018557  0.92088237075307999  0.93249389685559692  0.94338735674449503
  0.95435855750761478  0.96380274399894927  0.97176765738272486  0.97919587192997604
  0.98580892041344859  0.99063400732542273  0.99251314345999186  1.00000000000000000
  0.00000750321404735  0.00000944197949042  0.00001083930926555  0.00001163922018357
  0.00001261418243225  0.00001365439239552  0.00001470644804834  0.00001580990714494
  0.00001714062425136  0.00001877794872176  0.00002061854392841  0.00002261503017453
  0.00002471523881408  0.00002719626608608  0.00003032618652918  0.00003373657190922
  0.00003719576142798  0.00004094799156960  0.00004497237383904  0.00004987535385970
  0.00005570319393360  0.00006193850143614  0.00006905576947678  0.00007774219509467
  0.00008934269434064  0.00010482162967852  0.00012336015470420  0.00014482895469461
  0.00016903580723461  0.00019595263037039  0.00022474442658498  0.00025618406689422
  0.00029060857880970  0.00032693531561004  0.00036241158561688  0.00039723891333268
  0.00043210036689279  0.00046932256910312  0.00050585775571394  0.00054018929706250
  0.00057531012971342  0.00061240442930276  0.00065388362630242  0.00069819768190300
  0.00074551039710700  0.00079492786659245  0.00084356547013756  0.00090252053677397
  0.00095990662292412  0.00102178169508790  0.00108793609034584  0.00114569168761615
  0.00121480950308746  0.00127366381731899  0.00133301638509486  0.00139777764816061
  0.00146543454770788  0.00155446822324809  0.00167601893499111  0.00178158508162475
  0.00186241819650783  0.00194027932809655  0.00202651740344917  0.00215220172751405
  0.00225803829341976  0.00235778448433838  0.00245082061367971  0.00256623463632380
  0.00270520822483447  0.00290018495083515  0.00305635295990861  0.00319485287893372
  0.00333323848529736  0.00350461569121576  0.00361901184294972  0.00372235286220950
  0.00382678655939249  0.00393758194822345  0.00408710505554999  0.00426483811289549
  0.00452419496470705  0.00487183649184055  0.00523623083473100  0.00554976844407864
  0.00582027445656773  0.00626216719676179  0.00673126681430995  0.00705929618208211
  0.00744252775877952  0.00791226526723643  0.00849193335973098  0.00903653037952626
  0.00956913066127361  0.01090759959820418  0.01303223875021797  1.00000000000000000
  0.00000397270796132  0.00000437640073135  0.00000473294582482  0.00000511659343354
  0.00000548693305472  0.00000584981630240  0.00000620280845282  0.00000656963510738
  0.00000695593173318  0.00000733510906840  0.00000772034547755  0.00000814405309199
  0.00000864070605703  0.00000919804291528  0.00000970232503119  0.00001024375316456
  0.00001079807657102  0.00001141785925449  0.00001209206375175  0.00001283175014292
  0.00001357892224712  0.00001431588651363  0.00001507561409246  0.00001588573708728
  0.00001675137039181  0.00001773941828950  0.00001894879815668  0.00002013324658160
  0.00002129577623351  0.00002249129084556  0.00002376989150473  0.00002513990869719
  0.00002656144873785  0.00002819900157364  0.00002982699334229  0.00003161285723002
  0.00003367836592465  0.00003574707127604  0.00003797422474476  0.00004027683532363
  0.00004239696605362  0.00004466660545632  0.00004683530585118  0.00004898644490027
  0.00005138545732029  0.00005391758312561  0.00005649797990993  0.00005940001575392
  0.00006286955460917  0.00006626014061409  0.00006997584801740  0.00007379927469906
  0.00007822088497320  0.00008356975367857  0.00008976595728206  0.00009662782618408
  0.00010360022590401  0.00011000367337238  0.00011651786413227  0.00012375263303644
  0.00013140575806720  0.00013976068561793  0.00014914503997246  0.00016052776586231
  0.00017315404128361  0.00018738676113178  0.00020435198616872  0.00022514840985828
  0.00024946707588577  0.00027491044748045  0.00030068754694632  0.00032753021234690
  0.00035723383088229  0.00038899756168921  0.00042469313729468  0.00046825192386513
  0.00051909251394705  0.00058964689471881  0.00067199102868553  0.00076225076514970
  0.00086180207601246  0.00094627552251585  0.00103231253834382  0.00113494216266311
  0.00127701079842138  0.00151160956728720  0.00180542044281397  0.00206520209552682
  0.00232666214769494  0.00265077468656141  0.00304285772118972  0.00357394725554688
  0.00413581168562183  0.00515428815059698  0.02615045211430417  1.00000000000000000
  0.00000594015769631  0.00000896294975838  0.00001080095045015  0.00001262748184386
  0.00001439336507879  0.00001620485378258  0.00001786742489894  0.00001961947859137
  0.00002169418325374  0.00002405530338310  0.00002663403893596  0.00002934949242581
  0.00003275495203064  0.00003718792454828  0.00004240097757355  0.00004846871286842
  0.00005570200233686  0.00006367749734790  0.00007243328453158  0.00008203640058183
  0.00009285538034781  0.00010649853357471  0.00012400087782273  0.00014343468090066
  0.00016228798561459  0.00018166698281810  0.00020381586237436  0.00022794306582874
  0.00025149946267215  0.00027640044287940  0.00030377138377825  0.00033460381341027
  0.00036681909089645  0.00039863352953237  0.00043198448352654  0.00046962644839780
  0.00051588518678100  0.00055943767127063  0.00060319889850971  0.00064659341040173
  0.00069517815742776  0.00074392961603163  0.00078826471509870  0.00083194358956517
  0.00088274146518706  0.00093115031124303  0.00097746757558863  0.00102399525758940
  0.00108771468343434  0.00115887017999646  0.00122247469491815  0.00129495374684472
  0.00137505659867585  0.00146308109460914  0.00156021916345803  0.00166338415249799
  0.00177215109483553  0.00189409190095527  0.00201787256060503  0.00214336542421944
  0.00227712507058515  0.00242982871891419  0.00261521714740662  0.00283454708658694
  0.00303062859595536  0.00323517281732445  0.00343091964416718  0.00360194260927396
  0.00377700162662153  0.00392064091927224  0.00404998400942963  0.00417083588579663
  0.00429456768616939  0.00446766586385708  0.00472682636297271  0.00499663581051771
  0.00523037999967733  0.00539329894152331  0.00551946813127447  0.00563868366753185
  0.00575729744196992  0.00588236313078574  0.00605263762060354  0.00625580139657483
  0.00669406418091424  0.00715050906942648  0.00760968435985907  0.00807553630041887
  0.00856429331248544  0.00912612584972038  0.00959434382608077  0.01006256180244116
  0.01103914154793988  0.01207749524762595  0.02405220010113293  1.00000000000000000
 -0.00224715390496337  0.01002274334112739  0.01869331718478356  0.02753618124850407
  0.03672440613801963  0.04697508245667341  0.05865671762471147  0.07128776790777885
  0.08388598511535354  0.09539470450416966  0.10642283982767277  0.11711543500751756
  0.12568293100530098  0.13356204086559234  0.14266140691454476  0.15405807648617392
  0.16561310122432668  0.17666796222266204  0.18780620546256951  0.19902949293666156
  0.20982425045431816  0.22063619172952878  0.23207283192198250  0.24458096674541424
  0.25687914661981137  0.26840685159290278  0.27965057541734784  0.29122124872600824
  0.30342941883321950  0.31521539022395328  0.32657031790545132  0.33750114015624377
  0.34876606905693741  0.36064220682973536  0.37280250302753937  0.38268007755758504
  0.39151657377473220  0.40006483751458749  0.40888283651533974  0.41831573500582681
  0.42779345542540886  0.43742173351574182  0.44837052472821876  0.45850213554416669
  0.46870859873158882  0.47882448398255556  0.48987832350579580  0.50006545425050097
  0.50988973582249697  0.52067396889729312  0.53076150418423940  0.53977740223590320
  0.54844159417612881  0.55695129975556135  0.56649595622809612  0.57761608660848951
  0.58795501410961259  0.59783387035701907  0.60735630251966111  0.61608419430398742
  0.62918712319593528  0.64039482604336739  0.65048448001923653  0.66064181343370376
  0.67284865283039241  0.68601126006258362  0.69816102790948198  0.70904286217236878
  0.71803333763495347  0.72641932571382739  0.73448369920056722  0.74203931406916723
  0.75133061465193285  0.76146000455601826  0.77211185758987988  0.78089329938901053
  0.78868736152025809  0.79650738320140813  0.80535366397925401  0.81632135759201196
  0.82879401645718653  0.84229777500815961  0.85579129123868469  0.86802519050756444
  0.87941504548992566  0.89003194156935050  0.90082279462860315  0.91117814708045264
  0.92189873065188510  0.93293281653363080  0.94354148727114484  0.95432050622021658
  0.96546507351515320  0.97699383142089624  0.98804454652513274  1.00000000000000000
 -0.00150725910525409  0.00631540050871070  0.01493499237842054  0.02434635024870179
  0.03563410944017428  0.04664634964622906  0.05755972314461281  0.06767769205123771
  0.07718808549098960  0.08701128969728635  0.09773296209751910  0.10859365905389350
  0.11998996229657230  0.13198340954104409  0.14483681624864464  0.15690620512232681
  0.16668729188219089  0.17565987269824049  0.18514823448851486  0.19527591696649788
  0.20593132527834157  0.21648104016426503  0.22685376715579147  0.23702717647744265
  0.24553655730374171  0.25352417753150752  0.26234795786574694  0.27199706155106090
  0.28209694451733264  0.29224022816090622  0.30323098492644540  0.31420614065222990
  0.32489237829303941  0.33452109045447154  0.34378711180316007  0.35302954059884373
  0.36359537448449430  0.37577141908275585  0.38793298539691673  0.39965029257356932
  0.41214375839766848  0.42376761658472856  0.43524500659889404  0.44584833712115379
  0.45641891081974639  0.46660402160448761  0.47668564873948599  0.48725697618289482
  0.49811130693265526  0.50913034491682374  0.51820755301729216  0.52729723876529766
  0.53598746619805504  0.54580657170958335  0.55662356687911618  0.56747835892574305
  0.57805064338235967  0.58846340758418969  0.59907197558510494  0.61024476590098276
  0.62218231885065034  0.63424469991318244  0.64595561584483696  0.65727989243539875
  0.66869316291655378  0.68050008708827869  0.69174641826283434  0.70268026440970199
  0.71317090409814576  0.72365819594163139  0.73451284326464217  0.74548310504679149
  0.75703271976217257  0.76905537778090660  0.78178750650313844  0.79500128594345898
  0.80695853307041832  0.81765890358549831  0.82836391328775894  0.83992393793344733
  0.85268695107811743  0.86545884603024315  0.87709539956328419  0.88827149607051992
  0.89871515721138884  0.90863345965106879  0.91756552173895667  0.92601662655737538
  0.93530342097306973  0.94454359471259386  0.95341393109781514  0.96151164371167741
  0.96975314634695042  0.97940928077751366  0.98939014897313937  1.00000000000000000
 -0.00285649136160381  0.02019801949222057  0.03601718005452060  0.05096406502201612
  0.06863177899507673  0.08857625738429159  0.11037667265451298  0.12967410864744633
  0.14635011138790729  0.16000020614485957  0.17213075531594799  0.18370987934903421
  0.19514926653676729  0.20596629127054111  0.21727587857911407  0.23127626716479679
  0.24988970048543804  0.26923260646425695  0.28625406508978046  0.30061425850468115
  0.31349938465489335  0.32604380646137521  0.33707374601750123  0.34765922143943673
  0.35830665177215537  0.37030185797870052  0.38354053170625102  0.39815789327398216
  0.40931350515714071  0.41933814728398849  0.42850847514499368  0.43820921470370555
  0.44967279640420160  0.46090215555354347  0.47189234279321862  0.48175776538714082
  0.49269642938132191  0.50341998117379450  0.51523272040790269  0.52569083323943444
  0.53501052137412053  0.54396821227995495  0.55279939891061458  0.56149170215403932
  0.57065049498375364  0.58016329866740868  0.58967935365088231  0.59926453030534643
  0.60810841723734377  0.61646033921133836  0.62538705603545031  0.63352316509372275
  0.64139898504108073  0.64923681663792321  0.65736213918418207  0.66607792765030149
  0.67542771026917547  0.68550877948633215  0.69609576096676506  0.70732121163145734
  0.71758379421775054  0.72673937802708755  0.73560037611484141  0.74475651897059503
  0.75354833862812232  0.76198552664681996  0.77036431290014418  0.77798949001124318
  0.78502248420177101  0.79194534123902227  0.79853976103924262  0.80747570314246353
  0.81704358499519503  0.82593307999040744  0.83410846569805763  0.84286657887919014
  0.85144728211979670  0.86049556869603261  0.86901841044681782  0.87751255086462143
  0.88534587443325696  0.89281560734602872  0.90022153327587529  0.90669623023760881
  0.91279897385735886  0.91899164978853209  0.92544168861843856  0.93339730057631232
  0.94209166749259210  0.95106169921847894  0.95955247220887363  0.96801877902531708
  0.97664344308423412  0.98479960950068790  0.99260013619047471  1.00000000000000000
 -0.00233074667506750  0.01064010101311103  0.02114036400291549  0.03187474393554564
  0.04315162785798127  0.05454178412896465  0.06608383476182257  0.07803876412079701
  0.09014701847083134  0.10207808706886892  0.11376944188168013  0.12538571154629988
  0.13538286694555188  0.14663881355862060  0.15907762879501183  0.17266552392136059
  0.18590394624574019  0.19816327898287955  0.20887597166766764  0.21879130368366081
  0.22863474416507709  0.23769545479459545  0.24590347337433241  0.25376451645232068
  0.26072497888492530  0.26789145123472774  0.27546360376845386  0.28342343699556577
  0.29272347779728153  0.30152049969139211  0.30942631327409004  0.31737501894216980
  0.32587283990779126  0.33555308058956035  0.34670694417266967  0.35894571358964056
  0.37209754978328108  0.38462260801062897  0.39606699331846729  0.40725871766699673
  0.41798602170949095  0.42905420046497300  0.43976181040716666  0.45035504290175510
  0.45960566595267988  0.46845270104089959  0.47697609397121210  0.48634511806186387
  0.49769300337992006  0.51129405414142770  0.52402267241043576  0.53506082296252744
  0.54504680345502698  0.55500382253994240  0.56637875571497376  0.57776190631778213
  0.58903931856255676  0.60117692222527930  0.61126234365358190  0.62136595366211467
  0.63046243968769677  0.64062040756281058  0.65051138259958030  0.66145163791973383
  0.67285198014344394  0.68383424065659537  0.69348817505325244  0.70277913977638506
  0.71297737870908373  0.72499787706912877  0.73684743811594378  0.74818695564901749
  0.75774273383030832  0.76706003164102088  0.77592492424624604  0.78424086110124980
  0.79312634139757610  0.80300003218185190  0.81374656187195649  0.82583635444309955
  0.83821714806887693  0.85045114076396366  0.86273392629726731  0.87366499842172429
  0.88372356598787816  0.89402920924619256  0.90394321555317869  0.91579603891203676
  0.92686837937330369  0.93810322739498608  0.94795607235682533  0.95821546185016127
  0.96890997145400282  0.97957200531623423  0.99017310484532406  1.00000000000000000
 -0.00193595503699213  0.01122277366904330  0.02008977713869825  0.03046369737328689
  0.04155528582132324  0.05336371999818745  0.06393314708988851  0.07420935357881542
  0.08445495734164730  0.09468685464194983  0.10535138736757778  0.11672900072535064
  0.12875890557418146  0.13966479625453751  0.15126148869633368  0.16326913719461550
  0.17477740250363549  0.18553057407168030  0.19539268839865015  0.20543654658882868
  0.21408295669730229  0.22307480091659265  0.23219027114825350  0.24244566247137553
  0.25391335829409645  0.26597296310151625  0.27776787824558868  0.28943672616376581
  0.30035217940673098  0.31091554376228231  0.32223671892722450  0.33178688375758580
  0.34167372176746325  0.35023879500915511  0.35895088272685449  0.36816466156277827
  0.37823081330408365  0.39003224016308624  0.40138294772737826  0.41264077470512828
  0.42506571615290079  0.43834654950262658  0.45115672132009488  0.46413333267876161
  0.47826636304071279  0.49274607650619379  0.50672463176937876  0.51830817792051753
  0.52761323835963903  0.53657262593026311  0.54608269004023624  0.55664935000013771
  0.56673591060920259  0.57620183092698984  0.58587711212391991  0.59546437893358539
  0.60504090456797543  0.61414914075550642  0.62344999934054401  0.63412073228005328
  0.64533504655465457  0.65441040958432983  0.66361439011738343  0.67277789247465514
  0.68214711720355603  0.69177678128857856  0.70157272491252443  0.71214083145501683
  0.72402464840492298  0.73595644803934968  0.74818611365872001  0.76038190854346988
  0.77172469886007022  0.78076930580489301  0.78980482084443815  0.79776661974572693
  0.80690678987892217  0.81585814128694156  0.82511725157274696  0.83511611313152467
  0.84535315987825754  0.85533650363647773  0.86476034979085337  0.87419590039134010
  0.88429082147048554  0.89590125361943806  0.90837026372963203  0.92103567859336422
  0.93160608978929627  0.94138116146289896  0.95087727523771282  0.95920373013808991
  0.96854308907242004  0.97842691624393707  0.98925056254993049  1.00000000000000000
 -0.00007382274310723  0.00033877672034049  0.00077594583440161  0.00116886374083602
  0.00142008310800351  0.00167093285773871  0.00191973651642137  0.00216366758121772
  0.00238696990418948  0.00260983785217355  0.00282600281420779  0.00301493247815261
  0.00320197561435314  0.00338722210468945  0.00357827476434739  0.00378117652481894
  0.00400958310765481  0.00420934638872757  0.00440629280321814  0.00460136032112741
  0.00479597377595905  0.00499314689655112  0.00519239984667508  0.00539373220271947
  0.00559825504040840  0.00580563138438356  0.00599605273793492  0.00614985819666574
  0.00629346113864037  0.00643365567054898  0.00657542653221936  0.00672694239403243
  0.00689763690421646  0.00708663708354522  0.00723592468945250  0.00735480250139182
  0.00747133900524741  0.00758343403956841  0.00769552907388941  0.00780635723652472
  0.00791716040385735  0.00806501115784458  0.00823876144121625  0.00841620835548883
  0.00859822248551432  0.00878985621989714  0.00898664813182631  0.00919178707647925
  0.00942245900794096  0.00963362503788768  0.00984081226254338  0.01007950962676295
  0.01031050152359162  0.01053126110436478  0.01066670035432262  0.01080213960428047
  0.01094390716716145  0.01109340504582340  0.01124290292448535  0.01139903334878814
  0.01155638397579007  0.01176463291206601  0.01209781888157429  0.01243402097044757
  0.01279275558239261  0.01315562926364355  0.01352561793548273  0.01390528147227738
  0.01427157253829067  0.01466279817165984  0.01503688307866729  0.01533193111926273
  0.01562743539597134  0.01592813104944429  0.01627721859376298  0.01674690326379323
  0.01721025022481695  0.01762912538911122  0.01804248082499935  0.01846965624892277
  0.01890540683179808  0.01937828718474334  0.01991150753789591  0.02063892649845920
  0.02167021391514630  0.02320281404122821  0.02494233441566274  0.02600738277357117
  0.02685765609628349  0.02770004189560784  0.02880225787915820  0.03095667816458784
  0.03755388882243966  0.06016202439325089  0.12606297000445865  1.00000000000000000
 -0.00296406777676653  0.00937736065005114  0.02062165897989594  0.03213907496805306
  0.04340232182616584  0.05323502403484220  0.06164205061988898  0.06871861388560210
  0.07575001517409699  0.08262075373731631  0.09053865083596321  0.09797414468228081
  0.10580788612079306  0.11417400663126905  0.12342390441098573  0.13441178527909961
  0.14521204944101876  0.15506017448169365  0.16461242551683128  0.17443975232469572
  0.18426195420873698  0.19469241007989824  0.20561703163477171  0.21802002035012111
  0.22954820792711547  0.23948248458613741  0.25018305823496673  0.26158962579069156
  0.27197514218140922  0.28053789112118421  0.28860788108786667  0.29776286231802124
  0.30753216502622743  0.31802600238547807  0.32881061356021313  0.34055512482095551
  0.35340695185950188  0.36658254042008664  0.37812094540615748  0.38792865569781509
  0.39746044825976096  0.40788736289263527  0.42007362971529288  0.43255325617573626
  0.44461394922565517  0.45698762835676698  0.47175161247251218  0.48646252143863944
  0.50032068294285981  0.51279438317698389  0.52470045071876525  0.53748949128509893
  0.55062706439351106  0.56201407424006256  0.57231677708053819  0.58295484321033975
  0.59400753640531234  0.60462119496768518  0.61438156628626694  0.62440728458456274
  0.63712758309169248  0.65036775810791048  0.66348274487001957  0.67723372045522090
  0.69066674060657807  0.70224301356034680  0.71305525384795210  0.72419236432534917
  0.73473000254085730  0.74403201405372599  0.75261976895269744  0.76039278094274898
  0.77049172401624988  0.78075095215761470  0.78994513650750464  0.79880025625292550
  0.80729145922121859  0.81767137248735511  0.82931439505355631  0.84031508572356350
  0.85104286631503234  0.86111660044642391  0.87187675373653295  0.88208950608791392
  0.89250722575023045  0.90299713429132800  0.91332562765175818  0.92376114867577286
  0.93389134135101226  0.94364032993096303  0.95337090340569508  0.96234547604121712
  0.97107248653546785  0.97984987766775999  0.98849223787744489  1.00000000000000000
 -0.00010032624736632  0.00025822844196015  0.00055854540073434  0.00078898851321321
  0.00096764163985629  0.00114752437808004  0.00133064073284389  0.00150194871059152
  0.00166467286768588  0.00182007457661498  0.00197045093858087  0.00212345577089403
  0.00228252909922036  0.00245073564148008  0.00260740861313405  0.00275394736470910
  0.00288128286715856  0.00300900783324966  0.00313786868233882  0.00327589796295222
  0.00339909910525432  0.00351530105606114  0.00362732545708820  0.00374248289248367
  0.00385659175245054  0.00396440662117436  0.00407765754675567  0.00418915577094583
  0.00429589552444417  0.00441542532695039  0.00452550573109986  0.00462952508538017
  0.00473612817770384  0.00483787739805945  0.00493948619053249  0.00505681848493313
  0.00518456992289410  0.00530937487847029  0.00541744820902996  0.00550694722959918
  0.00559718669041485  0.00568777103468668  0.00577945739342864  0.00588806251496612
  0.00602683377160644  0.00619021916055890  0.00636359501105116  0.00649392363637927
  0.00663353125555603  0.00677912347195433  0.00692542621666356  0.00701614122782312
  0.00710685623898267  0.00721140302442221  0.00732083249590080  0.00742655414901472
  0.00752537876373228  0.00762420337844985  0.00777010849207089  0.00793642679864002
  0.00810521495247557  0.00829865115123173  0.00846995411597005  0.00862376266570512
  0.00877646627859603  0.00892340033734306  0.00905855189691186  0.00919891369809433
  0.00932013592430728  0.00942232396502415  0.00953772053109925  0.00964455483401375
  0.00972436955231676  0.00981162025732316  0.00996800851513869  0.01012500019480939
  0.01028414282939018  0.01050112568671718  0.01082478245828188  0.01113838230113065
  0.01144265451012763  0.01165837602188295  0.01184048055228513  0.01202055069687804
  0.01220231619059065  0.01239173154160066  0.01262786139759463  0.01281132847193354
  0.01301752944793332  0.01325861863436283  0.01503095037817366  0.01551323964030079
  0.01858703998181100  0.02905246594952265  0.07600238863333354  1.00000000000000000
 -0.00175371903559323  0.00609936790727167  0.01341351277941645  0.01986842839626229
  0.02639172745886649  0.03325322719281387  0.03990412511331359  0.04685172202210172
  0.05448796785286592  0.06237493228255121  0.07118706150700568  0.08014888127162671
  0.08793955317608934  0.09474718194741724  0.10145828922321219  0.10820032342596275
  0.11577050832572292  0.12442358344313577  0.13206483057256252  0.13967312035802595
  0.14779720934944879  0.15675507814471537  0.16747257859218670  0.17822382149110644
  0.18870534668409600  0.19944845891569474  0.20989856563351084  0.22018915054632329
  0.22963037056593222  0.23896772363025301  0.24880618805784152  0.26127509656847486
  0.27400967555917299  0.28601404274144254  0.29772224807659997  0.30967140539748855
  0.32196086409544661  0.33348338001642214  0.34547707444479647  0.35860327969217853
  0.37415614042019968  0.38915410083223118  0.40250471083864425  0.41595205679105474
  0.42978973081890715  0.44596154324718035  0.46300073975076594  0.48086662236082339
  0.49946607039175567  0.51574557224357598  0.53084617989299476  0.54657915461556683
  0.56331260476175926  0.57866840553751275  0.59157043291995848  0.60383653989572650
  0.61532622243921575  0.62962130707139674  0.64694959239514782  0.66322707888880728
  0.67838446287732312  0.69334884547356002  0.70762647307517978  0.72151413691977651
  0.73408697390713507  0.74564699413242197  0.75716838314575330  0.76867612788675754
  0.77960503285634752  0.78947947069688540  0.79793435512218469  0.80633573762319410
  0.81470378083351636  0.82398562834845057  0.83357534743270190  0.84412598656013560
  0.85411444994674490  0.86352103143323111  0.87279816863767756  0.88228560386206001
  0.89195594218361751  0.90103824184248904  0.90949206114260994  0.91815823372162264
  0.92630372371735148  0.93379842442147420  0.94046294926904295  0.94728303584723406
  0.95443942288447869  0.96178884023178512  0.96905008925068525  0.97597835418444034
  0.98257863853559435  0.98813631398062007  0.99389486145896333  1.00000000000000000
  0.55908842992144037  0.62418799735958208  0.64044026229564011  0.66118882123853118
  0.68245391838286718  0.69864810338451233  0.71151318128994456  0.72256205339931623
  0.73227079617544333  0.74125163678549721  0.75060309487633714  0.75963020711250773
  0.76831369257059723  0.77719046943998638  0.78608062271031542  0.79450895672899802
  0.80213448009641375  0.80902375198377308  0.81504603555665689  0.82037371658002700
  0.82541601172384182  0.83030535362713909  0.83487139005222033  0.83917469509656961
  0.84336565706385536  0.84706004705384108  0.85066110554803265  0.85407359538544558
  0.85769943639040780  0.86148127660164131  0.86528547291167690  0.86909327486473498
  0.87284908773323333  0.87626166672106809  0.87935824512310556  0.88229693112443563
  0.88515222151862272  0.88793373526014385  0.89075797680164948  0.89359885263258254
  0.89628252823252386  0.89867118810622115  0.90098264064619504  0.90335381461823039
  0.90562169293933792  0.90772787908028163  0.90979916738611333  0.91184385605810603
  0.91383547431934387  0.91597818460655933  0.91826374733096217  0.92064874752835979
  0.92293272891110223  0.92523062712348625  0.92751859669362691  0.93002846026251107
  0.93244253849663095  0.93453358569754252  0.93671117393902137  0.93863047328288662
  0.94067521249534924  0.94278585551296035  0.94468241512938778  0.94654878918616392
  0.94844148763795388  0.95044688994683357  0.95275218191574873  0.95498978693847103
  0.95710659550405552  0.95914583812116005  0.96074225528259172  0.96223162603612722
  0.96371452099808841  0.96523420760469336  0.96680210199124150  0.96842077610376720
  0.97019406284777565  0.97185350819878824  0.97354876410781033  0.97517607034180975
  0.97652514989456418  0.97785613878491562  0.97923515569091601  0.98060760402005964
  0.98197446125153820  0.98337932279974904  0.98479174600586539  0.98615950728908630
  0.98740156657540845  0.98860930499254551  0.98983877165709799  0.99116825253903418
  0.99248634659471646  0.99413852025071037  0.99649998590872890  1.00000000000000000
  0.00278666742622771  0.21242794186132433  0.25268107215762298  0.28233578363169071
  0.30529226373554230  0.32264887106530937  0.33744415788548365  0.35049245413848162
  0.36309431465416442  0.37496600924908480  0.38534876667184725  0.39476011162903379
  0.40451196231120118  0.41394859481182789  0.42312007981002109  0.43256723009069192
  0.44222608248406486  0.45166605341973581  0.46036276499099343  0.46848840375818557
  0.47671501235117575  0.48404641307073815  0.49013088859541254  0.49592521212579577
  0.50210502570850057  0.50838384997474562  0.51557450691576212  0.52204718609216061
  0.52792946752059577  0.53405224194759560  0.54049137637280853  0.54673726497387853
  0.55251138499901054  0.55767469229520839  0.56209564167917170  0.56663555220704853
  0.57145418282542160  0.57681191707144464  0.58259855994685439  0.58843078334674981
  0.59430827018623478  0.60049412190433937  0.60704410567593847  0.61348724420305811
  0.61940622469970807  0.62436681730953214  0.62859097040524881  0.63249654652357346
  0.63630649285564755  0.64027287423193935  0.64461647752303852  0.64926630002556895
  0.65409388111271716  0.65904313086921285  0.66414052542001134  0.66944674357400613
  0.67467272598336425  0.67963364044604924  0.68467243241126385  0.68990654998943690
  0.69531241215470385  0.70082077114699992  0.70634343357190088  0.71172392078064428
  0.71712273392623938  0.72318107411039767  0.72887535538204740  0.73344031562982948
  0.73765207819218415  0.74173971912995629  0.74592271728792581  0.75037296046884805
  0.75505973401418292  0.75976891768421129  0.76503809735238704  0.77028080926960540
  0.77593321956425154  0.78148688009979472  0.78604319501716280  0.79016973369828525
  0.79448765227641871  0.79924964409357391  0.80517581967892837  0.81205317203170224
  0.81857247672009892  0.82560643090035635  0.83324469567519621  0.84046696984742530
  0.84798119321143417  0.85594865434352996  0.86774433437926346  0.88143617318081979
  0.90056629861137161  0.92342494648906859  0.96049047744003546  1.00000000000000000
   1.2128634223122451E-009  -1.0000000000000000     
 F F F F F F F F F F F F F F F F F F F F F F F F F F F F F F F F F F F F F F F F F F F F F F F F F F F F F F F F F F F F F F F F F F F F F F F F F F F F F F F F F F F F F F F F F F F F F F F F F F F F F F F F F F F F F F F F F F F F F F F F F F F F F F F F F F F F F F F F F F F F F F F F F F F F F F F F F F F F F F F F F F F F F F F F F F F F F F F F F F F F F F F F F F F F F F F F F F F F F F F F F F F F F F F F F F F F F F F F F F F F F F F F F F F F F F F F F F F F F F F F F F F F F F F F F F F F F F F F F F F F F F F F F F F F F F F F F F F F F F F F F F F F F F F F F F F F F F F F F F F F F F F F F F F F F F F F F F F F F F F F F F F F F F F F F F F F F F F F F F F F F F F F F F F F F F F F F F F F F F F F F F F F F F F F F F F F F F F F F F F F F F F F F F F F F F F F F F F F F F F F F F F F F F F F F F F F F F F F F F F F F F F F F F F F F F F F F F F F F F F F F F F F F F F F F F F F F F F F F F F F F F F F F F F F F F F F F F F F F F F F F F F F F F F F F F F F F F F F F F F F F F F F F F F F F F F F
  <DiscreteSampler_grid>
  grouped_processes
  1 # 1 for a reference and 2 for a running grid.
  10 # Attribute 'min_bin_probing_points' of the grid.
  1 # Attribute 'grid_mode' of the grid. 1=='default',2=='initialization'
  0.0000000000000000 # Attribute 'small_contrib_threshold' of the grid.
  0.5000000000000000 # Attribute 'damping_power' of the grid.
 # binID   n_entries weight   weight_sqr   abs_weight
    13   10   1.395608821784850E-004   6.725733739196028E-008   1.395608821784850E-004
    14   10   1.395608821784850E-004   6.725733739196038E-008   1.395608821784850E-004
    16   10   1.395608821784850E-004   6.725733739196028E-008   1.395608821784850E-004
    17   10   1.395608821784850E-004   6.725733739196038E-008   1.395608821784850E-004
  </DiscreteSampler_grid>
