  0.00345996343091330  0.01279426527018728  0.02309853679443437  0.03252668895322905
  0.04284781706839279  0.05477243657444489  0.06777189104611331  0.08071631383696866
  0.09378198071075025  0.10621019658275091  0.11699161506055344  0.12706848616871969
  0.13763543580048004  0.14863827509955252  0.15946384567414279  0.16969872094895400
  0.18022117170085009  0.18990606440801602  0.19785287600505830  0.20589482052205058
  0.21500368518691168  0.22679141169745715  0.23762274596735417  0.24802613215448591
  0.25873451877027354  0.27050773144660556  0.28207413969336553  0.29343258475594614
  0.30377535803560951  0.31435359383612582  0.32522402240848813  0.33583688847056464
  0.34657687868082560  0.35775626496843010  0.36934956142534103  0.38060714777652532
  0.39152608215006041  0.40252597784415267  0.41313974214210697  0.42233755254698407
  0.43085661247138946  0.44016304986906035  0.45047958112954917  0.46183418719391073
  0.47339133004031531  0.48365969680723703  0.49383443981318148  0.50424972891931397
  0.51633970435306009  0.52941470344200858  0.54122893159045271  0.55142195257575588
  0.56083191131597188  0.56988263445408094  0.57975159131756193  0.58938922201301935
  0.59813328266797228  0.60690989775334470  0.61594847947794495  0.62650026060985431
  0.63765998047903882  0.64835465872840514  0.65854723112664504  0.66915608778333524
  0.68116109251306745  0.69328866505223941  0.70402236699548804  0.71416746037802459
  0.72378458153932146  0.73490813724567250  0.74668241064188989  0.75738068798318758
  0.76781366664355599  0.77704547868312446  0.78684281545645574  0.79730397342944870
  0.80874426721396364  0.81998149451088631  0.83023010512484430  0.84160637856161347
  0.85318001358404794  0.86334991045821341  0.87195036396056957  0.88080445014972619
  0.89078469944216243  0.90186460242419819  0.91346218299706472  0.92528071740938878
  0.93639779117236233  0.94576002507798562  0.95493621688875752  0.96393408086290588
  0.97352574792669266  0.98365357364397876  0.99270409494550038  1.00000000000000000
  0.00003443141383339  0.00004381858788636  0.00005049848757935  0.00005618085624497
  0.00006159523951242  0.00006691594081103  0.00007179581637591  0.00007648611327417
  0.00008106653390486  0.00008557688954730  0.00009002852135715  0.00009449356629513
  0.00009915667586224  0.00010420398252112  0.00010950691485085  0.00011493351278821
  0.00012043531262201  0.00012597041371615  0.00013185139668327  0.00013787257808528
  0.00014399149005425  0.00014971820436335  0.00015559882334525  0.00016131724500511
  0.00016711009844925  0.00017381764222731  0.00018108631040100  0.00018936471317472
  0.00019734596251368  0.00020414083319707  0.00021091772311202  0.00021817453497940
  0.00022612473209557  0.00023490450376549  0.00024349091307331  0.00025191649296422
  0.00026060760690980  0.00027038880398958  0.00028088018838934  0.00029150958091365
  0.00030276593421286  0.00031491580815178  0.00032773955111193  0.00034114449506007
  0.00035414780187996  0.00036705611938851  0.00038030901182129  0.00039534901522488
  0.00041127919280913  0.00042749472620668  0.00044546452989722  0.00046417833404913
  0.00048220844613359  0.00049987547888743  0.00051769723333421  0.00053734387618183
  0.00056030967135389  0.00058738603582675  0.00061665165323455  0.00064900136932838
  0.00068161920628189  0.00071474452649279  0.00074852581906236  0.00078298894882771
  0.00081935976119161  0.00085824365039998  0.00090115768038017  0.00094807066758156
  0.00099668939168082  0.00105060315182306  0.00111020661966565  0.00117313209603996
  0.00124666523168602  0.00133543778932347  0.00144068920535852  0.00154925778856683
  0.00163164090433445  0.00171056138115566  0.00180621559895136  0.00193407104322461
  0.00209253172645109  0.00224541483458674  0.00242033146330012  0.00264321058871408
  0.00287374699882323  0.00311867178140330  0.00338259448631319  0.00367406157131145
  0.00407950818982571  0.00459885881078728  0.00541746854798428  0.00650311204651580
  0.00912714006068212  0.01625663299912962  0.04929662493691746  1.00000000000000000
  0.00235798038802223  0.01499826958214630  0.02633205070123135  0.03783056820824244
  0.04903529943177901  0.05919372205780751  0.06893517608581286  0.07878933894197530
  0.08844109314246518  0.09805426530485528  0.10791882203163408  0.11685594513645210
  0.12492063614740542  0.13313157440258361  0.14082907924865526  0.15098356690257303
  0.16143279004210917  0.17135941955058681  0.18037782571338626  0.18948519289683832
  0.19832327612847320  0.20765803752111744  0.21768894967787666  0.22948151266529535
  0.24170541449481947  0.25399201309584613  0.26643699858137232  0.27927758808183267
  0.29061933646588717  0.30022244658828379  0.30922202650309455  0.31817594656152470
  0.32771907270435185  0.33759194917002361  0.34815604712437609  0.35889771190798614
  0.37102567164501510  0.38431423909209744  0.39727769700027349  0.40927703637562562
  0.42053955812077359  0.43245502276039888  0.44419864605194925  0.45442951091309586
  0.46409333358582977  0.47453032103469822  0.48473647074059961  0.49481442158496763
  0.50474332334208416  0.51422963719353654  0.52328153078703754  0.53302674247608939
  0.54334576870685980  0.55459185615221407  0.56552642313693902  0.57681352621088244
  0.58752314072410206  0.59751200344918942  0.60632145048566599  0.61489207180487904
  0.62263194765596819  0.63006877136024486  0.63753750742123694  0.64559237126179991
  0.65577757044276463  0.66582860869473803  0.67554290660216187  0.68528828336868985
  0.69569469062429523  0.70667946695994188  0.71740194140484803  0.72758333486170923
  0.73721537247163638  0.74731710586488143  0.75898437559656240  0.77133911512899733
  0.78366596387332121  0.79578306168308832  0.80785039422966864  0.82054066458850905
  0.83377725573297312  0.84596800436058917  0.85704868963721881  0.86729379332712142
  0.87750713249270329  0.88790563686852131  0.89901752251798572  0.91140424098892381
  0.92404764049088639  0.93594340733063508  0.94659906472996858  0.95582472098269078
  0.96414548616104367  0.97248788895036231  0.98197232180568828  1.00000000000000000
  0.00020566560394324  0.00023482481345216  0.00026248698241688  0.00028487815182398
  0.00030692989695040  0.00033082998844684  0.00035600405193508  0.00038161206467396
  0.00040480825512822  0.00042872275890140  0.00045318711647169  0.00047858557719989
  0.00050220113535516  0.00052536222273840  0.00054891562057650  0.00057314770859695
  0.00059895451447159  0.00062728805215350  0.00065300782157684  0.00067932877217096
  0.00070652204803142  0.00073645772002360  0.00076860021122583  0.00080082845019627
  0.00083208257978956  0.00086394270340371  0.00089876889063068  0.00093516312033001
  0.00097191054427566  0.00100992520625492  0.00105059334240313  0.00109482329281260
  0.00114036214052768  0.00118179926310881  0.00121885475584337  0.00125576405896200
  0.00129466577292885  0.00133899802708425  0.00138961655523087  0.00144282558734186
  0.00149629275699973  0.00154917511808500  0.00160701229265095  0.00167285677752845
  0.00174054312596150  0.00180266469997705  0.00186235133641583  0.00192871731008930
  0.00199847054610206  0.00207459302673391  0.00215902073231715  0.00224873550560396
  0.00234915167598152  0.00244750935426016  0.00254074184739727  0.00263499544913439
  0.00273149560039026  0.00282985791215975  0.00292838026770139  0.00304442357897162
  0.00316661512554511  0.00328691570921886  0.00340631748359637  0.00353149617670072
  0.00366914751819131  0.00382525942242545  0.00397394035930295  0.00412604856596374
  0.00429806261430124  0.00447763569587243  0.00468924272248445  0.00489387062278150
  0.00510421964239395  0.00536750364693914  0.00562259863978977  0.00587530102079023
  0.00613784334260964  0.00649603028743488  0.00691930350844793  0.00727959385197061
  0.00764647181219120  0.00806646577797808  0.00859279457912474  0.00929754779717579
  0.01005890485143423  0.01101452560931849  0.01187398025780563  0.01287051443083635
  0.01384709997203923  0.01462215321533571  0.01544350438615252  0.01655058052931429
  0.01942698240528007  0.02509253351013456  0.06987394097136430  1.00000000000000000
  0.00000370123148453  0.00000383023343412  0.00000393040029064  0.00000404000261344
  0.00000415605132956  0.00000428590436757  0.00000438415791854  0.00000448617663299
  0.00000460348201097  0.00000472854079584  0.00000488485331133  0.00000509187233869
  0.00000534467295517  0.00000563851370857  0.00000591934305996  0.00000624022220783
  0.00000656325672883  0.00000693157999438  0.00000730958550426  0.00000768813797698
  0.00000808604270302  0.00000853308584453  0.00000903120233147  0.00000960862721400
  0.00001023179822290  0.00001091188274864  0.00001164572845438  0.00001245257843911
  0.00001335953520445  0.00001435492501959  0.00001547944244572  0.00001667818971639
  0.00001791722705996  0.00001923246797073  0.00002069007320023  0.00002235347889643
  0.00002407592295825  0.00002575982570983  0.00002756765881068  0.00002966917544483
  0.00003213473551043  0.00003502866208275  0.00003809416902882  0.00004128588417871
  0.00004483706128143  0.00004859301754070  0.00005269585472822  0.00005751754343366
  0.00006323142984231  0.00006936312436678  0.00007567828173129  0.00008242220705593
  0.00009031832844200  0.00009886476111112  0.00010737893306841  0.00011588971113418
  0.00012484065759887  0.00013562411970825  0.00014803135240517  0.00016126485988983
  0.00017606284791690  0.00019337279700357  0.00021354257076195  0.00023487363403800
  0.00025654017321602  0.00027861926878592  0.00030422825080696  0.00033195925819064
  0.00036016195298205  0.00038995819325530  0.00042609304014977  0.00046859912417216
  0.00051770999790655  0.00057404793647148  0.00063285285379604  0.00069374913319206
  0.00076023568059695  0.00083596617869393  0.00092124364139131  0.00101685904916775
  0.00114042821050068  0.00129230764329238  0.00148565733454904  0.00165591219260478
  0.00179879825990409  0.00196775578882635  0.00222285308577842  0.00256149343842017
  0.00309619294079413  0.00371883800006357  0.00453255057362025  0.00616922848003424
  0.00792147209145028  0.01245707078775802  0.05430085676297658  1.00000000000000000
 -0.00396347534987287  0.01514280703246863  0.02937491038360421  0.04213338552214359
  0.05496791974982534  0.06809442911063146  0.07884729633005591  0.08957513566528554
  0.10108860084984221  0.11339241608910786  0.12655469688265408  0.14046897575720907
  0.15328696973352246  0.16746108668188367  0.18050730885698546  0.19290118449030941
  0.20406688686712599  0.21565747792903686  0.22782170915156560  0.24035800252065176
  0.25249579599159927  0.26400479551860806  0.27426106014181934  0.28427109694861719
  0.29538466721037759  0.30790473212916636  0.31910890039081707  0.32923259319647002
  0.33958198677209461  0.35062470296621417  0.36161228697463366  0.37211870371734590
  0.38248468722094042  0.39285713377739750  0.40341335179086507  0.41397413306404796
  0.42344340993065660  0.43248605719170158  0.44183667797510862  0.45185869590418759
  0.46264835206917720  0.47257219558192354  0.48279561489645756  0.49379644126502797
  0.50471552745782866  0.51528927049232520  0.52553600854818039  0.53611947506090984
  0.54566270335318989  0.55434428348822751  0.56295033502644121  0.57260603888651473
  0.58348961448543812  0.59344278256595739  0.60298442222694970  0.61369466654418137
  0.62568292984724427  0.63920513327930650  0.65192983209445743  0.66223002104245143
  0.67168368558887892  0.68059669446020399  0.68954141642544098  0.69831324534699035
  0.70685826228368143  0.71553658646443274  0.72462182842651868  0.73454807978838366
  0.74518667371148739  0.75657421217391752  0.76808885928328574  0.77984784551402175
  0.79007969759104035  0.79940711244047735  0.80818226384748248  0.81770292141043432
  0.82602265171082312  0.83395130257864969  0.84038427326768250  0.84806105883929062
  0.85695934375031291  0.86564411067057356  0.87412698602498284  0.88272074078930851
  0.89117258067497918  0.90192903400211144  0.91234976933468859  0.92158883781349821
  0.92989605930422214  0.93907193989961990  0.95016846278005107  0.96157417160915126
  0.96982029982945095  0.97930346355542985  0.98863603827079305  1.00000000000000000
 -0.00298720643239699  0.01242353537532136  0.02574081339862610  0.03836792367650788
  0.05054794621430946  0.06048236980238265  0.07074484789687242  0.08003350066165767
  0.08952369840405777  0.09871990360772556  0.10823464015379562  0.11822938380409671
  0.12829599827814145  0.13877814182332532  0.14938767315761955  0.15914185505296932
  0.16795508438559389  0.17604016342382689  0.18516861307672922  0.19550036720989900
  0.20597546648811241  0.21575472315705913  0.22572619505367736  0.23725387540998011
  0.24817826868901688  0.25824501631976993  0.26816081474213327  0.28010116750599928
  0.29172972116905049  0.30277219803492728  0.31344602158288210  0.32420541226880389
  0.33513782648547541  0.34612510993655915  0.35787617184109760  0.36971574730650431
  0.38161404478749583  0.39211880442043912  0.40242705863908346  0.41279230437609277
  0.42343834598511138  0.43437724020399271  0.44516435021247353  0.45560562181616893
  0.46584620640638585  0.47571139542070817  0.48437678097194936  0.49300767582713201
  0.50191744852250220  0.51277902357680560  0.52380308266782805  0.53500830760071227
  0.54565332064219252  0.55680400248457584  0.56821891984125250  0.58044697651427757
  0.59259689392293002  0.60440039412812108  0.61566539886720206  0.62658427991817589
  0.63775865115324570  0.64979547456489684  0.66225773354135131  0.67382967629698098
  0.68523417928810981  0.69604477773490792  0.70616415028017365  0.71568402533074804
  0.72511031921683311  0.73532448588375710  0.74512221981622140  0.75548758128143056
  0.76580272065167432  0.77766807085666600  0.78949546102751589  0.80192116770124788
  0.81406641378119626  0.82501491055024245  0.83634844783709628  0.84714506444636950
  0.85730739325929350  0.86704850810646150  0.87693682802324280  0.88725236498332605
  0.89690229153322831  0.90574556432244646  0.91496111606493202  0.92448465103233057
  0.93445184782104862  0.94403902505296111  0.95304439979524702  0.96248089721288066
  0.97275399704454923  0.98267462138104644  0.99155457492380628  1.00000000000000000
 -0.00229445355256001  0.00448255605073483  0.01114507212007818  0.01747132417709268
  0.02544509750129384  0.03414514781337394  0.04308660546869950  0.05223740586705793
  0.06154961253463670  0.07094165888443540  0.07983119485359917  0.08940391818785473
  0.09846983479517953  0.10770403051717188  0.11570097903955508  0.12407460042765484
  0.13267536048719000  0.14151719612022426  0.14972531702807904  0.15813070215658268
  0.16758833810548793  0.17933595561289967  0.19115153688479553  0.20250696462823586
  0.21286931268469769  0.22286590300728523  0.23244950246784471  0.24286288790689528
  0.25368067250870163  0.26501581824177523  0.27672248926982884  0.28890448101562277
  0.30076828643529324  0.31212917736342083  0.32336074260730485  0.33482158538729795
  0.34672693438028690  0.35817013834051370  0.37016122852591199  0.38206002461203825
  0.39416439210952570  0.40665478629572910  0.41948667842284243  0.43175167126804964
  0.44210955599543600  0.45217485088820025  0.46161274131075186  0.47220418381611717
  0.48293548061521796  0.49445810334310997  0.50521609856640592  0.51542334489671870
  0.52553621160637021  0.53610396156352680  0.54663215369128926  0.55690064348836965
  0.56728191211010559  0.57802900977309490  0.58898828211649290  0.60003653421163916
  0.61147319051710947  0.62339790886198965  0.63466075545079170  0.64638230301364341
  0.65786093121454436  0.66939611547232714  0.68055572440178680  0.69186401777886419
  0.70420570350641321  0.71632189977018790  0.72895488458581681  0.74064041763673283
  0.75341044478467667  0.76601755962509710  0.77755516140728387  0.78801993458727193
  0.79828704770018755  0.80876671573736059  0.81991258275375944  0.83163808498532388
  0.84274719763715067  0.85322505427005835  0.86426229856944414  0.87622947000590212
  0.88687003461123171  0.89661614751248375  0.90587889249803333  0.91470702457741282
  0.92383979985355202  0.93385265036366538  0.94534106591612821  0.95637253605303130
  0.96761721199241502  0.97809345515684509  0.98975706582453227  1.00000000000000000
 -0.00259563875696651  0.01216840762949572  0.02403291827549499  0.03552190821656315
  0.04662937538768035  0.05777788384878577  0.06836062404210998  0.07805104831394406
  0.08763225029510034  0.09676960116175103  0.10599600840606130  0.11558665113587352
  0.12499113535935090  0.13418410801270758  0.14325463937999541  0.15261801104966941
  0.16374650482782480  0.17403351765857514  0.18435347688561146  0.19354174992613857
  0.20265277236627971  0.21167961216933004  0.22127010705148673  0.23080121103744541
  0.24057240513751893  0.24984729407894940  0.25833302975030692  0.26715320295846545
  0.27598856083502876  0.28553637646407987  0.29571927001541437  0.30657598859027319
  0.31789037893767430  0.32901125018241872  0.33922599981965096  0.34968140675412090
  0.35962601392136823  0.37038428027245268  0.38104457923618501  0.39182711632859529
  0.40366013707109333  0.41589051367140789  0.42809966116248910  0.44052791604949071
  0.45210289286854999  0.46290031324146924  0.47401493959589464  0.48746793925838261
  0.50309846111494350  0.51668592124058255  0.52835323840606330  0.53933788647387426
  0.55122776598702694  0.56417355337479547  0.57690919568702337  0.58818611800554721
  0.59881725241081585  0.60919042687586089  0.61945543691191574  0.63020472523962578
  0.64071207904426331  0.65158762943688786  0.65969863724637778  0.66718203071685678
  0.67470808833039408  0.68265649777071236  0.69332255736102866  0.70513010454228431
  0.71622532968833597  0.72778375159260356  0.74019247831848167  0.75201887238828946
  0.76306899673714035  0.77447237804920288  0.78676801603948454  0.79902887459741567
  0.81047804441704885  0.82097017194614530  0.83026488984479241  0.83941034692252203
  0.84825845945352918  0.85796223638347024  0.86772884413571882  0.87749587602770218
  0.88754847519597235  0.89734872432778778  0.90642723126532243  0.91567890187589374
  0.92627717714423086  0.93730297703610421  0.94753349051807567  0.95730544889015678
  0.96736970350803597  0.97789837969254245  0.98869777073569409  1.00000000000000000
 -0.00209577587372636  0.01020526250770727  0.02012729088913359  0.03025581945484780
  0.04081185792876169  0.05184963100905188  0.06313378602841212  0.07457081800933267
  0.08554710152228857  0.09533409584784190  0.10429557954651743  0.11350382443683714
  0.12436894478044976  0.13742415428955074  0.15087282663222237  0.16338528396097696
  0.17523625059693046  0.18690867947363909  0.19812683143373086  0.20878801038888598
  0.21905789444271001  0.22978097643908610  0.24189322428350662  0.25513143837345770
  0.26787789497119352  0.28011799183259967  0.29247452863250795  0.30400439976783533
  0.31560883850557853  0.32653275771080131  0.33708417591890205  0.34750835923054346
  0.35782032255390600  0.36984050857943279  0.38090079216239131  0.39101146545983478
  0.40066185951446781  0.41004748994967888  0.42028419336719425  0.43085071596928476
  0.44137930183888197  0.45228070436717649  0.46395898134821434  0.47617437694448073
  0.48758834927430006  0.49845015452797597  0.50788233285574902  0.51678836510493054
  0.52550815992776256  0.53421812172667815  0.54317754380614280  0.55264213561341669
  0.56224626220814788  0.57204444951814781  0.58296272907980162  0.59515826591900112
  0.60719417088810723  0.61807691002777154  0.62836825980110689  0.63849025025884287
  0.64791568338286287  0.65674057291705934  0.66415349576283844  0.67194049828913727
  0.67970706905341871  0.68832562366549854  0.69902930194100543  0.71018835128563784
  0.72231267524096976  0.73388293632304546  0.74510228344510054  0.75603909386419066
  0.76529413726773399  0.77446561436934258  0.78406608153835944  0.79424369544710649
  0.80445398304023508  0.81400373870055476  0.82381426718734552  0.83416308980450804
  0.84419094828036378  0.85380613724880128  0.86375414630699832  0.87452593778682042
  0.88617212731396688  0.89800567074405324  0.90974878819232652  0.92150134740534395
  0.93294193598009001  0.94411579273816959  0.95469069866219924  0.96462516969420364
  0.97377817718055903  0.98205200455052855  0.99067912918787016  1.00000000000000000
 -0.00159734811555653  0.00700083313865525  0.01451272994503294  0.02243106577497800
  0.03155994399776358  0.04137438158009864  0.05191951615589471  0.06226782685782260
  0.07228876127308861  0.08151368349143603  0.09114568695606773  0.10135740333530172
  0.11224872921661011  0.12293692875237464  0.13314253735633100  0.14352401656017433
  0.15429182981560483  0.16482015296204511  0.17523401883809950  0.18491968310472787
  0.19434565826961828  0.20471508804406657  0.21603656421115841  0.22845531767760316
  0.24060745137279502  0.25206507710058368  0.26308148046669266  0.27384844025229399
  0.28420853804656737  0.29477854671254566  0.30587504968774964  0.31698037502158161
  0.32732245615961686  0.33711158440328792  0.34754102818177252  0.35574154789157791
  0.36471027096863501  0.37402021509580635  0.38513448705760467  0.39786047508131445
  0.41065370706192328  0.42247656415281748  0.43335793517994636  0.44380362924746974
  0.45467632383282874  0.46560797078287292  0.47573372439054246  0.48639664032585483
  0.49677488251339441  0.50721421649918974  0.51635628015241497  0.52624218532994504
  0.53660416115645382  0.54709638560999063  0.55763017576032603  0.56733065954254236
  0.57685724430803020  0.58741807824889403  0.59872258166732795  0.61048909966761966
  0.62222959300930525  0.63315930276670440  0.64467484414938014  0.65781760985250737
  0.67029726731504302  0.68029987303335615  0.68905786054342921  0.69771117129461624
  0.70662521749530582  0.71607904320405003  0.72621214496649344  0.73715149208073949
  0.74752090276870065  0.75735955912688435  0.76712217515906411  0.77773780339459275
  0.78941606833704903  0.80193681834732766  0.81442797959645941  0.82598827555354115
  0.83565461151837883  0.84451979159715229  0.85313987164609850  0.86329437918772944
  0.87459852627253898  0.88745830564075712  0.90008152820866638  0.91155706065976605
  0.92350631682990680  0.93536642201285081  0.94683957101398475  0.95752061469999739
  0.96786659113867990  0.97850450996974714  0.98949997757232744  1.00000000000000000
 -0.00132993391498982  0.00354677405114838  0.00851919593043786  0.01387784473321180
  0.02028307177049079  0.02692457607420576  0.03367537155614445  0.04099435260708012
  0.04913149153113596  0.05741315314111448  0.06607527196202627  0.07462107262673616
  0.08319123132560616  0.09179995303365085  0.10058823191072779  0.10926354421165428
  0.11798204290253839  0.12613443035173108  0.13423063293840501  0.14307982892479018
  0.15242378091933734  0.16196796836112415  0.17156653657034213  0.18128155606565835
  0.19146141491617275  0.20276315493905001  0.21413191059300538  0.22539582644777736
  0.23652600220432093  0.24788925253773639  0.25843669298098598  0.26870002089119649
  0.27916262715790957  0.29022982948387749  0.30125944170774316  0.31298811623687872
  0.32601214133247058  0.33963662335230921  0.35275652102737437  0.36591853476758374
  0.37789991235916032  0.38941000535768822  0.40018795642394439  0.41142577623545823
  0.42429875449812215  0.43736407164066576  0.44928312461153369  0.46011346988116880
  0.47113450197677392  0.48173988759847591  0.49204127736769182  0.50215491526436951
  0.51377213671853827  0.52735917939901455  0.54237517342776742  0.55662377416753162
  0.57054015017674420  0.58436805147422166  0.59823744626976438  0.61110524701478475
  0.62342489615692576  0.63615188799156419  0.64911167307848128  0.66159787853983532
  0.67439721037093148  0.68834421116659517  0.70135694037118446  0.71302454222726785
  0.72398144627387873  0.73484516391077692  0.74596351409587891  0.75666614768360452
  0.76624473612400468  0.77500048187607418  0.78430325732084649  0.79392349791040073
  0.80405438138455809  0.81490779693364779  0.82578770556612957  0.83761434903972698
  0.84846301283317183  0.85998159871891999  0.87221080954779939  0.88473944039668029
  0.89707781920454166  0.90849320070152895  0.91998916298650857  0.93009439034889418
  0.93866580685426115  0.94711240499772764  0.95523602915090733  0.96371858078521755
  0.97271639848997882  0.98160755606052430  0.99075895528768443  1.00000000000000000
 -0.00243427692571290  0.01331202926103679  0.02523033618918764  0.03550961361817281
  0.04589914004958357  0.05617371074008136  0.06668005893689072  0.07691769670735611
  0.08810844483538328  0.09952615395738214  0.11109095914598630  0.12194685861311708
  0.13295178877657271  0.14358710977026964  0.15349838131144089  0.16195801055067813
  0.17043630148375460  0.17952592985356874  0.19037523623995342  0.20263650733579028
  0.21544422866335441  0.22815549087881654  0.24062310519577554  0.25180063943394265
  0.26304640072066848  0.27355063785011585  0.28373792325678571  0.29359432766418248
  0.30265139774404920  0.31139691919848472  0.31994975435282030  0.32834983756984154
  0.33744813707364940  0.34772156297276036  0.35945034575872298  0.37160563518686229
  0.38314838064651918  0.39440551661523376  0.40643354326790693  0.41802975280373517
  0.42844860913012150  0.43885737149630233  0.45037539659630910  0.46287210653994615
  0.47466242171962097  0.48555784854664769  0.49599009090555418  0.50580670586494547
  0.51499853061919243  0.52397298391867653  0.53240034277687542  0.54143385086846285
  0.55116657721565510  0.56119134974179286  0.57187670890774589  0.58220763087895355
  0.59303972385106996  0.60354857960875374  0.61431115785487422  0.62589379506969600
  0.63861142121124004  0.65093022693842739  0.66372412515579327  0.67610446923051093
  0.68846654431821297  0.70086625958365689  0.70989938104593764  0.71801924609103163
  0.72556524502247943  0.73299870669936285  0.74191832059056761  0.75095717304761511
  0.76000913572554696  0.76926141404573012  0.78002969020246982  0.78984221357344675
  0.79993334725746523  0.81014356041691260  0.82183303933984719  0.83487435873373983
  0.84800039500734237  0.86019340297068447  0.87146836971067376  0.88204219761154279
  0.89178991844351174  0.90104151143860811  0.91020835662741872  0.91972275995462871
  0.92980762144815732  0.93999681208833519  0.95011744455166403  0.96048544729000207
  0.97135164714942701  0.98211495637940815  0.99167248803462005  1.00000000000000000
 -0.00241032642996670  0.01236323862338151  0.02382171215896760  0.03429525773557065
  0.04483977789643619  0.05583047472663963  0.06700169885382712  0.07763938847160594
  0.08814199995134375  0.09864850696836702  0.10990822315639040  0.12154952732633109
  0.13284895867190544  0.14411294968483424  0.15499003812986289  0.16699727152898663
  0.17776975350078550  0.18749728739273241  0.19658137017863853  0.20630646101910349
  0.21764793807663094  0.22921067131036454  0.24015228544629594  0.25131132139444340
  0.26358938693182160  0.27515377249505091  0.28476600487914150  0.29307874409266527
  0.30127766569839587  0.31018990690364551  0.31998986100763771  0.33073791683999709
  0.34183618656213838  0.35066017880585332  0.35916861576644937  0.36791021869247953
  0.37863515549574273  0.38954552143407378  0.40000000052461793  0.41023089001969687
  0.42003699100053332  0.43014144415022598  0.44155304902379428  0.45062712811416744
  0.45948045330682807  0.46829157013204836  0.47804796172485409  0.49000486672749849
  0.50146500553430784  0.51143417373625455  0.52077469338882043  0.52975005433560818
  0.53870807931362885  0.54818848377420593  0.55833573090692956  0.56941249017455409
  0.58012587301126217  0.59013218314986671  0.60034971632047840  0.61127736694109247
  0.62328538187927707  0.63510448868047387  0.64623814490192555  0.65776372507660352
  0.66960896639887990  0.68235707567786008  0.69574500667075245  0.70930996248095812
  0.72268764876915559  0.73444776319802030  0.74577193415337772  0.75581416786997990
  0.76570222071233807  0.77655038502658202  0.78815191131551365  0.80003144406715743
  0.81120713754792861  0.82226960114524639  0.83316300557127332  0.84307842479010020
  0.85303401329580852  0.86278096765589252  0.87256344413534315  0.88141960847187784
  0.89017067436276687  0.89962468398140460  0.91003237163676154  0.92209966694680434
  0.93214538896713395  0.94160415697860478  0.95068581974991972  0.96072219322705898
  0.97039277599116747  0.98009351295848590  0.98966370527966629  1.00000000000000000
  0.58044054419531610  0.65158949598796356  0.67376983488298725  0.69237728396030862
  0.70575642218603318  0.71753189844339405  0.73050403561645483  0.74240683975812760
  0.75398378907915997  0.76397815109807943  0.77366311830978307  0.78284786483263491
  0.79196598051882650  0.79967800740457629  0.80652654443155891  0.81301464050586458
  0.81916341456453567  0.82509166203180684  0.82977173806443805  0.83408044444066609
  0.83777354335582899  0.84192346242420679  0.84645262258969278  0.85125713547958581
  0.85567700885555686  0.85957025281718957  0.86338740357746135  0.86737456892058018
  0.87133026121472212  0.87514786994848293  0.87851587531547193  0.88204140857609425
  0.88553538091418549  0.88883504618030629  0.89181070279882391  0.89457105725191099
  0.89726740741860755  0.89998778669041124  0.90284016345345885  0.90560843261698831
  0.90818966321782468  0.91070459634226852  0.91333521108482629  0.91612208833144992
  0.91873687183473984  0.92105051397150051  0.92318253570853626  0.92526312643366238
  0.92725387981167218  0.92910113935677008  0.93089715643613591  0.93254554890840058
  0.93429505276839153  0.93590376432491917  0.93754993817223053  0.93926815422987464
  0.94113520204281065  0.94312112343625154  0.94510334215841618  0.94679276041730565
  0.94824263194937786  0.94961277880278416  0.95095230057039803  0.95242084261237980
  0.95406564149878537  0.95576070581656658  0.95744145784157997  0.95919672245493326
  0.96091424699702122  0.96272009257478475  0.96441090942787278  0.96597692493122445
  0.96739898913436329  0.96878503076465716  0.97015419242699030  0.97153013158224322
  0.97294891719527465  0.97433439353891715  0.97565338415068636  0.97704595658554017
  0.97843208991268260  0.97981530238933656  0.98119548149509239  0.98252709373203673
  0.98384948959798268  0.98517103881597001  0.98638565092804931  0.98758752092606084
  0.98878813034883706  0.99000449120981238  0.99131158390562191  0.99263708591586519
  0.99407538217279912  0.99568920269874295  0.99760772619118243  1.00000000000000000
 -0.02364996761737055  0.12977814753545233  0.17508424686135657  0.20033294631165827
  0.22345695521759748  0.24523077125443304  0.26393435829768197  0.27798893383114648
  0.29027913563675484  0.30134544800335383  0.31065653962974160  0.31913243150445891
  0.32719233330310266  0.33605227095020579  0.34503392482056178  0.35479236738314157
  0.36435446322429688  0.37360305486497730  0.38192530319762541  0.38964473259190679
  0.39666955258562642  0.40413223788953501  0.41195557750054052  0.41993284209389897
  0.42670400350223925  0.43339564474504416  0.43970036010256602  0.44565880543038072
  0.45212885670199282  0.45803163360763149  0.46341640222426506  0.46875785592594110
  0.47425375084719901  0.47978806931515139  0.48507562758047262  0.49017551085117150
  0.49546591136444934  0.50108587218768330  0.50715233039520624  0.51329849736820021
  0.51928296004238927  0.52532166391406765  0.53132382255481769  0.53728011818515642
  0.54310438186004661  0.54834430904240494  0.55321154759682134  0.55826455241905448
  0.56285409475937320  0.56768498832743219  0.57263295898779554  0.57790750349411857
  0.58340824416540238  0.58898828963493488  0.59466295903132749  0.60037309684105089
  0.60594914795144883  0.61130857367861946  0.61653032568653932  0.62179463471374674
  0.62679275522632583  0.63210251535521589  0.63744830875351277  0.64288813601146444
  0.64802210950900219  0.65286597837236027  0.65760445203388551  0.66237088333600902
  0.66741560078955930  0.67258811585452560  0.67753739341083363  0.68233829911694754
  0.68725577967340989  0.69250229791682927  0.69786972111048906  0.70330562106786465
  0.70904539934626332  0.71514983557096679  0.72154369572869292  0.72806022130696391
  0.73500080588577665  0.74228410681458601  0.74942203100786231  0.75666674513896992
  0.76413968420946654  0.77195151384377114  0.78016383733000538  0.78806770877256049
  0.79565819772994706  0.80370424565282383  0.81266700350806820  0.82405033363133939
  0.83902875037491353  0.85723902818187447  0.87623725603520108  1.00000000000000000
   2.4452401893347552E-009  -1.0000000000000000     
 F F F F F F F F F F F F F F F F F F F F F F F F F F F F F F F F F F F F F F F F F F F F F F F F F F F F F F F F F F F F F F F F F F F F F F F F F F F F F F F F F F F F F F F F F F F F F F F F F F F F F F F F F F F F F F F F F F F F F F F F F F F F F F F F F F F F F F F F F F F F F F F F F F F F F F F F F F F F F F F F F F F F F F F F F F F F F F F F F F F F F F F F F F F F F F F F F F F F F F F F F F F F F F F F F F F F F F F F F F F F F F F F F F F F F F F F F F F F F F F F F F F F F F F F F F F F F F F F F F F F F F F F F F F F F F F F F F F F F F F F F F F F F F F F F F F F F F F F F F F F F F F F F F F F F F F F F F F F F F F F F F F F F F F F F F F F F F F F F F F F F F F F F F F F F F F F F F F F F F F F F F F F F F F F F F F F F F F F F F F F F F F F F F F F F F F F F F F F F F F F F F F F F F F F F F F F F F F F F F F F F F F F F F F F F F F F F F F F F F F F F F F F F F F F F F F F F F F F F F F F F F F F F F F F F F F F F F F F F F F F F F F F F F F F F F F F F F F F F F F F F F F F F F F F F F F F
  <DiscreteSampler_grid>
  grouped_processes
  1 # 1 for a reference and 2 for a running grid.
  10 # Attribute 'min_bin_probing_points' of the grid.
  1 # Attribute 'grid_mode' of the grid. 1=='default',2=='initialization'
  0.0000000000000000 # Attribute 'small_contrib_threshold' of the grid.
  0.5000000000000000 # Attribute 'damping_power' of the grid.
 # binID   n_entries weight   weight_sqr   abs_weight
    169   10   7.218561457350671E-005   1.924739488382690E-008   7.218561457350671E-005
    172   10   7.218561457350671E-005   1.924739488382690E-008   7.218561457350671E-005
    175   10   7.060722673480374E-005   1.887480598374164E-008   7.060722673480374E-005
    176   10   7.060722673480381E-005   1.887480598374171E-008   7.060722673480381E-005
    178   10   7.060722673480374E-005   1.887480598374164E-008   7.060722673480374E-005
    179   10   7.060722673480381E-005   1.887480598374171E-008   7.060722673480381E-005
    187   10   7.462739639137302E-005   2.082518303399101E-008   7.462739639137302E-005
    188   10   7.462739639137306E-005   2.082518303399104E-008   7.462739639137306E-005
    190   10   7.462739639137302E-005   2.082518303399101E-008   7.462739639137302E-005
    191   10   7.462739639137306E-005   2.082518303399104E-008   7.462739639137306E-005
    211   10   6.843320356927778E-005   1.869864015058605E-008   6.843320356927778E-005
    212   10   6.843320356927785E-005   1.869864015058611E-008   6.843320356927785E-005
    214   10   6.843320356927778E-005   1.869864015058605E-008   6.843320356927778E-005
    215   10   6.843320356927785E-005   1.869864015058611E-008   6.843320356927785E-005
    223   10   6.820558111637514E-005   1.754330431167047E-008   6.820558111637514E-005
    224   10   6.820558111637520E-005   1.754330431167052E-008   6.820558111637520E-005
    226   10   6.820558111637514E-005   1.754330431167047E-008   6.820558111637514E-005
    227   10   6.820558111637520E-005   1.754330431167052E-008   6.820558111637520E-005
    235   10   6.584037623050517E-005   1.673227986011672E-008   6.584037623050517E-005
    236   10   6.584037623050525E-005   1.673227986011678E-008   6.584037623050525E-005
    238   10   6.584037623050517E-005   1.673227986011672E-008   6.584037623050517E-005
    239   10   6.584037623050525E-005   1.673227986011678E-008   6.584037623050525E-005
    259   10   2.208920644806370E-005   2.194140719445895E-009   2.208920644806370E-005
    260   10   2.208920644806368E-005   2.194140719445889E-009   2.208920644806368E-005
    262   10   2.208920644806370E-005   2.194140719445895E-009   2.208920644806370E-005
    263   10   2.208920644806368E-005   2.194140719445889E-009   2.208920644806368E-005
    265   10   4.119593661532442E-005   7.584448530850342E-009   4.119593661532442E-005
    266   10   4.119593661532438E-005   7.584448530850326E-009   4.119593661532438E-005
    268   10   4.119593661532442E-005   7.584448530850342E-009   4.119593661532442E-005
    269   10   4.119593661532438E-005   7.584448530850326E-009   4.119593661532438E-005
    376   10   5.098148894722422E-005   1.135750047289080E-008   5.098148894722422E-005
    379   10   5.098148894722422E-005   1.135750047289080E-008   5.098148894722422E-005
    388   10   4.572978939226382E-005   9.039343605107537E-009   4.572978939226382E-005
    389   10   4.572978939226380E-005   9.039343605107529E-009   4.572978939226380E-005
    391   10   4.572978939226382E-005   9.039343605107537E-009   4.572978939226382E-005
    392   10   4.572978939226380E-005   9.039343605107529E-009   4.572978939226380E-005
    394   10   2.208920644806371E-005   2.194140719445894E-009   2.208920644806371E-005
    395   10   2.208920644806369E-005   2.194140719445891E-009   2.208920644806369E-005
    397   10   2.208920644806371E-005   2.194140719445894E-009   2.208920644806371E-005
    398   10   2.208920644806369E-005   2.194140719445891E-009   2.208920644806369E-005
  </DiscreteSampler_grid>
