  0.00000211367201385  0.00000215497857120  0.00000222576922088  0.00000231881063744
  0.00000241084661197  0.00000250100753309  0.00000257874587341  0.00000265852653492
  0.00000273471234019  0.00000280741922563  0.00000288958006055  0.00000295540243243
  0.00000302181328700  0.00000308595000572  0.00000315227471366  0.00000322321709738
  0.00000332895974921  0.00000344072936161  0.00000354376670843  0.00000364872128400
  0.00000376458875852  0.00000389654393121  0.00000404242734686  0.00000418430020512
  0.00000433313860044  0.00000449110348277  0.00000466093871605  0.00000484288629426
  0.00000503295763178  0.00000523348957597  0.00000543072460023  0.00000562257995471
  0.00000580264500760  0.00000599931700038  0.00000620777730139  0.00000642184214542
  0.00000665145855579  0.00000689319440383  0.00000713649120812  0.00000738009781216
  0.00000762733019942  0.00000790735534959  0.00000823394857933  0.00000858998563449
  0.00000894882264661  0.00000929602696227  0.00000968149397943  0.00001010418842706
  0.00001052445713215  0.00001094802810857  0.00001138063055243  0.00001180026115463
  0.00001222332617669  0.00001265181626486  0.00001308627987143  0.00001357089790891
  0.00001409675472037  0.00001463164108760  0.00001522430573925  0.00001591504049675
  0.00001666818468295  0.00001752981958752  0.00001852162828148  0.00001958835174822
  0.00002073645617656  0.00002198603260381  0.00002337586537273  0.00002505145169348
  0.00002679279806491  0.00002870755010533  0.00003077850261680  0.00003306011830209
  0.00003564259079123  0.00003856129212920  0.00004195956788170  0.00004587540015516
  0.00005062493326613  0.00005636777216962  0.00006315885053228  0.00007145036987342
  0.00008276128039736  0.00009424139943371  0.00010790824990471  0.00012583428626824
  0.00015114823818285  0.00018433788589337  0.00023198685311413  0.00029915811841792
  0.00038311899322848  0.00052830390652862  0.00074458524738987  0.00103554790176390
  0.00190145246869901  0.00644177751208157  0.16377559577877496  1.00000000000000000
  0.00001272721030989  0.00001348627234991  0.00001427358040149  0.00001504494296273
  0.00001586899581784  0.00001663118732842  0.00001742914756613  0.00001828019743030
  0.00001915355938987  0.00001994774576470  0.00002078136910392  0.00002164918656578
  0.00002262195795796  0.00002369292380299  0.00002477383410587  0.00002582896205218
  0.00002689625998364  0.00002804073300146  0.00002930602330732  0.00003064407034532
  0.00003205368180416  0.00003359694776373  0.00003513742133445  0.00003671313110993
  0.00003848535443270  0.00004047379516010  0.00004259175727027  0.00004480453566911
  0.00004703441501399  0.00004930964508573  0.00005166121344911  0.00005422650003119
  0.00005694735082127  0.00006010891364397  0.00006387392859477  0.00006766765765318
  0.00007110386988327  0.00007438307611927  0.00007784248376768  0.00008163936043393
  0.00008637665212009  0.00009208376445498  0.00009782941977556  0.00010368284763768
  0.00010985938185442  0.00011669286265143  0.00012449528105994  0.00013330232935461
  0.00014265608893991  0.00015230271259459  0.00016266947641324  0.00017555015498489
  0.00018959160270156  0.00020556893550514  0.00022186112405934  0.00023876127747101
  0.00025780962605294  0.00027681967699831  0.00029622885041708  0.00031706593430754
  0.00034078642283413  0.00036892891433051  0.00040232075083670  0.00043641739599037
  0.00046786152718330  0.00050453172552761  0.00054820151995054  0.00059874020430118
  0.00064946081860161  0.00070697177499872  0.00077837969923018  0.00086553953730778
  0.00096039262316148  0.00103707683858725  0.00111632365097018  0.00120719541206866
  0.00134009390839233  0.00152451143774287  0.00171626902485826  0.00188945264697474
  0.00207443738874404  0.00229697361596681  0.00256810638651573  0.00283550452849094
  0.00318630402927253  0.00366514579603315  0.00443461393320075  0.00540418672055532
  0.00665265048971574  0.00855673971827030  0.01180398589273885  0.01638821006599020
  0.02426309195959257  0.04216529427161302  0.25857548571318822  1.00000000000000000
  0.00083138453594965  0.03048881697172371  0.04839514533045491  0.06142058218524978
  0.07376537258477918  0.08703962362509959  0.10108259880944234  0.11225106388281182
  0.12214961657566822  0.13237120385220674  0.14262414166622525  0.15362744084794919
  0.16439047968079407  0.17611491679206850  0.18786966918902295  0.19939067528893847
  0.21049945319545765  0.22170314559066090  0.23258074196186057  0.24313945016986543
  0.25370218941652245  0.26434563941450645  0.27492524827402387  0.28549472881195875
  0.29627865326060437  0.30666443656587777  0.31628525508405786  0.32603400979547598
  0.33722952185419003  0.34988476006408187  0.36280381230649827  0.37486780553015203
  0.38629895319068197  0.39735575494527225  0.40766870119752913  0.41853629532245445
  0.42942005908355951  0.43979742810050615  0.44955085254902133  0.46000167306819906
  0.47113216586090262  0.48201302725849987  0.49133535028726200  0.50017505982567556
  0.50877141564131612  0.51740905856352604  0.52609013548018579  0.53501049041062265
  0.54404493728203507  0.55305868015144555  0.56205034888821026  0.57235380311268447
  0.58306880507296543  0.59435087333709735  0.60544793057848223  0.61595299176457396
  0.62673233371078052  0.63661093752415376  0.64677132852294761  0.65654308857186616
  0.66613459680890807  0.67618585790057151  0.68555437499052330  0.69436707431492473
  0.70272542903879209  0.71163423403457360  0.72181285062297573  0.73299451286530237
  0.74449464469927562  0.75558248633527969  0.76609210877410916  0.77666896740948965
  0.78707552762992594  0.79700011779857871  0.80634812405886558  0.81578329532956595
  0.82458656987347367  0.83313616426592041  0.84206541463475226  0.85131101349569027
  0.86160489162090759  0.87210527081859179  0.88228232853823785  0.89274304384585423
  0.90362875587800262  0.91354700624601159  0.92086502745645804  0.92818798453216034
  0.93545085054425559  0.94298777351403118  0.95179961139651215  0.96147095814816386
  0.97096157439791408  0.98012763176717310  0.98999855418792160  1.00000000000000000
  0.00000365007687257  0.00000531136035347  0.00000670959720782  0.00000792789250557
  0.00000941241975839  0.00001108502353715  0.00001259412916277  0.00001417623299257
  0.00001583982387324  0.00001766940947659  0.00001964858319650  0.00002206734627969
  0.00002491177369099  0.00002821606237047  0.00003214224653003  0.00003598323632692
  0.00004029146349623  0.00004515033568391  0.00005048888669380  0.00005614420807484
  0.00006255479367556  0.00006960160312001  0.00007709367695617  0.00008580087053600
  0.00009489707571201  0.00010408727622294  0.00011413726379389  0.00012415336858615
  0.00013497684368690  0.00014626242333231  0.00015872982582822  0.00017157483138692
  0.00018419653832613  0.00019738169969840  0.00021300397235481  0.00022958426027694
  0.00024649149949385  0.00026295151083036  0.00028144934123225  0.00030090638151969
  0.00032236619287592  0.00034520782343938  0.00036839151342621  0.00039146502680381
  0.00041544828747212  0.00044178281576493  0.00047017576720137  0.00050011429322096
  0.00053093164072036  0.00055938193848025  0.00058178771264996  0.00060179447689728
  0.00062173423375703  0.00064288571799959  0.00066486614246360  0.00069623768192841
  0.00073351636953466  0.00077204581209570  0.00081186429621506  0.00085470773598341
  0.00090207850752178  0.00095194417559808  0.00100647083291522  0.00106353772596445
  0.00112275232844346  0.00118465849393750  0.00125112251346873  0.00132444362973329
  0.00140813676287474  0.00149949183776489  0.00160014666429541  0.00168939439071377
  0.00176605177076973  0.00184112336403022  0.00191598875834438  0.00199308578103332
  0.00209907627658388  0.00226865602231536  0.00246979420542299  0.00265500865534975
  0.00282019245402431  0.00297700658885339  0.00316849483491642  0.00342090183625522
  0.00375177769556958  0.00426766846493793  0.00478235208424418  0.00522046489480386
  0.00575816279824611  0.00632117502894826  0.00681120119884839  0.00770986173513115
  0.00909026949270285  0.01356901894886886  0.23921012304971614  1.00000000000000000
 -0.00244563762484826  0.01291507387644076  0.02567746750332605  0.03775377147808490
  0.05044853763357312  0.06248885615941314  0.07345492054521709  0.08398461849555813
  0.09483470073679343  0.10648809744512941  0.11797280133974933  0.12785216822429657
  0.13708933861638348  0.14654689606178861  0.15752523292358317  0.16959680985780165
  0.18163048320128478  0.19386830771951258  0.20541980662964493  0.21590820700923855
  0.22573059656263339  0.23527679986662969  0.24500633060160781  0.25571502736944857
  0.26623506924030282  0.27772587995494680  0.28963379394524058  0.30281748242296785
  0.31544863105692145  0.32619248528694572  0.33614656552785405  0.34485977565543458
  0.35277391408334546  0.36062924063166790  0.36894133432878962  0.37885702855816389
  0.39046409758608874  0.40004272953001863  0.40746960013461614  0.41477056080174013
  0.42188063098267053  0.43009925690547424  0.43988393384228658  0.45023088262932415
  0.45984605503422143  0.46893889049147441  0.47825572276054451  0.48739983308199547
  0.49778932840101153  0.50796988888085659  0.51830830714690879  0.52862988605355277
  0.53965795103392566  0.55067374029556004  0.56023966771171152  0.56838602659296122
  0.57634367192071156  0.58448531778693635  0.59317711131328188  0.60193343923670828
  0.61131060968039341  0.62117389466058903  0.63232833800592159  0.64366019405733987
  0.65429405333082280  0.66419214099597967  0.67409247015431362  0.68452044919664223
  0.69528064519218358  0.70648358528000399  0.71807341258608248  0.72937270994645687
  0.74009218358294093  0.75070670928909067  0.76122770638647175  0.77098811606483109
  0.78019924183861600  0.78979642453829879  0.80048995107643495  0.81213997927798331
  0.82364143675429080  0.83402207359858704  0.84369629637214116  0.85360419757181327
  0.86374712064749715  0.87469443501267174  0.88599111421240340  0.89752780107256147
  0.90924130270172954  0.92121502096497265  0.93383127880648198  0.94658992118849439
  0.95890978185143427  0.97152479594139385  0.98525523952708161  1.00000000000000000
 -0.00209316004435416  0.00924308870087087  0.01942358794884624  0.02987615066988948
  0.04152915700649280  0.05348733379422532  0.06596132696305172  0.07882736027290511
  0.09058322454377728  0.10190819167393925  0.11282763586341703  0.12371382074297334
  0.13466777689382928  0.14571662802130514  0.15615961761879338  0.16682116552037998
  0.17726217208514086  0.18785552695480451  0.19928151696666641  0.21003565040129496
  0.22090130364478713  0.23186577987026524  0.24372185458732284  0.25585730124649914
  0.26733641841117933  0.27772611193684676  0.28842930198531924  0.29928282088854657
  0.30974371286699315  0.31993824026921641  0.33050748206593517  0.34213036405152686
  0.35371133811632249  0.36353121139611899  0.37326175943675699  0.38371678258550879
  0.39397629674145851  0.40408232663552690  0.41434418171779785  0.42546505793990791
  0.43656715438993132  0.44616692683669545  0.45559128759889050  0.46538649722689313
  0.47600069291639074  0.48819480001022536  0.49995867963772495  0.51186254161734934
  0.52372072536737679  0.53590445416743504  0.54857404948087696  0.55861265079406686
  0.56674907221832260  0.57421335339972723  0.58300991946963188  0.59124063729267495
  0.59878217335011430  0.60578165916016991  0.61344784909177874  0.62242648554625479
  0.63180132697876179  0.64161376164864259  0.65203855511370445  0.66307240169438408
  0.67456172290643190  0.68353642123344749  0.69349769468918121  0.70283262178921846
  0.71319947531061456  0.72360872806791088  0.73394950950860804  0.74383785890197973
  0.75388480948242831  0.76421982265478816  0.77519328034967072  0.78661926976375940
  0.79823140207452625  0.81020358771991363  0.82216595509427770  0.83413631772725938
  0.84565336871139529  0.85540255754189243  0.86414709082074315  0.87229232403107715
  0.88151572857484950  0.89211077441946574  0.90335950652012986  0.91545766795073535
  0.92701963087862682  0.93832597674831231  0.94914347158881129  0.95975926530478128
  0.96988731478315104  0.97982812253635687  0.99015910540360386  1.00000000000000000
 -0.00129570242002718  0.00566144628784938  0.01147582489898680  0.01705601260166105
  0.02273046821847121  0.02919471732647696  0.03601950985928022  0.04310652408927147
  0.04999876879342340  0.05675355207856789  0.06395579255645732  0.07242899821333097
  0.08150488407708471  0.09087725229163757  0.10002161431641973  0.10838264952182558
  0.11684350687829206  0.12521895564755361  0.13450262168573446  0.14452948805401775
  0.15442574933652647  0.16403630685418907  0.17335759607451362  0.18296742853156150
  0.19214452870682847  0.20204842267615389  0.21345755173724187  0.22639761633257996
  0.23886416280218439  0.25128497514853443  0.26400081798520292  0.27713837790692103
  0.29043977117005054  0.30540917541132706  0.32190175172805602  0.33893758733654067
  0.35483204973876553  0.36979380931187350  0.38307313284011607  0.39574197038849163
  0.40970719241165710  0.42495685558505919  0.43996058764269796  0.45503408352302926
  0.47067288284893377  0.48685260704809463  0.50303538620420640  0.51822795720457193
  0.53274327243944197  0.54628456458006547  0.56054233152464028  0.57575561326168867
  0.59184191466851732  0.60743245919835065  0.62188505628364898  0.63679273930016800
  0.65263508779199497  0.66804215639809517  0.68193692635523262  0.69535283361184830
  0.70936685746926076  0.72404606746245126  0.73929089082697019  0.75471786863680523
  0.76889486891848269  0.78122300033483005  0.79301931167342909  0.80488660908797460
  0.81611793034758195  0.82454113747227986  0.83300553889267959  0.84066325962443544
  0.84836800201785634  0.85620649483864186  0.86440530357540202  0.87361083289688479
  0.88325068078431523  0.89205832404378582  0.89968441548161393  0.90664208102425781
  0.91373043943741594  0.92126713479962929  0.92855277923682811  0.93587816636385934
  0.94154036836545674  0.94682171326973819  0.95217927916534173  0.95779909142197350
  0.96406918274111353  0.97072278875726903  0.97677799755499362  0.98167720683618676
  0.98596269269172765  0.99000256685506816  0.99480081052466840  1.00000000000000000
 -0.00271649726511502  0.01124880653651234  0.02240266312235285  0.03444746518896378
  0.04642947014258762  0.05813961744061885  0.06903453260540220  0.07915643212160731
  0.09018101120118099  0.10228560692130127  0.11376836499201476  0.12405791728777250
  0.13364592739005637  0.14345663896035002  0.15415778406951830  0.16618091667300794
  0.17928823214099535  0.19181207040093398  0.20300143602001922  0.21392829269695796
  0.22537103338117556  0.23769961477660700  0.24998005340074628  0.26069183663709816
  0.27081727149467338  0.28102103436403447  0.29092529656279270  0.30057073715653415
  0.30997156596458297  0.31986790615425592  0.33061766710857299  0.34134041376354057
  0.35217267434106880  0.36376911440744530  0.37511318667233418  0.38546810454047392
  0.39513621111704555  0.40411785123590255  0.41374113902992171  0.42348114808791537
  0.43350989096384540  0.44421848055567914  0.45577107504279962  0.46825301288171728
  0.47996999281670666  0.49138320374276923  0.50224542744263712  0.51299315159701386
  0.52341837840466410  0.53401602163224893  0.54415950862897888  0.55438024724142931
  0.56498384730497186  0.57651668445413606  0.58826761288265494  0.59906648074644153
  0.60722472665207505  0.61644287410926291  0.62657534349453703  0.63736869489936088
  0.64846676982875762  0.65980848306417361  0.67065368490991517  0.68106044406169419
  0.69131413933851171  0.70197987346391810  0.71273964628547115  0.72395599617138939
  0.73350116311483693  0.74344573164529537  0.75278874758085956  0.76358023320092583
  0.77404837779738378  0.78268898772047035  0.79098751406385637  0.79876055558010928
  0.80636818798831844  0.81596385558808182  0.82658747089737050  0.83669795587371021
  0.84642160717852644  0.85646661701541471  0.86689218938195567  0.87708391480650094
  0.88762850590246756  0.89803612353763229  0.90902681623283565  0.91958791502368353
  0.92998556164275092  0.94037744422496916  0.94949658267057224  0.95758978179036880
  0.96625743506369888  0.97601260283957325  0.98848530743651630  1.00000000000000000
 -0.00126444315959796  0.00674552485007287  0.01277817533698013  0.01823043007053857
  0.02392800877387873  0.02998429065112490  0.03606508520917018  0.04236955607525805
  0.04882775801508369  0.05573420163802276  0.06297153990750845  0.07053944060440676
  0.07774569660709457  0.08464949756637971  0.09142771029049501  0.09794794672529099
  0.10433473036670071  0.11171825041452309  0.12016595141712563  0.12900468070602258
  0.13748774937503869  0.14518006510061776  0.15212907068096407  0.15945389326138529
  0.16701317162642551  0.17508035393147156  0.18303796853847201  0.19095502627647135
  0.19935398137927848  0.20744757020510929  0.21518722850449579  0.22286236947736512
  0.23074119445059382  0.23911371842827592  0.24834563677022523  0.25765798582410016
  0.26671919687572304  0.27539734800421201  0.28454969243304418  0.29439789743560729
  0.30567264304641800  0.31507672351885230  0.32388058075872339  0.33265140645990249
  0.34189650296993107  0.35189105246139835  0.36181805728656546  0.37104273177768726
  0.37997590998048408  0.38924942634232296  0.39808805766310040  0.40636936203592416
  0.41461677991566398  0.42208771939856382  0.43060031682804101  0.44051366769743833
  0.45107162730542116  0.46210449496192046  0.47148184355354977  0.47951105662155447
  0.48722235285105631  0.49578202089250539  0.50515754349594211  0.51535179267152031
  0.52601294736404935  0.53677081860675624  0.54752111570630657  0.55690868894192391
  0.56544388842794358  0.57432232311656795  0.58403109623127092  0.59695997880872453
  0.60961251522207827  0.62140819005549275  0.63215163569638222  0.64355482840245570
  0.65659785505380486  0.66884885913716108  0.68049130550255377  0.69247048284209733
  0.70689892678331734  0.72239093869399174  0.73828099929815671  0.75369305040081469
  0.77085475718649832  0.78878854832088563  0.80821824582329427  0.82734812939365743
  0.84684168481730460  0.86600115059253591  0.88629679809886375  0.90985458503230376
  0.93433826243939100  0.95588574277713756  0.97609767734487840  1.00000000000000000
 -0.00228792117667190  0.00975098662531464  0.02026702230756951  0.03292452837814809
  0.04509091774422627  0.05562002137705298  0.06591321383582328  0.07475034424499247
  0.08404038117297553  0.09316586200151686  0.10297419126580587  0.11391439040214761
  0.12542524039434175  0.13734363724325693  0.14939522690893714  0.16170110711095598
  0.17420567777964630  0.18664343716579854  0.19896193904148604  0.21036076304633458
  0.22068951347269108  0.23094825423701623  0.24159694941640147  0.25277400257326216
  0.26322681551664573  0.27295003981641380  0.28261624216831743  0.29306694122433641
  0.30328433455375781  0.31339957935920609  0.32297162532485285  0.33347838052253287
  0.34327256848356585  0.35296067827160788  0.36225481308427487  0.37162841146588432
  0.38164163013631947  0.39219657198721980  0.40251460906888648  0.41215180589700945
  0.42158730456925197  0.43061523032701943  0.43935199769752015  0.44807455487729608
  0.45774326853891367  0.46821639722013619  0.47728172310874589  0.48615362072924795
  0.49466224973290424  0.50306288945883071  0.51218874186762364  0.52247496977765118
  0.53369784372972739  0.54499870279480567  0.55579797318837310  0.56605297274045996
  0.57683019475517872  0.58773172710460508  0.59888350735859053  0.61032126123777497
  0.62111320349764509  0.63259825713851903  0.64335240510657365  0.65399611255739110
  0.66430393441778179  0.67437515364849565  0.68374076233360570  0.69326479188149892
  0.70291777432698344  0.71343663068048357  0.72505319048417816  0.73668781070827072
  0.74723558899868681  0.75608955614642281  0.76460131935466791  0.77455653452096473
  0.78548901764427670  0.79577923912144244  0.80562000461368810  0.81531601887839866
  0.82575991357008560  0.83731788921395289  0.84984358824617889  0.86210505760286960
  0.87342613678540171  0.88417727866545259  0.89512257835711129  0.90629816413860842
  0.91801524449411287  0.93082978775617409  0.94445617263973247  0.95750977582518426
  0.96894720255903699  0.97934395130166974  0.98904825671831309  1.00000000000000000
 -0.00248673469062461  0.01014553382067829  0.02041254075177852  0.03145385570881011
  0.04302653430552493  0.05390449305653043  0.06435552365322990  0.07484168527461214
  0.08426842554109640  0.09293157162942217  0.10162601488732403  0.11069677373986281
  0.12243312709352332  0.13423430456731922  0.14601653707709930  0.15644189019237253
  0.16636002532042884  0.17600188273749001  0.18492445412958208  0.19390327495764811
  0.20318208070561605  0.21319691198712537  0.22445027790169803  0.23497957927862742
  0.24561606256754162  0.25650486238115094  0.26789831677733528  0.27965151201093652
  0.29100121309773685  0.30257577466556912  0.31241360279357083  0.32220205196200241
  0.33132597405935288  0.34041633373443347  0.35027516835271394  0.36044056344736519
  0.36968710090813112  0.37858723103251418  0.38743481882529285  0.39723354928325472
  0.40993435731121208  0.42182660554797180  0.43315915047503994  0.44402552812895718
  0.45521648388593988  0.46693180855389732  0.47845408690494723  0.48969213296670594
  0.50078297185455700  0.51179742132159345  0.52273999614142341  0.53314123778994427
  0.54302294588071520  0.55293515825753026  0.56349630213714608  0.57462061995687708
  0.58519601130038357  0.59457623454328734  0.60382681840384211  0.61383890500567351
  0.62468673160140320  0.63718749352284532  0.64958884274699147  0.66177311576318198
  0.67432511661131744  0.68661970699403363  0.69773460187224701  0.70901485074017956
  0.72020940265731026  0.73142122819918121  0.74213399312126205  0.75340452243072964
  0.76524241824288430  0.77654219414005121  0.78597251200372698  0.79430806174702018
  0.80224510943202487  0.81046975739184746  0.81994419369391636  0.83069421110668806
  0.84214769967370884  0.85358052016546970  0.86503718185337397  0.87670147648094832
  0.88929045831196707  0.90052277891745280  0.91113966166598459  0.92082581630333815
  0.93094393254785779  0.94080957433977197  0.95232554385762824  0.96274407405515949
  0.97275353685746524  0.98221517737120612  0.99135777689764526  1.00000000000000000
  0.35318050651959959  0.50828660768669487  0.53454467533149597  0.55407163329901121
  0.56979494158677779  0.58481518553528367  0.59557656093065825  0.60555617170011267
  0.61706561955141603  0.62899156842544035  0.63737931172167228  0.64486041675710559
  0.65174097609794956  0.65745118834847427  0.66299796070066186  0.66909738585283263
  0.67576910769127208  0.68185016748509575  0.68717808294798344  0.69257515190574570
  0.69833941280972389  0.70446798021505797  0.71092411813471390  0.71777845125442885
  0.72439892475424772  0.73007740650112662  0.73531181760383135  0.74063534931000552
  0.74620830153298656  0.75144926810936674  0.75648427747967428  0.76136004301617954
  0.76611492703982054  0.77080979750372336  0.77539030402546960  0.77983155779475122
  0.78433671970053198  0.78882443578908701  0.79344041522918973  0.79838772316831097
  0.80277889801958779  0.80701930568091951  0.81086920831864273  0.81470149676904857
  0.81865583946120368  0.82287497337799331  0.82747405561449894  0.83222814796988875
  0.83686088798331537  0.84133955102207458  0.84558004927242347  0.84976472888905230
  0.85370865811522378  0.85762480545959752  0.86150441956431001  0.86542065750644315
  0.86926696953865723  0.87292833665940628  0.87659462908560171  0.87980436543514662
  0.88310140295184192  0.88633314224352500  0.88970186695292841  0.89323236305320586
  0.89687548057294952  0.90066453158164239  0.90439281144500450  0.90766287791773370
  0.91050894414215333  0.91334843596609394  0.91617722489751674  0.91909516441479444
  0.92227879043198746  0.92563804630930879  0.92894829675930912  0.93215708814751164
  0.93539308457181591  0.93855259116373191  0.94168368383009160  0.94477278379967078
  0.94791981984699092  0.95115425271083853  0.95441704605963940  0.95782110521855124
  0.96091863247423204  0.96381285507453995  0.96666720250454308  0.96949691494618995
  0.97237690570449420  0.97540964809957997  0.97846432177712162  0.98165234445967398
  0.98517717347556433  0.98903701284991674  0.99370092726020909  1.00000000000000000
  0.01491681742534415  0.15708213499538989  0.19444592027794885  0.21987435342075390
  0.24181257967526948  0.26030533591127564  0.27682962522312560  0.29119489507300339
  0.30402170496358161  0.31544817579140044  0.32637674193942384  0.33755803068356094
  0.34735179943411071  0.35608322277085269  0.36425664004354269  0.37248609582528291
  0.38102636098761450  0.38960147824965163  0.39812984560515607  0.40656926873035637
  0.41379393153397737  0.42050612680562816  0.42693973353197845  0.43342397457944293
  0.43967860673830678  0.44570666237137202  0.45141640731754573  0.45724196879263901
  0.46310457243372510  0.46908835582498837  0.47543802330334178  0.48189586243409771
  0.48874596049472274  0.49504122495094882  0.50107270812240023  0.50693252426993618
  0.51299640802317448  0.51926098319656933  0.52546919661998159  0.53152639639667965
  0.53743139565699571  0.54314103561674865  0.54857660304628819  0.55378304720971516
  0.55877377502336123  0.56374013182711669  0.56857277703194486  0.57316866918859799
  0.57747615340720826  0.58152604514088779  0.58546653879127231  0.58939896746312592
  0.59363590765925278  0.59863076891674361  0.60374560260627130  0.60866030361399137
  0.61365797645998110  0.61861347381321397  0.62355356469663537  0.62817365429639049
  0.63277570064086841  0.63744012038319153  0.64227096551842877  0.64736413537593485
  0.65221610861140822  0.65723482601489436  0.66210791621169784  0.66696729688285916
  0.67264078633440338  0.67817745115265304  0.68395249201363817  0.68956463629743658
  0.69512002138545093  0.70033268317447939  0.70509925032011078  0.70988124361254690
  0.71492642705426812  0.72069472776165910  0.72711635287643295  0.73386662879749054
  0.74077958506051034  0.74745183180748676  0.75395843583888922  0.76052232748395054
  0.76764890936571406  0.77593711255402409  0.78438327724474821  0.79226101245089209
  0.80064869201010336  0.81006506096867792  0.82201029578115226  0.83503323127349038
  0.84777228775824898  0.85753322107212193  0.86892866566462812  1.00000000000000000
   1.0829449395817044E-006  -1.0000000000000000     
 F F F F F F F F F F F F F F F F F F F F F F F F F F F F F F F F F F F F F F F F F F F F F F F F F F F F F F F F F F F F F F F F F F F F F F F F F F F F F F F F F F F F F F F F F F F F F F F F F F F F F F F F F F F F F F F F F F F F F F F F F F F F F F F F F F F F F F F F F F F F F F F F F F F F F F F F F F F F F F F F F F F F F F F F F F F F F F F F F F F F F F F F F F F F F F F F F F F F F F F F F F F F F F F F F F F F F F F F F F F F F F F F F F F F F F F F F F F F F F F F F F F F F F F F F F F F F F F F
  <DiscreteSampler_grid>
  grouped_processes
  1 # 1 for a reference and 2 for a running grid.
  10 # Attribute 'min_bin_probing_points' of the grid.
  1 # Attribute 'grid_mode' of the grid. 1=='default',2=='initialization'
  0.0000000000000000 # Attribute 'small_contrib_threshold' of the grid.
  0.5000000000000000 # Attribute 'damping_power' of the grid.
 # binID   n_entries weight   weight_sqr   abs_weight
    76   10   1.146973156408509E-001   3.695920038346779E-002   1.146973156408509E-001
    77   10   1.146973156408510E-001   3.695920038346788E-002   1.146973156408510E-001
    79   10   8.975749793232748E-002   2.943814968177372E-002   8.975749793232748E-002
    80   10   8.975749793232757E-002   2.943814968177381E-002   8.975749793232757E-002
    82   10   1.047124186480744E-001   3.487220037423848E-002   1.047124186480744E-001
    83   10   1.047124186480744E-001   3.487220037423856E-002   1.047124186480744E-001
  </DiscreteSampler_grid>
