  0.00203111727498961  0.01649826013960192  0.02993912175327223  0.04096198227173355
  0.05043735403031522  0.05956302274662375  0.06925750420903781  0.08089536365219904
  0.09465088865787052  0.10830600879022191  0.12047742080620683  0.13200089249832078
  0.14334679029800981  0.15509966048561280  0.16719114104003568  0.17944538093872486
  0.19100425109711988  0.20191140822245071  0.21296894956425097  0.22463473768588729
  0.23468766397842131  0.24387780786437582  0.25295084185511607  0.26300563792025683
  0.27427363120648318  0.28524415501888079  0.29514285482402169  0.30431587510893754
  0.31362413906839898  0.32315604935169162  0.33558931229249922  0.34962548974894836
  0.36268937883898156  0.37561134941305935  0.38920992604911525  0.40349130706017700
  0.41875918285339808  0.43258606105901393  0.44521667541840959  0.45728135044666651
  0.46960170700447140  0.48221443161958299  0.49411019198464889  0.50544344980156353
  0.51505299780595482  0.52445110478869561  0.53252841519211436  0.53878409043297182
  0.54449881727454696  0.55050209622042867  0.55751910205256194  0.56825842147686878
  0.57903232167204666  0.58791503153231839  0.59452910064861020  0.60127153687545010
  0.60854854854565066  0.61568846173565839  0.62422664476669321  0.63583739680036599
  0.64841659753356728  0.66055183526581696  0.67328268752985254  0.68500357917941446
  0.69429879095752933  0.70371794984683700  0.71312071433370883  0.72256168635606466
  0.73144834502035638  0.74025112819785188  0.74994045015095046  0.76108402976754141
  0.77228733314123665  0.78196520364490341  0.79010207885457096  0.79810199537450888
  0.80642901002612710  0.81565368265738170  0.82617476761564090  0.83481924318934486
  0.84359141144112659  0.85211149226206206  0.86250004985790751  0.87388993589081598
  0.88686112324241206  0.90153847200861170  0.91616835245174300  0.92925223909584997
  0.94081448127884770  0.95111067653740278  0.96138973182869725  0.97087321906880364
  0.97858926201778773  0.98552946375043515  0.99226319650546368  1.00000000000000000
  0.00323534306009399  0.01489834405508647  0.02682809197595743  0.03786494842071235
  0.04874451450737580  0.05954170788312702  0.06976804428952911  0.07950780717427425
  0.08995717464338086  0.10198983343834749  0.11306343676589120  0.12272719902279620
  0.13166137664950286  0.14100462189107726  0.15021432235267163  0.15995159058834477
  0.17100895581479592  0.18430181733746315  0.19659149108388971  0.20910872541116615
  0.22026868375207237  0.23034648000221611  0.23991701330640186  0.24889052269899942
  0.25882217918150091  0.26996256840768207  0.28292076849138159  0.29602622100703657
  0.30792085844024025  0.32013174494043017  0.33186866673550275  0.34344899464320894
  0.35609702837089657  0.36985878328896732  0.38040854075899311  0.38975324408255352
  0.39909333186538615  0.40998429149103904  0.42214697447905913  0.43026424886169912
  0.43887121288930303  0.44796387375256252  0.45702534038482184  0.46687503685785092
  0.47778051461627902  0.48810831757951623  0.49752097732923228  0.50794393150996153
  0.51781290215986009  0.52922075482479281  0.54045571454659136  0.55135179872507445
  0.56238854710000952  0.57361341312379333  0.58463359261505343  0.59577128552142466
  0.60814212898231801  0.62197435980882587  0.63429093921565571  0.64576235936099247
  0.65553600645958554  0.66322342074696228  0.67126622711327344  0.67887774087398245
  0.68766920201854687  0.70055802905779119  0.71498717561415970  0.72969127634708220
  0.74311923308883732  0.75589044541193995  0.76599676645628501  0.77476837349270022
  0.78348633664262968  0.79219989976068128  0.80140063666473949  0.81024900312357906
  0.81879676824554137  0.82816924626032262  0.83902566628286412  0.85114201455844063
  0.86324251465480106  0.87392592611323172  0.88436074709891754  0.89514178943774247
  0.90615248030048146  0.91678044641200107  0.92710172210802766  0.93795811644323857
  0.94938597123279445  0.96016449691905625  0.96999981339313213  0.97870767929608093
  0.98461046152931553  0.98944719234674572  0.99179135878798586  1.00000000000000000
  0.00000340633365234  0.00000404015994362  0.00000451264267317  0.00000494911525688
  0.00000527627197037  0.00000558475037498  0.00000588943782647  0.00000627235810030
  0.00000670369449783  0.00000716781921436  0.00000763105901800  0.00000807889979419
  0.00000851252244974  0.00000893888890424  0.00000943210300915  0.00001002420437272
  0.00001066554624052  0.00001142045999962  0.00001216704362433  0.00001291983684258
  0.00001368969150121  0.00001445623418555  0.00001524105369690  0.00001607157677560
  0.00001701782846937  0.00001813733758300  0.00001933380219814  0.00002062042181220
  0.00002190111034162  0.00002327973230393  0.00002473951499759  0.00002626923148607
  0.00002785588933768  0.00002945969456193  0.00003100879514305  0.00003283478208151
  0.00003482049696822  0.00003708644060976  0.00003949620228410  0.00004161685168813
  0.00004342284050820  0.00004529434931131  0.00004712759817606  0.00004888992691288
  0.00005089862734363  0.00005320721333499  0.00005547689066616  0.00005796509384623
  0.00006112757014667  0.00006490792627697  0.00006870790679190  0.00007278306800423
  0.00007722913012159  0.00008172393579089  0.00008563166295283  0.00008925925594731
  0.00009287790011195  0.00009666336543135  0.00010061721974994  0.00010437108486689
  0.00010878846691967  0.00011326103407796  0.00011937900615659  0.00012778341883636
  0.00013601644975373  0.00014386549248501  0.00015221108938413  0.00016256254976660
  0.00017529404285010  0.00019132929680479  0.00020868683072717  0.00022774077482625
  0.00025079668481429  0.00027699777795267  0.00030590402035937  0.00033960715740737
  0.00037296151561222  0.00041827997047407  0.00047108887443677  0.00053605811654089
  0.00061263746443727  0.00069663555454196  0.00079431026222155  0.00089833721957417
  0.00102620640242918  0.00121151489501017  0.00146383414940854  0.00178126133160579
  0.00224461250831038  0.00290701681145059  0.00381572957354535  0.00516330145938769
  0.00762744062217474  0.01441760645743756  0.21617540399700827  1.00000000000000000
  0.00001007416013676  0.00001020647655806  0.00001033879297935  0.00001060935180178
  0.00001106258921998  0.00001162400649884  0.00001291699411102  0.00001420998172320
  0.00001584716078915  0.00001758232656276  0.00001928910202712  0.00002094878549196
  0.00002274715997634  0.00002477590399957  0.00002703051087459  0.00002928293718313
  0.00003154999782132  0.00003380891540191  0.00003643981286113  0.00003979991526739
  0.00004465002482921  0.00005046133624449  0.00005593327560162  0.00006134736777721
  0.00006730485142985  0.00007550060343505  0.00008638441569347  0.00010053526836529
  0.00011803914777942  0.00013834645765402  0.00016095411517756  0.00018468710783389
  0.00021052881957389  0.00023759139681189  0.00026837036611686  0.00030346832842322
  0.00034039750873694  0.00038028361111228  0.00042223840149108  0.00046546140809284
  0.00051367375340750  0.00056309057621155  0.00061095639093996  0.00066624097080856
  0.00071543055169637  0.00075990690911234  0.00080081011467220  0.00084710756402211
  0.00089788318925016  0.00095374967864093  0.00100401105529182  0.00104700421209416
  0.00108884297622588  0.00113160964255712  0.00117532811928481  0.00121696005814139
  0.00125374495268970  0.00129202577123128  0.00132732008434196  0.00136879460745146
  0.00142690835707082  0.00150017331183410  0.00159044693810222  0.00169982866270322
  0.00185539847507879  0.00210530906886862  0.00235572718235070  0.00251231789459393
  0.00259993031714667  0.00269026951670351  0.00277901053734112  0.00286103691517005
  0.00291489758136506  0.00298848243668595  0.00308658745047820  0.00318340182063901
  0.00326800821675807  0.00332455852089983  0.00338395412408897  0.00344565154588572
  0.00354527795937863  0.00365317921802275  0.00384554302331362  0.00394564056691815
  0.00404249088235205  0.00413569025472466  0.00422856280607139  0.00432155171993785
  0.00441457434682001  0.00463629739119560  0.00509933277237327  0.00565421990908823
  0.00608310760018735  0.00656517772105767  0.02105750901981730  1.00000000000000000
  0.00000857587599560  0.00001085896817445  0.00001217432134359  0.00001344635167952
  0.00001483083099051  0.00001626920534120  0.00001758349910902  0.00001847296984182
  0.00001921063971215  0.00002004813207539  0.00002100575450723  0.00002190748354397
  0.00002351575310414  0.00002552141209446  0.00002807848798033  0.00003138756649106
  0.00003550927569355  0.00004038769570107  0.00004610677559567  0.00005278360196659
  0.00006089225730136  0.00006984124441180  0.00007960773271490  0.00008995778607359
  0.00010319873543096  0.00012030285774450  0.00013834344821079  0.00015869269992912
  0.00018204937536296  0.00020778429256778  0.00023691782659402  0.00026825225543678
  0.00030030393457477  0.00033541531451559  0.00036591565437392  0.00039362862615331
  0.00042237243269820  0.00045474124466307  0.00049616162947319  0.00054574182381925
  0.00060004952178016  0.00065465362997795  0.00070973172325203  0.00076078058984538
  0.00081107557770005  0.00086320841162338  0.00091521466045984  0.00096428115549434
  0.00100990195968621  0.00105453336244655  0.00110156755918669  0.00115601302805305
  0.00122789158831840  0.00129744988249542  0.00137157409544426  0.00143908641666495
  0.00149442359368536  0.00154949312797460  0.00165963722354204  0.00177415194279131
  0.00190940274386790  0.00203159296954524  0.00213436051676232  0.00223627346234757
  0.00232047552269428  0.00240505597980307  0.00249885185836407  0.00262013295040375
  0.00274826853174389  0.00289270026324389  0.00308655518865898  0.00327416288622897
  0.00347736788959454  0.00369485065417440  0.00389889768351054  0.00413937904385405
  0.00448476005614729  0.00494145371205282  0.00544815633676082  0.00588418981382952
  0.00643974763433623  0.00673215677710454  0.00687657821434986  0.00699381559046031
  0.00712176858074349  0.00725257724673096  0.00736673351995074  0.00748054490003134
  0.00762584518221619  0.00777574187471776  0.00796751537612803  0.00856233505635873
  0.00956272082025911  0.01085731549470765  0.14576018291868229  1.00000000000000000
 -0.00191529261388506  0.01077800068652041  0.02063919620942238  0.02653187323315857
  0.03227265105058142  0.03850593781568024  0.04529652238900268  0.05417702491211809
  0.06342828889887132  0.07051509093073574  0.07728505929084718  0.08483151160307278
  0.09318524985534189  0.09992959375837929  0.10613216722720456  0.11223351092879527
  0.11910044702181424  0.12772421082815813  0.13777027507823492  0.14827134128827371
  0.15814089534094847  0.16711600367975954  0.17537839403753550  0.18384469761244404
  0.19220809857532600  0.20108129063478022  0.20912989240565025  0.21767502970341629
  0.22554651365555090  0.23488220390052036  0.24431828370127504  0.25174148698543003
  0.25849383040206059  0.26509255262874298  0.27151036288224822  0.28017298922623352
  0.28866797414661755  0.29690799778655536  0.30522536814298484  0.31330986539227379
  0.32217441128323332  0.33064338158970041  0.33874098826883503  0.34702585963776922
  0.35537302746177496  0.36623738196837180  0.37675399697211986  0.38571001548263795
  0.39430320529849450  0.40397436902687994  0.41445230859972121  0.42441857122422033
  0.43319910191035399  0.44218371115630295  0.45148661365105880  0.46221820184951445
  0.47205958582854735  0.48154335761274319  0.49085094501516985  0.49992374353763713
  0.50913962655036149  0.51872153229480689  0.52850948822087129  0.53824171572265189
  0.54993095575669715  0.56215900592212320  0.57486657404705732  0.58807779159578422
  0.60216958075981264  0.61270671463718063  0.62225216554112006  0.63191879706999199
  0.64248415146269244  0.65439185045173520  0.66572339221987697  0.67700981556326500
  0.68805884207385337  0.69916645135430233  0.71292748977262477  0.72896307077066913
  0.74384523800202773  0.75696101979330666  0.76893809323979312  0.78118716903917951
  0.79368554874261710  0.80696935833125860  0.82232994336043064  0.84104345155093219
  0.86019015522051534  0.87898102537475087  0.89770237234357630  0.91594040488870776
  0.93346932806835037  0.95296481277734602  0.97543804021129832  1.00000000000000000
 -0.00371686944359179  0.01349595768072132  0.02734602890287592  0.04137731413964954
  0.05365743861797464  0.06560287130631366  0.07696278384352900  0.08715974440887320
  0.09647685892557845  0.10509643271721701  0.11298009737902885  0.12295113431467225
  0.13397046224891088  0.14413930580873946  0.15299209942070344  0.15981626698773763
  0.16735749823148532  0.17500556408321158  0.18395970195428327  0.19424190947063921
  0.20415995432042669  0.21342258756563795  0.22299537868696007  0.23243162544775839
  0.24255078694710527  0.25246338248878547  0.26376517346647649  0.27496953594894741
  0.28744380591943763  0.29921370704275285  0.31182972157697708  0.32519650154081869
  0.33801494974720869  0.35020111636894380  0.36138690903882958  0.37144924447780359
  0.38101885302754840  0.39052915540595612  0.40047703527689010  0.41196057220300070
  0.42452739958046093  0.43606504345308306  0.44619967845133984  0.45533469738499732
  0.46455620890996419  0.47441640376321220  0.48447758059154128  0.49451741448018699
  0.50454606909057342  0.51420828898571302  0.52521057861455778  0.53419412201604244
  0.54294812469245946  0.55355671419513564  0.56622680284881766  0.58080050822482177
  0.59566524446712454  0.60854098737407170  0.61888689193498725  0.62911202996036875
  0.64008490404775698  0.65110595547898142  0.66165288297166380  0.67197773972697039
  0.68372632915676912  0.69461806005917359  0.70633229042180545  0.71791288631505001
  0.73100774844454275  0.74474424277009632  0.75836703457212995  0.77099426838055696
  0.78315763766154145  0.79446508507872393  0.80608047542639572  0.81779462938028602
  0.82968336501671724  0.84076864760193237  0.85141856047990694  0.86215335992316411
  0.87312822921575517  0.88402017056928195  0.89684044590932011  0.90492608980742473
  0.91340556832520992  0.92089979405095901  0.92845885103965209  0.93824394774716646
  0.94624716046217738  0.95338964912597912  0.95919408436659526  0.96543491968261508
  0.97414091943361658  0.98313890238887269  0.99134827706860917  1.00000000000000000
 -0.00233552969875316  0.01152598605821287  0.02224542058816957  0.03216510000357303
  0.04161397904781401  0.05071261052980841  0.05955676590892923  0.06998251733898400
  0.08107542970914476  0.09025174880696467  0.10001832109692298  0.11075203008206595
  0.12239822494276625  0.13425920744356895  0.14604230596159667  0.15894383416677760
  0.17223518456708223  0.18607575834880338  0.20020641684518339  0.21473510459841685
  0.22622945981709341  0.23804616907949031  0.24997706023730978  0.26238956353207860
  0.27622312778660646  0.29094808642087844  0.30360951869529518  0.31486902518944943
  0.32574677965375209  0.33678055472541096  0.34924909799432713  0.36287712110066633
  0.37623633294772746  0.38768929828541326  0.39969009500340230  0.41194954576590370
  0.42423723026105348  0.43555825754070765  0.44475929970783251  0.45348186138373692
  0.46279263146781729  0.47210799572090384  0.48211447790385498  0.49155545093988429
  0.50121445837393042  0.51010237175922535  0.51923420563377809  0.52721649496900780
  0.53485701249003981  0.54093040287654071  0.54663507008894308  0.55384250442299521
  0.56109625270230423  0.56905942834523149  0.57860641919757172  0.58953601730725769
  0.60149456115015265  0.61458503720343949  0.62937743816220626  0.64481524251445055
  0.65832025077054235  0.66890638936490598  0.67788330298331778  0.68562497950050072
  0.69320683353974721  0.70195131820699530  0.71296503184458659  0.72529618681140851
  0.73821639765586056  0.75064143061033217  0.76231847321664514  0.77341173832715693
  0.78443195922431019  0.79623154231263427  0.80532155220311252  0.81283921691411409
  0.82042578435199465  0.82814798427481506  0.84155255556091024  0.85291538466602423
  0.86250090939451018  0.87190204475486188  0.88166620126534934  0.89260548759827807
  0.90436916893226316  0.91745483289722785  0.93087472515480063  0.93942385406862172
  0.94613800766112011  0.95210150795433768  0.95730853484327016  0.96257032370672635
  0.97215224987940430  0.98121874784843688  0.99072534705654181  1.00000000000000000
 -0.00297642202932443  0.01219396856718654  0.02480891459367687  0.03636767809021049
  0.04785525917450781  0.05938880998730189  0.07193564390976229  0.08362434886140915
  0.09224552312015173  0.09921721866451642  0.10611983823472566  0.11342935978489546
  0.12324746501711542  0.13296271502196763  0.14071577994243081  0.15019741145861346
  0.16216759222055599  0.17592107475892910  0.18974196291097262  0.20321529656881621
  0.21475783122997982  0.22499829886014069  0.23535261878411168  0.24599913760696934
  0.25889003245490583  0.26885667095611754  0.27576008317916090  0.28282254038373078
  0.28971605294496161  0.29821127684821480  0.31001451713195671  0.32051328677584123
  0.33075843131908883  0.34120359216460217  0.35186103065476260  0.36405946605713951
  0.37616239563014098  0.38930444872292930  0.40135116633139373  0.41298893166518158
  0.42357915600030838  0.43445521151670369  0.44637932579973377  0.45779201028419947
  0.46753740376908154  0.47653695402283530  0.48639618763224346  0.49736023183214684
  0.50701240210810372  0.51460508443113717  0.52265264161877079  0.53105533716857434
  0.53971390089455773  0.55022991179154757  0.56142350356572579  0.57353299831150928
  0.58491910566224292  0.59435753828984894  0.60430351881023414  0.61557284528892364
  0.62763982722010436  0.63952149656635393  0.65072936087704480  0.66236132226306721
  0.67467337895626545  0.68679328479598822  0.69811479623175476  0.70642960075975136
  0.71266640278788063  0.71834462886074790  0.72399694564517625  0.73202748660552719
  0.74197515111522538  0.75341468858768690  0.76585882900220759  0.77619550165472695
  0.78611317900562649  0.79551862584800470  0.80521963678935493  0.81535562910871651
  0.82651364159355123  0.83897111449163897  0.85128759226224049  0.86435962178920933
  0.87808208677137733  0.89173024187380456  0.90351934718635485  0.91427756143833738
  0.92440114667962237  0.93327200619154749  0.94153946038837077  0.94961235133686450
  0.95948782669218013  0.97275084640933684  0.98658032027383935  1.00000000000000000
 -0.00243461232088470  0.01022999118733893  0.02086274004626835  0.03468281063505870
  0.04717450584267913  0.05854851734806614  0.07051549448357694  0.08281939882071142
  0.09335368057626670  0.10169569672640841  0.10938009004357743  0.11686438842653132
  0.12552255929908235  0.13494600741545271  0.14560844445041624  0.15647127575214212
  0.16878355716158647  0.18040899847845246  0.19047358749332255  0.20014465072768600
  0.20932955694043934  0.21862694004026312  0.22837196888729572  0.23843856309929645
  0.25008001070551228  0.26074386185018156  0.27028542494367114  0.27953594889052774
  0.28905019295825557  0.29903079557716855  0.30974217297736939  0.32094296209653700
  0.33168617131511130  0.34240424306775874  0.35271862074999666  0.36260848322521594
  0.37209990539851878  0.38283128573860831  0.39664495087393042  0.40873205659394979
  0.41951918267849986  0.43068371417644469  0.44244555543365971  0.45305461234971195
  0.46075254147061795  0.46704900252096859  0.47326131811443883  0.47901003218866489
  0.48577926248705378  0.49462245778688335  0.50394019078667129  0.51391936703862917
  0.52486250392045275  0.53594993023776138  0.54603055047156335  0.55548071101811336
  0.56477801979105235  0.57522719217486273  0.58720355638892852  0.60054681519016939
  0.61379291088621368  0.62477691692581117  0.63509781964679113  0.64567093927877506
  0.65852669775225736  0.67184782678467769  0.68208333912744201  0.69058324225025092
  0.69897563939460927  0.70818806492922048  0.72197349424179225  0.73450950288719574
  0.74571669514773031  0.75671133920542089  0.76756944550145134  0.77806528631897942
  0.78942869875700727  0.80223401603752009  0.81528444086035434  0.82664806176038608
  0.83829972531610364  0.84969051874296453  0.86067446673890213  0.87063633541595620
  0.88040646018377500  0.88951559529481106  0.89922312455247688  0.91046232208274658
  0.92382424841311883  0.93573095964617525  0.94766816012595179  0.95963195474820651
  0.97041727617379792  0.98049047921239252  0.99030951667009637  1.00000000000000000
 -0.00002759241137190  0.00077321886364469  0.00112930555911307  0.00142162121941301
  0.00168444017407543  0.00193247989917896  0.00217961128720387  0.00240396594796632
  0.00262303601064845  0.00284230064804200  0.00306486829165404  0.00328660767414407
  0.00347917729476152  0.00369892312081416  0.00393053434549336  0.00416206046749919
  0.00436052386072018  0.00454359201528223  0.00472473550109741  0.00490041716631769
  0.00507825114839989  0.00528751060208240  0.00549905159787890  0.00570238503175254
  0.00589394018819959  0.00607411452164050  0.00626255355399950  0.00647535455104506
  0.00674556975391576  0.00706301658210109  0.00732249731008204  0.00760401538671208
  0.00787386652965343  0.00810522468504594  0.00831635690090745  0.00852132529304235
  0.00870243225842064  0.00886941707575650  0.00901856207156991  0.00917191618450185
  0.00934777881243927  0.00953172821155939  0.00973026642251637  0.01001404093030122
  0.01034182575408019  0.01067801614443907  0.01104086383945713  0.01140951016654325
  0.01175236541895348  0.01205952211572192  0.01220491413237578  0.01232965076389474
  0.01244121508821702  0.01256827673189806  0.01269936199875125  0.01283052111903610
  0.01302746170909324  0.01324908223228364  0.01350628190095149  0.01379915532224724
  0.01405663732795712  0.01430284350744723  0.01457778915451958  0.01488049985644146
  0.01522434524666123  0.01559535270452213  0.01594272685129095  0.01632388975117175
  0.01686702185930860  0.01728115492442783  0.01772056229239830  0.01823556569481398
  0.01953625264946884  0.02068961382507322  0.02232797656103044  0.02314117702726019
  0.02428542639086526  0.02559539415964315  0.02664739417910351  0.02739378438784492
  0.02809595640887785  0.02922711853681089  0.03022379433649747  0.03119003304669099
  0.03196991202365888  0.03264986816853704  0.03376985525490373  0.03451241301302165
  0.03558442725416926  0.03718318545672446  0.03793584109675535  0.03852149019097802
  0.03910713928520067  0.04871467159761882  0.25815239180788957  1.00000000000000000
 -0.00177810303265611  0.00661607450162087  0.01466180835141090  0.02323723357642999
  0.03258623163093068  0.04218973234568249  0.05163172121299613  0.06121850553563484
  0.07145391966461995  0.08185478600025661  0.09185535056280367  0.10144174126038059
  0.11023229877934629  0.11963636578644980  0.12914327345853083  0.13875235139831582
  0.14890511052168087  0.15805899610568108  0.16683090586822774  0.17664729521684366
  0.18685806714888503  0.19715445661476388  0.20622980020038825  0.21725233995137491
  0.22875213380622161  0.24062064328482555  0.25268192739767237  0.26548016470997238
  0.27908358502574082  0.29342779904323091  0.30532511845413068  0.31367977781079048
  0.32038606137934816  0.32733154361036110  0.33514888048907132  0.34175353241737905
  0.34959598709563477  0.35832520351388053  0.36942327689154514  0.38025083719223751
  0.38794779285606518  0.39584874099329398  0.40457781986718949  0.41655753346537050
  0.42952098608331285  0.44289726342948715  0.45570592171791829  0.46615916750982989
  0.47606394326302154  0.48606967388205086  0.49621814031506489  0.50677911851361201
  0.51742545555865094  0.52771709945347445  0.53912922670474528  0.55094976077832869
  0.56389627662328545  0.57838411306001380  0.59176717859438166  0.60318806753740228
  0.61438921836322846  0.62573416580381624  0.64028981277110508  0.65547091883713937
  0.67059785678411976  0.68539549515378329  0.69854035237874101  0.70854766810200720
  0.71748929482198542  0.72617036641947408  0.73471462143140476  0.74349794681763026
  0.75222405128964764  0.75945706665517776  0.76760861732891617  0.77705431845108897
  0.78862344933374540  0.80205458967276899  0.81510830385613953  0.82691765643522497
  0.83832919043745613  0.84992027295019346  0.86219706456920586  0.87267995346505556
  0.88271699192064346  0.89174917821733879  0.90137352035812546  0.91371959575585193
  0.92743735078094647  0.94023842909872657  0.95088609711020300  0.96005331676198169
  0.96911316872046960  0.97922438025163483  0.98981973149375158  1.00000000000000000
 -0.00009228708935237  0.00031204753580408  0.00063417344183853  0.00087711962391438
  0.00106765542999939  0.00124721732951684  0.00141319026599357  0.00157185739839791
  0.00173195215826849  0.00189325848969936  0.00205786626846412  0.00222335872989487
  0.00238966805252686  0.00255965430936631  0.00273171097088471  0.00290576629086468
  0.00310364433972327  0.00326428524657257  0.00341168045869276  0.00354812503895518
  0.00367879479541592  0.00380558704807990  0.00394738939618120  0.00409760322451363
  0.00426944697599656  0.00445286976745118  0.00464877496428613  0.00484941101085719
  0.00506779936214263  0.00529768322340234  0.00553733971073556  0.00578259156164797
  0.00600764200394679  0.00620681217339646  0.00637862435991649  0.00654085658570299
  0.00663682003539720  0.00674026256469882  0.00686807255419243  0.00700802257549013
  0.00720162451067710  0.00740964477110505  0.00763719511402107  0.00786352830957500
  0.00802861642968078  0.00818077717473862  0.00838281392740827  0.00862323425479346
  0.00885550485491101  0.00903078460032986  0.00915763578934701  0.00928473940271907
  0.00942908981101638  0.00957344021931369  0.00972058661182534  0.00986899371651132
  0.01003584739953466  0.01023653755949092  0.01042400516769978  0.01068802288910550
  0.01090900302316630  0.01111458933506241  0.01126179884911835  0.01139225117818205
  0.01154130021849875  0.01167253443120589  0.01178504061888559  0.01189942934512615
  0.01202244775527418  0.01219163494881045  0.01244251558791846  0.01260764986399974
  0.01277302498793801  0.01296586603944769  0.01321983999606928  0.01364332837360616
  0.01407541670280979  0.01443223320835069  0.01487398323876887  0.01540412505617481
  0.01966655799744763  0.01991862047238329  0.02017068294731894  0.02042509314063242
  0.02081766612662357  0.02130653452080861  0.02162279296941476  0.02183717245070578
  0.02205136170104904  0.02226546222839361  0.02247922488271718  0.02274156514440715
  0.02305596886064491  0.02346167908091309  0.22480276956496278  1.00000000000000000
 -0.00093165235594411  0.00644452406661201  0.01317237520242084  0.01998215239980684
  0.02674235215629644  0.03362290682385957  0.04106078695656734  0.04929907722983543
  0.05795268368060690  0.06684969446637445  0.07514954395480292  0.08191068628280629
  0.08903686001064048  0.09600728639448161  0.10515989269095992  0.11471816742487281
  0.12291373900029030  0.13117141167573637  0.13965293469578050  0.15084684692746944
  0.16316031835587141  0.17363091687413743  0.18197297046273747  0.19039976754471566
  0.19929105666912322  0.21040461088059415  0.22363323932110010  0.23790433090718302
  0.25128805518691855  0.26508164528177136  0.27971757534902059  0.29579147230431435
  0.30605456962300870  0.31379710972779534  0.32128915371492389  0.32906868018865953
  0.33802831787100091  0.34945857869109515  0.36190814793546938  0.37659816524445644
  0.39286422156866330  0.40660168658277240  0.41951542231083788  0.43028915553863267
  0.44121252808789430  0.45258515098670871  0.46383470163039520  0.47910470874714578
  0.49501222317797960  0.51025055276606679  0.52453151839333245  0.53874330710954021
  0.55322064286392070  0.56802099581965304  0.58499959991625206  0.60181119015328144
  0.61775108746822105  0.63409309740135000  0.65202033553499095  0.67167604220786670
  0.69003812572848044  0.70454331148197336  0.71718595426186271  0.72943066419430147
  0.74242684238914258  0.75691115558755506  0.77098991553128760  0.78311604877015695
  0.79468570934745886  0.80593107398908481  0.81587254022342559  0.82502953754942465
  0.83391764523521095  0.84410334565738099  0.85487740484579855  0.86493385421802560
  0.87417894440528088  0.88189699860096182  0.88856603912713950  0.89546676010492965
  0.90240277567276894  0.90934659531222573  0.91627626835579057  0.92191004583065572
  0.92802948342895442  0.93452219193598796  0.94011250006761204  0.94537649250331413
  0.95080569869669662  0.95639700463567845  0.96287769971056669  0.97009014228836177
  0.97758485499625680  0.98530909827903201  0.99245187153046399  1.00000000000000000
  0.52058739193852499  0.62552564119497622  0.64706900309905557  0.66072514631135604
  0.67313160485168577  0.68527509628884575  0.69569847272989827  0.70768479899902137
  0.71969422192270460  0.73050822782340030  0.74087674468180609  0.75010261106727216
  0.75882289756727794  0.76797481935078826  0.77685406297509474  0.78490690158441268
  0.79212396517214734  0.79818203889256889  0.80357771917664855  0.80892059088469237
  0.81430921914000221  0.82011689234071206  0.82589132219903927  0.83111645573841453
  0.83561238482130462  0.83964604699028511  0.84354264944375068  0.84717714181705361
  0.85074359030404612  0.85453950872235185  0.85832757852436159  0.86228225410421622
  0.86622589395097083  0.86986097650729022  0.87306790579060911  0.87619726236287898
  0.87912913812509619  0.88212253216306147  0.88525043292089189  0.88842504998946537
  0.89174364692002650  0.89550643769854610  0.89892361460038028  0.90199055142146833
  0.90474009628959484  0.90749914897281270  0.90985406755160114  0.91198867390817040
  0.91399694092546535  0.91597297360793806  0.91784322715048872  0.91973976994986251
  0.92178965475166275  0.92387856664938062  0.92578180360866891  0.92783795173777106
  0.92995759259949129  0.93199343404223123  0.93405674521351989  0.93609386646646342
  0.93812504214604076  0.94010415886650311  0.94199540577274865  0.94398127867850223
  0.94596195424775198  0.94749605854250918  0.94913081705052149  0.95066503231997346
  0.95216098914089387  0.95358152916599759  0.95522283751133796  0.95656280313633257
  0.95775193117992541  0.95905372546042145  0.96052582441632106  0.96198355448114226
  0.96348455642292608  0.96529842560551016  0.96754437692703066  0.96977578668242492
  0.97174470631674403  0.97344560774956457  0.97509081862510449  0.97651445319917485
  0.97781217167629308  0.97917697208977206  0.98056963314783441  0.98211565661762412
  0.98398694151981758  0.98614647840011072  0.98806660790805845  0.98998280103367930
  0.99186580875993735  0.99392290076435208  0.99662352789035147  1.00000000000000000
  0.09474362090939877  0.14568255932768370  0.17045544513150518  0.19042623174148135
  0.21155723776727434  0.23062695792942703  0.24543690191752371  0.25887689705237438
  0.27455312422744871  0.29005438384480420  0.30410016620603153  0.31668334756939054
  0.32822355876739762  0.34008872111899624  0.35109156047435625  0.35848095755565734
  0.36542582666004758  0.37205315041671372  0.38118246722989735  0.39099639382409779
  0.39983858369171488  0.40847362266197551  0.41651079988922485  0.42386118628982367
  0.43019946854278734  0.43560169347837568  0.44132858587553048  0.44679016468770827
  0.45336049982024001  0.46070110117390700  0.46800001171668576  0.47477096548369047
  0.48090905849677801  0.48650199011949885  0.49187611744106013  0.49817029539495983
  0.50398801577829677  0.50922926998175899  0.51444727652616806  0.51907743152522345
  0.52360429037198708  0.52820941205335237  0.53305505787944740  0.53899649611993616
  0.54469416934014592  0.55049242021910805  0.55634173634470940  0.56195357241586252
  0.56876125151794410  0.57536566790323762  0.58111034717944388  0.58678715349907495
  0.59233494250671270  0.59853333803078557  0.60494351850890349  0.61069534897236200
  0.61606314952019758  0.62147205021994334  0.62668667678839596  0.63216330982256352
  0.63771056402387927  0.64343259832585165  0.64862058711533899  0.65386938900835401
  0.65930424129709608  0.66513249649485373  0.67148657012227286  0.67695410138512935
  0.68203568326472974  0.68734679849015901  0.69308783590256573  0.69959631853903204
  0.70522022050264144  0.71066922823440837  0.71700166607550764  0.72411413628683574
  0.73054117576717426  0.73563767152041482  0.74091396288358413  0.74715430480133238
  0.75328901822801808  0.75843818262346774  0.76343691023308879  0.76869251412786077
  0.77442156477265722  0.77926602598670125  0.78532627429514501  0.79286550157906055
  0.80239073251217674  0.81309603393706831  0.82440822099778310  0.83690118923551327
  0.85105089387676158  0.86510115879685934  0.92665898350833009  1.00000000000000000
   6.0879259865417221E-010  -1.0000000000000000     
 F F F F F F F F F F F F F F F F F F F F F F F F F F F F F F F F F F F F F F F F F F F F F F F F F F F F F F F F F F F F F F F F F F F F F F F F F F F F F F F F F F F F F F F F F F F F F F F F F F F F F F F F F F F F F F F F F F F F F F F F F F F F F F F F F F F F F F F F F F F F F F F F F F F F F F F F F F F F F F F F F F F F F F F F F F F F F F F F F F F F F F F F F F F F F F F F F F F F F F F F F F F F F F F F F F F F F F F F F F F F F F F F F F F F F F F F F F F F F F F F F F F F F F F F F F F F F F F F F F F F F F F F F F F F F F F F F F F F F F F F F F F F F F F F F F F F F F F F F F F F F F F F F F F F F F F F F F F F F F F F F F F F F F F F F F F F F F F F F F F F F F F F F F F F F F F F F F F F F F F F F F F F F F F F F F F F F F F F F F F F F F F F F F F F F F F F F F F F F F F F F F F F F F F F F F F F F F F F F F F F F F F F F F F F F F F F F F F F F F F F F F F F F F F F F F F F F F F F F F F F F F F F F F F F F F F F F F F F F F F F F F F F F F F F F F F F F F F F F F F F F F F F F F F F F F F F
  <DiscreteSampler_grid>
  grouped_processes
  1 # 1 for a reference and 2 for a running grid.
  10 # Attribute 'min_bin_probing_points' of the grid.
  1 # Attribute 'grid_mode' of the grid. 1=='default',2=='initialization'
  0.0000000000000000 # Attribute 'small_contrib_threshold' of the grid.
  0.5000000000000000 # Attribute 'damping_power' of the grid.
 # binID   n_entries weight   weight_sqr   abs_weight
    13   10   3.079922932977862E-005   4.627172250675483E-009   3.079922932977862E-005
    14   10   3.079922932977863E-005   4.627172250675490E-009   3.079922932977863E-005
    16   10   3.079922932977862E-005   4.627172250675483E-009   3.079922932977862E-005
    17   10   3.079922932977863E-005   4.627172250675490E-009   3.079922932977863E-005
  </DiscreteSampler_grid>
