  0.00338074005940510  0.01350126033786756  0.02295863312436917  0.03275950730631685
  0.04223851241729191  0.05399918607107164  0.06595548809735545  0.07800618070879554
  0.08911499601630166  0.09967718071934212  0.11075041325445045  0.12292632292232018
  0.13599886027000369  0.14860130220936685  0.15913891360888646  0.16954347317033275
  0.17988731381004819  0.19059575048066499  0.20058278089973455  0.21040469875263049
  0.21942263988554822  0.22847082285847434  0.23652309248633152  0.24495378971192527
  0.25416401422946594  0.26430930354238796  0.27538731331372757  0.28708913479010439
  0.29739678619668636  0.30823746214468883  0.31841722533239408  0.32924549078163245
  0.33927779888495718  0.34875357562120135  0.35826720092160108  0.36810741586405477
  0.37904314950814277  0.39034600442988321  0.40209708730735771  0.41374791803710326
  0.42522098105114631  0.43722132224377008  0.44904275672472582  0.46168008594318566
  0.47258181345727018  0.48177802364781236  0.49073682802067703  0.50028690463249004
  0.51109168980388076  0.52229468642835386  0.53384108349480497  0.54579583949962107
  0.55744157136729988  0.56887053511384833  0.58006809414198401  0.59151503964542562
  0.60365680706242553  0.61659058065484151  0.62944096492351176  0.64067789379190987
  0.65106860579154346  0.66173147163980928  0.67315966653716064  0.68518237077192712
  0.69694083995714529  0.70853171630127076  0.72045525293834378  0.73183082830526447
  0.74365248131710904  0.75509161872900776  0.76616878310956893  0.77637163262157272
  0.78619286075482631  0.79671433457668628  0.80777118916316382  0.81793470366478982
  0.82764747589552023  0.83843809562997451  0.85008038476195980  0.86191863589502193
  0.87253509463426193  0.88305065424223317  0.89279603524355033  0.90361170742820562
  0.91424251613056839  0.92325843769687899  0.93088277325764957  0.93749743693263055
  0.94377401522802784  0.94927158910521559  0.95680814888809329  0.96549678795673310
  0.97416188948768212  0.98330575656921237  0.99232210100771256  1.00000000000000000
  0.00004674120198131  0.00006133564968808  0.00007302089386845  0.00008217999346156
  0.00008981638053291  0.00009722605590364  0.00010451235288439  0.00011213463870813
  0.00011948435432098  0.00012650518702591  0.00013302466926891  0.00013934751659782
  0.00014580474243257  0.00015237595374925  0.00015933681582503  0.00016667049914039
  0.00017475079852395  0.00018282734795423  0.00019010743361737  0.00019674596824480
  0.00020405614657462  0.00021189312816063  0.00022010927545436  0.00022870307198664
  0.00023762780530604  0.00024678236068842  0.00025670362352190  0.00026669922372530
  0.00027660054716002  0.00028615699331998  0.00029557123149098  0.00030575808839898
  0.00031497891144095  0.00032429799470818  0.00033378680362381  0.00034431524274944
  0.00035551323914806  0.00036827561610115  0.00038334164025320  0.00039847118746028
  0.00041135342567603  0.00042309033972662  0.00043534744037223  0.00044853870162058
  0.00046237316271652  0.00047693991074659  0.00049383868000341  0.00051227789685727
  0.00052897828801901  0.00054493900959030  0.00056139723202243  0.00057980495407443
  0.00060111483155236  0.00062683710341800  0.00065266483325162  0.00067000666935534
  0.00068255743451474  0.00069463186323550  0.00070669485368020  0.00072212299338628
  0.00074081973057629  0.00076948292396496  0.00079821013693110  0.00083453531327525
  0.00087551627570394  0.00093145774884526  0.00098745902199424  0.00104210257471736
  0.00110017424168842  0.00116322655725915  0.00123000056248158  0.00129896212738770
  0.00135957410156525  0.00142752775328922  0.00149088780856180  0.00154139917115151
  0.00159749565145952  0.00165881450123092  0.00174070583956325  0.00183670831008987
  0.00195612886413585  0.00210787396207795  0.00227779185243665  0.00246288929944327
  0.00263771793331188  0.00282725647317120  0.00304432754368836  0.00332555723819995
  0.00367928348462827  0.00412694615054337  0.00467747688641658  0.00548432029728345
  0.00707346664115175  0.00876050140183546  0.01964677157402175  1.00000000000000000
  0.00258100994920039  0.01647789923648675  0.02895863071772284  0.03977519173497440
  0.05006507332386883  0.06123007452870365  0.07322148759885286  0.08398689923408154
  0.09490401800347203  0.10599037407650314  0.11899333070632084  0.13309010894211742
  0.14228991959063333  0.15011952668468681  0.15721971753036951  0.16412977742207485
  0.17074463440687790  0.17946642657105480  0.18907917630083465  0.19914393643095160
  0.21025191296577692  0.22220995243204680  0.23333530043291129  0.24333367945554199
  0.25333896213024204  0.26340865688269910  0.27368139861671864  0.28371758498761157
  0.29353202450207788  0.30273540316809461  0.31178777368084271  0.32109175381790800
  0.33096682016287760  0.34065975924488578  0.34995654121445929  0.35846631290289965
  0.36682387151144003  0.37532115409023864  0.38389075130191647  0.39274316408600451
  0.40164057443703988  0.41151910416064702  0.42343216117170457  0.43565863853936876
  0.44804096621888412  0.46065127674993678  0.47309778468748309  0.48362196172365995
  0.49321595986632705  0.50277039392891143  0.51284984677441914  0.52392281799388130
  0.53583245738389229  0.54811825018432525  0.55933477158009215  0.57061198441648520
  0.58211937686158954  0.59368109515283085  0.60467707126964754  0.61441871378549540
  0.62458775042933923  0.63511934105000289  0.64714705509561732  0.65940581293966982
  0.67067155002270484  0.68178390416452184  0.69344758951145391  0.70501693644591046
  0.71575231399220141  0.72625166673908348  0.73781987007975658  0.75004234127589675
  0.76021989999156725  0.76991066794527774  0.77922249184482895  0.78922745047452425
  0.79908353665297605  0.80917375991721607  0.81989122808991333  0.83016540178363674
  0.84033736413872839  0.85075917373087218  0.86283142014604808  0.87477943855354390
  0.88630886350221816  0.89727021416929542  0.90768230434766595  0.91743357737216780
  0.92687648489254604  0.93662905394133178  0.94781380197693177  0.95902885300009144
  0.97031227435284306  0.98057268405962228  0.99022575726958972  1.00000000000000000
  0.00019325466093775  0.00024920390446174  0.00027833451998840  0.00030883865365074
  0.00033831624483595  0.00036738080059400  0.00039494296710958  0.00042205333850515
  0.00044967020353029  0.00047704587462203  0.00050463050474929  0.00053309155101255
  0.00056134226132782  0.00059021817922645  0.00061911498717086  0.00065071391698872
  0.00068256451567955  0.00071717584925450  0.00075136450810929  0.00078469718970369
  0.00081787907223181  0.00085222771044258  0.00089034324785424  0.00092963563435675
  0.00096726459914065  0.00100331528915589  0.00103822183356546  0.00107543255422420
  0.00111567130253704  0.00115614849638419  0.00119743126575751  0.00124116891601803
  0.00128700320977274  0.00133540550289484  0.00138897905288693  0.00144563935708825
  0.00149748283810684  0.00156030835814817  0.00162191758656273  0.00168187195406209
  0.00174829206502531  0.00181437623980581  0.00188256127962876  0.00195095782127506
  0.00201902606562915  0.00208742816892236  0.00215899693961162  0.00223241499595824
  0.00230123654079936  0.00237080344757098  0.00243760830666965  0.00250974738378409
  0.00258479295473405  0.00267159225391785  0.00276183240013011  0.00284677763207793
  0.00293337701184633  0.00302429201558614  0.00311953256198425  0.00322421352677493
  0.00336691117982409  0.00348280455341808  0.00358184808351988  0.00367801474165286
  0.00377277893674368  0.00386875335157476  0.00396506773094270  0.00414137183147324
  0.00433126649378672  0.00449022927457843  0.00463344782769901  0.00477512523337544
  0.00495433389637673  0.00518524422807292  0.00539610824648565  0.00558841295199579
  0.00577201293833778  0.00598146574626867  0.00618420637604358  0.00634185772682752
  0.00651346140725120  0.00673217167366488  0.00698714960704214  0.00728353820874346
  0.00759936716744902  0.00791404189435181  0.00816894436423115  0.00876818117763392
  0.00937488517374458  0.01019031376110971  0.01152322372035352  0.01298752250873667
  0.01517322627390169  0.02033309634566394  0.29208413556837809  1.00000000000000000
  0.00000368396589985  0.00000407191832607  0.00000427419839929  0.00000449651591400
  0.00000470531269966  0.00000490804186838  0.00000514281046376  0.00000544342633123
  0.00000580064287935  0.00000620699309178  0.00000662205788684  0.00000700444116422
  0.00000734921090448  0.00000769024198166  0.00000805316939902  0.00000846215608354
  0.00000896950096005  0.00000956994763248  0.00001024712963777  0.00001089922297568
  0.00001161460855295  0.00001230006970186  0.00001300717375245  0.00001371532211469
  0.00001443549494339  0.00001525165848875  0.00001617983581846  0.00001724263532370
  0.00001834747533343  0.00001936890316126  0.00002052636370083  0.00002174104710347
  0.00002307205145635  0.00002462911807929  0.00002635711522054  0.00002828370133611
  0.00003037423844166  0.00003245317635946  0.00003429973727176  0.00003638473597365
  0.00003857587130036  0.00004086227054902  0.00004393206283870  0.00004769973467799
  0.00005186689657559  0.00005638636465971  0.00006116245357250  0.00006623331274293
  0.00007167945432994  0.00007715769720054  0.00008263865851947  0.00008802714274123
  0.00009451998478814  0.00010101790883742  0.00010827439221160  0.00011642289941845
  0.00012611872972097  0.00013675216749700  0.00014820115719870  0.00016056949692025
  0.00017403241993140  0.00018859196998438  0.00020564559771950  0.00022518446413968
  0.00024470416596900  0.00026677122538616  0.00029119303787205  0.00031721462500297
  0.00034281276704444  0.00036484256575885  0.00038736356606278  0.00041312348680436
  0.00044419408778289  0.00048101936564016  0.00052196170345453  0.00057379054741690
  0.00062953265346317  0.00068957414543558  0.00075226051348763  0.00081140538161343
  0.00086887316944591  0.00093515743035830  0.00102421146741085  0.00115970763020025
  0.00131353978499631  0.00148565187627667  0.00167983351607167  0.00197133391310744
  0.00238686381751352  0.00294687232708250  0.00361495627106032  0.00415564198557212
  0.00486118650686393  0.00767317419943651  0.09816261121510773  1.00000000000000000
 -0.00279730780781233  0.01486519752557727  0.02845617774490252  0.04042594208211508
  0.05273741529958257  0.06625387181043690  0.08113794890557659  0.09548085801909179
  0.10951776594998988  0.12396503134054906  0.13798243958963782  0.15046019938580643
  0.16177045566135637  0.17324592653414578  0.18501542332681117  0.19551092186981256
  0.20425609547562842  0.20979400168177406  0.21532956326172942  0.22086343946180087
  0.22655816728392353  0.23268295434316111  0.24067253457817761  0.24894522542584657
  0.25722429485807241  0.26716218526339136  0.27816452064073810  0.28932394658738109
  0.30053320189936433  0.31261771921101922  0.32567050682305060  0.33947725045488836
  0.35185296928960180  0.36349206192509859  0.37428372720336744  0.38543442686224866
  0.39701338531401342  0.40780666082058525  0.41760680233078867  0.42707371514646947
  0.43710567264150951  0.44726767068205603  0.45670246579284707  0.46599990203851621
  0.47533576681720385  0.48511346315639425  0.49506342650797291  0.50460871695599796
  0.51435448960777119  0.52441645713131502  0.53508579273306922  0.54639680506668620
  0.55738475707739676  0.56762099289809798  0.57632235463529957  0.58538498076547940
  0.59447747673587836  0.60312969189074139  0.61146745854952322  0.61960433299131945
  0.62853131521430450  0.63890194869989136  0.65005029046585538  0.66094458699947234
  0.67175018573336442  0.68176332897130609  0.69338186416279290  0.70375945318761945
  0.71368331963520870  0.72311437775934684  0.73307258275324905  0.74297291696994106
  0.75323901592356435  0.76296869420259139  0.77262229002303573  0.78165475425155517
  0.78989933455262906  0.79831941533276529  0.80584469967011774  0.81473987858585117
  0.82461852223186649  0.83520915712761579  0.84626744013604882  0.85723014910550899
  0.86833608668816975  0.87974757535251313  0.89083135348343745  0.90151832009440558
  0.91196456684597782  0.92330876730640854  0.93593721697972898  0.94965726739378686
  0.96333506953184667  0.97646360361883489  0.98872361158983724  1.00000000000000000
 -0.00250056114783443  0.00866025808208677  0.01934708513063753  0.02991408624723408
  0.04125045250638675  0.05306941378157470  0.06369356955908559  0.07390855945348539
  0.08430007608442135  0.09529746042691430  0.10696541450005988  0.11819579043053807
  0.12832295914415537  0.13810660344943282  0.14831348144742940  0.15933326571288731
  0.16922518515299295  0.17877858324574700  0.18817093316633660  0.19830476091781385
  0.20929683107702568  0.22110118426852096  0.23243623424232451  0.24347107732564205
  0.25424969061965036  0.26457510294043107  0.27339836454962047  0.28128354509949099
  0.28902414170595875  0.29772494634022934  0.30829069959642147  0.31979540303255855
  0.33141300368807342  0.34323267198741508  0.35633288844217820  0.36920640525959769
  0.38113829763018814  0.39240491169184538  0.40405459153888801  0.41688027785612752
  0.43059475982363515  0.44357019785877927  0.45548432037992681  0.46676608768796385
  0.47770805459836818  0.48807665503442993  0.49849999070308748  0.50991561749582870
  0.52225930186643621  0.53445513319743609  0.54488629935123967  0.55445157881437834
  0.56501838197051657  0.57613708778245687  0.58602410583848930  0.59479172341957476
  0.60074285720860809  0.60698784972495212  0.61409431267209713  0.62132175460872419
  0.62865366492780228  0.64111443731591200  0.65387181127070848  0.66662634111570163
  0.67939348738989380  0.69102689309656518  0.70098741783394791  0.71064879888370147
  0.72044972891382297  0.73101513666812168  0.74220603886699554  0.75296460852978175
  0.76346860001776540  0.77437120429588002  0.78508222784959125  0.79530406236161477
  0.80557613078043755  0.81689138930652383  0.82806664762198767  0.83892672949547187
  0.85007961079374728  0.86174292589843848  0.87216575308649258  0.88261986541105231
  0.89287149516268383  0.90335982992125485  0.91382246200332662  0.92437215887773272
  0.93545255003651484  0.94437412326891168  0.95335416827901998  0.96165105389296235
  0.97110365784749664  0.98086733086893729  0.99089698731105402  1.00000000000000000
 -0.00239093379130562  0.01035032360961802  0.01993370229258187  0.02850329920350690
  0.03702229602017398  0.04563515770654913  0.05429560164690642  0.06490468902110606
  0.07524788094831125  0.08520920582036731  0.09597488197249071  0.10720360748948932
  0.12116915487236514  0.13570248391489068  0.15039627755021970  0.16054702550641742
  0.16978458001672952  0.17812189063237593  0.18697571931247345  0.19674714044651970
  0.20659356943869536  0.21618189205943650  0.22574453103857867  0.23565129737248425
  0.24609239085796200  0.25698943784607153  0.26825557321365789  0.28045902263321332
  0.29198232670261987  0.30343161020584436  0.31457162581286768  0.32656303259994995
  0.33907910804899366  0.35219843514992216  0.36611738476144157  0.37851032908744919
  0.38906071478266435  0.39946651509528358  0.40983917634087685  0.42072960532182302
  0.43031358026961086  0.44064494361981277  0.45225888713098994  0.46401797046601750
  0.47490440952863705  0.48522712351834890  0.49608035022452984  0.50701787275178167
  0.52006614941014240  0.53223184379457711  0.54446486908238634  0.55653432658508706
  0.56880352807468926  0.58033909570045628  0.58928119454007977  0.59680164259474966
  0.60470732111543257  0.61263428629449490  0.62084026178202634  0.63093150017591704
  0.64047577198152161  0.64975491357241411  0.65987337171890392  0.67029509169104462
  0.68093066167131455  0.69168070207806831  0.70358171229294031  0.71639407661149834
  0.72852144083436243  0.73920005661240273  0.74985832897434235  0.76135504228167239
  0.77286182218727850  0.78423588690732537  0.79520059907766860  0.80753802814317610
  0.81919276306575273  0.83194264555243136  0.84391621611532086  0.85589629638949494
  0.86679838681957044  0.87713931656305111  0.88637234066365922  0.89612707642423428
  0.90581260353633519  0.91650008882375700  0.92447240491025207  0.93224652500869520
  0.93992123823254703  0.94922391019353070  0.95844358862167278  0.96656496837154959
  0.97450946982796827  0.98285810418391506  0.99162168589661082  1.00000000000000000
 -0.00222870738295579  0.00932538541254810  0.01963129810826597  0.03136486511333877
  0.04422480315609281  0.05654298238853723  0.06839314452025409  0.07961560384938048
  0.09122828902960474  0.10245651812536706  0.11218919363461506  0.12080505959026705
  0.12868938852826808  0.13769111424117730  0.14690684851636082  0.15644925729985409
  0.16558695426812681  0.17497429414685234  0.18533707735771432  0.19604150865596806
  0.20900895044566012  0.22190165261965830  0.23408881149307828  0.24635398803972439
  0.25759329517021590  0.26862375431391328  0.27872963937432682  0.28930407242404832
  0.30064588574225387  0.31327842123475053  0.32500512260721487  0.33612936618640055
  0.34768750637483464  0.35990284963438002  0.36744992244191793  0.37419192497412851
  0.38093337975530672  0.38761293929410823  0.39511889041010123  0.40596274547878092
  0.41787883704153927  0.43020452412364296  0.44121328339634264  0.45070228833514114
  0.45993087660279375  0.46934885397371756  0.47952934727361568  0.48877464839552742
  0.49871432880341204  0.50928743628423812  0.52087714181768840  0.53115764107151076
  0.54010826957601143  0.54883607710259352  0.55772272019711699  0.56711371678793498
  0.57742705876855160  0.58899378716791417  0.60137525153331772  0.61266300433573129
  0.62384569674452306  0.63382571330889459  0.64365657859579861  0.65350902679672895
  0.66495151004022257  0.67712470018754489  0.68885571782881561  0.69912182199077211
  0.70827243910603832  0.71679944492183012  0.72591239293906507  0.73651701413477388
  0.74766879231402827  0.75863432759322169  0.76938159839288167  0.78036063757082863
  0.79107127622997397  0.80128855309876046  0.81124892806030935  0.82260861890876591
  0.83494283915995193  0.84694978281848809  0.85875138093215031  0.87065958859970738
  0.88187286456875613  0.89183780458037865  0.90152592848010205  0.91196738887749473
  0.92335465094776592  0.93432016102990967  0.94617616956017581  0.95825834292645862
  0.96822812207423892  0.97826224651966398  0.98781855794466600  1.00000000000000000
 -0.00143177039918404  0.00780924347605861  0.01606641117214460  0.02522911871538574
  0.03525783855989480  0.04491902356428122  0.05385982730865927  0.06245576855329925
  0.07153850818107721  0.08098741858756066  0.08990649923120685  0.09912732477311000
  0.10948320635417563  0.12030225151947499  0.13176886151147615  0.14311607577906107
  0.15408371430867637  0.16470292547216719  0.17459980956044169  0.18392511375921200
  0.19248275213299079  0.20070726967732277  0.20827714050000351  0.21617287240052752
  0.22485876747159084  0.23428173927117868  0.24420224707804283  0.25371217070458485
  0.26435535251797193  0.27416973212519896  0.28410141243265075  0.29394351322197054
  0.30514140378420745  0.31732062097719382  0.32922312461074510  0.34139299271340273
  0.35402804136404720  0.36661355228869164  0.37862647715343728  0.38975481287420988
  0.39883178845536427  0.40710211967098980  0.41522978820957712  0.42417820251815824
  0.43385796743864330  0.44387260854110899  0.45238419091231397  0.46118237904859083
  0.47185569200583438  0.48467219882987989  0.49805245038297130  0.51041286266758656
  0.52148011912410586  0.53159680470073678  0.54176476574901833  0.55243116737411602
  0.56316890232052341  0.57443685095673069  0.58669502574890664  0.59938778902950840
  0.61236980780359196  0.62483493887804775  0.63669020603959436  0.64794537076844105
  0.65875028075147557  0.66831319098497832  0.67741213623315799  0.68700403132696142
  0.69655223220060991  0.70456926754967020  0.71253869771161371  0.72028173421177000
  0.72761769647248942  0.73716219942210415  0.74670088862834971  0.75713392562375592
  0.76920555360109522  0.78082355818003746  0.79200339676703990  0.80334915095684345
  0.81435897559679704  0.82500545782434476  0.83654230985037736  0.84893326065733044
  0.86301546036284904  0.87744535610671881  0.89234978982534296  0.90577963027506647
  0.91862228155461156  0.93053726391773861  0.94064143757330299  0.94992991968160179
  0.95980816469124164  0.97109223087815366  0.98483348332988840  1.00000000000000000
 -0.00278692676190469  0.01201519401213636  0.02277903742513354  0.03285207318294315
  0.04273439391058454  0.05335552079609514  0.06428606794624284  0.07442364885093260
  0.08334428793691813  0.09143617454304492  0.09923544164451668  0.10828636280277114
  0.11782127519918018  0.12795378815490072  0.13813658456819394  0.14898220976249979
  0.16017767769110111  0.17060872673134034  0.18018542302417795  0.18930786699932914
  0.19940682137025631  0.20991648042930694  0.22055752838946999  0.23100734073756227
  0.24125671138390431  0.25183512587205159  0.26157546534253651  0.27146745152337159
  0.28094366438491752  0.29078604455044271  0.30114598679895022  0.31092230462477721
  0.32049799039458898  0.33100594555632912  0.34306827926146277  0.35517884468102257
  0.36568424593826676  0.37470748292949746  0.38392831112854764  0.39373511579772386
  0.40462286299673844  0.41615194579942877  0.42735508781857168  0.43962694899498600
  0.45119395329838619  0.45802323816383500  0.46496069219654035  0.47195312181770788
  0.47888558482127719  0.48850838547471737  0.50062476009416512  0.51272284767727605
  0.52491601909172381  0.53700217645851145  0.54968099065890597  0.56113576965885370
  0.57144407451214507  0.58118249176363590  0.59226846958013035  0.60396060177361643
  0.61576403220918197  0.62556187108963046  0.63688096143566608  0.64680342960192794
  0.65738293263175829  0.66857818179567929  0.68014798088977257  0.69253311682616336
  0.70411563283970335  0.71487111857021413  0.72536955094746802  0.73684084385910997
  0.74823129253639675  0.75909697186805403  0.76979461329658772  0.78124925828118508
  0.79306470998041956  0.80400000820236639  0.81447177792867365  0.82471189882626439
  0.83566609289569171  0.84706989550124734  0.85894670195336265  0.87066062030939184
  0.88142179545746158  0.89174179855773728  0.90154876818041241  0.91120367453287343
  0.92129914636127674  0.93158675285238701  0.94345029053261742  0.95600358088439452
  0.96799298026195923  0.97914132989409353  0.98913337021737902  1.00000000000000000
 -0.00086540936192925  0.00363311803618067  0.00810379017192512  0.01214367069810536
  0.01592928144368704  0.02034473026703025  0.02505151766949114  0.03035473032052416
  0.03605385676662315  0.04196410416290305  0.04878585748948612  0.05595095293238499
  0.06274731785698325  0.06921858901330812  0.07573582949984738  0.08302933019253564
  0.09140948227503996  0.10041377914547157  0.10876927292850691  0.11609039736167517
  0.12316210396170882  0.13099973134468851  0.13957962444457908  0.14833488723344521
  0.15707828364956869  0.16681890402941363  0.17561651684192453  0.18434019159760648
  0.19358188826062694  0.20275862822915824  0.21172859858611121  0.22075028803728555
  0.23151530871344442  0.24324188948737446  0.25472096685080076  0.26522849819164074
  0.27627383262166133  0.28726669173043667  0.29948152055488075  0.30950448622487836
  0.32016120697875405  0.33010945007386050  0.34307620097976260  0.35545995807777880
  0.36586383827681324  0.37630818228738683  0.38706152688403439  0.40080407133561102
  0.41443688004443724  0.42770836404284562  0.43990991339317087  0.45168487996544809
  0.46281253736376166  0.47440618417477964  0.48581104388490509  0.49672171590137554
  0.50811303073573932  0.51979788183535192  0.52700848364487962  0.53424899863417497
  0.54160776317843873  0.54982852285790051  0.56114034645255351  0.57529838376841425
  0.58952086054858255  0.60358383954507799  0.61699823896467931  0.62982003521393948
  0.64283729393520295  0.65638550793749817  0.67098798510788804  0.68599083503332847
  0.70176587737671792  0.71853340178469971  0.73296438609366976  0.74600326317290544
  0.75972064154378227  0.77387120990507863  0.78729216095925725  0.79992833216432568
  0.81203248781112047  0.82373611351220477  0.83582689291180901  0.84964889636078489
  0.86394254642945523  0.87912050937598674  0.89249722846764290  0.90440957124860510
  0.91554522393783300  0.92605828410419155  0.93655607849088751  0.94698582580109425
  0.95799344552705401  0.97075816294462935  0.98507429000667679  1.00000000000000000
 -0.00229577206984023  0.01287515907472226  0.02569683080705413  0.03857089530115872
  0.04992284021294575  0.06097832439152893  0.07155727498048770  0.08134529879028232
  0.09108857705074515  0.10108204590319467  0.11098619281207693  0.12060219252671274
  0.12951833707894775  0.13807265501910543  0.14668462838984689  0.15555424534257442
  0.16548524457407482  0.17750714735352691  0.19046246704424905  0.20320158637091260
  0.21449912281439598  0.22509770878358645  0.23599625895658033  0.24757232395723433
  0.25935669430990693  0.27120009196686928  0.28324678094419548  0.29503423961068531
  0.30698783148899172  0.31861464658366728  0.32945171102864190  0.33974095979009694
  0.35108743055439118  0.36407322005776843  0.37704435936339420  0.38802113896474721
  0.39475069268952895  0.40170876429806002  0.40906658225082049  0.41675043773974896
  0.42655597591497690  0.43820067038562710  0.44920458430255589  0.46038812938920359
  0.47134311412400842  0.48167369477261912  0.49030300613550021  0.49832140622666771
  0.50676170398591847  0.51562187184205299  0.52575249460823248  0.53610784119765820
  0.54700166111729753  0.55760139894798022  0.56681513332307953  0.57583984393358967
  0.58426523759746196  0.59372350624983172  0.60405184331389583  0.61461275484190769
  0.62486480689512824  0.63512882523180481  0.64616425201337724  0.65747851632222909
  0.66809574080251466  0.67759516304358502  0.68649225046329554  0.69644860646092199
  0.70666818816866495  0.71762184289854858  0.72843715096448314  0.73932467159706983
  0.74961025004062365  0.75919248701045505  0.76886791488469297  0.77976763679043037
  0.79132493226745437  0.80297716691080101  0.81415473092858348  0.82576977994283673
  0.83679935093237112  0.84729199696019974  0.85726528964614024  0.86690102310773975
  0.87701948251878481  0.88754618204641855  0.89879321008658353  0.90910328415216979
  0.91919484683674202  0.93004739604769449  0.94115777108578802  0.95208772177342615
  0.96375780926342380  0.97656563035672128  0.98807729169257730  1.00000000000000000
 -0.00247944993637478  0.01167394628095505  0.02211163022483747  0.03267846368267575
  0.04414614442036083  0.05704515988743521  0.06905168132179147  0.08044466373723211
  0.09116140848426872  0.10133361704574623  0.11130877874337076  0.12157454166704390
  0.13313658100816128  0.14421502970677155  0.15558605906570788  0.16585010360692146
  0.17730565382509783  0.18925479474832563  0.20158534446482898  0.21209279653824689
  0.22095068596216261  0.22960218001490257  0.23825971731762349  0.24450755061884036
  0.24903286083993081  0.25369523588008053  0.25840703403379461  0.26334565367651497
  0.27025578710691167  0.28106275530349417  0.29197238134061987  0.30273696535949202
  0.31256724715889062  0.32134980834048193  0.33007924321817972  0.33955485310332695
  0.35054342119619342  0.36198587031176455  0.37332803594770436  0.38441246309822930
  0.39495472963919304  0.40576986343048832  0.41720536991330442  0.42949315104955310
  0.44243895423008894  0.45490275496469806  0.46635260349009811  0.47733196900194425
  0.48788114203687155  0.49956336085462449  0.51007700977399628  0.52118820296182033
  0.53282172329843713  0.54508749084360675  0.55683346520091459  0.56800442073386359
  0.57958238362601522  0.59149623639785465  0.60478738328116710  0.61719702530367515
  0.62919472107626762  0.64097723194980272  0.65211628253038179  0.66275523035306960
  0.67344067979368327  0.68446924454407498  0.69531867657782176  0.70556319906239096
  0.71610121974104413  0.72818926213416280  0.73962897889555290  0.75096403903278519
  0.76201870552465334  0.77305704812727538  0.78498197007582993  0.79639663659508042
  0.80777050948300655  0.81906601197153139  0.82938814187774568  0.83933741029328324
  0.84826622980660260  0.85714103192915292  0.86616462041561726  0.87541719393877859
  0.88486673456493814  0.89465554541544956  0.90434429764851731  0.91493684789144136
  0.92498598057546200  0.93327074669134169  0.94176918096064255  0.95073718640544846
  0.96312428146529749  0.97574990565677111  0.98811698697570116  1.00000000000000000
  0.60752108046614095  0.64045705918714435  0.65541290179490186  0.66580664182828553
  0.67475901826134421  0.68253182974013460  0.68890196959291594  0.69699658805418885
  0.70811561061462203  0.71757914064881523  0.72471697050438122  0.73141326729433243
  0.73760659344853197  0.74327294699302182  0.74889109258458875  0.75537665157810585
  0.76149381197575794  0.76737668203369436  0.77322784296402491  0.77853630485571745
  0.78377738961837906  0.78892846103811509  0.79393472123940168  0.79852527577624499
  0.80306838677236891  0.80761691580618944  0.81208019134491849  0.81631328413633708
  0.82024257317001115  0.82409473038125425  0.82774222772715866  0.83123296538824099
  0.83456653506333656  0.83803497735218502  0.84158410346714507  0.84541474680559114
  0.84915567464916131  0.85291058487078930  0.85608771089277036  0.85923526581517706
  0.86240910117337743  0.86560052682344413  0.86868459326653025  0.87177546930009497
  0.87509785548624763  0.87850063227336606  0.88160027119474504  0.88446335261462061
  0.88725089449556671  0.89005936984257439  0.89287692856065448  0.89557425389537271
  0.89802017605446982  0.90035139741726899  0.90263131841629463  0.90495186147397610
  0.90734887475316495  0.90995622972979218  0.91257421369229863  0.91510525575328439
  0.91761735316818094  0.91993021917696616  0.92228819982520382  0.92472005658763357
  0.92696356725406148  0.92914636892869751  0.93130387504568468  0.93346475413381957
  0.93570833885559390  0.93801486866700945  0.94041017495225343  0.94278623346843871
  0.94510078643663042  0.94733075835372482  0.94938139356485995  0.95138005604295306
  0.95345640131768306  0.95560264095353042  0.95789627445046532  0.96018882915127646
  0.96241300592327217  0.96458792416178840  0.96671763577094194  0.96882919322165484
  0.97065207897461780  0.97244444890921067  0.97421734837492102  0.97603579069433599
  0.97809855019185743  0.98041950378974552  0.98279996721115515  0.98532538192896968
  0.98777322055810701  0.99064731098531422  0.99413989251929435  1.00000000000000000
  0.00161900064662899  0.11436896029000415  0.15330880430584620  0.18081725920415734
  0.20594380884595045  0.22123892264962311  0.23446755715781012  0.24521248161767845
  0.25739042223568886  0.26924287794032320  0.27880142475911834  0.28695873619649082
  0.29527034985172718  0.30430847891031204  0.31384897074874935  0.32305411312627830
  0.33153184930695784  0.33977563040615266  0.34779737313898829  0.35536955181866725
  0.36269632472776198  0.36968136669515717  0.37638342772203043  0.38258372450142325
  0.38814675324309328  0.39350910159069541  0.39836897450649217  0.40310838312180508
  0.40782248125427262  0.41232842538838643  0.41668511366481609  0.42110836560835863
  0.42556791861667015  0.43037974456168721  0.43536280040266695  0.44040258094638052
  0.44513671957461398  0.44929890179084681  0.45348429430577331  0.45770184456240476
  0.46221030472555708  0.46697650716566286  0.47158595316493734  0.47624415678068188
  0.48104196857992043  0.48577271651483889  0.48957697074335077  0.49348116920540541
  0.49728929217323703  0.50086785997621908  0.50548736408265582  0.51031306474742000
  0.51534999599535047  0.52110900098876767  0.52722461909790486  0.53295992177754092
  0.53820249784058871  0.54382474479045761  0.54960027676032419  0.55556119231809986
  0.56164157215616406  0.56745417899923922  0.57309286924743985  0.57886684371373542
  0.58449554336555132  0.58984479083316887  0.59470875423843750  0.59992182161223084
  0.60529053524769294  0.61108190487161518  0.61667432226632690  0.62235391757146763
  0.62863624177561372  0.63547467806580815  0.64254854255480909  0.64903344677577035
  0.65605681441148933  0.66400043724303770  0.67188851784285120  0.67904973553010350
  0.68573608234182581  0.69189298249629572  0.69781965609372754  0.70389779321472479
  0.71090854525528702  0.71884648954827679  0.72681695314853245  0.73527312940003342
  0.74437822491938332  0.75511222484844442  0.76686464473081495  0.77972233839402927
  0.79365293895621625  0.80966013008792981  0.83114011541770416  1.00000000000000000
   1.1187913789343814E-009  -1.0000000000000000     
 F F F F F F F F F F F F F F F F F F F F F F F F F F F F F F F F F F F F F F F F F F F F F F F F F F F F F F F F F F F F F F F F F F F F F F F F F F F F F F F F F F F F F F F F F F F F F F F F F F F F F F F F F F F F F F F F F F F F F F F F F F F F F F F F F F F F F F F F F F F F F F F F F F F F F F F F F F F F F F F F F F F F F F F F F F F F F F F F F F F F F F F F F F F F F F F F F F F F F F F F F F F F F F F F F F F F F F F F F F F F F F F F F F F F F F F F F F F F F F F F F F F F F F F F F F F F F F F F F F F F F F F F F F F F F F F F F F F F F F F F F F F F F F F F F F F F F F F F F F F F F F F F F F F F F F F F F F F F F F F F F F F F F F F F F F F F F F F F F F F F F F F F F F F F F F F F F F F F F F F F F F F F F F F F F F F F F F F F F F F F F F F F F F F F F F F F F F F F F F F F F F F F F F F F F F F F F F F F F F F F F F F F F F F F F F F F F F F F F F F F F F F F F F F F F F F F F F F F F F F F F F F F F F F F F F F F F F F F F F F F F F F F F F F F F F F F F F F F F F F F F F F F F F F F F F F F
  <DiscreteSampler_grid>
  grouped_processes
  1 # 1 for a reference and 2 for a running grid.
  10 # Attribute 'min_bin_probing_points' of the grid.
  1 # Attribute 'grid_mode' of the grid. 1=='default',2=='initialization'
  0.0000000000000000 # Attribute 'small_contrib_threshold' of the grid.
  0.5000000000000000 # Attribute 'damping_power' of the grid.
 # binID   n_entries weight   weight_sqr   abs_weight
    13   10   2.211580845288804E-006   3.503745951217296E-011   2.211580845288804E-006
    16   10   2.211580845288804E-006   3.503745951217296E-011   2.211580845288804E-006
    22   10   4.848534797077171E-007   4.479713201597630E-013   4.848534797077171E-007
    25   10   4.848534797077171E-007   4.479713201597630E-013   4.848534797077171E-007
  </DiscreteSampler_grid>
