  0.00259101641098699  0.01484276087378079  0.02763379201106515  0.03980507942776116
  0.05159028326556062  0.06341565917849799  0.07537019528669610  0.08708757185294462
  0.09839354640841939  0.10922282535706158  0.12014253258992401  0.13144144095142443
  0.14295438580301145  0.15399622571698371  0.16445449069076079  0.17461960245448385
  0.18474019868103997  0.19506235940603150  0.20558213741423645  0.21641962827564337
  0.22748926466301170  0.23845878814308852  0.24936307874215358  0.26006100545252886
  0.27057233213078591  0.28099219186220936  0.29144013990750484  0.30215001145549225
  0.31309203508279054  0.32403785041631511  0.33468072284374734  0.34502953653415608
  0.35542693608289772  0.36610202982242640  0.37692301683831880  0.38770927189819887
  0.39843141355692302  0.40887026933647136  0.41919984282619527  0.42948031051708296
  0.44004119830826355  0.45046496279332759  0.46054363004503113  0.47038171716935662
  0.48042888746423174  0.49084872491307840  0.50138635512678531  0.51176886528143173
  0.52208790008650574  0.53256727728298126  0.54309391505559546  0.55357879368512219
  0.56393631824452373  0.57441667757100534  0.58512426831027875  0.59626920151775598
  0.60726699777568893  0.61789855837879004  0.62855328051327775  0.63912312505053870
  0.64930583463040814  0.65915335935121999  0.66901533192586327  0.67930673738724978
  0.68962622093354164  0.69993922836391642  0.71032613464868943  0.72097823627856072
  0.73162784000745906  0.74200368661096472  0.75237019996950161  0.76242393905651284
  0.77242659576839423  0.78232705004410530  0.79258297811729495  0.80329201619918378
  0.81417669800091841  0.82488836461360260  0.83547067362948713  0.84595068606974810
  0.85637883760856770  0.86634910575119828  0.87623499469242394  0.88597039952760315
  0.89563670374736448  0.90538844375053407  0.91511556816876660  0.92498901753486440
  0.93469253076358561  0.94425382163777227  0.95389097373316822  0.96370820446182803
  0.97332457605494282  0.98246312632119559  0.99131396476462041  1.00000000000000000
  0.00244483108718436  0.01539403784816439  0.02853389070252751  0.04039294094633288
  0.05189536346284917  0.06364746451487918  0.07569616926599260  0.08774986145451050
  0.09961788749462833  0.11114904741040817  0.12204716327756004  0.13269268003312806
  0.14318205177158755  0.15401247538944138  0.16504070988907782  0.17601010987782964
  0.18666844311272154  0.19704856167404114  0.20735765185111701  0.21763732496882779
  0.22769828911367943  0.23767256042302959  0.24795978007348640  0.25902985714393312
  0.27071344291412408  0.28174308186664826  0.29211433190202080  0.30232390298232797
  0.31265090048236244  0.32314421059405141  0.33384580491099386  0.34488657036122727
  0.35612840632788767  0.36747035033389791  0.37865128094693218  0.38956635364070596
  0.40025367030348058  0.41067288628774828  0.42105951561633559  0.43118743589896902
  0.44084291109503188  0.45043892174059375  0.46037707886682505  0.47112490083062436
  0.48204387598169396  0.49295793113080505  0.50404475000276405  0.51506843520453827
  0.52586097229445794  0.53629617304514199  0.54669526230918708  0.55702781514310906
  0.56733443632298408  0.57772541310109848  0.58822407748125449  0.59858361714129649
  0.60897865498150083  0.61956532065269709  0.63031084737075260  0.64089377061007868
  0.65145359811076331  0.66241458805176967  0.67316411532803011  0.68362145855850465
  0.69391197460419296  0.70432597566846666  0.71478015329524769  0.72514768403599594
  0.73574418470777758  0.74641271331646630  0.75700518102967840  0.76743697194988147
  0.77780657688046773  0.78801854931728688  0.79814586928795850  0.80835744728657666
  0.81863302057246912  0.82881344507532406  0.83890060441107650  0.84910800883583215
  0.85958726855801126  0.87018692192700331  0.88071440134008072  0.89122983274116718
  0.90168053926688230  0.91200581976209305  0.92212157431771247  0.93203163037321635
  0.94173736124690233  0.95145460109249236  0.96096316112623281  0.96972714030073559
  0.97810553350461515  0.98564000817909925  0.99275018392119641  1.00000000000000000
  0.00000277804544276  0.00000332313435164  0.00000366677869842  0.00000378743113841
  0.00000395452025489  0.00000415145999742  0.00000436447806512  0.00000459527765146
  0.00000484596072392  0.00000511392827981  0.00000540010591256  0.00000571441827101
  0.00000607145420164  0.00000644836973194  0.00000683581458828  0.00000723443499949
  0.00000764772945729  0.00000808526494954  0.00000855487719990  0.00000905299466244
  0.00000958694480994  0.00001017020540108  0.00001075888109763  0.00001143837349535
  0.00001213731008511  0.00001289131688496  0.00001368092694930  0.00001449950547831
  0.00001535732400035  0.00001627250516885  0.00001722777347309  0.00001825488787798
  0.00001931789308316  0.00002043917611253  0.00002161596445944  0.00002284671405242
  0.00002414612449681  0.00002551632245588  0.00002693173975761  0.00002847187795543
  0.00003006655789319  0.00003177309710303  0.00003363761461760  0.00003557701896592
  0.00003768132208279  0.00003991706284396  0.00004232452900591  0.00004493815228293
  0.00004775349401681  0.00005082161664818  0.00005418117561278  0.00005775079042260
  0.00006168065651911  0.00006587102047386  0.00007048547562589  0.00007561485023610
  0.00008112539748773  0.00008716865795050  0.00009395273372775  0.00010173954439252
  0.00011081587287520  0.00012097664410964  0.00013227039962412  0.00014505598550459
  0.00015926359495939  0.00017526026559808  0.00019343551750751  0.00021419006469258
  0.00023871865354280  0.00026711456561602  0.00029910342140100  0.00033583748573397
  0.00037871282088714  0.00042758931168947  0.00048218500212355  0.00054563300308793
  0.00062062543476794  0.00071135566207117  0.00081823803789645  0.00094306226623395
  0.00108612711821878  0.00125134834625165  0.00144285296674182  0.00168129777588077
  0.00192785921400283  0.00219374915983302  0.00249913680200092  0.00293592402339253
  0.00344725888556807  0.00387299445016772  0.00450047219261790  0.00559599668303664
  0.00729309336129006  0.00955759967218552  0.03993115961563004  1.00000000000000000
  0.00000329008119208  0.00000476129223810  0.00000612228602059  0.00000785613700848
  0.00000957873236649  0.00001129826482536  0.00001304641148577  0.00001489709345038
  0.00001681747520569  0.00001890310014012  0.00002116690891949  0.00002369672403625
  0.00002654213717824  0.00002968486596574  0.00003330346892478  0.00003737206670565
  0.00004198845448797  0.00004729236697638  0.00005335881872022  0.00006012028473964
  0.00006780244229394  0.00007616678385646  0.00008498694216976  0.00009430471201116
  0.00010413876129715  0.00011443643449517  0.00012526065995466  0.00013629089720202
  0.00014773214696490  0.00015992649278813  0.00017254278281648  0.00018596628916460
  0.00020001256271211  0.00021446302451030  0.00022991645588534  0.00024670116020847
  0.00026446160383754  0.00028375811115074  0.00030385841735820  0.00032512009956276
  0.00034801419474565  0.00037235466849374  0.00039848073094931  0.00042757989349672
  0.00046025537060743  0.00049405902598314  0.00053030897261509  0.00056834167361531
  0.00060800688573625  0.00064856817177059  0.00069000754105819  0.00073620074556229
  0.00078462501147115  0.00083963404351997  0.00089633504362468  0.00095717660694680
  0.00102220934605268  0.00108504074390049  0.00115393376490910  0.00122808990520459
  0.00131565411433588  0.00141041470771859  0.00150818997293444  0.00161077517493378
  0.00171635102809316  0.00182309682238515  0.00193236872143864  0.00204461634790783
  0.00217826474323911  0.00230526121971276  0.00244779248001066  0.00259616461076396
  0.00273982513520200  0.00287888244388133  0.00305892734208731  0.00323955893715616
  0.00341892666206064  0.00366068692022155  0.00389057233885580  0.00411041238431076
  0.00432427421338215  0.00452047323453563  0.00470196913250191  0.00490145745829549
  0.00519401433989810  0.00543443371524928  0.00562862023109913  0.00577437039269527
  0.00591384581431298  0.00604829713274778  0.00619245130645200  0.00641479574433533
  0.00721781395053427  0.00783591070298250  0.01257414967261655  1.00000000000000000
 -0.00258692611354279  0.01095112881072550  0.02240946133802096  0.03475292829207506
  0.04753375801970527  0.06079793924572069  0.07388738378110590  0.08667905658935131
  0.09922341142382020  0.11155472635903665  0.12377209969574957  0.13610868540100385
  0.14863182905899372  0.16103516417261876  0.17338034987584186  0.18560687355638306
  0.19751111257887011  0.20934252085290753  0.22077152161925559  0.23228848864548271
  0.24355846418439756  0.25477516968729952  0.26573958697054245  0.27667310496992464
  0.28753378277732822  0.29860574593207356  0.30966454839154600  0.32083487304765917
  0.33191482830782693  0.34281384443333579  0.35355445446821337  0.36411034616706217
  0.37471780332376237  0.38537639248007488  0.39611349654800987  0.40667194481613456
  0.41697876219742142  0.42717095286128781  0.43733424776574170  0.44767444688594438
  0.45810307661695521  0.46855115734637848  0.47893440378570018  0.48943929509323569
  0.49997079262333771  0.51020821636334779  0.52005429159300365  0.52984081893726065
  0.53971996012240564  0.54949675769243611  0.55911850252228723  0.56877969725902489
  0.57866603098094160  0.58875102416873404  0.59885506879666717  0.60901643563717467
  0.61916486861087894  0.62906256669438410  0.63877506907498283  0.64851895653046976
  0.65853024291776052  0.66872614877124525  0.67892366272330995  0.68887994671764186
  0.69873920894190400  0.70864277493693995  0.71881156768856413  0.72904024309950322
  0.73909774175853249  0.74897744988243065  0.75867154247592328  0.76827467523352477
  0.77773219593027398  0.78726021357394527  0.79690413285172068  0.80637964140793161
  0.81580470344288125  0.82531605629394977  0.83497361420308835  0.84475995150240990
  0.85450666891341776  0.86428987273199553  0.87410458574794248  0.88398511174491212
  0.89383554509514151  0.90409279286433042  0.91415333045674074  0.92437566010954209
  0.93446184502246377  0.94441813899882587  0.95419128767720762  0.96372210642742251
  0.97283135736383919  0.98186033426984209  0.99074697862155692  1.00000000000000000
 -0.00259447906010126  0.00928065643537423  0.01955913428861117  0.03059883267934559
  0.04150559571074175  0.05206423260992801  0.06280376696510301  0.07358865688147312
  0.08424637936211304  0.09443610026859375  0.10478319857516891  0.11488135395805103
  0.12492566689335559  0.13494855743400830  0.14520209689087690  0.15571176740340589
  0.16612146256169449  0.17655925018950785  0.18702865045457970  0.19741288875832730
  0.20771463412924421  0.21809914960362170  0.22848221097088220  0.23885043478430656
  0.24906141737513973  0.25927528023440516  0.26956745415038097  0.28003149859574578
  0.29048108924514721  0.30064296835098531  0.31098894872770494  0.32174270937345056
  0.33261158229228666  0.34307772071257558  0.35332624027309889  0.36381272156160460
  0.37440086246244064  0.38510764525037849  0.39575403142689886  0.40653095285877155
  0.41693439227637064  0.42707463651437716  0.43718088407279337  0.44756834860606270
  0.45833141946807010  0.46921346183174134  0.48026527369662808  0.49129513096633598
  0.50201041503129029  0.51243700065947162  0.52298885708565512  0.53389614035928012
  0.54492804683917462  0.55589543512547279  0.56649457115958246  0.57683214333459065
  0.58703463176601323  0.59709208488266630  0.60660374019637353  0.61613571662038791
  0.62595291014993493  0.63667647661579330  0.64750387144134525  0.65825490276049281
  0.66897922102669527  0.67970241557159894  0.69034319068160510  0.70115688545966204
  0.71189276047080385  0.72246979432449543  0.73315456188626948  0.74424470017507516
  0.75539540577270703  0.76623050498961265  0.77656836348935132  0.78688478785777694
  0.79722008961687774  0.80779503123250707  0.81860756432108883  0.82946748613263765
  0.84023996610782603  0.85088403302258331  0.86149884028167423  0.87209388690697831
  0.88271622363212066  0.89336534238831244  0.90417755876879757  0.91477015031320974
  0.92545478086523003  0.93624126821661369  0.94704880784844769  0.95813967214891249
  0.96881773018356354  0.97955674350664645  0.98968447896581746  1.00000000000000000
 -0.00272496911266830  0.01120526085187810  0.02301495093658449  0.03549222396856935
  0.04871364205079511  0.06207830862161290  0.07535318476306010  0.08826805960641676
  0.10090678793747777  0.11340717092344162  0.12567430076827130  0.13747106166166270
  0.14926060629608695  0.16123358736728569  0.17336337920621972  0.18538319554002455
  0.19713600438333650  0.20863302306186482  0.21996027246780439  0.23119483617179362
  0.24232118047363740  0.25337367965482721  0.26451799400286718  0.27558005152518922
  0.28668929598915621  0.29730112772731215  0.30790917226693060  0.31819329248692768
  0.32866604894356327  0.33912006727323879  0.34977110131788414  0.36040809772612714
  0.37099740247665114  0.38174485974601746  0.39249253309173193  0.40315644411013929
  0.41381404594477500  0.42437486770347987  0.43452030322348190  0.44404981372124974
  0.45341097355070825  0.46313307299233292  0.47334414481414111  0.48371260402079735
  0.49403187496305456  0.50430750710024497  0.51463819118830434  0.52495429068687605
  0.53530787639105870  0.54563994698889218  0.55594766694112008  0.56603033407585768
  0.57586480599791290  0.58588614512918502  0.59597991870770306  0.60611100658960237
  0.61604857958717607  0.62595627946089638  0.63591379185539609  0.64585459320699079
  0.65586666342169397  0.66604829673951671  0.67632823521224483  0.68653695218558952
  0.69671811029890729  0.70697754176681593  0.71726256763028584  0.72723500078706493
  0.73684047782470663  0.74644536412354490  0.75613211630052368  0.76567872130679260
  0.77489205807081440  0.78388464845206307  0.79304181436300747  0.80258203268794004
  0.81241382043577937  0.82240494798010055  0.83256195701782076  0.84289321144039320
  0.85336318520143528  0.86353106664638768  0.87337531099243526  0.88298336268301336
  0.89288669382031738  0.90293402103010445  0.91285738441130637  0.92257283968377035
  0.93215827558067765  0.94219319602363583  0.95232695142453860  0.96223566019676354
  0.97182008429537081  0.98097606447160912  0.99054271833961749  1.00000000000000000
 -0.00248735893679683  0.00993695212185953  0.02014067564769999  0.03067876579160098
  0.04143868411378574  0.05192020866579122  0.06205588878353139  0.07210458268399411
  0.08214247795134161  0.09276241078839768  0.10314355082789074  0.11371463377928180
  0.12430437228949058  0.13507652395883152  0.14575916944694092  0.15657897617121716
  0.16760114687565283  0.17820196260483442  0.18864797685793261  0.19941119676894331
  0.21025857813597720  0.22094902886104320  0.23156402223217321  0.24239468095942429
  0.25317386354849419  0.26376065289554251  0.27430667635798939  0.28485187718393401
  0.29536417917259122  0.30584142392834640  0.31614045310149064  0.32649645262304972
  0.33681494945613738  0.34730727549508295  0.35804620379598850  0.36888713842978210
  0.37942733534626916  0.38988793529289750  0.40010474098875642  0.41051665238482882
  0.42081678458615818  0.43140711498378115  0.44200660804628328  0.45268407825944940
  0.46345833695664906  0.47419680927887053  0.48490686442795078  0.49557959162349735
  0.50622063939249262  0.51701105507982992  0.52756417939114197  0.53810007406560489
  0.54848197414969502  0.55896614103009601  0.56922748145736179  0.57942161694129601
  0.59002277232656664  0.60094394872970258  0.61188180871615494  0.62263915891608146
  0.63342904846614412  0.64436704951656620  0.65519482396688133  0.66592223377066773
  0.67654652596150877  0.68713203760105745  0.69770813397000409  0.70826589577759835
  0.71881712416543986  0.72937734140893229  0.73998046630206271  0.75056664242228088
  0.76104839106969824  0.77138491478248394  0.78152512851168010  0.79188559716678941
  0.80238869338709440  0.81294553376889345  0.82367055006001633  0.83442531142464038
  0.84523132425090286  0.85538999422335560  0.86536141765135322  0.87518200685661407
  0.88557668421623481  0.89590467922481409  0.90639366701763868  0.91673469647155281
  0.92728017455368683  0.93769963173353965  0.94834644237093713  0.95898083986431804
  0.96974871682120678  0.98019173256796910  0.99027801155966988  1.00000000000000000
 -0.00270410457313546  0.01047768823258315  0.02129535728608985  0.03140565925099111
  0.04154726474325870  0.05147448464351705  0.06185026564753586  0.07248707489937570
  0.08326393350661082  0.09411074716167868  0.10459523223377230  0.11495739976842481
  0.12511708615431985  0.13578937983211387  0.14633334417991925  0.15735766732584619
  0.16817062317893519  0.17950070750420102  0.19034780417471256  0.20114233548246013
  0.21176683633908833  0.22243755249876476  0.23298412713217592  0.24362575840286876
  0.25437732536198454  0.26482599200666046  0.27515093691249959  0.28554006513193431
  0.29613428573824074  0.30665240217630807  0.31676050960478308  0.32712664146447923
  0.33730204040798828  0.34790106486641914  0.35860319860270856  0.36951387941215030
  0.38023249979258494  0.39065664439885822  0.40079804788732581  0.41060267174399201
  0.42047391180176208  0.43042968275449789  0.44075058444017734  0.45113891520195515
  0.46155632283915549  0.47219703907219879  0.48313807373106893  0.49439558587245824
  0.50484301821541699  0.51524515711136887  0.52553281777985539  0.53613337800574834
  0.54660706879733367  0.55704500957995939  0.56730261549682182  0.57766525250909218
  0.58822575454564374  0.59906367622107681  0.60969203273151418  0.62012785387953573
  0.63065373157627336  0.64133905205511699  0.65202626045846668  0.66280116277051326
  0.67375284496004573  0.68463713750234778  0.69555914490987947  0.70635657628413884
  0.71732336846605793  0.72793726213154875  0.73822182363914546  0.74822686958961648
  0.75860515194991629  0.76906039893680844  0.77958690304364220  0.78979002085370720
  0.80012326619472340  0.81054676960961092  0.82113949630045002  0.83170937255789990
  0.84234104525475806  0.85289752141479613  0.86339675963934570  0.87373685879625373
  0.88403678607799951  0.89439004819354739  0.90505055264999268  0.91573382797802427
  0.92635000802213530  0.93691933663426652  0.94759645273368076  0.95836289331909408
  0.96901137417869554  0.97929664130843097  0.98967678264424486  1.00000000000000000
  0.00002684295356014  0.00010663271116543  0.00040123908469608  0.00065339554779622
  0.00078683809718624  0.00092028055983395  0.00105008296447700  0.00117827296260668
  0.00131075982168014  0.00144186396315772  0.00157225807426304  0.00170622496583457
  0.00183644650133210  0.00196354844660097  0.00209157731886682  0.00221862293949130
  0.00234474660949893  0.00247863436574816  0.00261380024585350  0.00275005425704636
  0.00287409483230054  0.00299556544795502  0.00311305481660428  0.00322698327915106
  0.00333949188316728  0.00346504764646860  0.00359657435583746  0.00373661288242260
  0.00388859034598748  0.00403480785460880  0.00417413454271708  0.00431969600544180
  0.00446268475268997  0.00460424439793924  0.00475887415061336  0.00490861769202106
  0.00505514451667188  0.00520328219318178  0.00534543922308194  0.00547875275571468
  0.00562254846523196  0.00576924095323093  0.00589999053756245  0.00603706305947928
  0.00619173285740252  0.00634364410594088  0.00649376686478717  0.00668009149512302
  0.00686975299297260  0.00705067137800327  0.00722276343152512  0.00738928477582187
  0.00756444974872856  0.00775154617899504  0.00791253375273635  0.00804995913512701
  0.00817078885473955  0.00829438072445609  0.00843067681902327  0.00858334725835590
  0.00876514948909570  0.00908310286281676  0.00934272900508150  0.00958270081011497
  0.00977581088072369  0.00997468716237884  0.01015216919648138  0.01030679429162561
  0.01047966475595940  0.01065281944899138  0.01081902059488570  0.01102898622135772
  0.01128077759913885  0.01164631855764368  0.01204892127165294  0.01232381633593739
  0.01260077930261884  0.01288283764351546  0.01317069777187521  0.01347676250542819
  0.01407713808260252  0.01451555618309989  0.01528725286356065  0.01578378154173849
  0.01612435607039685  0.01638618750851528  0.01663757051015329  0.01692077472166733
  0.01726153264184591  0.01819251007238371  0.01892411418629179  0.01922586327130695
  0.02172403556982596  0.02733653474220392  0.05970090018298884  1.00000000000000000
 -0.00229850099069387  0.00937060979562219  0.01946550479276398  0.02932926602673333
  0.03912330122744819  0.04875208836859270  0.05881191264081456  0.06901778220929466
  0.07928324863546568  0.08976629319546373  0.10047498594810853  0.11075801139440936
  0.12058296870063738  0.13042274432185957  0.14059524666074352  0.15133451291382452
  0.16190701818173445  0.17233278294275756  0.18276548282105057  0.19363742570672474
  0.20465399018650121  0.21591810817356935  0.22728259334205483  0.23883343943108917
  0.25009838444175153  0.26115207547886626  0.27203722460276808  0.28295564043077875
  0.29374983659818205  0.30448664432062800  0.31523302783494267  0.32587134249245336
  0.33642335294475878  0.34685949643986236  0.35731161705347253  0.36794057717893924
  0.37844923293259236  0.38906712119843628  0.39966198055521779  0.41043115563497662
  0.42099536819753774  0.43129370764163200  0.44138618140637209  0.45130659490271979
  0.46121840764824296  0.47112276550482041  0.48106076891007538  0.49075344486058259
  0.50046800198270225  0.51019372784262185  0.51987887267255639  0.52935107789611791
  0.53899285237173233  0.54928344029900966  0.55997356779531871  0.57053678842868449
  0.58097016281716196  0.59128552771585308  0.60167453159752626  0.61225443317967865
  0.62317861952955222  0.63390109297693709  0.64457683872293114  0.65505375588631420
  0.66556643874045429  0.67610447754168790  0.68672865422120521  0.69760484287197411
  0.70833691982479852  0.71917751615087888  0.73002289846667512  0.74100332884992448
  0.75174590964754562  0.76249955337261965  0.77337995618045541  0.78431498235289721
  0.79504510139778006  0.80586522264686822  0.81680660210927070  0.82779933456354038
  0.83867360669593660  0.84957165325392692  0.86061297113049484  0.87170232354472799
  0.88287676429199080  0.89385250716504849  0.90478344880000994  0.91555701670353096
  0.92651294211468327  0.93716745141999047  0.94772368670084239  0.95826960550579743
  0.96882569895435566  0.97954355282247962  0.98976384997129874  1.00000000000000000
  0.36084323863451617  0.50238239407089302  0.52811654428015753  0.54586814700533981
  0.56014909754173003  0.57229157669581476  0.58290358333789416  0.59361176579128250
  0.60359775137605687  0.61300796767541399  0.62236276680760327  0.63113951676642088
  0.63911320601287591  0.64644881315756864  0.65325323386160283  0.65984994567013877
  0.66630112632181471  0.67243588051022896  0.67844470655039002  0.68433604180673258
  0.69002937066921788  0.69554451868534228  0.70095513525507458  0.70631583002346465
  0.71153722534728825  0.71650156245084273  0.72139217170633430  0.72621746319097857
  0.73109072387216523  0.73583640246006299  0.74056977898798282  0.74522716980096571
  0.74982234151139182  0.75428268101494145  0.75866207992129708  0.76305126274973811
  0.76742458363166233  0.77179661902304364  0.77610082841512451  0.78043159891285241
  0.78462950831752176  0.78878790882578742  0.79282673046368390  0.79690338019277529
  0.80103662755105431  0.80517686694942026  0.80932225630960131  0.81342115256686465
  0.81742777561436175  0.82137552642513334  0.82531004214828341  0.82928105116794426
  0.83318323851795895  0.83692782818478240  0.84051124250675102  0.84391546696443998
  0.84713230145910134  0.85019129937541005  0.85316667748339925  0.85609617366007806
  0.85904212481430897  0.86204547767521389  0.86515849312726045  0.86838888811272819
  0.87157225206875288  0.87481841718913034  0.87815288327529262  0.88141806524900834
  0.88478968999705565  0.88807980759520477  0.89137154510805827  0.89460857167161956
  0.89793295141977858  0.90136635313295699  0.90486806003759979  0.90841506525489346
  0.91198676427035263  0.91566273268069120  0.91947864984722361  0.92326748400434500
  0.92697623580871102  0.93070805424813474  0.93452644214614777  0.93851555091724403
  0.94271741442778412  0.94688942532898712  0.95123863241276674  0.95559851785522376
  0.96018233963359567  0.96499128595747952  0.96984879842622262  0.97485925780468563
  0.98004707230053323  0.98570311350153605  0.99231077491726027  1.00000000000000000
 -0.00569765448328516  0.17907446160782925  0.21688290118657746  0.24158945585936076
  0.26085805041138471  0.27767141906120651  0.29294366274990713  0.30729712503105178
  0.32061248634830247  0.33302644928951047  0.34464366495946169  0.35552274370470249
  0.36561761108642848  0.37536433669922892  0.38488950934998395  0.39414770383432918
  0.40302519711937229  0.41177835779107752  0.42023066810966897  0.42854891659837935
  0.43677774041165329  0.44505324087708409  0.45306696708034633  0.46085916543087374
  0.46817634964888338  0.47542615085911988  0.48248104512150747  0.48936814746354745
  0.49601980537088319  0.50242495696399614  0.50870754202927349  0.51505408457470314
  0.52144581724232930  0.52783724895913275  0.53412431517308856  0.54035961626796236
  0.54651420122462946  0.55250636860270586  0.55836846190236267  0.56414164701681402
  0.56976503286919089  0.57537651213841146  0.58097048207283941  0.58648805069640331
  0.59197168681594114  0.59740950675978599  0.60275166156843896  0.60793932053542998
  0.61302102090972055  0.61816055216639465  0.62334593531087978  0.62850824663303906
  0.63363925593264048  0.63874329310209010  0.64388833591289918  0.64903424018584233
  0.65417797569775704  0.65926441928291957  0.66429997147251418  0.66926106439572852
  0.67414783886456464  0.67901234299875457  0.68386799122074515  0.68868493563721334
  0.69360901150637022  0.69865807529805990  0.70386794147556042  0.70911281426946793
  0.71427399357684318  0.71927928731724189  0.72421028078387695  0.72916980973688028
  0.73426567240853446  0.73945265417950479  0.74452388570023731  0.74941429291017725
  0.75432101340011526  0.75928993007105128  0.76480788900661678  0.77078363756452217
  0.77687285960369346  0.78265988716321544  0.78824811252251059  0.79415409163383932
  0.80045290905571476  0.80718417798107889  0.81462420401347890  0.82259412402887333
  0.83073865286818271  0.83861530388432326  0.84608302182936224  0.85421558713361390
  0.86475424216528163  0.88113926622984973  0.91429668991077351  1.00000000000000000
   4.9344539555347925E-009  -1.0000000000000000     
 F F F F F F F F F F F F F F F F F F F F F F F F F F F F F F F F F F F F F F F F F F F F F F F F F F F F F F F F F F F F F F F F F F F F F F F F F F F F F F F F F F F F F F F F F F F F F F F F F F F F F F F F F F F F F F F F F F F F F F F F F F F F F F F F F F F F F F F F F F F F F F F F F F F F F F F F F F F F F F F F F F F F F F F F F F F F F F F F F F F F F F F F F F F F F F F F F F F F F F F F F F F F F F F F F F F F F F F F F F F F F F F F F F F F F F F F F F F F F F F F F F F F F F F F F F F F F F F F
  <DiscreteSampler_grid>
  grouped_processes
  1 # 1 for a reference and 2 for a running grid.
  10 # Attribute 'min_bin_probing_points' of the grid.
  1 # Attribute 'grid_mode' of the grid. 1=='default',2=='initialization'
  0.0000000000000000 # Attribute 'small_contrib_threshold' of the grid.
  0.5000000000000000 # Attribute 'damping_power' of the grid.
 # binID   n_entries weight   weight_sqr   abs_weight
    19   10   3.252581080547169E-001   3.626305724852571E-001   3.252581080547169E-001
    20   10   3.252581080547169E-001   3.626305724852574E-001   3.252581080547169E-001
    22   10   6.505162161094338E-001   1.450522289941028E+000   6.505162161094338E-001
    23   10   6.505162161094339E-001   1.450522289941030E+000   6.505162161094339E-001
    25   10   6.788185158243347E-001   1.577500866851173E+000   6.788185158243347E-001
    26   10   6.788185158243348E-001   1.577500866851175E+000   6.788185158243348E-001
    28   10   1.357637031648669E+000   6.310003467404692E+000   1.357637031648669E+000
    29   10   1.357637031648670E+000   6.310003467404698E+000   1.357637031648670E+000
    34   10   3.252581080547169E-001   3.626305724852572E-001   3.252581080547169E-001
    35   10   3.252581080547169E-001   3.626305724852574E-001   3.252581080547169E-001
    37   10   6.505162161094338E-001   1.450522289941029E+000   6.505162161094338E-001
    38   10   6.505162161094339E-001   1.450522289941030E+000   6.505162161094339E-001
    40   10   6.788185158243345E-001   1.577500866851171E+000   6.788185158243345E-001
    41   10   6.788185158243348E-001   1.577500866851175E+000   6.788185158243348E-001
    43   10   1.357637031648669E+000   6.310003467404686E+000   1.357637031648669E+000
    44   10   1.357637031648670E+000   6.310003467404698E+000   1.357637031648670E+000
  </DiscreteSampler_grid>
