  0.00315273590328468  0.01352500667818180  0.02409737661305335  0.03329274470969622
  0.04150002837868730  0.04934813539382802  0.05803001607600995  0.06676563999980685
  0.07614827008329342  0.08622150832485664  0.09672836806980972  0.10702879214971918
  0.11732894833751309  0.12748933890638631  0.13831687552280730  0.14965880055479755
  0.16229417387901698  0.17480438983689497  0.18680077232470266  0.19813733952136731
  0.20845401840694605  0.21809054779247281  0.22751003751480556  0.23738513928587818
  0.24831242328473987  0.25795667973731107  0.26763340673619512  0.27769690896765176
  0.28781391698292130  0.29842415177397225  0.30863341655078774  0.31965105983412495
  0.33178540594552514  0.34332538176004507  0.35449331214515861  0.36561107675445265
  0.37667335994453116  0.38721465413935263  0.39736302060691003  0.40757435075657600
  0.41766058170910586  0.42766513154749058  0.43747840996672660  0.44744713474115705
  0.45713899169346245  0.46780821086718499  0.47911906238662239  0.49227906981509784
  0.50389426066616572  0.51561458625867873  0.52776437436505708  0.54076199166414229
  0.55297999486514859  0.56436260107148517  0.57556339802123002  0.58670093392900746
  0.59724709746616900  0.60746223002453348  0.61722835176243018  0.62726707737191345
  0.63749360982741188  0.64696295142709670  0.65666915600991693  0.66627208289358086
  0.67553334356666239  0.68494770785641401  0.69392930289819721  0.70361339646523691
  0.71329142656417788  0.72159443724637695  0.73085395181119617  0.74075791842025462
  0.75210922432479699  0.76378746550865972  0.77413508792187546  0.78360093066748460
  0.79268263349741519  0.80174798506530043  0.81053684540658477  0.82018000855049933
  0.83004888341052596  0.84025687979458452  0.85199127227144611  0.86379892073757303
  0.87533420736067191  0.88655202739844541  0.89638239158558464  0.90627018901114387
  0.91632783936671347  0.92651614544425143  0.93712425610984806  0.94726303582429650
  0.95710650832390354  0.96775471669224888  0.98143636618790453  1.00000000000000000
  0.00003570605439400  0.00004366296277334  0.00004943457760548  0.00005474378105397
  0.00005933081370006  0.00006410146483066  0.00006881943252889  0.00007329151624829
  0.00007743569598450  0.00008157957428042  0.00008561699214241  0.00008973653898159
  0.00009387570634183  0.00009771461748270  0.00010175491787543  0.00010599911212814
  0.00011041439125491  0.00011509993423332  0.00011991936557710  0.00012456727480818
  0.00012914720127583  0.00013386856429510  0.00013884647059505  0.00014439290222882
  0.00015026365449064  0.00015600082755614  0.00016155826326548  0.00016710464888216
  0.00017305696788457  0.00017963861628304  0.00018653409232033  0.00019362358982557
  0.00020105948852067  0.00020879474099798  0.00021693026814416  0.00022579299532549
  0.00023506916631917  0.00024449010328600  0.00025383382731842  0.00026360624947387
  0.00027325536354120  0.00028298804706093  0.00029291226024894  0.00030332819974681
  0.00031389344097033  0.00032359666570195  0.00033438429000220  0.00034509436632247
  0.00035793750437559  0.00037162226437562  0.00038633653137572  0.00040242559042619
  0.00041958495625794  0.00043899924666573  0.00045999920260260  0.00048168946180964
  0.00050492883436301  0.00052897804904569  0.00055423964228399  0.00058140971089779
  0.00060788634685515  0.00063157658089292  0.00065657928130150  0.00068370987128161
  0.00071733982358692  0.00075403558742100  0.00078750924349728  0.00081951967822832
  0.00085311283832979  0.00088937891800965  0.00093025586194298  0.00097033981602948
  0.00101373170334089  0.00105509171218534  0.00109356565873463  0.00113401817961614
  0.00117778543691486  0.00123625719707547  0.00130593941855328  0.00138152545577048
  0.00147496447199706  0.00160272561063686  0.00174710376725329  0.00189032104174424
  0.00207451904022099  0.00232367355999496  0.00262645090238930  0.00302784663073003
  0.00345863029758676  0.00395628007352977  0.00483472887388424  0.00640455685624220
  0.00825519072941990  0.01180547846330130  0.06092956089982414  1.00000000000000000
  0.00232570342451043  0.01709392465754243  0.02887576373779551  0.03906499699717233
  0.04852116198159754  0.05887562392209929  0.07096965777959297  0.08356660082438469
  0.09501318033658515  0.10536351377367854  0.11496335980024790  0.12490346850404475
  0.13441909752706427  0.14522460374366863  0.15606473163587270  0.16720286184667207
  0.17839363438683076  0.18933318848655489  0.19977007358064691  0.21045562754601843
  0.22074542617185472  0.23066894530867879  0.23995841880219557  0.24923469200760329
  0.25896656926679001  0.26869501488317632  0.27882699180930953  0.28908976767951111
  0.29946572100624153  0.31018789250744050  0.32044614499942292  0.33101845300413685
  0.34170606151843635  0.35315072655612523  0.36564138424913933  0.37857215658182924
  0.39087031121418137  0.40231791868928884  0.41317862893763685  0.42380356551216519
  0.43456796498217770  0.44586566914154724  0.45728843594829710  0.46802210892422791
  0.47869497488283336  0.48915977340047540  0.50042046371972948  0.51091859343982660
  0.52081914776088811  0.53098086193384275  0.54101277772446443  0.55087361071880148
  0.56039458320345725  0.56996066036769888  0.58020631705618819  0.58855206052110487
  0.59659528832973674  0.60442308702380898  0.61254684727853081  0.62260078018295417
  0.63234709285400026  0.64282651685932268  0.65306207714351594  0.66284384506933525
  0.67254402290002402  0.68146473275708530  0.69121084300604552  0.70146039975086361
  0.71292437710587564  0.72424127494914414  0.73635414983604586  0.74860733701800419
  0.76102704154113043  0.77305282777186368  0.78440518105025203  0.79399265360706428
  0.80243227156053987  0.81075575868928274  0.81956700146839090  0.82923992726103024
  0.83979234345891585  0.85040299399584940  0.86085933114795288  0.87155264605786920
  0.88292925412037027  0.89490789460529641  0.90617838937233819  0.91654305804130043
  0.92643045034484084  0.93622932111911328  0.94690355751449795  0.95502022003381082
  0.96382786114240382  0.97308524541077235  0.98494897100016199  1.00000000000000000
  0.00016628593779037  0.00022082955598252  0.00024179015591948  0.00026683024518426
  0.00029241405720695  0.00031510624556734  0.00033523036869150  0.00035392404366424
  0.00037298771332631  0.00039310377637998  0.00041270524483741  0.00043191074108575
  0.00044973505147120  0.00046735708434345  0.00048552201750117  0.00050464400918234
  0.00052486978659136  0.00054535617877921  0.00056662435962038  0.00058766971234079
  0.00060967893433298  0.00063325321309356  0.00065773675060688  0.00068261570338923
  0.00070536683019263  0.00073075708445712  0.00075551942689380  0.00078243153732412
  0.00081028886759397  0.00084011588727146  0.00087282173872127  0.00090398533354254
  0.00093047349033256  0.00095701124224717  0.00098631521922527  0.00101660355885897
  0.00104817696543879  0.00108952275459330  0.00113276791524532  0.00117783617804136
  0.00122605319741849  0.00127682221884333  0.00133138260817935  0.00139054178478690
  0.00145074283890566  0.00150926409716663  0.00156981684958120  0.00163500185533319
  0.00169857043223089  0.00176348898416352  0.00183219829435922  0.00190411160404457
  0.00197424530041049  0.00204300056134792  0.00210152293642684  0.00215865916805044
  0.00221791557423549  0.00228631735058800  0.00236636244115108  0.00244678436645047
  0.00251497529923058  0.00257952499310714  0.00265694278901946  0.00275247558446697
  0.00285838521217575  0.00297911428184795  0.00314496220683113  0.00329710078787679
  0.00345162775293306  0.00358836950978307  0.00375128897157169  0.00394256863556289
  0.00416470637244619  0.00438549134681331  0.00456802566297858  0.00475695681199118
  0.00497348732562978  0.00521743594913962  0.00551909321694797  0.00577237341638304
  0.00598586083575446  0.00622490872621033  0.00647680494926398  0.00682819893216315
  0.00732424972065655  0.00808175703303107  0.00881861330757182  0.00957881864182721
  0.01057269849061924  0.01180791279609402  0.01329900923026192  0.01517409499575261
  0.01792255209638207  0.02086383817326919  0.08735799277107738  1.00000000000000000
  0.00000441785605932  0.00000460672440256  0.00000481058760469  0.00000501880671383
  0.00000524790510322  0.00000549619118171  0.00000573210943030  0.00000598338833193
  0.00000622692240505  0.00000646726171194  0.00000671936696624  0.00000700114776522
  0.00000730260971445  0.00000764040570505  0.00000804287311094  0.00000848249357043
  0.00000891471702929  0.00000932258779247  0.00000973226332700  0.00001017495026261
  0.00001067290068977  0.00001127842987413  0.00001196561105585  0.00001262208094831
  0.00001328426463463  0.00001396606114437  0.00001471531884024  0.00001561124218408
  0.00001666153084170  0.00001785024690922  0.00001914567976925  0.00002058746941914
  0.00002205126540862  0.00002365134521244  0.00002538904751275  0.00002735912900083
  0.00002952422878295  0.00003187293652937  0.00003446128648456  0.00003733758333696
  0.00004047865147645  0.00004388098630095  0.00004754617901270  0.00005155496863216
  0.00005583946156867  0.00006047546313749  0.00006528915361964  0.00007015308890728
  0.00007530433401634  0.00008089014061914  0.00008695237246601  0.00009348273034852
  0.00010044212059109  0.00010827385836672  0.00011667696609296  0.00012695791414845
  0.00013782730564913  0.00014927142585691  0.00016108397079347  0.00017285402278074
  0.00018470130422235  0.00019786449908437  0.00021139012852851  0.00022930342218871
  0.00024937964006835  0.00027017186201092  0.00029239989541882  0.00031565418969375
  0.00034275105677295  0.00037092584312638  0.00039924173197527  0.00042654589188381
  0.00045543411409367  0.00048930208359247  0.00053178910817889  0.00057935440339608
  0.00063095827645938  0.00068787652817501  0.00075855432142239  0.00083596247550923
  0.00093850206534237  0.00105360099398720  0.00119853686816461  0.00133092994587059
  0.00143908692631164  0.00156020049317557  0.00168833567960468  0.00182378586180981
  0.00212128690257777  0.00242492226431472  0.00289426295647462  0.00360900933216187
  0.00481406847782936  0.00785583588870811  0.08750568175716253  1.00000000000000000
 -0.00216505744831862  0.01300143899033469  0.02522138399109067  0.03595591184039845
  0.04583324688077292  0.05510336341630042  0.06389758043397557  0.07271068647235807
  0.08147672171779972  0.09041702945400559  0.09963390714280390  0.10850605228980595
  0.11763741117285381  0.12693403634561376  0.13627258342207568  0.14570400449959522
  0.15479575180093144  0.16358912542387735  0.17307142707461942  0.18065258800882594
  0.18949029609032741  0.19742489039399130  0.20597891166320079  0.21460403789459009
  0.22346265200004298  0.23221947280741284  0.24080086451529839  0.24960136117186965
  0.25863356968303558  0.26783208617551474  0.27701146399234144  0.28551617528551382
  0.29417221860353515  0.30181442974593964  0.30959650639004521  0.31745014919596071
  0.32587427883190062  0.33532083723132355  0.34619560615877870  0.35799292451295139
  0.36924450163437705  0.37920154820526286  0.38805777717207413  0.39714201227602247
  0.40709949465780837  0.41812234416847788  0.42932534272082751  0.44092732842688870
  0.45165923205285341  0.46171899639380537  0.47163634930817872  0.48213736885509001
  0.49321711543447866  0.50408366894063994  0.51423358731609814  0.52362274786618390
  0.53246616054555262  0.54105294969166662  0.54990119928096481  0.55902501217649081
  0.56995896309083494  0.58207245647480987  0.59370186269353598  0.60469816822158939
  0.61645204122473973  0.62851792173279331  0.64118435358384718  0.65145779041560670
  0.66133050702915575  0.67130390500554349  0.68191452567072197  0.69516871775577205
  0.70777826370184560  0.71994217842320030  0.73163259509631262  0.74280792241962479
  0.75430347145124943  0.76666382215419793  0.78001398718402926  0.79435024619169625
  0.80843516362411205  0.82050120761320566  0.83208473879638556  0.84290921155255338
  0.85477377420693801  0.86813652800334040  0.88058148125437308  0.89272239194706693
  0.90679141538159003  0.92085728182307414  0.93479781879665258  0.94785692614490702
  0.96079799158741186  0.97384804661955904  0.98695062643026843  1.00000000000000000
 -0.00306218601405669  0.01145948853839382  0.02326391409529123  0.03490652941314145
  0.04679200177393766  0.05809019608265584  0.06800296005559381  0.07714059799290296
  0.08665488741551536  0.09626957594934145  0.10631877274814450  0.11536490141774040
  0.12495222036777426  0.13618269690319795  0.14823055988339479  0.16047425046682773
  0.17123764033654107  0.18136354495688908  0.19181473819868991  0.20295208132667622
  0.21286290398707466  0.22213635199625614  0.23088583279794589  0.23913313025374175
  0.24941766347126443  0.25960578042436577  0.27122590464515628  0.28099695790520979
  0.29068750329881710  0.30030598619003890  0.31057783586408372  0.32148563213442799
  0.33172884010445963  0.34138305200706376  0.35143108745770479  0.36103315760878807
  0.37277890438767497  0.38326455194514519  0.39333412624142594  0.40306070453073184
  0.41284286271319870  0.42250326403795069  0.43196014215572232  0.44166481569668242
  0.45213378486794609  0.46379193889347753  0.47599317976169803  0.48786526205529290
  0.49976024631948696  0.51194247712082541  0.52301121094254910  0.53237169758018754
  0.54127360783603473  0.55068298958674211  0.56139978065777241  0.57241576942339334
  0.58293091228894400  0.59314033425694568  0.60337173044872361  0.61285719124818283
  0.62189507655086829  0.63128733560373451  0.64111773181153708  0.65166949280278230
  0.66244720850683869  0.67355529568412986  0.68513748341953040  0.69666814595274729
  0.70843358156853464  0.72037959103280846  0.73155371426234495  0.74231840448071928
  0.75277404868699915  0.76348620563554614  0.77430152243224304  0.78502388879929152
  0.79576950763233645  0.80656741475206262  0.81725317411679232  0.82816066565722635
  0.83891497872315468  0.84954918582425176  0.86072894363733976  0.87255910585628682
  0.88473014123970539  0.89634382576861138  0.90721897009617358  0.91760546453115044
  0.92798768330133141  0.93821984788271051  0.94845479521312270  0.95864760210996081
  0.96858554492408777  0.97821228711457053  0.98849040051965043  1.00000000000000000
 -0.00229315525038169  0.01041640432196758  0.02126697480457274  0.03350592555411339
  0.04672684879175169  0.05908268218414912  0.07087027523976334  0.08179994942745193
  0.09233459139958400  0.10247735645603885  0.11312404494192255  0.12396084813265354
  0.13492459580292709  0.14584530524107206  0.15655728269997107  0.16744845454871071
  0.17846668467549096  0.19014302516850728  0.20266317025469446  0.21529747893765827
  0.22712912091423629  0.23882855936303210  0.25034972674429762  0.26150525484905196
  0.27285841127195232  0.28498868004864653  0.29725234551228696  0.30929335262420199
  0.32249605371848422  0.33636155389894273  0.34981711385513981  0.36226162144727503
  0.37470586911162862  0.38686452390151815  0.39901771053614188  0.41014526987558542
  0.42105732760114034  0.43216549123229608  0.44309927929258325  0.45446218211836470
  0.46547845518765374  0.47537976453993519  0.48434812009075867  0.49255212185184888
  0.50163852581311508  0.51125958867197829  0.52186391056587988  0.53298452242406458
  0.54455652681354505  0.55692416986269921  0.56961628660343600  0.58320525183610905
  0.59600313348941447  0.60777021654568231  0.61827031987627545  0.62841526824571459
  0.63870126770445090  0.64939854488610804  0.65958095000781514  0.66906620283628015
  0.67909057003166595  0.68973677412218393  0.70055360492578655  0.71072924895987577
  0.72054112008375437  0.72999875301434669  0.73976357976616514  0.74987786190300088
  0.75980736657301806  0.76957764196824574  0.77871114068758829  0.78635130183070157
  0.79337068535037392  0.80090809303045152  0.80905531334281500  0.81951849986282743
  0.83049151145915312  0.84104515105793554  0.85056439580723675  0.85992680239945307
  0.86937537021697964  0.87851003689588192  0.88733766321857199  0.89622524418203864
  0.90538467835667291  0.91379749423824908  0.92165205919270199  0.92927640703769576
  0.93726794186324192  0.94574700062115458  0.95431188340617723  0.96281199173145848
  0.97126856796057770  0.98020149878879526  0.98993418643607711  1.00000000000000000
 -0.00266982038539500  0.00898566548498841  0.01977452521933439  0.03258733235500968
  0.04319247104524897  0.05256386166969847  0.06127613189335921  0.06952376562764799
  0.07964871136181298  0.08837172837647099  0.09731690970823513  0.10622322237575754
  0.11668005763289560  0.12668675696611079  0.13661676269239562  0.14666284592416923
  0.15643726515369727  0.16594839836129574  0.17517097780123453  0.18453290293848484
  0.19414616413584512  0.20440022699046537  0.21560558931055529  0.22704915517129270
  0.23763876240875587  0.24820061990652528  0.25854819690527026  0.26896640512735381
  0.27946326596379789  0.28939540961895399  0.29856409365644937  0.30750820270429086
  0.31664082030667662  0.32777309569430052  0.33886404234952977  0.34952974302046991
  0.36022414545288589  0.37146536695247756  0.38248498181997015  0.39336493016751928
  0.40366953390378246  0.41418202993084180  0.42599801567103512  0.43745017480266957
  0.44907868112636712  0.46091936373890241  0.47364097747577433  0.48636185504395213
  0.49807489138519689  0.50868140167531495  0.51884132010116457  0.52928705789161778
  0.53987192350225810  0.55054867360028970  0.56179065913417126  0.57389419900402472
  0.58584236310986282  0.59553009889458475  0.60483186795453392  0.61326535809187999
  0.62192886080690846  0.63071650327857831  0.63972256627810264  0.64939733698089941
  0.65943738932069917  0.67093539883267939  0.68402456972535597  0.69724156718220265
  0.70956099824684271  0.72153416021413830  0.73244832297118001  0.74334459683184317
  0.75475630055365672  0.76700866872223172  0.78005754320566723  0.79181405678814454
  0.80226862716424829  0.81282345301557468  0.82387503520276884  0.83516984702754260
  0.84535056528780317  0.85482218891068396  0.86460569914446295  0.87527697554730288
  0.88617014241574898  0.89704001690033131  0.90814670164164790  0.91862717680521611
  0.92845774794682578  0.93800007921909379  0.94837814782426411  0.95945802548590675
  0.96966974779667081  0.97969520525203213  0.98945058503737371  1.00000000000000000
 -0.00247879993958203  0.01009501999337778  0.02119258001939741  0.03183464196769516
  0.04327186861754179  0.05493466888236157  0.06550058579735800  0.07632200937960218
  0.08699494058418006  0.09844891893845194  0.10875499569244393  0.11998304007998983
  0.13042472197604815  0.14204610722559219  0.15330979124958830  0.16522552824676145
  0.17787959093606118  0.19086242901248957  0.20267698585110458  0.21391637031619068
  0.22476452120955800  0.23565950371513572  0.24680988422438399  0.25900589900131399
  0.27090048286219492  0.28112141056497270  0.28976092532280678  0.29830733094323481
  0.30769826280780610  0.31724414748147373  0.32792919046670094  0.33981592823673246
  0.35188493393208037  0.36295349828640250  0.37405618534537288  0.38474438112044224
  0.39509480815467540  0.40493798276149440  0.41447115564161502  0.42552562314501197
  0.43787918542339238  0.45192002790552155  0.46433997772795799  0.47474269899683236
  0.48451256383194641  0.49424231275536906  0.50343105384520836  0.51222761458481747
  0.52121511785034114  0.53024683330298461  0.54035349744196859  0.54976775507640196
  0.55934456192457149  0.56916370195835309  0.57900193188594284  0.58963903582317401
  0.60041943791430075  0.61045083741591755  0.62004535969352759  0.62951260124043662
  0.63922266621479329  0.64931306788962229  0.65964503722567369  0.66983198273932265
  0.68000281444305088  0.69081597853375676  0.70232758085270630  0.71415898024615765
  0.72600564026447534  0.73707367297519166  0.74747846815023078  0.75777801720329563
  0.76779571048235151  0.77815815659056853  0.78781984557716866  0.79627494886025285
  0.80537907469392911  0.81407705840391587  0.82297858325438145  0.83310028535969494
  0.84261320168381959  0.85182531909428483  0.86175444816284175  0.87197262529012831
  0.88385839727354754  0.89480556456318294  0.90733206589780202  0.91911586566481374
  0.93026002378968065  0.94071028332846185  0.95081422126721760  0.96065136175126076
  0.96961016695499436  0.97889959883473987  0.98884214505881629  1.00000000000000000
 -0.00290696509200759  0.01222420370663850  0.02286556007008143  0.03300605122299959
  0.04315586619265830  0.05375231339168761  0.06472954477035189  0.07530424249477433
  0.08611141344925073  0.09751717369291754  0.10761982712271446  0.11719336266582700
  0.12662464137900292  0.13694489017917355  0.14727609288239063  0.15727106373013247
  0.16700082550283651  0.17692291254988932  0.18749775520615131  0.19816031656793398
  0.20814745803497414  0.21774587289846098  0.22702625332550846  0.23708661445074924
  0.24701784662689744  0.25748156585226178  0.26743084488544600  0.27705143392569825
  0.28578093583895597  0.29413293370527915  0.30301128442133018  0.31233455258149795
  0.32209677216140004  0.33142090989787659  0.34120805204431215  0.35199666205629060
  0.36386597187801062  0.37709484746741168  0.39014243390852094  0.40245179248189294
  0.41399101050201981  0.42465384425520386  0.43488063522284709  0.44483610404865459
  0.45518752420305136  0.46638223129448658  0.47660481060718901  0.48642628094536988
  0.49567409483170866  0.50559161235228078  0.51678208519448188  0.52712220178465441
  0.53674445194518439  0.54662446376600571  0.55631158285302129  0.56623127357390679
  0.57591834906293338  0.58584313358901829  0.59507972873669757  0.60390504187729332
  0.61348992109988532  0.62396578456074614  0.63424899195386752  0.64443785896466754
  0.65502499500125400  0.66563842606130841  0.67519807480532390  0.68389701296785332
  0.69380486477530223  0.70565607817641818  0.71647256099597045  0.72730137532041850
  0.73795598986932009  0.74883974128329600  0.76047883824930440  0.77233738798071239
  0.78509710587195336  0.79620301726527054  0.80704239753247287  0.81741683831561796
  0.82777009875641738  0.83911648378315018  0.84837943019411444  0.85757411826904317
  0.86655923797578793  0.87675236866814443  0.88966365550148618  0.90300018627300693
  0.91639564165693177  0.92903093144914428  0.94131652672691357  0.95332372086797335
  0.96588387475960336  0.97812616333463231  0.98952771909556103  1.00000000000000000
 -0.00154183152053457  0.00648711942538343  0.01315404374400312  0.02019100978365083
  0.02871542283514046  0.03690132438550179  0.04414812295695413  0.05101370800639871
  0.05750566264837031  0.06436200404570377  0.07428201794248317  0.08383016408855172
  0.09277023675639258  0.10195296451763236  0.11176137525512633  0.12214209157003324
  0.13083537592456934  0.13979517575895628  0.14887355208160569  0.15817737488532660
  0.16742995663514831  0.17700702284142456  0.18689441945638963  0.19810649779312481
  0.21044855862800987  0.22452409657720968  0.23785227365396497  0.25026589805097676
  0.26106161059791699  0.27150832103854633  0.28193259387598485  0.29298320892859514
  0.30434042699598496  0.31663406105007674  0.32979711156597663  0.34310190213635366
  0.35750624523609342  0.37134765776990553  0.38449132829759974  0.39669247402008623
  0.40877796629173452  0.42260615734594120  0.43768735083323801  0.45232780117109661
  0.46454780842063981  0.47584237006464325  0.48729134147638381  0.49746651002001013
  0.50742664738461807  0.51782449109115025  0.52960666908423437  0.54481017992171243
  0.55925169676578546  0.57330838088283409  0.58607015606506208  0.59780565710922373
  0.60935767564663035  0.62167081574393479  0.63493128608319938  0.64730479124003437
  0.65925419767506122  0.66984092802393480  0.68070777857622311  0.69266265843876607
  0.70568055541848651  0.71771564036564783  0.72915609363591050  0.74062909245274655
  0.75216375176211492  0.76326578008016033  0.77456518359809412  0.78599095434486843
  0.79698773251863808  0.80748944735548889  0.81792293850816167  0.82914918276917415
  0.84122226560720204  0.85350706282061839  0.86373782771906982  0.87332666577246587
  0.88195085281309904  0.89052052818834182  0.89945734412193745  0.90832316005998515
  0.91634828565015802  0.92363915881492709  0.93035508838606651  0.93739264984672677
  0.94469033587738582  0.95238451439518279  0.95990460395679122  0.96705025727362914
  0.97460541641649612  0.98254252959892741  0.99150221773787306  1.00000000000000000
 -0.00233491876805512  0.00874295339115247  0.01844024644708294  0.02992932971092885
  0.04002491152712918  0.05034126236165130  0.06080419255045940  0.07203271769680165
  0.08374343327539209  0.09567009809804931  0.10788967057614009  0.12054054235460318
  0.13179780719186185  0.14228026273015529  0.15213828518856054  0.16191626611602528
  0.17186877260343381  0.18205620072076015  0.19258707002402914  0.20376026506634390
  0.21548481466977759  0.22731648192465992  0.23960422439189935  0.25101860725659059
  0.26172761683785128  0.27316143550532113  0.28555005459803756  0.29677194552453751
  0.30677699555291649  0.31588224730938119  0.32585989807253074  0.33596862206385347
  0.34683416571956938  0.35804141490940283  0.36876726707822127  0.37871162040689926
  0.38808962051632018  0.39812358155096661  0.40812744295051473  0.41799671358899876
  0.42742820946929777  0.43667973330631665  0.44695180087197411  0.45689674677751646
  0.46608893337583862  0.47497477212495404  0.48412752374606755  0.49364005056775867
  0.50210453308566294  0.51013751390285289  0.51840547003825221  0.52674614551054177
  0.53680631284401681  0.54595840053344058  0.55522207593054951  0.56503649535980471
  0.57495769543311404  0.58535650426352370  0.59580215403768944  0.60602742614219451
  0.61681603551892994  0.62763340803628909  0.63782977368157234  0.64759595260278335
  0.65759724220847016  0.66769590450778449  0.67808330295604646  0.68911317560005503
  0.70110453834439701  0.71229997561221525  0.72315381056049477  0.73446547539067775
  0.74656282500802007  0.75843520591451674  0.77046661040090403  0.78295901417167213
  0.79456311625881171  0.80546462992718404  0.81658805573312387  0.82654927675851320
  0.83632893542994946  0.84512560403764092  0.85362438365801918  0.86211258458094331
  0.87025244624819553  0.88101750199148654  0.89300102520337232  0.90655395069465927
  0.91911908121527963  0.93074559818095093  0.94186062712327623  0.95273453532539942
  0.96341800164108182  0.97480248888463272  0.98652598750121301  1.00000000000000000
 -0.00214771365234379  0.01012734981781174  0.02162399469506431  0.03283791547452414
  0.04511731066488787  0.05633189496222644  0.06628719214662376  0.07561521401859427
  0.08659868887894795  0.09983437473706659  0.10981860945713044  0.11819620879861018
  0.12552015460297333  0.13360566047658737  0.14289324687067240  0.15196506342651445
  0.16011822765424413  0.16776430044775928  0.17717140848997989  0.18675753204994716
  0.19684770394548781  0.20662870699588876  0.21592503458234658  0.22622612626527985
  0.23693231776357468  0.24685532861780848  0.25574116469146679  0.26390023347381014
  0.27227517968891335  0.28100836890159608  0.29010110669563044  0.29995792057462733
  0.31082023346762866  0.32202095382087143  0.33288922337534921  0.34345702967988201
  0.35413190035073649  0.36495590395033628  0.37550224227188000  0.38605111972588768
  0.39688452190123302  0.40791499496001510  0.41911254771348105  0.43046648913413860
  0.44280995089670427  0.45538421799762563  0.46727671524354836  0.47838341499789694
  0.48808656162521941  0.49693242653108083  0.50573755826653366  0.51511086635989101
  0.52607990881813893  0.53573999138929673  0.54471645643154853  0.55388345827675889
  0.56270163267893347  0.57263093795657738  0.58205791404940588  0.59376468747086097
  0.60506035089958665  0.61559327899423488  0.62504702833589876  0.63493114841396792
  0.64517122803146298  0.65619975383587548  0.66774897361467411  0.67962360735350213
  0.69098141981961236  0.70173063683505266  0.71261521973263098  0.72399085450932199
  0.73611275102911744  0.74824338734185081  0.76057063155915161  0.77304368123468969
  0.78617590358787848  0.79918507839182895  0.81085469576377744  0.82135913037094088
  0.83161199949078213  0.84144479858119614  0.85117411439980195  0.86108900131307620
  0.87160048622035347  0.88390465670048746  0.89675664142386924  0.90847782319247150
  0.91941595055225755  0.93028162204643261  0.94233995403358650  0.95381222694438850
  0.96492211129460370  0.97526912093723150  0.98741082258904678  1.00000000000000000
  0.59450621563176032  0.65563693458839978  0.67231718025957210  0.68592973581811834
  0.69895904467014813  0.70990480441499715  0.72002885655408067  0.72964773394551186
  0.73958814224294311  0.74911272950365038  0.75740908173774513  0.76488850965229027
  0.77222148331217999  0.77974969310353048  0.78687213858127303  0.79357435327588066
  0.80000081963582714  0.80644891752083081  0.81266773194367636  0.81829980398693281
  0.82342506201673327  0.82804206739115671  0.83250286781781935  0.83671815788852577
  0.84155722204150807  0.84590562215366427  0.84998206026142953  0.85383887772302436
  0.85755564076361457  0.86104703329898447  0.86438032338746895  0.86755420556116258
  0.87069702518338699  0.87372181805948479  0.87676158993311670  0.87989370667776678
  0.88321530555818006  0.88653799383366361  0.88962615292850022  0.89242623018183198
  0.89498237257019475  0.89738801380222943  0.89969177365413711  0.90201195166722203
  0.90433921081564628  0.90670551368588292  0.90900474406408671  0.91129620376787290
  0.91357959523566690  0.91581959519394229  0.91801730627752154  0.92009852199614661
  0.92208596986930702  0.92400711247891198  0.92586451896555233  0.92795462549306762
  0.92999051889581685  0.93192564677348522  0.93376562495935167  0.93563664342835506
  0.93758910423521580  0.93951396512518814  0.94140548944554070  0.94321538364179791
  0.94494382411541766  0.94663246217323638  0.94829304853289698  0.94994229244450901
  0.95165942201180387  0.95349319578357350  0.95532534229362043  0.95712128053469891
  0.95886945105016297  0.96056534642548086  0.96230887309955770  0.96401989573184022
  0.96562762301689575  0.96726040823751158  0.96888965677556393  0.97057079861889106
  0.97236623027793823  0.97408602934297972  0.97562756140389117  0.97706130344002229
  0.97848383183326548  0.97997750474932310  0.98154135782815111  0.98325209290442817
  0.98501029802081164  0.98671315445910412  0.98839200974100294  0.99025849032114266
  0.99213766514111690  0.99435007626603300  0.99705995132479797  1.00000000000000000
  0.01462348615924394  0.13397543862889538  0.17168617146522777  0.19390606117564466
  0.21002330909154113  0.22559959434629484  0.23971935813137016  0.25263253212532477
  0.26310510738294651  0.27278671676579153  0.28194827339519640  0.29059548553285675
  0.29857682658991186  0.30615390821829386  0.31346462975635719  0.32070476925458613
  0.32824371378512224  0.33568759962326661  0.34251517586916513  0.34880810779819926
  0.35490138330740079  0.36065986623328289  0.36664198258798936  0.37240153125042125
  0.37763560738755725  0.38285660333391708  0.38816775054745872  0.39352582858880142
  0.39856168531920205  0.40356170025149735  0.40858051288760150  0.41368915700102710
  0.41888219641865027  0.42400169824384148  0.42902129341077300  0.43373668534702342
  0.43835913077453309  0.44319307142790310  0.44817839096648460  0.45339054210052004
  0.45842790655622001  0.46347982020510875  0.46843526687684101  0.47315974107767694
  0.47762966357218345  0.48168225710038293  0.48541705978898292  0.48900527395167742
  0.49229860242108675  0.49556679505509943  0.49911596397566926  0.50282007970637510
  0.50765378676280171  0.51261667922579146  0.51665377489608022  0.52053113088874292
  0.52443154013573312  0.52840268905871424  0.53292789665871199  0.53760246159779679
  0.54204209226976996  0.54633348629773493  0.55056460451842881  0.55471633259719533
  0.55893741341779424  0.56344176085640463  0.56864746221973772  0.57417276617972779
  0.57984515121319069  0.58592147523402149  0.59206294066902698  0.59842947589824713
  0.60473735496106806  0.61101877559870665  0.61720513327184501  0.62324094289424481
  0.62935359585052009  0.63572829950643972  0.64218201474811420  0.64912424711824235
  0.65671018180275520  0.66430324560710341  0.67241879846435293  0.68042504522014657
  0.68867139230635366  0.69746694553332811  0.70641631706980790  0.71561569257257340
  0.72485838579850992  0.73457036551042276  0.74506472683620806  0.75731820253744009
  0.77362428757842916  0.79534267809552739  0.83079048941220834  1.00000000000000000
   2.3259735909312271E-010  -1.0000000000000000     
 F F F F F F F F F F F F F F F F F F F F F F F F F F F F F F F F F F F F F F F F F F F F F F F F F F F F F F F F F F F F F F F F F F F F F F F F F F F F F F F F F F F F F F F F F F F F F F F F F F F F F F F F F F F F F F F F F F F F F F F F F F F F F F F F F F F F F F F F F F F F F F F F F F F F F F F F F F F F F F F F F F F F F F F F F F F F F F F F F F F F F F F F F F F F F F F F F F F F F F F F F F F F F F F F F F F F F F F F F F F F F F F F F F F F F F F F F F F F F F F F F F F F F F F F F F F F F F F F F F F F F F F F F F F F F F F F F F F F F F F F F F F F F F F F F F F F F F F F F F F F F F F F F F F F F F F F F F F F F F F F F F F F F F F F F F F F F F F F F F F F F F F F F F F F F F F F F F F F F F F F F F F F F F F F F F F F F F F F F F F F F F F F F F F F F F F F F F F F F F F F F F F F F F F F F F F F F F F F F F F F F F F F F F F F F F F F F F F F F F F F F F F F F F F F F F F F F F F F F F F F F F F F F F F F F F F F F F F F F F F F F F F F F F F F F F F F F F F F F F F F F F F F F F F F F F F F
  <DiscreteSampler_grid>
  grouped_processes
  1 # 1 for a reference and 2 for a running grid.
  10 # Attribute 'min_bin_probing_points' of the grid.
  1 # Attribute 'grid_mode' of the grid. 1=='default',2=='initialization'
  0.0000000000000000 # Attribute 'small_contrib_threshold' of the grid.
  0.5000000000000000 # Attribute 'damping_power' of the grid.
 # binID   n_entries weight   weight_sqr   abs_weight
    241   10   3.325290651384414E-005   9.395970028508483E-009   3.325290651384414E-005
    242   10   3.325290651384412E-005   9.395970028508479E-009   3.325290651384412E-005
    244   10   3.325290651384414E-005   9.395970028508483E-009   3.325290651384414E-005
    245   10   3.325290651384412E-005   9.395970028508479E-009   3.325290651384412E-005
    253   10   7.177553647573064E-005   4.812144843112818E-008   7.177553647573064E-005
    256   10   7.177553647573064E-005   4.812144843112818E-008   7.177553647573064E-005
    265   10   6.869498489268610E-005   4.340513853519228E-008   6.869498489268610E-005
    266   10   6.869498489268607E-005   4.340513853519226E-008   6.869498489268607E-005
    268   10   6.869498489268610E-005   4.340513853519228E-008   6.869498489268610E-005
    269   10   6.869498489268607E-005   4.340513853519226E-008   6.869498489268607E-005
  </DiscreteSampler_grid>
