  0.00338285508991793  0.01317627299833959  0.02515594206419346  0.03651349018767402
  0.04788902821558948  0.05932370501540847  0.07134851195684409  0.08444172751916866
  0.09953799609233988  0.11029508512963804  0.12110726703845021  0.13071063091264573
  0.13947682513232473  0.14812997841797299  0.15649888534359993  0.16786233198674633
  0.18033828283235484  0.18974533511460359  0.19706400044355793  0.20287833737217237
  0.20821923112749549  0.21321845596780428  0.21926584180278591  0.22916061426350889
  0.23763702089882974  0.24422156220093860  0.24892506220363925  0.25392202795339613
  0.26014744370478871  0.26748577470447304  0.27921410353865922  0.29324526169967957
  0.30608627367371227  0.31937553008486491  0.33105770241186916  0.34216532945163858
  0.35293119576463738  0.36554575369238801  0.37824052260008267  0.39121472732085288
  0.40397508743490884  0.41816337172751078  0.43282388976669450  0.44715998543507102
  0.45995475128990948  0.47205995942264883  0.48392365967648610  0.49350796713673689
  0.50246882708861462  0.50754411545173084  0.51314690979886346  0.51893403981064956
  0.52458008282226865  0.53106819505117719  0.53898558450197243  0.54867646412917848
  0.55711206697087834  0.56616970586207638  0.57749878247719455  0.59070973443096986
  0.60368829366082932  0.61489925294228553  0.62530442738159320  0.63528415203488364
  0.64608187127933903  0.65756935523183113  0.66854467408217799  0.67903659876961675
  0.68954142958842712  0.70031205478772163  0.71158570037143343  0.72234504172783243
  0.73518708477184580  0.74738075481817701  0.76034425794993621  0.77269659117588252
  0.78507245587439367  0.79848074101756528  0.81167539929611365  0.82368138429490989
  0.83513247466505869  0.84666432332537378  0.85792233598605616  0.86706358061828126
  0.87526924915543125  0.88339946804506020  0.89144395338841498  0.90247541590461589
  0.91567139380153295  0.92902246866035409  0.94088989023210057  0.95176701894007365
  0.96212070027926222  0.97178355819985296  0.98499538428884070  1.00000000000000000
  0.00000301431525084  0.00000309512492078  0.00000316756723691  0.00000324035548332
  0.00000331446110741  0.00000338793206560  0.00000346516426150  0.00000354247482982
  0.00000361651166059  0.00000368226397747  0.00000375861702901  0.00000384652041274
  0.00000399482083465  0.00000415129419503  0.00000428264182815  0.00000443765059260
  0.00000458923101597  0.00000473965655346  0.00000489459460758  0.00000509881152906
  0.00000536868128077  0.00000567889977978  0.00000597901993670  0.00000626560393529
  0.00000656938102337  0.00000688942503073  0.00000720954823640  0.00000752671931085
  0.00000782531987890  0.00000813396987895  0.00000848434368300  0.00000880663421887
  0.00000910138404099  0.00000938616602555  0.00000968492118866  0.00001016988612600
  0.00001071925873644  0.00001136276490890  0.00001231976628439  0.00001334737257311
  0.00001439365028008  0.00001545527812602  0.00001654958881248  0.00001779365436572
  0.00001926612149340  0.00002074625533100  0.00002208380533015  0.00002343656453153
  0.00002484059937188  0.00002640908784548  0.00002832869482498  0.00003052775180981
  0.00003285425987918  0.00003518042520365  0.00003782468909339  0.00004076756363041
  0.00004426958873174  0.00004852618775005  0.00005340179184747  0.00005910239350572
  0.00006459788446318  0.00007047920251042  0.00007544464915559  0.00008109326201235
  0.00008801428042055  0.00009673250598104  0.00010582532387592  0.00011885724730463
  0.00013215876155229  0.00014771079292676  0.00016517739453220  0.00018941840311736
  0.00022271558019795  0.00026278253797035  0.00031063643510395  0.00035137792876015
  0.00039119503602000  0.00043609747893917  0.00049531371668919  0.00057791856131747
  0.00068045989214888  0.00078604160506633  0.00092392791681420  0.00106175095452835
  0.00126539049071443  0.00147683065650378  0.00173710936474138  0.00213644013982199
  0.00282071783610913  0.00388659407348282  0.00451121727086603  0.00504270974930671
  0.00593344137469501  0.01455955404727345  0.12029232115827343  1.00000000000000000
  0.00000404033426134  0.00000469400481000  0.00000516088828167  0.00000562777175333
  0.00000609465522500  0.00000637823807199  0.00000644410782491  0.00000650997757782
  0.00000657584733073  0.00000684287197305  0.00000730812695666  0.00000781554812815
  0.00000842214868523  0.00000899052193623  0.00000943668476564  0.00000992558383350
  0.00001041340701725  0.00001089314349881  0.00001133029517320  0.00001176774541978
  0.00001228714966487  0.00001285908475315  0.00001346916661355  0.00001408165813840
  0.00001470966819151  0.00001542752186069  0.00001615914158115  0.00001681317298078
  0.00001751346008169  0.00001812444568798  0.00001873821257568  0.00001935001409690
  0.00001992814542093  0.00002072526274851  0.00002171894510526  0.00002276293667531
  0.00002378395232206  0.00002488439452005  0.00002594748551283  0.00002697311381746
  0.00002834178236363  0.00002974204814783  0.00003128998310454  0.00003305518777096
  0.00003501765190496  0.00003711761170201  0.00003918533669465  0.00004162847766153
  0.00004402599970898  0.00004637127084066  0.00004869451248832  0.00005112549377309
  0.00005374617677972  0.00005665484375834  0.00005971305518017  0.00006255925234809
  0.00006536465485019  0.00006819201144073  0.00007243213760079  0.00007673476770249
  0.00008229716094975  0.00008867869122951  0.00009593653389315  0.00010427700747071
  0.00011357586509414  0.00012491233195225  0.00013639385192302  0.00015052328220432
  0.00016550478250699  0.00017977705204927  0.00019399724772123  0.00020924274449169
  0.00022497568309492  0.00024251194478991  0.00026032624564549  0.00028574841319227
  0.00031636780779807  0.00035073000554090  0.00039172750615550  0.00043708415396005
  0.00048982769098827  0.00054700983534005  0.00061683841482350  0.00070532329650751
  0.00080790618891800  0.00092281480948443  0.00104451808393872  0.00121368413012187
  0.00140582520037184  0.00161918725012048  0.00193743885168867  0.00269835971733903
  0.00427071364905601  0.00684664558228905  0.10738560902766307  1.00000000000000000
  0.00000384758102904  0.00000505278708442  0.00000574395509681  0.00000634847451658
  0.00000688817666118  0.00000748993595171  0.00000807286118637  0.00000862015595049
  0.00000916839451511  0.00000965110125617  0.00001027982709235  0.00001098928620104
  0.00001176671803984  0.00001279897694896  0.00001399515459282  0.00001525921715179
  0.00001649329556494  0.00001766308855815  0.00001882958275488  0.00002004535136828
  0.00002153139481274  0.00002334196348303  0.00002530988240813  0.00002737636131389
  0.00002962525737684  0.00003225216371250  0.00003496000787068  0.00003768214656231
  0.00004051032060993  0.00004317749066937  0.00004594741864733  0.00004879737473248
  0.00005176261866729  0.00005513152955233  0.00005908748433790  0.00006347136341599
  0.00006776597387919  0.00007256447149240  0.00007751051959110  0.00008293815909145
  0.00008937333518773  0.00009589657743359  0.00010262098855461  0.00010859004953259
  0.00011444754995309  0.00012063339523223  0.00012733658403637  0.00013460140661831
  0.00014272390119895  0.00015074238408872  0.00015851203808513  0.00016865738466589
  0.00018152855234068  0.00019417571193976  0.00020621657608469  0.00021708359875141
  0.00022793137811429  0.00024013716864491  0.00025437131729326  0.00027051329946456
  0.00028864754298317  0.00030965016638649  0.00033301565698669  0.00036110122750015
  0.00039202706364276  0.00042338582555766  0.00045970048585523  0.00049699069324480
  0.00054291635102170  0.00059581811095977  0.00066275488009722  0.00074172205674564
  0.00080799072080942  0.00086065633321303  0.00091523274909590  0.00097637897957032
  0.00104422342562068  0.00112685089578039  0.00120203901624707  0.00136443119459783
  0.00148036941843150  0.00161061638096654  0.00175394296032893  0.00192987135893500
  0.00215269039605181  0.00236713346146377  0.00252713814725832  0.00270424936770769
  0.00292477600852066  0.00325197008965287  0.00374607125330128  0.00502760047967428
  0.00679632208900607  0.00875049221197361  0.06004413912718558  1.00000000000000000
 -0.00371525872574499  0.02004497838003183  0.03163862665928954  0.04308922423435136
  0.05687578745219837  0.07270296451691287  0.08884450311861504  0.10490535249580327
  0.11697984046775374  0.12888730584086802  0.14090327562404867  0.15375662047225311
  0.16923394935089880  0.18206677143990732  0.19334420074166100  0.20371619299882582
  0.21545049979816761  0.22824973976282276  0.24150272103572809  0.25469673523399022
  0.26526425280743693  0.27490908661382651  0.28361370481132159  0.29324933044183793
  0.30345484626201619  0.31169133398231852  0.31925897169550393  0.32673498482341456
  0.33537538874211914  0.34745129267053326  0.36007344112830481  0.37112103482842446
  0.37991872300741791  0.38678909988492327  0.39565416555794092  0.40430787374458910
  0.41207417968536170  0.42011698243254536  0.42828535120249484  0.43579145050174950
  0.44570545193476896  0.45703135441753334  0.46922497065143881  0.48217339385454394
  0.49467863425884212  0.50916447612959082  0.52291240161783359  0.53632863658581786
  0.54920378633457811  0.56221738650658581  0.57408473156638296  0.58517145060617592
  0.59555362762655251  0.60412122923841538  0.61138014064069057  0.61760307716460128
  0.62469881436638897  0.63131612869063514  0.63841678487761677  0.64510128930371946
  0.65124224366687056  0.65759321354609601  0.66637589554634247  0.67918033117035559
  0.69210803423069844  0.70421068115719743  0.71489280544130951  0.72360998369904128
  0.73197104620257480  0.74055176517692978  0.75054936793770388  0.76160706545257983
  0.77223761337495223  0.78220377897776305  0.79182089586924531  0.80145429289396197
  0.81172422880151462  0.82131873168216463  0.82974600543784749  0.83791743895759629
  0.84626502213146049  0.85541531789052605  0.86694147883109729  0.87988782693266443
  0.89250009751201431  0.90401653733381715  0.91437594891457530  0.92421546307418079
  0.93562470853022961  0.94719339896346566  0.95813095239966006  0.96763397762908288
  0.97631900833983987  0.98466389294815715  0.99263507512235116  1.00000000000000000
 -0.00331824162816374  0.01226809345192630  0.02572063666719982  0.03837549676396748
  0.05116849582907119  0.06262817286044621  0.07142148399779739  0.07823718901390697
  0.08557356714080530  0.09197566078347613  0.10141653351660819  0.11004923285316089
  0.11959826041165962  0.12867611597260767  0.13608230316431780  0.14226044002043553
  0.14898257400358161  0.15726745001717601  0.16633382737183772  0.17606895327097258
  0.18524972891527777  0.19550400737506127  0.20561488871406589  0.21431153059948918
  0.22241118625617284  0.23266462690896386  0.24359791051151439  0.25445858418449613
  0.26364509336096476  0.27330838883183745  0.28394777486144701  0.29353865184939604
  0.30334330630867895  0.31372106251886822  0.32602357342471600  0.33980421699504071
  0.35397008608214420  0.36575302373679991  0.37524355611664750  0.38473662970222866
  0.39359715200216078  0.40330031183105375  0.41358510004083920  0.42740877421883411
  0.44330611027346467  0.45600696575398081  0.46711960084458548  0.47766478234233356
  0.48775597871442350  0.49931113200266741  0.51054880580530615  0.52152478869227137
  0.53149054334551504  0.54067777853011989  0.54934170747247735  0.55754780476221910
  0.56573862373074979  0.57281366087887153  0.58121003192467757  0.59147151146751020
  0.60017394792860512  0.60800767730471439  0.61529011406822498  0.62277572720022067
  0.63323795659145188  0.64675918443015323  0.65996111778888233  0.66947241193658436
  0.67910959673856386  0.68935027684310568  0.70015302288444037  0.71172888849936522
  0.72246306389662640  0.73231924453542152  0.74315758516641983  0.75448870187804906
  0.76721444896885260  0.77900189031205125  0.79132563797706179  0.80526227073574841
  0.81999444335240979  0.83236550067359771  0.84357956161441694  0.85435640052245854
  0.86463696307479276  0.87616160179870628  0.88768262798683906  0.90064051796195577
  0.91376853026720484  0.92545488798538333  0.93709480464912887  0.94862359498609838
  0.96123250741514754  0.97321332598151566  0.98610646090431342  1.00000000000000000
 -0.00139982954858013  0.00980651365553959  0.01953121905335965  0.02864628439005689
  0.03788077349045318  0.04822666832938220  0.05874228493939457  0.07009510867378724
  0.08232439051750653  0.09399232631692468  0.10453683477747740  0.11391711110397042
  0.12336161874547774  0.13416957915333502  0.14696581328754840  0.16036036657618305
  0.17366727049405345  0.18583166388000116  0.19565421400828842  0.20530509912024295
  0.21526092197863964  0.22555285015206805  0.23632747647650104  0.24732335861818355
  0.25846684449729146  0.27225020660866267  0.28720469553274924  0.30127649172094356
  0.31480487269460039  0.32722126298470172  0.33942813836104047  0.35231402502178594
  0.36534006019316745  0.37717312801998248  0.38847684335924826  0.39817975205884354
  0.40721744948054212  0.41670252527593110  0.42781633444378009  0.44027529877096427
  0.45227927510520755  0.46356220611253729  0.47577758123935210  0.48939338130524268
  0.50145710612040684  0.51026554465889584  0.51648454079452299  0.52212558713354762
  0.52765090260234793  0.53386083147762775  0.54180407019840415  0.54887847451812344
  0.55654353916388488  0.56361643773863457  0.57014429032720582  0.57670367355688490
  0.58465751088160300  0.59353722437895040  0.60309082860538599  0.61253263451230622
  0.61964928259521512  0.62737353288660036  0.63510299686750860  0.64326625093512946
  0.65170291823127824  0.65988031935223723  0.66921350522718981  0.67987759407767379
  0.69031914744695955  0.70037560246497632  0.71227816909597597  0.72582287804458911
  0.73872224951516285  0.75053424513855360  0.76192687073307563  0.77288796501450407
  0.78329879346333819  0.79333755334104672  0.80238998578628662  0.81226099838396359
  0.82406165242718532  0.83529627192943801  0.84650867842315292  0.85581482413196153
  0.86584397693012993  0.87706539591259347  0.88966577120233703  0.90228245445040356
  0.91302579402092132  0.92346140197580673  0.93454424099904287  0.94656751484909285
  0.96031012706754448  0.97385526039249393  0.98731975384761117  1.00000000000000000
 -0.00003030208216577  0.00021039967003696  0.00042802745953223  0.00060052278477130
  0.00076966261643290  0.00089271449436612  0.00100980214343927  0.00111479574254926
  0.00122352465830424  0.00133996419695223  0.00146202281671017  0.00159399680318701
  0.00174145677564770  0.00191785927137853  0.00208929092874913  0.00225845806965190
  0.00242495228204196  0.00257777850953672  0.00272266718145994  0.00286127094327732
  0.00300858758015787  0.00316637959798433  0.00333759408700953  0.00352223255374247
  0.00371147794851263  0.00388120005111374  0.00405512413683590  0.00423988846858661
  0.00441214245811338  0.00458981373083416  0.00478028511280912  0.00498559444091133
  0.00519930473832835  0.00542791746795152  0.00568238875734547  0.00593388009607577
  0.00613428268792114  0.00633467406299325  0.00653505317776062  0.00673931786299745
  0.00694612567608947  0.00720819235116033  0.00750265916712621  0.00781402021785026
  0.00812529103520025  0.00841429060561364  0.00864486962811987  0.00882174707589922
  0.00899497180785253  0.00916737412506596  0.00934020128941735  0.00960733627122089
  0.00992270131629115  0.01025421948162983  0.01053197619366285  0.01080851383343422
  0.01110162165269383  0.01146092560766936  0.01184194400049105  0.01216324512981656
  0.01247511960136424  0.01278893421091401  0.01310518080272425  0.01342657459107024
  0.01373800989807814  0.01407073869018651  0.01447108253754815  0.01487899397827886
  0.01533615947843637  0.01580107050059080  0.01658325126770822  0.01722341688150488
  0.01778025732495344  0.01823240527786669  0.01871172101871424  0.01935523023531200
  0.01995043080123530  0.02051143109599457  0.02129046916206524  0.02211206114646468
  0.02374053883063014  0.02643384480810887  0.02971195103853387  0.03055210161297343
  0.03127142522111197  0.03570333745462616  0.03799208168096867  0.03888974734264744
  0.03959590424196046  0.04046426785555498  0.04341850193898939  0.04480952166646320
  0.04620242574370369  0.06459250956544392  0.17237917122446589  1.00000000000000000
 -0.00320113730359140  0.01117757503412346  0.02271863135460015  0.03320683057180327
  0.04363827142871327  0.05482044778099433  0.06600916025846103  0.07588106868776426
  0.08347830022362901  0.09010814596235575  0.09729311055514378  0.10662016330128779
  0.11807672412007683  0.13033725590075068  0.14234897312328568  0.15489677711198635
  0.16715425275197976  0.17960017323435487  0.19366017754661619  0.20663366498952240
  0.21820524058189181  0.22926955797385851  0.24095411189193219  0.25494303789614697
  0.26776725442971694  0.28106404309248512  0.29140936903367209  0.29990262760995601
  0.30605395201692032  0.31220342698559583  0.31841280150739742  0.32901487443985439
  0.34073590460357550  0.35388901822821267  0.36957565877520748  0.38413589807644705
  0.39918005528654310  0.41351280466877988  0.42556730822860600  0.43790030844748001
  0.44999956012944387  0.46162289102231613  0.47015129585860371  0.47681957575434936
  0.48255539068404463  0.48758152412543415  0.49286370659408452  0.50042826509019578
  0.50963243988506823  0.51834555804542215  0.52930387335368789  0.54027131229700698
  0.55188109438657285  0.56372088100306184  0.57529542843905945  0.58633708397153650
  0.59709452107191197  0.60823632042209352  0.61900576153191389  0.63035623196994472
  0.64223664999972541  0.65467910996189294  0.66979703774964816  0.68381154376450137
  0.69606751797229938  0.70597271227681613  0.71543293814148456  0.72533488853578976
  0.73530168758980252  0.74513957016895271  0.75452941644876537  0.76310040618530650
  0.77228460914599706  0.78336969365282949  0.79920480071833244  0.81516452720307375
  0.83000970713325517  0.84321524163296879  0.85401567842070614  0.86304152165541093
  0.87207555481418975  0.87842651514309367  0.88230082520754161  0.88591071339562777
  0.88966991975837362  0.89392537942850281  0.90280599098325620  0.91260582486784803
  0.92155116366699552  0.92854008002610722  0.93482785316726291  0.94447558662151132
  0.95763135726152182  0.97083503059745035  0.98535848585251828  1.00000000000000000
 -0.00007110058783258  0.00003546446159030  0.00014202951101318  0.00031999616834729
  0.00050737093155384  0.00061612404404359  0.00071590271654332  0.00080928560018890
  0.00090353223835589  0.00099573238771241  0.00108516308062014  0.00117865801217333
  0.00127529587445096  0.00137867899285878  0.00148668052966272  0.00159823207383976
  0.00171573601097213  0.00183096904598463  0.00194425419152070  0.00205571971740670
  0.00216824256458112  0.00229444365348480  0.00243483663063392  0.00259126341683565
  0.00272343249120748  0.00286232282986633  0.00301113222036544  0.00314717132755874
  0.00328151252579606  0.00341312830488968  0.00354346338726212  0.00367235547017684
  0.00380103562184451  0.00392961242231382  0.00406160988572810  0.00419395363630059
  0.00432552632803226  0.00446504832075195  0.00461300223175784  0.00478225632809109
  0.00496083133574976  0.00515832246184408  0.00538857724849378  0.00565569556856208
  0.00590214764544902  0.00611857174726983  0.00634397973787113  0.00658398888852256
  0.00683463679218839  0.00700467436942722  0.00720298823947174  0.00742346072887944
  0.00752517805021827  0.00758563316998854  0.00764608759499151  0.00770630420749099
  0.00776652081999046  0.00782675056398531  0.00788702650142195  0.00794730243885859
  0.00807250688240258  0.00828387368518248  0.00846779341107832  0.00874376580173235
  0.00908940259885258  0.00937497233525964  0.00961984054279292  0.00984023852252980
  0.01002443316600926  0.01026361349605836  0.01053700603688120  0.01084786703674849
  0.01112263325779014  0.01133974573131779  0.01154911008260160  0.01174958308669024
  0.01213531946207078  0.01242977485154829  0.01267966123226099  0.01293602041563173
  0.01342430710534838  0.01421110921416441  0.01458389534902000  0.01493563520856260
  0.01528330285696839  0.01597056254932364  0.02354036988038167  0.02435946829521779
  0.02511263675172408  0.02569290072905469  0.02624010991527214  0.02726198867982479
  0.02853261996496839  0.03381599463523050  0.13073708480595184  1.00000000000000000
 -0.00225061710731162  0.00375500543249515  0.00978741667635850  0.01591025086935398
  0.02246497321535328  0.02955693173213188  0.03769977283356302  0.04482566988233495
  0.05233658638163861  0.06025513585438957  0.06754420262383755  0.07461800187262334
  0.08136825004637892  0.08688931926526422  0.09274623260279509  0.09901366273251620
  0.10624032450517625  0.11593061003227649  0.12581069747098270  0.13589832851899214
  0.14498165407583868  0.15290668888411965  0.15983378823473540  0.16678617282565095
  0.17534265763810042  0.18544789827728345  0.19607811707290324  0.20760351535017776
  0.21921335108996820  0.23049973811509483  0.24124199581169087  0.25174732889321622
  0.26225394527349510  0.27371220457097672  0.28674251335798712  0.29847197685563087
  0.31149461891315350  0.32458166965379481  0.33829168151191386  0.35250461048512538
  0.36775796607180988  0.38380917490283234  0.40068246970579746  0.41803551407805190
  0.43542352708674542  0.45226505709091275  0.47004482218129284  0.48891360508474602
  0.50710787004897750  0.52466584588400345  0.54274217511494249  0.55438588457319182
  0.56489473470164464  0.57685468812405261  0.59356984318391626  0.60969635681446144
  0.62456752693646000  0.63982827827325905  0.65522503578640356  0.67032913688293860
  0.68506039162068277  0.70105210072710100  0.71888771747982982  0.73568350923577619
  0.74915588034291469  0.76133911827758838  0.77173371634267629  0.78034128869919006
  0.78928360026822364  0.79733272102488884  0.80507570141852158  0.81344409207020951
  0.82073510509880954  0.82707447375942800  0.83315487984008152  0.83944627430085494
  0.84541690763464916  0.85081324936632563  0.85706261632701397  0.86429682375793004
  0.87287590049653196  0.88300890929511633  0.89317971948136321  0.90389911366967868
  0.91223398663792377  0.92110996883384799  0.92978628462737212  0.93699264471346966
  0.94587425236602585  0.95451025488647023  0.96255299176412701  0.97206874256129494
  0.98002000906777165  0.98725000899654325  0.99381208885332473  1.00000000000000000
  0.51331595776969141  0.58024297220923393  0.60030631559738867  0.61636295788888207
  0.63225007364080266  0.64660168912018745  0.66194157127116560  0.67645880124733937
  0.68865508666636532  0.69881487536586273  0.71032152258922310  0.71920853514662830
  0.72916791508831980  0.73885995995191922  0.74732380000317022  0.75479763520067644
  0.76214730984839885  0.77008138886506849  0.77842299786801561  0.78678418796448990
  0.79427175642254466  0.80133483665521510  0.80853855654747320  0.81578878287277201
  0.82210881650055134  0.82801350452257172  0.83367192859266659  0.83889442432170869
  0.84373584606882823  0.84912428972784360  0.85438389639851775  0.85975110434468005
  0.86478777978662580  0.86948507942347397  0.87387029154563745  0.87771192657110841
  0.88119981315014229  0.88439816819980466  0.88765779261243660  0.89094732237813357
  0.89459597501488297  0.89852628170596505  0.90217983411115510  0.90562236237704274
  0.90894852579813001  0.91208827625949129  0.91489532579937105  0.91748711556922036
  0.91999134316200626  0.92262672284970393  0.92542392075851099  0.92810591209555127
  0.93070142777595755  0.93314362295278752  0.93537388317037340  0.93754297300488421
  0.93964561775241062  0.94178414192161819  0.94396251769858819  0.94590886608678892
  0.94769797543237744  0.94945962483704205  0.95114823079234456  0.95277419444564448
  0.95454932137942305  0.95642980905314923  0.95840232267608649  0.96036380839161040
  0.96214037083357340  0.96373962212640663  0.96529925126253258  0.96684349126544444
  0.96838023387137950  0.96990950179874102  0.97139031207229953  0.97286498965266277
  0.97433108010635561  0.97598778726566315  0.97774736463741208  0.97948471976777407
  0.98107101542997643  0.98253137852195360  0.98393949297514238  0.98537831433838252
  0.98689710217784310  0.98831417707596969  0.98961991690010687  0.99070194304457881
  0.99164844121063678  0.99262812906012321  0.99376718286058952  0.99494866004233473
  0.99624733425333079  0.99748967253551635  0.99878831150648983  1.00000000000000000
  0.03983378909820788  0.16027917933263380  0.19437260953837365  0.21908251021621741
  0.23568419868584703  0.24956245869969076  0.26328755972893003  0.27925768381144428
  0.29377231347730576  0.30579220618139630  0.31502233559060977  0.32222457185046210
  0.32884060478114835  0.33533156045141715  0.34176397078223952  0.34841448914136403
  0.35543934780464820  0.36285636859174109  0.37009827405819351  0.37541010468522190
  0.38111889873392252  0.38648744561677717  0.39162592848392774  0.39744938664009039
  0.40328994434672016  0.40965605596043997  0.41542061119051910  0.42061479104194616
  0.42550926683148199  0.42991598173561552  0.43478913082489645  0.43978059324654417
  0.44433948261656642  0.44979464313159195  0.45475438051349387  0.45934640253048242
  0.46348799996271806  0.46814277519447867  0.47188367595077074  0.47654540669114154
  0.48050142747435826  0.48463886743364432  0.48846563295712053  0.49237306329492536
  0.49647080918552283  0.50100234759320483  0.50568188984632567  0.51073744016186906
  0.51570308312733304  0.52111465987280303  0.52666063570539945  0.53253620107717325
  0.53774489706593964  0.54293964002419348  0.54738651721596532  0.55174113115198975
  0.55573585336367448  0.55964671651562004  0.56425357409906796  0.56952545260028564
  0.57458211323562058  0.58059397310889904  0.58707016085541930  0.59381379579053983
  0.59996211114270204  0.60569138243332366  0.61124230206794905  0.61661727145478373
  0.62188946360621578  0.62923716299620214  0.63755586049123281  0.64547074812509164
  0.65267937131123943  0.65950174627593550  0.66658873987721168  0.67438361678636294
  0.68236984607848872  0.68980772460883066  0.69737369161269314  0.70468650336049576
  0.71217085156467186  0.72019515058980521  0.72786356337203351  0.73504150977800997
  0.74150838236143168  0.74851842529605528  0.75679248953164258  0.76737116811835415
  0.77920860048655516  0.79051033434493456  0.80246218318756257  0.81595521968826512
  0.83233263699413662  0.85139124701942159  0.87867381039744374  1.00000000000000000
   5.2352598781389515E-006  -1.0000000000000000     
 F F F F F F F F F F F F F F F F F F F F F F F F F F F F F F F F F F F F F F F F F F F F F F F F F F F F F F F F F F F F F F F F F F F F F F F F F F F F F F F F F F F F F F F F F F F F F F F F F F F F F F F F F F F F F F F F F F F F F F F F F F F F F F F F F F F F F F F F F F F F F F F F F F F F F F F F F F F F F F F F F F F F F F F F F F F F F F F F F F F F F F F F F F F F F F F F F F F F F F F F F F F F F F F F F F F F F F F F F F F F F F F F F F F F F F F F F F F F F F F F F F F F F F F F F F F F F F F F
  <DiscreteSampler_grid>
  grouped_processes
  1 # 1 for a reference and 2 for a running grid.
  10 # Attribute 'min_bin_probing_points' of the grid.
  1 # Attribute 'grid_mode' of the grid. 1=='default',2=='initialization'
  0.0000000000000000 # Attribute 'small_contrib_threshold' of the grid.
  0.5000000000000000 # Attribute 'damping_power' of the grid.
 # binID   n_entries weight   weight_sqr   abs_weight
    55   10   9.874719041328905E+000   5.786088346054944E+002   9.874719041328905E+000
    58   10   9.911052976177071E+000   5.758513982395060E+002   9.911052976177071E+000
    59   10   9.911052976177059E+000   5.758513982395045E+002   9.911052976177059E+000
    76   10   2.338485497005285E+001   2.688286867195555E+003   2.338485497005285E+001
    77   10   2.338485497005285E+001   2.688286867195554E+003   2.338485497005285E+001
    85   10   2.189372125608798E+001   2.344578046573052E+003   2.189372125608798E+001
    86   10   2.189372125608796E+001   2.344578046573048E+003   2.189372125608796E+001
    88   10   2.198781483023688E+001   2.363395288574125E+003   2.198781483023688E+001
    89   10   2.198781483023686E+001   2.363395288574121E+003   2.198781483023686E+001
    91   10   1.095756140976606E+001   5.919871131861696E+002   1.095756140976606E+001
    92   10   1.095756140976606E+001   5.919871131861694E+002   1.095756140976606E+001
    94   10   2.209240590010141E+001   2.394723828624921E+003   2.209240590010141E+001
    95   10   2.209240590010139E+001   2.394723828624917E+003   2.209240590010139E+001
    142   10   1.095756140976606E+001   5.919871131861696E+002   1.095756140976606E+001
    143   10   1.095756140976606E+001   5.919871131861698E+002   1.095756140976606E+001
    148   10   2.195832347576221E+001   2.369768087381978E+003   2.195832347576221E+001
  </DiscreteSampler_grid>
