  0.00279177242493921  0.01343799375332799  0.02361785676061771  0.03381937243018405
  0.04379966995704716  0.05413338124532735  0.06466148115579468  0.07527879222958417
  0.08574572086539432  0.09654940861433013  0.10804547035817845  0.11983093732266233
  0.13165863139753547  0.14355281131972208  0.15515280397585793  0.16642776325368622
  0.17679058085624355  0.18685100478015138  0.19645668645528405  0.20589799323017299
  0.21568929268642006  0.22586019865278723  0.23619055879767734  0.24685798498843961
  0.25652571336558200  0.26613811151484051  0.27586845754286815  0.28549581380399969
  0.29553922507162045  0.30565922639644988  0.31613667112564925  0.32661684302270783
  0.33715182127958687  0.34833662117204245  0.35972705697809748  0.37043685610553528
  0.38101410483943465  0.39071561342467181  0.40047057764569488  0.41023840339114004
  0.42039315138894318  0.43061173291367433  0.44059492879296136  0.45055700531493126
  0.46022904372144846  0.46989420199385579  0.48010414697868847  0.49075482677636706
  0.50173180450648147  0.51234916606938463  0.52323804785851658  0.53437608971628536
  0.54505881383227384  0.55505975009271280  0.56468340271933171  0.57460578551259545
  0.58485035618040104  0.59516884706579121  0.60524079071701498  0.61486028667610393
  0.62449340086863214  0.63452044552398112  0.64483068854927317  0.65534050285659995
  0.66588105329334635  0.67598867521570072  0.68613832060489632  0.69654767494302350
  0.70685747749686234  0.71711070854481118  0.72739529736515951  0.73851808024002763
  0.75013900364137465  0.76159153093144694  0.77287953329442693  0.78406958204685451
  0.79478696408568184  0.80516385843084082  0.81572153918291002  0.82734749898043480
  0.83885289580369549  0.85024468352683558  0.86126864507212464  0.87275368160165512
  0.88432519045747338  0.89514213343676585  0.90527094034999323  0.91590738987384979
  0.92732733039920490  0.93818802823645397  0.94825741973112643  0.95775859541587616
  0.96770108985723358  0.97744008192455212  0.98816428980533788  1.00000000000000000
  0.00313336331186165  0.01209253505688267  0.02286528887032421  0.03441395702366384
  0.04530130710903087  0.05584644841498674  0.06649000789297017  0.07795990031162410
  0.08977154562052769  0.10158902798831644  0.11292914207914061  0.12423043907697674
  0.13559476179305269  0.14715182673322189  0.15884067467970842  0.17059366108190110
  0.18219826677675569  0.19305574682997828  0.20330029125084925  0.21305702852279740
  0.22276650699793840  0.23264467031785008  0.24276050502895150  0.25315646888223248
  0.26361690853314290  0.27404241906848453  0.28447463774431270  0.29485623837754721
  0.30513203372688752  0.31536707388195845  0.32501739861374324  0.33486577422281733
  0.34483170588783657  0.35550094211859018  0.36624946329283287  0.37684986811742704
  0.38786692193021655  0.39891789173016373  0.40997746758464310  0.42094370737363440
  0.43132225623068526  0.44199895983267606  0.45244304519938977  0.46356768321122849
  0.47555231859937031  0.48739814977539608  0.49850474546019691  0.50895350495892766
  0.51868973416797293  0.52761170597725249  0.53645071780340214  0.54558976610888954
  0.55529421537914647  0.56508336880617416  0.57472321903370671  0.58475156999137323
  0.59462138869690118  0.60481908473475343  0.61533062386042470  0.62592407787325210
  0.63587100191507129  0.64567946995834824  0.65578475036894612  0.66686545326373425
  0.67756442356956637  0.68837404345048214  0.69904883843630161  0.71036827958502191
  0.72128283545521998  0.73175181416614243  0.74178678784720509  0.75195058649310520
  0.76236877331639374  0.77245869839480485  0.78237535140967152  0.79174505997095268
  0.80107007871814584  0.81060999664801936  0.82069413938459679  0.83083151952789824
  0.84105053361045667  0.85098715526569424  0.86128716102140679  0.87156841622209513
  0.88229669229101848  0.89308339482253485  0.90367451078208649  0.91426689433145680
  0.92505886219499633  0.93611060709696159  0.94694318498474184  0.95811455670552736
  0.96891255753209848  0.97989969542983801  0.98997075757705655  1.00000000000000000
  0.00010789614357701  0.00013721881042033  0.00016055943396559  0.00018024978724833
  0.00019989165662225  0.00021497185291323  0.00022809571460071  0.00024062513546055
  0.00025287685505516  0.00026467646846593  0.00027588182305368  0.00028655631875037
  0.00029692317803493  0.00030723765388395  0.00031802162226929  0.00032927770688183
  0.00034056347083121  0.00035222212378982  0.00036398035734318  0.00037571475577963
  0.00038755155972982  0.00040000605335194  0.00041271495168296  0.00042533522677630
  0.00043820353657070  0.00045201303158680  0.00046563074902848  0.00047973852908331
  0.00049517760830593  0.00051118437791556  0.00052785955303429  0.00054494441472067
  0.00056345156872772  0.00058207233186496  0.00060078083037530  0.00062055150166957
  0.00064118062470426  0.00066253173421652  0.00068541522973147  0.00070846722387251
  0.00073095796440616  0.00075377106356574  0.00077960138000932  0.00080728279795542
  0.00083429359519982  0.00086035579527510  0.00088604992890619  0.00091245885920461
  0.00094048343654595  0.00097253543429287  0.00100549339017035  0.00103798223475046
  0.00107072023975220  0.00110546794819048  0.00114144373704165  0.00117978809191776
  0.00122202419524798  0.00126842431701456  0.00131587513085558  0.00136475684728019
  0.00141645171667849  0.00146806238604036  0.00152679668134012  0.00159046011727357
  0.00165482934512235  0.00171863519702025  0.00178167836831747  0.00184549107582725
  0.00192088798172509  0.00199779147762049  0.00207106416293173  0.00215547933839279
  0.00223269002754214  0.00232207381674035  0.00242220478769395  0.00253541467632915
  0.00266474213206343  0.00279638964122026  0.00293943118029422  0.00310785874643640
  0.00331906951463293  0.00353724083729136  0.00377408463087553  0.00404361750757976
  0.00435348056704029  0.00468870517364196  0.00500673576893737  0.00535339449542967
  0.00573506128319327  0.00614518330898135  0.00675933112107901  0.00767169999496876
  0.00887349575940387  0.01025978302378782  0.02633517434080160  1.00000000000000000
  0.00000367746503836  0.00000452411289242  0.00000480830313918  0.00000506253047067
  0.00000532969210848  0.00000559969090191  0.00000588606108959  0.00000623450463160
  0.00000662375044928  0.00000702204215258  0.00000743833725366  0.00000787861054371
  0.00000837043394655  0.00000897272951152  0.00000959670938978  0.00001029841037238
  0.00001106416111489  0.00001193183642301  0.00001284180148273  0.00001383406085445
  0.00001494891455466  0.00001620456981269  0.00001760478905001  0.00001906400236178
  0.00002073812255246  0.00002249531179036  0.00002456561961469  0.00002680852757769
  0.00002920701462209  0.00003172695544844  0.00003439049009053  0.00003737931032345
  0.00004060115730219  0.00004409321482380  0.00004791437126773  0.00005190605712761
  0.00005621560778386  0.00006101062759151  0.00006623472383364  0.00007205404628662
  0.00007798218796707  0.00008446590971487  0.00009141800946505  0.00009898774288777
  0.00010711191489954  0.00011542976479846  0.00012404730444085  0.00013311255602147
  0.00014304444391917  0.00015386223589877  0.00016534034543611  0.00017726110033741
  0.00018953968601332  0.00020406856573634  0.00021884828854718  0.00023514816019940
  0.00025270420393353  0.00027175628347739  0.00029260326853592  0.00031376938170513
  0.00033540125183453  0.00035910659173881  0.00038285960801259  0.00040783124877049
  0.00043332712617263  0.00046012584179818  0.00049114036739235  0.00052707804147687
  0.00056648991442378  0.00060710527276240  0.00064974381505857  0.00069528867216104
  0.00074212796234804  0.00079116936543928  0.00084305706920465  0.00090190548946767
  0.00096678699438071  0.00104639702958856  0.00112658562795299  0.00122029759445964
  0.00132999965443550  0.00145963371000318  0.00160063058001579  0.00176082853878493
  0.00197089633059249  0.00223784246135655  0.00254601844814916  0.00285935979936626
  0.00316081119132424  0.00349628984184326  0.00386614332705243  0.00441733850468276
  0.00518484729514058  0.00612082898735515  0.05607694293225651  1.00000000000000000
  0.00000300265267717  0.00000323304116574  0.00000353594503319  0.00000388852603763
  0.00000421508203531  0.00000462139429789  0.00000510352964501  0.00000558734680484
  0.00000607902777829  0.00000662161709459  0.00000721082651569  0.00000786072773456
  0.00000855925757629  0.00000929982431183  0.00001007064220071  0.00001088619390806
  0.00001182275076213  0.00001284243603596  0.00001396272973981  0.00001515013408852
  0.00001640107512192  0.00001774684604276  0.00001923040817321  0.00002088818716577
  0.00002282462278478  0.00002493738230002  0.00002730280126640  0.00002987698730697
  0.00003247303971467  0.00003515521230900  0.00003800840541258  0.00004103128346492
  0.00004421023308249  0.00004760972354289  0.00005142117946710  0.00005555317095025
  0.00005984333367460  0.00006424299929759  0.00006891077022867  0.00007392906273726
  0.00007928297193222  0.00008485926715720  0.00009074369141753  0.00009730281710960
  0.00010470456455465  0.00011332578596719  0.00012236577016689  0.00013164381112496
  0.00014134557262478  0.00015188137599218  0.00016341391055577  0.00017600025116511
  0.00018989589475931  0.00020521569485313  0.00022168241570883  0.00023881876869930
  0.00025613777307414  0.00027455712383777  0.00029377566725969  0.00031463008856880
  0.00033728629325972  0.00036190123317256  0.00039019595449533  0.00042245531434067
  0.00045679191235221  0.00049263113643634  0.00052869773953879  0.00056752049461129
  0.00060849969508688  0.00065421996442884  0.00070262741303419  0.00075162637816671
  0.00080435825061760  0.00085885742768693  0.00092541127170185  0.00099604623623198
  0.00107651981665419  0.00116830274242082  0.00127913540624339  0.00140218825721994
  0.00152320637351802  0.00166050617384239  0.00179971613557492  0.00196472644443573
  0.00214460528260853  0.00236535817450419  0.00260454759044877  0.00291754799019224
  0.00337716254005264  0.00391493449049022  0.00471076047708452  0.00576910976794882
  0.00682780708726024  0.00830221876572851  0.17057961411077655  1.00000000000000000
 -0.00197636474518720  0.00865931908708564  0.01795207764294526  0.02780921085719225
  0.03828271253093746  0.04894696866011086  0.06012531366288878  0.07157853689214765
  0.08269974144861038  0.09353200166010665  0.10442940931389152  0.11606567419649975
  0.12757541187232618  0.13899623302297531  0.14970145047717975  0.16000462534950197
  0.16996870583018381  0.18074288416312623  0.19191121158621877  0.20289052155354431
  0.21347225959866045  0.22429931320278135  0.23596013922682102  0.24737078130197082
  0.25753230760193641  0.26723364012993611  0.27732616166920815  0.28782478783803278
  0.29831743112036468  0.30831861489478912  0.31898436482032239  0.33038317848822457
  0.34243930911038556  0.35408303099773680  0.36504018057607485  0.37552179442474792
  0.38568704699062178  0.39613442917130659  0.40689602208853515  0.41802098205850696
  0.42902479305339497  0.43924520105742282  0.44906904162601485  0.45919879826775656
  0.47001218640772013  0.48159159834401788  0.49256394061073555  0.50365343306869781
  0.51433710965814550  0.52506861773734481  0.53531873307713018  0.54493946654173309
  0.55418700284254785  0.56349590938681016  0.57347548634226997  0.58282625300779189
  0.59237414410101907  0.60257719247371100  0.61362538211563067  0.62490889678137473
  0.63548047242437111  0.64599664317929384  0.65711056947096858  0.66864762742567241
  0.67996710979551322  0.69070751303154931  0.70085018742626015  0.71074822561753626
  0.72080317244115699  0.73115919394956508  0.74183099620264836  0.75252824741106372
  0.76345254191263312  0.77395504543126514  0.78399175070380900  0.79393975032909447
  0.80427052135934207  0.81460534073373159  0.82469948539920590  0.83551241462260173
  0.84718297506530604  0.85854758780690754  0.86854951336591246  0.87862269703493845
  0.88844972515661946  0.89859554905402672  0.90891941521768227  0.91905123957905355
  0.92881574251026289  0.93826746784399018  0.94767829350745481  0.95753545542963603
  0.96727582468405660  0.97779679892537208  0.98858446722204396  1.00000000000000000
 -0.00221932106260393  0.00897851580357885  0.01943432952471061  0.02986290023833896
  0.04082299654578261  0.05124599380726305  0.06104432746284069  0.07067461075803715
  0.08090995866432385  0.09112482775253440  0.10171905081005626  0.11294698069796419
  0.12469940413207259  0.13647111329361936  0.14676765913751780  0.15705466016081202
  0.16716389618114144  0.17773539019501866  0.18792106442981640  0.19766112727650550
  0.20737366647774191  0.21703558536724263  0.22708271147878473  0.23783541040721190
  0.24855925714637417  0.25869649468687661  0.26854786787760215  0.27813966703296644
  0.28806828825405345  0.29824311573598999  0.30912684329906281  0.31989674952167879
  0.32997110275927682  0.33924770285250999  0.34855539887603398  0.35842006699692142
  0.36919726092233035  0.38079593321475907  0.39187489621398719  0.40316672893403427
  0.41467020471378147  0.42644001129492742  0.43773076504476671  0.44927366294403015
  0.46090462945263250  0.47263972158869244  0.48424280501535533  0.49538468382631196
  0.50635225502876036  0.51692165367053422  0.52694219732246583  0.53674659297840077
  0.54658403205531680  0.55685633721456984  0.56773801842870086  0.57922679216832507
  0.59093756855838586  0.60215881981056318  0.61249386666909145  0.62299694799468741
  0.63424849741208578  0.64533402473980328  0.65567940365186894  0.66578194097027787
  0.67672957357397767  0.68793487040600221  0.69885679914262311  0.70910350914258902
  0.71945017530675126  0.72918421636562802  0.73864195546539713  0.74805466982635105
  0.75821772236394458  0.76878587171063850  0.77998402398415034  0.79099472549464878
  0.80152012708107834  0.81158712280024947  0.82172547595393108  0.83258753512950667
  0.84309079064408088  0.85367199795641391  0.86357530611601385  0.87350325701673481
  0.88335208905829643  0.89286084941237576  0.90217933816739293  0.91129939864708143
  0.92184961382501607  0.93261990776541359  0.94359065893117267  0.95466736492675985
  0.96604509334519684  0.97745235497172456  0.98854929675269276  1.00000000000000000
 -0.00280937935588379  0.01187449947468972  0.02322485625688388  0.03534823885020751
  0.04825795300320795  0.06204813957163850  0.07430545246736979  0.08568134282380888
  0.09640096695722590  0.10687620732516377  0.11693961396914883  0.12682427894913012
  0.13706885081512843  0.14735459900695233  0.15787301248076283  0.16890943759887303
  0.18063977335738968  0.19206061387614093  0.20292117496469358  0.21354818984155585
  0.22397582532386590  0.23407323696866467  0.24419626499655339  0.25488400338798095
  0.26572952392814281  0.27651615487835451  0.28742078281686961  0.29812396762862259
  0.30895620523024325  0.31991470862092797  0.33059053378595654  0.34102265242113372
  0.35070891828139367  0.36057189494829600  0.37044893263898393  0.38083410912088328
  0.39143998577753508  0.40150225922042798  0.41094812131767400  0.42018428945200237
  0.42932210415058863  0.43897066831128700  0.44898521735147207  0.45896386905830017
  0.46879472167388531  0.47850997048148636  0.48837867234221477  0.49858816304699477
  0.50861605155502176  0.51834131059152344  0.52785038981454580  0.53764736259057477
  0.54837576888012829  0.55905734981148070  0.56889286084004198  0.57820929459393788
  0.58749010265635937  0.59741120863530417  0.60807593279072503  0.61925412818918291
  0.63043628761851189  0.64055376504878947  0.64989993852673178  0.65917840284864093
  0.66917114373391662  0.67968877306734410  0.69023298899678676  0.70067779072305680
  0.71112253565650196  0.72172492365049734  0.73217359158078188  0.74295339972552044
  0.75311383790152586  0.76337135496059294  0.77277339650808774  0.78212195249408023
  0.79140764435409650  0.80136128046277699  0.81135470850669422  0.82152723742899347
  0.83224183838086152  0.84328519463151541  0.85411386697500402  0.86423266908376173
  0.87433905598591544  0.88437721808872460  0.89450611444466666  0.90501193301228433
  0.91582792645391309  0.92662512314109846  0.93753778829120482  0.94908412882384041
  0.96147953455032176  0.97492184931973991  0.98744084323779124  1.00000000000000000
 -0.00188369670229476  0.00929600170011907  0.01945217577179985  0.03034766959367941
  0.04096719747681297  0.05177129689166208  0.06212192926872852  0.07250299426020172
  0.08262161348545703  0.09261954934229837  0.10286672974288630  0.11308054357684273
  0.12277144498758538  0.13247169027739744  0.14265524255371609  0.15377680375103758
  0.16519191111304249  0.17642673630683905  0.18723421867182660  0.19777359750272183
  0.20791182187673099  0.21803530396972903  0.22763574642026360  0.23758074743149035
  0.24805871752885872  0.25904082724706762  0.27011348913857230  0.28113298755986005
  0.29212905724531424  0.30344150587857155  0.31433326150113045  0.32513164814389983
  0.33550980268905134  0.34638941131315826  0.35652065014752016  0.36621088170682259
  0.37599566091790454  0.38576548993663051  0.39547505549426393  0.40449955052558012
  0.41345545994094746  0.42284440245516591  0.43239066767240819  0.44177267225779471
  0.45077731596116200  0.45996395289315384  0.46972486543430159  0.47927248341092582
  0.48895564067466729  0.49849840458741124  0.50888706796753314  0.51973021833117883
  0.53066868270404954  0.54175831111153805  0.55213490311109803  0.56248787690771185
  0.57294716009832736  0.58360074868054923  0.59408135752418367  0.60485217663746216
  0.61611586160498333  0.62735087453810512  0.63795626204682931  0.64822373587133686
  0.65873425495488502  0.66948681541119626  0.68070785597414418  0.69239380193433431
  0.70406033383940336  0.71517853508753870  0.72590792508269530  0.73674897818859453
  0.74764781558003912  0.75837842704085134  0.76906060832727541  0.78023475577855250
  0.79171027818843820  0.80313708134190442  0.81367393091982365  0.82375729800102693
  0.83429604526912626  0.84584922315029920  0.85818120766877881  0.87029170044665061
  0.88175484241226321  0.89333524604472903  0.90398277138150451  0.91451290321474277
  0.92502781333732853  0.93575774267566314  0.94653507998975650  0.95700390824125703
  0.96786521214231835  0.97865587117983788  0.98925217328507442  1.00000000000000000
 -0.00118719091367701  0.00403097797749641  0.00931276468766981  0.01445218124382923
  0.01992605358312614  0.02611896341531018  0.03277693084063899  0.03914605304565563
  0.04500460229113711  0.05111347882604597  0.05794687358822526  0.06577861628509102
  0.07442384328668381  0.08312719328276078  0.09128441949799904  0.09950890051318974
  0.10725351885979194  0.11520544770287741  0.12377517360960943  0.13290475835884175
  0.14230471245742024  0.15169072915638740  0.16132018542011239  0.17167976544551511
  0.18269411135567035  0.19372984956325962  0.20463484928744999  0.21559802893060817
  0.22723512749036479  0.23985868780094360  0.25250981939213218  0.26500355829353128
  0.27736381100464175  0.29041589907262044  0.30354394464410489  0.31701818105862756
  0.33078815465421946  0.34457938779847064  0.35822030345858258  0.37240816734585569
  0.38686118093759547  0.40131475643030740  0.41560164931178567  0.43017116872000150
  0.44495264949892943  0.45913758904747531  0.47287701392841952  0.48736132469313614
  0.50262491964840428  0.51784654470156311  0.53262154072611700  0.54617909985086854
  0.55890941301586039  0.57267222568708109  0.58778727243735374  0.60332199518654173
  0.61886817979099362  0.63402081365993701  0.64862498557255621  0.66291517502968544
  0.67719634983330290  0.69137928122967940  0.70590715467736653  0.71947107378131558
  0.73229975902088162  0.74432941455176005  0.75667439969527328  0.76920839645269112
  0.78212735892650187  0.79505190861217145  0.80714112631061352  0.81829563037122377
  0.82865695191836508  0.83903706247961851  0.84926271663344532  0.85894723884084312
  0.86767477365103418  0.87626906162719076  0.88539319499155733  0.89476505072067636
  0.90327117554588277  0.91144518166821431  0.91912011979629815  0.92641965310381891
  0.93347978367929096  0.94058528711107781  0.94738988583467143  0.95437421723078619
  0.96107733297760256  0.96710827325778437  0.97291773431402906  0.97850639374692561
  0.98393235734745710  0.98927716151323353  0.99460753342989683  1.00000000000000000
 -0.00242065300012917  0.00993656434526900  0.01992379823688268  0.03142888946262765
  0.04208111088391924  0.05416900877360178  0.06522771531448271  0.07599128574939554
  0.08648821308991707  0.09676286206278484  0.10653696599619127  0.11611406629250033
  0.12561091139790093  0.13533650614009568  0.14516949666423293  0.15525665404617403
  0.16587489227919866  0.17635264715839152  0.18670643783796695  0.19708490478830976
  0.20741026803586965  0.21780819446910318  0.22812671985222754  0.23860858914024169
  0.24940699580154474  0.26026115909082143  0.27029757248713404  0.27995394246469746
  0.28976364096498491  0.30085774448435693  0.31257942858131632  0.32422606559497069
  0.33555117868278167  0.34656746693803009  0.35723074193604626  0.36781628726721416
  0.37823501805164061  0.38851002557274078  0.39924061516039866  0.41033161289570408
  0.42162960352346290  0.43227158166205221  0.44222684684496455  0.45210715633734760
  0.46273995305522686  0.47373957291183932  0.48368835853450071  0.49299372270406866
  0.50230069762834340  0.51226064269131566  0.52270342293252769  0.53319578350676289
  0.54395181114084556  0.55469996636454477  0.56524260072685195  0.57549944053007884
  0.58594169318508282  0.59712649884242019  0.60856104935606448  0.61921342375665711
  0.62946274875777586  0.63971199535141454  0.65027689594975546  0.66139222273608878
  0.67276727458672947  0.68394577393065414  0.69495321687505451  0.70546259187919158
  0.71595918234371425  0.72662420343358425  0.73825462873266412  0.74935247646049630
  0.75989148673638707  0.77059994978095014  0.78154501865065917  0.79261009658016945
  0.80237651044490210  0.81198445129250196  0.82175312390442801  0.83226797945271447
  0.84336371529777288  0.85363639746697773  0.86300320568516253  0.87235527564081217
  0.88209246453717338  0.89224564718479360  0.90214065066674087  0.91268331824065996
  0.92350945271686213  0.93493421525783094  0.94551403946001933  0.95662761702887911
  0.96743268894815393  0.97816017801323418  0.98918492098698940  1.00000000000000000
 -0.00192185268573548  0.01053293449682225  0.02089273548334569  0.03059512182180388
  0.03993124159177295  0.04951557586214571  0.05945308113373146  0.06920006149872754
  0.07880549472432860  0.08908995874705747  0.10052859806318332  0.11221988680321365
  0.12376975308935899  0.13489896273010665  0.14561927907284919  0.15599121205478889
  0.16636087008107575  0.17698971459947427  0.18744991669389044  0.19783757281515324
  0.20817907544804384  0.21862605743559174  0.22944285436535797  0.24037854353709157
  0.25128378607673774  0.26206104841940336  0.27267549138026986  0.28237921230265484
  0.29177385536109152  0.30130172938585936  0.31106150752769562  0.32154927809243516
  0.33209615304677514  0.34321890381598652  0.35495243056039211  0.36622142882292247
  0.37701793409385026  0.38752341606344409  0.39823046645777260  0.40922696260840097
  0.41975055374032172  0.43042816321617089  0.44090087888899226  0.45146754721761484
  0.46226598613641567  0.47311023415361242  0.48367045073032389  0.49338856274346171
  0.50349716543637868  0.51408690124436118  0.52516125621162424  0.53691686220779011
  0.54837494270204878  0.55922280187529938  0.57020440517496007  0.58144660013404381
  0.59246729169033641  0.60314196182078572  0.61403273790666102  0.62556996894557870
  0.63753504416766960  0.64901189610219967  0.66049866664708734  0.67155209150711792
  0.68308533832675900  0.69473824259492178  0.70697873773808073  0.71747219970867648
  0.72788843675164783  0.73803878504863341  0.74880830714528823  0.75926443402686994
  0.76965485240859999  0.77972534418285855  0.78976981719616612  0.79972592775404983
  0.80956507868590710  0.81939022617509361  0.82924859739266898  0.83964929779941166
  0.84993440239336548  0.86043545316061720  0.87063316300378701  0.88127800907123277
  0.89200124456981522  0.90295616302177506  0.91340930154266120  0.92333831555864510
  0.93310260854909188  0.94231429925355081  0.95152209885936534  0.96064312848237354
  0.97041691561167165  0.98048668967401986  0.99031640840637847  1.00000000000000000
  0.00009960525176181  0.00042167860678982  0.00062874960502625  0.00075012132470936
  0.00087450007150979  0.00099815614786714  0.00111965766659626  0.00124228852237832
  0.00136560246881507  0.00149017729982507  0.00161499619229202  0.00173987680593269
  0.00186453712275374  0.00198950499661217  0.00211486288115754  0.00224163090126226
  0.00237286068805731  0.00250656319486085  0.00264016742426954  0.00277421684140672
  0.00290890938147209  0.00304508563212302  0.00317873662659460  0.00331086783110425
  0.00344018325903277  0.00357315979573406  0.00370933956176933  0.00385230736049039
  0.00400259137022623  0.00416085747545831  0.00431821742041560  0.00448151040725038
  0.00464674830032988  0.00481266351165504  0.00498046727184707  0.00514329387942244
  0.00529845465997199  0.00544696000238343  0.00559887382197648  0.00576255486210983
  0.00594075829853859  0.00614873983268439  0.00637787439456462  0.00660823388064261
  0.00682838609980852  0.00704222651601027  0.00725296225847905  0.00746024080952700
  0.00766695320647101  0.00787663947827661  0.00809637267505044  0.00831513879923320
  0.00853003236924186  0.00874409806460516  0.00896195738904531  0.00920487926205727
  0.00944045595765593  0.00967174838097058  0.00991862844326701  0.01019814378602088
  0.01052379971013954  0.01097875055601757  0.01136849083975515  0.01170510721439014
  0.01203272055487792  0.01236060380292015  0.01275826464727052  0.01313129410866851
  0.01350250960517552  0.01387151160503913  0.01419930527173041  0.01444250242932203
  0.01467356244195936  0.01491543405098494  0.01515815176500098  0.01549455186821481
  0.01572973336218135  0.01590201105429430  0.01620874920215848  0.01666896950633433
  0.01711426831795720  0.01742995362782015  0.01763348580672917  0.01782391723515923
  0.01801913223668440  0.01827234722802909  0.01855205917802579  0.01896274550708474
  0.01971921629591804  0.02045509124035772  0.02160575322105147  0.02295556265868101
  0.02409596006418262  0.02528257838056757  0.17255391739743062  1.00000000000000000
 -0.00216463524844541  0.00886040959644522  0.01891843750083713  0.02966380189175208
  0.04021359031654808  0.05091624709117441  0.06217929480100041  0.07354228019485835
  0.08553573731474660  0.09737306963244431  0.10833049894418906  0.11897276469495535
  0.12950505095760079  0.14066684403569735  0.15122053677639011  0.16087281926918681
  0.17059926054489261  0.18077338575112961  0.19146787014613678  0.20254330294830383
  0.21327622854844147  0.22407842676384726  0.23474385653970828  0.24586976560489218
  0.25742124122820803  0.26862975489918228  0.27990917341439570  0.29073037582273986
  0.30192119821116409  0.31272360631884338  0.32317236377642627  0.33340073380066343
  0.34354261561373689  0.35394442856169622  0.36406651490748254  0.37443926201920802
  0.38459377611936207  0.39423813524243650  0.40361707985300033  0.41327044008903702
  0.42339455996840863  0.43395927364156944  0.44447530181125111  0.45476701500014655
  0.46467740987159156  0.47409548182697275  0.48383743486871311  0.49358221906621891
  0.50377816445594337  0.51391205528865280  0.52428290879442929  0.53458377403496160
  0.54433510471204927  0.55367037892300108  0.56275466397028628  0.57217830605396680
  0.58182016533598024  0.59192679068493093  0.60242909074300566  0.61296391557343233
  0.62308269457518939  0.63261469570438578  0.64231323999592294  0.65206667196189994
  0.66271870811268896  0.67356645100001378  0.68474145506984041  0.69529614413012142
  0.70598452054974181  0.71709292338061481  0.72859967691116856  0.74039849488346188
  0.75204903141128010  0.76362510454220456  0.77427283461465124  0.78462202914196277
  0.79527612592849450  0.80620161287192549  0.81681656896348287  0.82717438246921637
  0.83737302600452956  0.84795071766870667  0.85903946771945672  0.87085811839377358
  0.88216261709537291  0.89310148342823614  0.90376696444376159  0.91468392463229520
  0.92545725436232829  0.93608373611511697  0.94662846038804216  0.95682536147854969
  0.96718804324911634  0.97776247913315117  0.98892989869368297  1.00000000000000000
  0.54248623651453010  0.64339058770958146  0.66198833785439748  0.67730599632878996
  0.69045705028547033  0.70134169850107086  0.71074964886250303  0.71910643503975979
  0.72691150128525439  0.73435503588487017  0.74133551097204331  0.74784075916986603
  0.75375828222816388  0.75862819068945253  0.76337668062736108  0.76780409411166251
  0.77225005720664985  0.77670308747406103  0.78140489596020313  0.78630251571704757
  0.79114808752104770  0.79568811567204900  0.79986367212365450  0.80350165729034828
  0.80684128635434516  0.80996977347849952  0.81297512668734395  0.81587186125160283
  0.81881896861187864  0.82174513551125250  0.82475488330386981  0.82789238158704337
  0.83099461906305505  0.83392302521489148  0.83669595643749528  0.83942954867679342
  0.84223852685622180  0.84523841300340619  0.84853959729662143  0.85190017568054199
  0.85505725012162159  0.85805867061973873  0.86094083726513371  0.86373575697975813
  0.86651317216483981  0.86929016299567874  0.87207615684956152  0.87499673331709626
  0.87788829053576989  0.88053512856738259  0.88308843620589195  0.88557081840977681
  0.88813609715384934  0.89078333265383169  0.89341836882493997  0.89607534246101461
  0.89862396439966186  0.90114543847883077  0.90365760454589827  0.90620939811292800
  0.90884810243408032  0.91158531167457368  0.91426440467742909  0.91675839133980119
  0.91906036755949816  0.92133849508170462  0.92354189475385506  0.92576709209866448
  0.92807677503549257  0.93043125313460728  0.93290193368796126  0.93529324454701412
  0.93759650132215056  0.93984192712160752  0.94203129833311638  0.94420378722853004
  0.94634674736265478  0.94848702761381154  0.95061239959369470  0.95273009734904701
  0.95486549282602218  0.95702639784952548  0.95922305752585380  0.96153467436499418
  0.96393421421766634  0.96640392539151276  0.96901001916318952  0.97168087119316193
  0.97441522004223735  0.97720434584736549  0.98005560810205905  0.98305879204558788
  0.98625724395495673  0.98982258255854028  0.99424402339109597  1.00000000000000000
  0.04735468136708283  0.12689271643924063  0.15536485624197222  0.17653942467176403
  0.19382539501404777  0.20647973443860823  0.21639238604924871  0.22642442490242923
  0.23705383006070313  0.24806630859735718  0.25829167329586672  0.26796525208975702
  0.27734926521783448  0.28645265915231310  0.29497462417314652  0.30299503932689570
  0.31132110902656429  0.31972152012469640  0.32823007131797594  0.33580359432303941
  0.34281711366802298  0.34966273873414766  0.35657598152866093  0.36309134802766480
  0.36951128350707690  0.37574449646619390  0.38187219932607913  0.38776015278674442
  0.39352322557798419  0.39933891738372085  0.40521076827010083  0.41108420973604609
  0.41666755982067616  0.42192240083773802  0.42709567329356363  0.43239525601034123
  0.43792219315205544  0.44343849820053771  0.44876933212984571  0.45410718095461416
  0.45932786182615432  0.46456681605229722  0.46987211627067543  0.47521806481217327
  0.48044570488310029  0.48545277094680617  0.49048241198998249  0.49557946889453924
  0.50088088364828953  0.50645987678938442  0.51158302710722647  0.51684275707209459
  0.52188242600138035  0.52715981703826564  0.53246918368316765  0.53766730362913384
  0.54266070537111066  0.54751467845247848  0.55251051671227769  0.55770856329531004
  0.56303414304531441  0.56858686562642902  0.57421148585707216  0.57976327268243844
  0.58523350425618281  0.59082472805072628  0.59617327101340101  0.60152153415773391
  0.60684624819545530  0.61236910168551517  0.61801107335766092  0.62382858103480388
  0.62989140159792856  0.63609629130655587  0.64232765157254190  0.64867474826241422
  0.65507759952931366  0.66136659745156878  0.66757263104632736  0.67384465189619691
  0.68024167935330626  0.68662808610943848  0.69357163361815477  0.70098755908078614
  0.70937375952786330  0.71807596392469220  0.72663882463864360  0.73540566309933386
  0.74507787610206433  0.75601727461932855  0.76767928943553410  0.77970876050545446
  0.79327434966343824  0.81004337302415730  0.83090240169551322  1.00000000000000000
   1.8190289413644866E-008  -1.0000000000000000     
 F F F F F F F F F F F F F F F F F F F F F F F F F F F F F F F F F F F F F F F F F F F F F F F F F F F F F F F F F F F F F F F F F F F F F F F F F F F F F F F F F F F F F F F F F F F F F F F F F F F F F F F F F F F F F F F F F F F F F F F F F F F F F F F F F F F F F F F F F F F F F F F F F F F F F F F F F F F F F F F F F F F F F F F F F F F F F F F F F F F F F F F F F F F F F F F F F F F F F F F F F F F F F F F F F F F F F F F F F F F F F F F F F F F F F F F F F F F F F F F F F F F F F F F F F F F F F F F F F F F F F F F F F F F F F F F F F F F F F F F F F F F F F F F F F F F F F F F F F F F F F F F F F F F F F F F F F F F F F F F F F F F F F F F F F F F F F F F F F F F F F F F F F F F F F F F F F F F F F F F F F F F F F F F F F F F F F F F F F F F F F F F F F F F F F F F F F F F F F F F F F F F F F F F F F F F F F F F F F F F F F F F F F F F F F F F F F F F F F F F F F F F F F F F F F F F F F F F F F F F F F F F F F F F F F F F F F F F F F F F F F F F F F F F F F F F F F F F F F F F F F F F F F F F F F F F F
  <DiscreteSampler_grid>
  grouped_processes
  1 # 1 for a reference and 2 for a running grid.
  10 # Attribute 'min_bin_probing_points' of the grid.
  1 # Attribute 'grid_mode' of the grid. 1=='default',2=='initialization'
  0.0000000000000000 # Attribute 'small_contrib_threshold' of the grid.
  0.5000000000000000 # Attribute 'damping_power' of the grid.
 # binID   n_entries weight   weight_sqr   abs_weight
    13   10   1.282718334764544E-004   1.442076258461615E-007   1.282718334764544E-004
    16   10   1.282718334764544E-004   1.442076258461615E-007   1.282718334764544E-004
    22   10   1.814834121140556E-004   2.806548594795697E-007   1.814834121140556E-004
    25   10   1.814834121140556E-004   2.806548594795697E-007   1.814834121140556E-004
  </DiscreteSampler_grid>
