  0.00331709426420695  0.01150457554459433  0.02140941952803428  0.03161307411207903
  0.04223075489686957  0.05339844553793080  0.06499231275180421  0.07646255986683741
  0.08706467025095731  0.09711184478645327  0.10720619641127679  0.11781642763410349
  0.12915590700702168  0.13920970838716923  0.14850597510699798  0.15762517779148991
  0.16704460893554990  0.17763105952309319  0.18900242776287277  0.20022312653259156
  0.21119527849734679  0.22263214095874354  0.23423555055994558  0.24535222685753649
  0.25642280573011594  0.26677230129485752  0.27701935354132773  0.28660884499759065
  0.29665964766522462  0.30729120373834246  0.31821535366667830  0.32960386697580102
  0.34174552675470504  0.35373137314614239  0.36542492347595334  0.37693196320775185
  0.38762101553584305  0.39831546775555765  0.40882520638821351  0.42096529996504417
  0.43330987554963374  0.44461255253421600  0.45538629653175783  0.46520215840333978
  0.47479055021660888  0.48444257157826986  0.49481042602883485  0.50590807232417634
  0.51779816918103228  0.52961161806366119  0.54163021699220049  0.55343721222320985
  0.56396388786623786  0.57237652215250556  0.58124244114917700  0.59110698292910724
  0.60063325006889012  0.60834683584147387  0.61536912264608823  0.62331904931829807
  0.63381334309721904  0.64623884693328482  0.65887929273462520  0.67099218173620612
  0.68237524835542984  0.69279636005419309  0.70251587253543435  0.71280390507343117
  0.72272393815282210  0.73211740268201497  0.74238286812287280  0.75413559223471494
  0.76647984259536495  0.77824970766156487  0.78906826680355491  0.79981711245898690
  0.81104470556618591  0.82267463223355486  0.83399364796761843  0.84554612569214493
  0.85741804922836085  0.86899708912521867  0.88006329078339463  0.89129464195870323
  0.90288874023163213  0.91486911714457086  0.92615561974904492  0.93664668017257313
  0.94504601854912618  0.95262689940314305  0.96076200536266443  0.96925870407610404
  0.97747326753025898  0.98542104295702848  0.99206679812392673  1.00000000000000000
  0.00002625185101454  0.00003556814756294  0.00004174570795981  0.00004777954871825
  0.00005333040205148  0.00005833106279798  0.00006321565496490  0.00006833720485472
  0.00007318109107196  0.00007794217037692  0.00008275973426370  0.00008794402877747
  0.00009336825080279  0.00009893329190814  0.00010461513232770  0.00011073957100397
  0.00011696165973850  0.00012255217721154  0.00012831876168067  0.00013418652471144
  0.00014011628781179  0.00014660829353401  0.00015314182715628  0.00015988395010855
  0.00016698842503469  0.00017439347046909  0.00018197884549088  0.00018958763335816
  0.00019707031288641  0.00020592518021270  0.00021539720653839  0.00022545585949480
  0.00023625081010244  0.00024761431676286  0.00025942339123808  0.00027205383911289
  0.00028589469814687  0.00030053644843521  0.00031611173560606  0.00033203971826616
  0.00034834204040848  0.00036620214469835  0.00038356975879394  0.00040066760056865
  0.00041712749578371  0.00043341461026020  0.00045092712630894  0.00047102069247762
  0.00049219798196543  0.00051555683448064  0.00053869739221487  0.00056562720637798
  0.00059196964883001  0.00062029477997906  0.00065060215386090  0.00068141538702641
  0.00071167989465748  0.00074688050590735  0.00078781141145012  0.00083536927753619
  0.00088813002839436  0.00094115546218558  0.00099116484942918  0.00103870088160908
  0.00108214072479000  0.00113735544073029  0.00118572454226584  0.00123874852537620
  0.00130073689373206  0.00137297368991365  0.00144804383999659  0.00152175836344048
  0.00161699365115193  0.00173872911244395  0.00183117965683431  0.00189961687066893
  0.00196959211047225  0.00206088156947189  0.00219047317707863  0.00231027217191603
  0.00245502223069466  0.00260219748408337  0.00277843718449742  0.00310448742573847
  0.00346524959781392  0.00393805196820684  0.00449940149885247  0.00506597626174979
  0.00557261274382840  0.00615577769487842  0.00693737114112021  0.00827321532966629
  0.00940739920774987  0.01069734851496298  0.11213518746473408  1.00000000000000000
  0.00006941865892363  0.00009714495099686  0.00012169297774851  0.00014520293528640
  0.00016741211480441  0.00018993627782906  0.00021360049864809  0.00023818699302546
  0.00026264792616618  0.00028825797396187  0.00031515790687642  0.00034329043609481
  0.00037199954061177  0.00040082734989197  0.00042985972124247  0.00045813207406616
  0.00048547188736509  0.00051362229075518  0.00054291809094606  0.00057379110966876
  0.00060812710009954  0.00064116534487386  0.00067489609701161  0.00071003687276482
  0.00075066168543787  0.00080096383960993  0.00085297902662655  0.00090780757246029
  0.00096617054405248  0.00102508664580247  0.00108672052723858  0.00114423887595603
  0.00120410710723267  0.00126586162310576  0.00132493000288609  0.00138013571817441
  0.00143245890087983  0.00148783461008348  0.00154591877201028  0.00160969073482242
  0.00167942070895464  0.00175302077802875  0.00183470449713077  0.00192440709180463
  0.00202204674897481  0.00211192028512857  0.00221541986759725  0.00232356125511010
  0.00244911193873356  0.00259374687007420  0.00273590930708720  0.00287045940428812
  0.00300847552249847  0.00313600849320338  0.00324032808563336  0.00334556873723275
  0.00346976644196286  0.00360548148073711  0.00375217676916012  0.00391399372897500
  0.00409676978767699  0.00433655412561188  0.00460956942359799  0.00483540903305233
  0.00506194227865508  0.00528538743669362  0.00550565929995748  0.00578830472321400
  0.00610608642457470  0.00645919480501646  0.00677862575528688  0.00705038057538870
  0.00726368491185287  0.00747150130573388  0.00770709338971196  0.00803267249747124
  0.00841220372528162  0.00869467266549511  0.00889648859578132  0.00914094581250439
  0.00950223821423571  0.00994471469810432  0.01052209670365881  0.01119351584563724
  0.01230666085265580  0.01425521093028450  0.01578533012936011  0.01753877777802303
  0.01900605777305297  0.02046911937855265  0.02204667729804860  0.02392601886416425
  0.02585445170107847  0.03890009818273291  0.59101100311421539  1.00000000000000000
  0.00000277801226580  0.00000320094875731  0.00000342448213840  0.00000365913259113
  0.00000394479688912  0.00000425439666846  0.00000468936041573  0.00000516286166229
  0.00000561638991455  0.00000606652771375  0.00000652954152232  0.00000701456990052
  0.00000752967145941  0.00000803866772973  0.00000851881182292  0.00000899755658515
  0.00000951568006105  0.00001007421812412  0.00001065666807728  0.00001126121186673
  0.00001192527862625  0.00001264093168581  0.00001348829222405  0.00001427205783104
  0.00001508583982922  0.00001594725624012  0.00001687147034830  0.00001787108581263
  0.00001892327908653  0.00001995988419997  0.00002109255722534  0.00002220200751025
  0.00002338812484115  0.00002465439123417  0.00002596353358821  0.00002736814547569
  0.00002894370958856  0.00003063406826097  0.00003252230474911  0.00003451100424080
  0.00003641966681457  0.00003822500723790  0.00003993947342483  0.00004168758819112
  0.00004353709529718  0.00004548473902336  0.00004770765182276  0.00004997157679886
  0.00005284816396088  0.00005522014875708  0.00005765257201562  0.00006032992762260
  0.00006342507810722  0.00006728299446180  0.00007176200859387  0.00007646342005268
  0.00008143512238473  0.00008669968256260  0.00009285012192085  0.00009954952095931
  0.00010684393073984  0.00011443790677060  0.00012216378940355  0.00013014918508340
  0.00013843380589067  0.00014739030749323  0.00015874116147414  0.00017255460959703
  0.00018683998064863  0.00020203529815199  0.00021923816711334  0.00023930377652657
  0.00026183811844081  0.00028645379563482  0.00031260342862046  0.00034750503198188
  0.00038699299371420  0.00042900751166914  0.00047423472338691  0.00052651888204411
  0.00059477609012528  0.00068148002113712  0.00078610182978578  0.00088353528003535
  0.00098911916962693  0.00111418553558955  0.00129655855314131  0.00153625234847725
  0.00183189640502430  0.00219300608661310  0.00272833828902966  0.00333233351801986
  0.00437775325355984  0.00775607671902230  0.10913417954449725  1.00000000000000000
 -0.00262483666048138  0.01298975843308200  0.02586782411356634  0.03784914588833694
  0.05003827100481024  0.06139004183220118  0.07102044501834961  0.07992582633483269
  0.08791671016010673  0.09538326566873520  0.10336192770792504  0.11124019617479365
  0.12133410509931396  0.13079861743144877  0.14145774196873820  0.15162497755102200
  0.16164282317013140  0.17248438325280604  0.18337323635980873  0.19454701958147022
  0.20493353955781773  0.21478359412065787  0.22542866853022211  0.23605034768764324
  0.24634565091655522  0.25739485214783603  0.26935830406053218  0.28248700077459227
  0.29597646117800103  0.30884108180755249  0.32026536215219570  0.33095305986530693
  0.34153707996150062  0.35294012649412465  0.36411935651555316  0.37444684814253937
  0.38378768907766625  0.39330981249529778  0.40403223332578120  0.41568941851561791
  0.42688297574580836  0.43694011278254458  0.44655909900691382  0.45612104936179743
  0.46564915528604445  0.47548289177579295  0.48650099072515257  0.49729847855681092
  0.50910010183903331  0.52065399828942505  0.53320648753718636  0.54550415588907031
  0.55585200880963881  0.56491922952362406  0.57270789332374661  0.58076151025408462
  0.58985145044812948  0.60001636183380547  0.61117651347302926  0.62254423337966058
  0.63390404234341835  0.64540561959763665  0.65592230692690290  0.66611400930964459
  0.67624098733619153  0.68595021551026858  0.69624541285941466  0.70663088763579585
  0.71746070632977621  0.72824182055488917  0.73752854882568597  0.74626513891841695
  0.75547190951202126  0.76538267145260164  0.77604907016886249  0.78687954451807196
  0.79811128784766250  0.80921970342885030  0.82023499657021959  0.83164491294611442
  0.84286163076173259  0.85404679224479896  0.86494821397189559  0.87536819323307569
  0.88587968796569105  0.89644522378635283  0.90643740410460283  0.91548433861686529
  0.92500308545804932  0.93485202923912969  0.94498766725829408  0.95508810060655369
  0.96487914908915018  0.97670442629117127  0.98797434326151190  1.00000000000000000
 -0.00282623013378896  0.01130150807438469  0.02269954926461532  0.03368033854612447
  0.04429089395136663  0.05465012116372597  0.06446852169027356  0.07333802226277052
  0.08247566708513548  0.09238136045488084  0.10306445836389240  0.11416248619756839
  0.12482726089004333  0.13566940879096664  0.14664785002804387  0.15746677433431996
  0.16807931615871988  0.17866404905013941  0.18972774311794413  0.20109383313930784
  0.21268183988123857  0.22455908569001024  0.23683993608915543  0.24932485767067469
  0.26140479835903879  0.27386340425057998  0.28579309502657452  0.29695444919704772
  0.30732530813189807  0.31749817413592596  0.32709699568176004  0.33635042552103189
  0.34555729930821827  0.35562725098731068  0.36703274972954819  0.37790243903204318
  0.38741559594432740  0.39650286385785566  0.40505717639925154  0.41371109145557372
  0.42188567402929145  0.43057144493715716  0.44013008296469469  0.45140134453501091
  0.46408670418694659  0.47721234930895012  0.48983915053181748  0.50099643091806012
  0.51176573912640755  0.52206827657049104  0.53264436503236112  0.54411142605842333
  0.55561700959615179  0.56682598492355218  0.57850518050457600  0.58951691776852588
  0.59947300159999095  0.60902004992438785  0.61840223783131987  0.62815713232250936
  0.63656351203797334  0.64392431598163957  0.65126919090432622  0.65926338138402096
  0.66888263485117638  0.67867116364436719  0.68810044790588909  0.69727079855183804
  0.70683543720865938  0.71823357546288291  0.72995255568859407  0.74047645980521593
  0.75044914511979877  0.76012250537968928  0.76989461717252450  0.77931207290420268
  0.78925498452885468  0.79929300770360800  0.81057966696296513  0.82278386475037280
  0.83605420102240879  0.84804165375462659  0.85978652113392195  0.87169355653039338
  0.88344699248244773  0.89357537361157091  0.90340371239492956  0.91243454415359515
  0.92308098004666528  0.93427233224719086  0.94667893594325592  0.95861869661927102
  0.96909841272373098  0.97886304211339714  0.98868472621335479  1.00000000000000000
 -0.00192183583793965  0.01145466579483686  0.02050816187725341  0.03013918872950449
  0.03979148224596154  0.04944638513505371  0.05913505938565993  0.06821114809271545
  0.07705029859189834  0.08608956329303334  0.09444837135412502  0.10253653526156754
  0.10983969817643954  0.11745206745661804  0.12572706365634653  0.13703501221132874
  0.14856442793070049  0.15951855700963521  0.17089546305688430  0.18328886900345659
  0.19549516151425586  0.20708345570431594  0.21805571178198754  0.22868874066453332
  0.23813992239328424  0.24770093558097672  0.25726314083994828  0.26664599664581207
  0.27621406998449793  0.28582157122074175  0.29608349634751080  0.30677307720712044
  0.31705380086105578  0.32775551124261648  0.33881770418433854  0.35010740398955004
  0.36164102379399549  0.37296355762559785  0.38464763497346410  0.39623897639100275
  0.40829019911539605  0.42068988707949118  0.43421682354970209  0.44784453609342556
  0.46103318650277358  0.47298840344411047  0.48404481862233678  0.49365287756898546
  0.50303288365615140  0.51248174457703810  0.52279461966016849  0.53357596202130608
  0.54444911896320569  0.55571946406718553  0.56711567511071781  0.57839552668021610
  0.58999225027401758  0.60194621827598782  0.61381571477753416  0.62489650668164132
  0.63497488475077168  0.64481884290598068  0.65572779745372001  0.66764985985366165
  0.67916495376744246  0.68993085095209072  0.69933263273152346  0.70841137941511534
  0.71758291580792632  0.72773694005543854  0.73935459552916583  0.75053189062850534
  0.76175342420813796  0.77290522594315003  0.78393130656843013  0.79468318023715590
  0.80602987327351139  0.81689428133855257  0.82561956083158738  0.83451214316877553
  0.84396429407914786  0.85261907782344271  0.86218615250330999  0.87113315647886858
  0.88075411392417113  0.89386631046253395  0.90774698361127348  0.92128397313176258
  0.93264507769693572  0.94219283989453273  0.95045913991394659  0.95902418219099761
  0.96904227836083756  0.97969191896322871  0.99014250357272005  1.00000000000000000
 -0.00228708703567132  0.00820133006432129  0.01706060264110214  0.02707387618980806
  0.03763448350914261  0.04820654263212545  0.05867387751330483  0.06916281935266175
  0.08069558008702447  0.09251316315015339  0.10463796803491629  0.11502775315420015
  0.12509194035367968  0.13362680784341752  0.14126026915284551  0.14855717410926281
  0.15584321768800743  0.16391193329493225  0.17453367325969460  0.18667128490647167
  0.19692469361080017  0.20656713717326328  0.21647881579204017  0.22719288190705048
  0.23842036665751770  0.24931420572110538  0.25984731246936743  0.27000907724915335
  0.27948388727559631  0.28837978715762974  0.29761933211960911  0.30779390602045992
  0.31832139366920881  0.32863039733611332  0.33874785247930250  0.34989515362617246
  0.36053966430248358  0.37177359013072014  0.38370679658729839  0.39745560142031333
  0.41047555179365180  0.42286591160496029  0.43426468460688450  0.44600192438170155
  0.45793393200322235  0.46979971103736079  0.48060895131424780  0.49105006685532199
  0.50129864576910788  0.51135387902919138  0.52163836933407648  0.53189114780209301
  0.54180402106982162  0.55116500596223739  0.56037432807726295  0.57021773823445743
  0.58110510671268811  0.59419846880110383  0.60687384044070058  0.61841109882541034
  0.62944792462610810  0.64008301877673435  0.65049016902525747  0.66123808986188048
  0.67313178037471344  0.68408448839503355  0.69388594261938519  0.70304667861223147
  0.71286392788367825  0.72340885071749161  0.73477567802324728  0.74562286143261447
  0.75665434591114844  0.76700731233770181  0.77897633487125417  0.79129387830692177
  0.80501781120573823  0.81567442660691181  0.82472636128131616  0.83249053997637334
  0.84078289630025393  0.84920648775171370  0.85867114557591506  0.86813794799591226
  0.87779294288267751  0.88976960790905135  0.90101949687216398  0.91211174275071361
  0.92245509619580524  0.93302784275940587  0.94390004433433961  0.95542394871262093
  0.96708894450958782  0.97826752699434272  0.98952188001246388  1.00000000000000000
 -0.00113901326497683  0.00437184003730075  0.01158672988119686  0.01768458363873924
  0.02385829823749882  0.02883641770655708  0.03691700953347928  0.04539755918246997
  0.05440761746488272  0.06391301407529726  0.07281480249841651  0.08034388056486567
  0.08896248374354221  0.09809636305178142  0.10762529768285835  0.11653460563241336
  0.12540975634077253  0.13495930996334146  0.14477704518882301  0.15454919550675256
  0.16468367766702624  0.17610906101669213  0.18830798293752443  0.20112308096856971
  0.21321879579390257  0.22490867991645055  0.23587777082517258  0.24730734446075039
  0.26045627229467933  0.27502498156041588  0.28870432830451420  0.30053729769957177
  0.31127619309994914  0.32178462043830669  0.33247206264674445  0.34361905731740300
  0.35578552671983821  0.36974974414674910  0.38535378005582172  0.40003617142030318
  0.41299548831436528  0.42490007426936766  0.43658845351605363  0.44855967920432099
  0.46195821643110574  0.47564981317421845  0.48995487161345591  0.50429009613837539
  0.51846714224972257  0.53113548907051689  0.54277648043645610  0.55359568466440279
  0.56492468276824281  0.57679281677687455  0.58889282934470455  0.60115886668838736
  0.61402230646921463  0.62703023880482911  0.64023569218918908  0.65292690185467916
  0.66440551720137531  0.67571568584452846  0.68747702730790416  0.69972217749589372
  0.71198445419007550  0.72455894667741694  0.73773123266029417  0.74956121048674762
  0.76110735628623982  0.77217968135354187  0.78200548368887557  0.79180392670192645
  0.80150448420818876  0.81168972777845549  0.82199194426327238  0.83199345413878156
  0.84244565413834094  0.85256425585917572  0.86237741972994131  0.87256222188956012
  0.88303835542129827  0.89392691207669284  0.90525246928567216  0.91542550043525350
  0.92442155403108128  0.93321647864209811  0.94084335127996266  0.94829867524140521
  0.95566255105474684  0.96271137787410288  0.96993244731350670  0.97728129921978635
  0.98352943947427185  0.98927801858666098  0.99433934931307288  1.00000000000000000
 -0.00281801807144197  0.01036960014614721  0.02176571554720821  0.03283658242245636
  0.04454482076930764  0.05605594623941489  0.06772314446421010  0.07934566597682242
  0.08936368954562238  0.09886846221499308  0.10843308386032693  0.11926862354917646
  0.13076487648182000  0.14033225989005202  0.14951655988138554  0.15892726825032646
  0.16881137820944900  0.17838696047195821  0.18841152458176355  0.19984726667539907
  0.21197596889169423  0.22374965098251579  0.23504643388508892  0.24652709854474558
  0.25779650208074961  0.26873595776089193  0.27973172072878105  0.29062141301555872
  0.30195601295069946  0.31278738699535086  0.32210664828663021  0.33212139963217524
  0.34293765418406263  0.35420954109922542  0.36549410900796531  0.37606457449402642
  0.38546162473328904  0.39485469380392069  0.40435819557560637  0.41307581512414637
  0.42164934842949331  0.43016971886426159  0.43888206481496767  0.44965682886722830
  0.46061680866175903  0.47228764225759706  0.48345490259960189  0.49440762294995477
  0.50608919625704496  0.51836447380403972  0.53042681230035560  0.54197293150470671
  0.55301284078395885  0.56372252452620597  0.57372849557180206  0.58456567159165218
  0.59545754682219543  0.60635175194598767  0.61712508155391865  0.62748293776023367
  0.63794116968038794  0.64835877181760282  0.65955083329908548  0.67040746425936959
  0.68032894154612145  0.68995964060652604  0.69980955386657306  0.71023383587265132
  0.72063450290762077  0.73117955118642530  0.74186788543806770  0.75276860645525423
  0.76352018832115087  0.77377665750932600  0.78368472137420164  0.79296685067779460
  0.80161837912221767  0.81047405455902344  0.81981420230966806  0.82878139262487216
  0.83697744897301374  0.84572825929527184  0.85567861507170495  0.86754059380967141
  0.87933316645785076  0.89095250495237321  0.90267040601841586  0.91435652235379383
  0.92559023748170133  0.93657668599602806  0.94692807108123489  0.95748985694150524
  0.96803263717231369  0.97842636228092450  0.98904257654843153  1.00000000000000000
 -0.00244383763112538  0.01128681103126220  0.02308377545257951  0.03516547585148577
  0.04745389322239069  0.05958336237133724  0.07104748024026541  0.08270850549107520
  0.09424132449609360  0.10482002011604800  0.11505365946369384  0.12560697509836866
  0.13746176481864764  0.14893971138453974  0.16031593402895597  0.17150479584804554
  0.18354552982446101  0.19553346546985792  0.20667489821344348  0.21728558380503585
  0.22648470390446990  0.23576135299073986  0.24481927794360309  0.25460755819805919
  0.26466456398947097  0.27493963564158952  0.28586103902529270  0.29582656402474633
  0.30621722687846958  0.31624173465862537  0.32724751359640247  0.33859147174245441
  0.34959759741415913  0.35904830812148519  0.36786448231866675  0.37639492543286218
  0.38545032046169375  0.39368825935365714  0.40122683884513188  0.40882433800720996
  0.41760443246941836  0.42775236857571880  0.43810209760655860  0.44774874040404261
  0.45726116540565470  0.46837407547128512  0.47987105213437486  0.49082786063712969
  0.50253506744223775  0.51454072426695230  0.52547557860209793  0.53544400781482870
  0.54634572203607068  0.55789041679308005  0.56887152470457580  0.58044093995865176
  0.59288584484792173  0.60618378873945833  0.61827765758794317  0.62964928635844686
  0.64035106346304660  0.65060486882175372  0.66095601585490349  0.66866387581892361
  0.67681042788106183  0.68521836195419683  0.69487545798999562  0.70575740168440826
  0.71490171939190927  0.72357810436370962  0.73260059842586323  0.74155582284860988
  0.75108725533167420  0.76104253793384613  0.77161278242789588  0.78236903690378190
  0.79297389198473456  0.80447043701998522  0.81510906683415629  0.82547003548346620
  0.83665638204318660  0.84853913882353083  0.85986318524215666  0.87032756450496829
  0.87958056937483875  0.88817598855484670  0.89687165949566627  0.90663635012085042
  0.91628051158380464  0.92620284562016042  0.93592407036768599  0.94737826032119954
  0.96042230013770258  0.97289450658335874  0.98673594884242222  1.00000000000000000
  0.54113709345545769  0.57325353236099108  0.58797479037658518  0.60227289096701264
  0.61659131107037157  0.62914729323955343  0.63864796652002720  0.64853419878370222
  0.65850161300095311  0.66703535389895929  0.67404677440541227  0.68065479732838408
  0.68787605905951277  0.69454456135421783  0.70097726609495559  0.70704149106519032
  0.71293317338763074  0.71915863208920938  0.72538658526759403  0.73222694530238452
  0.73957119439260899  0.74611752158943179  0.75257244590893790  0.75883659546605631
  0.76548514937206114  0.77173306812346143  0.77774986379644473  0.78372628779789011
  0.78930696420468094  0.79426625373956317  0.79893269818933421  0.80371012106506823
  0.80847427319337761  0.81288082507890469  0.81701590886876740  0.82125473255701187
  0.82597283142779387  0.83080431258911980  0.83496452447371483  0.83887515035433768
  0.84284498628998428  0.84686760098433489  0.85097150475290706  0.85499361371271732
  0.85890311019579435  0.86265139725852413  0.86638937893976986  0.87024708561071307
  0.87384350470983152  0.87723701949321053  0.88045654603477597  0.88372217043016832
  0.88698041268253836  0.89020504629534969  0.89364206579582695  0.89685877567312033
  0.89985561852420648  0.90270194096727674  0.90561612971670047  0.90862283513855957
  0.91157393148431565  0.91431560204012230  0.91694999025608070  0.91949726767376649
  0.92198926268513770  0.92450224989972829  0.92705096367887141  0.92963070172331119
  0.93234891328738845  0.93522694009163776  0.93802712866426086  0.94091223259378087
  0.94363112793225845  0.94638215404022419  0.94903167467685701  0.95166218985679685
  0.95431197874583440  0.95693140125725640  0.95952696594398090  0.96181387536323204
  0.96416262502328598  0.96656993414808545  0.96899105279321396  0.97146109746723863
  0.97393247235811564  0.97636671275247855  0.97873110040510825  0.98092334993720964
  0.98282657415414199  0.98467730752548288  0.98653614971566506  0.98844012664015568
  0.99048921882941332  0.99306775965613336  0.99629850831060074  1.00000000000000000
 -0.01491604463908211  0.15177307225984268  0.17988522995489292  0.19880699330465340
  0.21670954438683410  0.23417203831026673  0.25099477582570473  0.26645058314351483
  0.28145478561676335  0.29557733443902118  0.30846113949231413  0.31988021125163213
  0.33018795442960763  0.33961393277394913  0.34836511792554409  0.35748676229129195
  0.36718729985783094  0.37696417694481277  0.38648538177241526  0.39537177273434404
  0.40444831384240953  0.41365449722895914  0.42257057602628700  0.43042791419714971
  0.43762531531905285  0.44478664843450544  0.45169035368160765  0.45865866069205935
  0.46633020066797265  0.47407053252589554  0.48191012437905684  0.48938086651322371
  0.49719461630298234  0.50471655631067514  0.51147995757749432  0.51811865362463938
  0.52468108440465933  0.53113979575572301  0.53712213653310803  0.54245552845152778
  0.54787908571425004  0.55335003676874805  0.55898907030714529  0.56477668710796769
  0.57055320093862971  0.57666272555007347  0.58282805983672781  0.58877240924637231
  0.59400023608919084  0.59933460145464168  0.60452264024106894  0.60951338495747820
  0.61449023855877893  0.61942161300512233  0.62437226791928502  0.62978119023683232
  0.63532097393178522  0.64093186215660958  0.64652215705572924  0.65207908383589253
  0.65776414944469930  0.66284163717058175  0.66728141430912957  0.67201580877170652
  0.67682653173186602  0.68187866702634381  0.68720257197087298  0.69257915897485234
  0.69808564607087553  0.70392046977206602  0.70969246139973585  0.71530666634226003
  0.72076594999739374  0.72630236802857739  0.73126417594805082  0.73575617072247723
  0.73987913925697979  0.74390912024555755  0.74809690119757644  0.75251859781665376
  0.75756748008911445  0.76258923870558726  0.76735604152911041  0.77198348613369749
  0.77729673079168715  0.78287779640012423  0.78814376030069588  0.79323989392305216
  0.79838078109855870  0.80383247409157588  0.81070743096113307  0.82035440896224232
  0.83182722585723801  0.84505745945204835  0.86397723884521527  1.00000000000000000
   5.4106253038284578E-007  -1.0000000000000000     
 F F F F F F F F F F F F F F F F F F F F F F F F F F F F F F F F F F F F F F F F F F F F F F F F F F F F F F F F F F F F F F F F F F F F F F F F F F F F F F F F F F F F F F F F F F F F F F F F F F F F F F F F F F F F F F F F F F F F F F F F F F F F F F F F F F F F F F F F F F F F F F F F F F F F F F F F F F F F F F F F F F F F F F F F F F F F F F F F F F F F F F F F F F F F F F F F F F F F F F F F F F F F F F F F F F F F F F F F F F F F F F F F F F F F F F F F F F F F F F F F F F F F F F F F F F F F F F F F
  <DiscreteSampler_grid>
  grouped_processes
  1 # 1 for a reference and 2 for a running grid.
  10 # Attribute 'min_bin_probing_points' of the grid.
  1 # Attribute 'grid_mode' of the grid. 1=='default',2=='initialization'
  0.0000000000000000 # Attribute 'small_contrib_threshold' of the grid.
  0.5000000000000000 # Attribute 'damping_power' of the grid.
 # binID   n_entries weight   weight_sqr   abs_weight
    67   10   1.608133117154479E-002   5.859593796443268E-004   1.608133117154479E-002
    68   10   1.608133117154478E-002   5.859593796443262E-004   1.608133117154478E-002
    70   10   3.050230737961271E-002   2.177831057136694E-003   3.050230737961271E-002
    71   10   3.050230737961260E-002   2.177831057136687E-003   3.050230737961260E-002
    88   10   2.730382366336917E-002   1.924077620322715E-003   2.730382366336917E-002
    89   10   2.730382366336910E-002   1.924077620322713E-003   2.730382366336910E-002
    118   10   1.891216767539295E-002   9.212477731999999E-004   1.891216767539295E-002
    119   10   1.891216767539287E-002   9.212477731999980E-004   1.891216767539287E-002
    121   10   2.884103230588774E-002   1.819144730284627E-003   2.884103230588774E-002
    122   10   2.884103230588747E-002   1.819144730284594E-003   2.884103230588747E-002
    139   10   1.860635680124647E-002   1.065125536582892E-003   1.860635680124647E-002
    140   10   1.860635680124604E-002   1.065125536582806E-003   1.860635680124604E-002
  </DiscreteSampler_grid>
