  0.00000214548722960  0.00000227861516393  0.00000239879030247  0.00000253676278290
  0.00000268002199732  0.00000281437306206  0.00000295109056511  0.00000310085311194
  0.00000327569660363  0.00000345600330107  0.00000362842601968  0.00000379414911569
  0.00000396925313557  0.00000415378208891  0.00000436139817765  0.00000462717762449
  0.00000494048290266  0.00000524947631506  0.00000555963459626  0.00000588809299399
  0.00000625680278840  0.00000668088180820  0.00000710791684351  0.00000755558403545
  0.00000807248380207  0.00000864805172712  0.00000928901001603  0.00000998498812821
  0.00001073435582531  0.00001154455257064  0.00001240254521992  0.00001335191592243
  0.00001432346031875  0.00001540281760652  0.00001646375222069  0.00001759708486286
  0.00001883610885930  0.00002016439637469  0.00002171065823950  0.00002342717235628
  0.00002541988958158  0.00002764348018849  0.00003001417535540  0.00003234820282582
  0.00003478953420427  0.00003754697141136  0.00004081641685987  0.00004453445104916
  0.00004840084720954  0.00005262653952260  0.00005744782245049  0.00006318857045071
  0.00006958311711404  0.00007712466194591  0.00008589640019749  0.00009501495763874
  0.00010505518540381  0.00011596455449366  0.00012905494123061  0.00014452277165815
  0.00016116629843416  0.00017999349381264  0.00020176857964094  0.00022670997713486
  0.00025520986221866  0.00028985095297095  0.00032871806997129  0.00037061175715682
  0.00041291490289290  0.00046518151660553  0.00052947570044148  0.00060729397853361
  0.00067639511333591  0.00073303391857146  0.00080050616112417  0.00088039437894442
  0.00098901096830964  0.00113543743832474  0.00127319453129701  0.00141541658469210
  0.00157602021028637  0.00178096875505994  0.00206880717784384  0.00231319605522966
  0.00253367078889909  0.00282417435651240  0.00327770708739393  0.00390487068886729
  0.00470698523481844  0.00576178393931774  0.00748829456905730  0.01043316286891356
  0.01419621343978806  0.02306837747435363  0.04057140586922708  1.00000000000000000
  0.00263403032118496  0.01632293854357725  0.03027256724856262  0.04328757997547467
  0.05560653269404048  0.06811843810339677  0.08095671135334077  0.09374825381014674
  0.10636377879309189  0.11884154863075984  0.13089516449301894  0.14236127610853203
  0.15373925024386095  0.16451661391386344  0.17537332950558410  0.18563224692900282
  0.19533408821953710  0.20527071311698211  0.21543606514137953  0.22646492457575534
  0.23761973357491548  0.24816167553823337  0.25816123355600501  0.26792271623214658
  0.27799349412840219  0.28857282403688822  0.30003944467849120  0.31162631494786025
  0.32256274007552815  0.33279183173061483  0.34303002448714948  0.35347936966587912
  0.36385640518503365  0.37424481844865248  0.38485175760936852  0.39518053791896984
  0.40519604785956764  0.41584633633946211  0.42717924472620517  0.43864236947277668
  0.44931035195554170  0.45951343255052524  0.46907810257821864  0.47832071145760541
  0.48783132638942267  0.49824638451605657  0.50860361357059025  0.51870368995849625
  0.52808350595306730  0.53798032434179532  0.54801533176684314  0.55821743039648164
  0.56653963374726080  0.57426397593317180  0.58232734030958033  0.59222974890036983
  0.60335029802361262  0.61426328235027539  0.62475880000341466  0.63523934882842237
  0.64567801792489343  0.65629791691186967  0.66783941722386975  0.68025541856052740
  0.69243220858501076  0.70384661180966357  0.71474311398311741  0.72600808274954398
  0.73771466021415077  0.74848597399653538  0.75835960329439522  0.76828493809070841
  0.77921628337042137  0.79034803800322817  0.80055579308760150  0.80964641348843680
  0.81777321804043168  0.82524570612068204  0.83269207284967317  0.84068151106203048
  0.84963359002074690  0.85928028710638238  0.86806956247437383  0.87689662538370217
  0.88602155400643823  0.89478047269089012  0.90347911509668499  0.91213286139608996
  0.92186654385207378  0.93232898518170082  0.94276683182673149  0.95304473304363935
  0.96336438082128628  0.97307451962346236  0.98216833070951781  1.00000000000000000
  0.00000297429794500  0.00000315650079511  0.00000329922678412  0.00000345312809562
  0.00000357387794503  0.00000368180375253  0.00000379469804666  0.00000391371741797
  0.00000404955940349  0.00000419970375178  0.00000436892802783  0.00000457130524715
  0.00000477397501802  0.00000497636364673  0.00000518310237746  0.00000543733700183
  0.00000569585569422  0.00000597387064251  0.00000625805349283  0.00000655097663285
  0.00000685431630915  0.00000718776701765  0.00000757283944445  0.00000797264152726
  0.00000840895509983  0.00000888731263731  0.00000936239169927  0.00000988696480214
  0.00001042485859112  0.00001096916157834  0.00001164418720532  0.00001230630641208
  0.00001299886703560  0.00001373450497177  0.00001448744749085  0.00001529700826017
  0.00001613750261339  0.00001702862744972  0.00001801861142042  0.00001908264252579
  0.00002018915721066  0.00002133392984964  0.00002252166325655  0.00002378792836231
  0.00002517755224571  0.00002665741351491  0.00002819788402113  0.00002968394718676
  0.00003102418821747  0.00003245714332428  0.00003407579213033  0.00003596849927864
  0.00003820066855131  0.00004054074766605  0.00004309471454352  0.00004599893610259
  0.00004924142874518  0.00005294786938862  0.00005693754325712  0.00006146407211341
  0.00006651147593267  0.00007180314876161  0.00007755875346871  0.00008404854299772
  0.00009174122698005  0.00010113368348111  0.00011173421133423  0.00012376263677909
  0.00013668170986433  0.00015112510840926  0.00016711935617797  0.00018422958578310
  0.00020194716584176  0.00022404242594876  0.00024828166581178  0.00027346698124073
  0.00030003870287484  0.00033014960144706  0.00036643695594626  0.00040956499543205
  0.00046537850989860  0.00053502162842168  0.00061899652394804  0.00070925322690197
  0.00080448063985667  0.00089569932233647  0.00098590048458834  0.00112137072190926
  0.00128498124219427  0.00149909737401694  0.00180793513307323  0.00223495009760785
  0.00316110913219027  0.00506775475987595  0.09295228111434224  1.00000000000000000
  0.00000440869821151  0.00000490112253549  0.00000579796285587  0.00000662705206198
  0.00000740997112728  0.00000816719706768  0.00000885513919880  0.00000954231741662
  0.00001028061932259  0.00001118704002173  0.00001231882836754  0.00001356792322014
  0.00001496690300224  0.00001646403991528  0.00001802437089361  0.00001976851881457
  0.00002170651468296  0.00002361833511864  0.00002586943705600  0.00002840995301266
  0.00003126988095777  0.00003440625350629  0.00003815608075607  0.00004245700514885
  0.00004700115449249  0.00005186457471846  0.00005691360834876  0.00006236597292453
  0.00006842544135856  0.00007510389990356  0.00008181993153625  0.00008911424941102
  0.00009687629185615  0.00010540910077230  0.00011535681324621  0.00012645212191695
  0.00013843614041246  0.00015214636123079  0.00016690657186503  0.00018236517178845
  0.00019846878593182  0.00021514883805736  0.00023213506075021  0.00025020656029861
  0.00026953651026038  0.00029065955370415  0.00031364028760064  0.00033946825661896
  0.00036841152990596  0.00039711513939284  0.00042510104044067  0.00045517592958545
  0.00049189472853492  0.00053586922371192  0.00057421445998770  0.00060689670721590
  0.00063815681682361  0.00067488520995266  0.00071119087360318  0.00075085563234142
  0.00079134882950656  0.00083765854389020  0.00089094285528365  0.00095179707605114
  0.00102733958979266  0.00113179436670806  0.00125019265794402  0.00134566990566115
  0.00142445386461403  0.00149517587809450  0.00156423679482725  0.00163778060714769
  0.00171242335203481  0.00180838225850646  0.00192133153895225  0.00207422306317277
  0.00226920851270227  0.00255047570929883  0.00284382618065746  0.00312586935386524
  0.00342442879390219  0.00377406450060056  0.00427064421917620  0.00505727256661747
  0.00625684759163366  0.00665616120494970  0.00705547481826573  0.00745708988554988
  0.00796609094812703  0.00847509201070418  0.00898409307328133  0.00951880713956446
  0.01005519024114641  0.01059157334272836  0.04340504359498305  1.00000000000000000
 -0.00251884264380070  0.01147883362881005  0.02107218930844739  0.03162935183563624
  0.04152680000939650  0.05140889753757731  0.06230417123493157  0.07163631075423688
  0.08309581877529672  0.09491961765985242  0.10584466634280390  0.11440332987406582
  0.12224947572729220  0.13136286266455316  0.14081531347171147  0.15064819185583753
  0.16060126214881670  0.17188053773068260  0.18395801422165492  0.19555824626604829
  0.20801365508449737  0.21969911407259168  0.23118826686420038  0.24309888289655371
  0.25623295945510827  0.26873253796759861  0.28115613767349962  0.29366206242068438
  0.30584833603882100  0.31781039107141018  0.32959161787117436  0.34114381563394341
  0.35256253082081956  0.36388423675363479  0.37532252537743965  0.38609147033774771
  0.39661180894218245  0.40708332887465004  0.41763818767956484  0.42854356623620260
  0.43925642326559416  0.44979812079398768  0.45968333790460092  0.46981770208609130
  0.47970975068922217  0.48926314785975888  0.49876083911178110  0.50876058338096053
  0.51987580223764152  0.53019188699019482  0.54107566639494376  0.55207926552637643
  0.56272729120095188  0.57271115484887658  0.58253069670062574  0.59275022406631517
  0.60364263962445108  0.61442254229730819  0.62519847191627020  0.63541142254090410
  0.64592252933262895  0.65654710713468145  0.66748210232463501  0.67772597283585856
  0.68760946847084947  0.69580317457083662  0.70404223191276005  0.71200068591404142
  0.72040743164270049  0.73021438092886015  0.74096631873205521  0.75337286211119381
  0.76563509382371042  0.77703214530609577  0.78710589527606345  0.79694838418658775
  0.80645667661204024  0.81678355341778786  0.82714996203534386  0.83795740621555626
  0.84939795556412134  0.86100352045271378  0.87215782734545844  0.88222813613147710
  0.89200673333928460  0.90193663679591485  0.91199899858908839  0.92196944612733778
  0.93214008406712812  0.94191785769027159  0.95172429550822291  0.96103241104375248
  0.97015198421327586  0.97963745649799072  0.98958222073886160  1.00000000000000000
 -0.00196737373418131  0.00753715970640740  0.01526786083815619  0.02287806377088759
  0.03220180740413561  0.04171237165175608  0.05131151231485539  0.06054517304400533
  0.07117902338260526  0.08268442260782899  0.09387740989530051  0.10434842623351569
  0.11454980515830983  0.12482534203888015  0.13562396815049232  0.14679996001095788
  0.15820345990138526  0.16928570084894529  0.18027134199196920  0.19166536927592520
  0.20330075058263916  0.21443172185771531  0.22522140843114791  0.23564475837068161
  0.24683143343560390  0.25816617790778890  0.27008834065575604  0.28080932472548975
  0.29173822149887707  0.30258675084566350  0.31393790212888006  0.32458755682460616
  0.33447714519986266  0.34317753078388818  0.35200219175166225  0.36140223099283242
  0.37095834263888122  0.38024912592798449  0.38908851280328483  0.39830312342506441
  0.40848618873787734  0.41906178159701085  0.42977951631135575  0.43993594722776941
  0.44923062451884593  0.45885175712527859  0.46847328052845677  0.47960680142043977
  0.49238908304707185  0.50474211344601505  0.51580781127050823  0.52609476455864246
  0.53639538361991612  0.54781282396486031  0.56054377381425047  0.57359919298454620
  0.58570167755502722  0.59702751673297982  0.60822438208272644  0.61902435610697404
  0.62973673761970939  0.64031203443162521  0.65107255568991595  0.66086521950995492
  0.66931511545659905  0.67809071241747243  0.68685271414821614  0.69752697423027588
  0.70899824425490421  0.72022681574193292  0.73126231287408783  0.74252623677227125
  0.75417464308169080  0.76608023817160664  0.77771056906452729  0.78831619026590161
  0.79816126778212171  0.80756018357884651  0.81711295235572212  0.82801511362948566
  0.83892864221290808  0.84987985100932062  0.86099602331957381  0.87193239736629158
  0.88243496707342728  0.89326599022341191  0.90467422298026867  0.91579944546663361
  0.92686321069350064  0.93825922668998929  0.94906883045675094  0.95914980311232156
  0.96863786520864115  0.97859648500759167  0.98906012822436373  1.00000000000000000
 -0.00491579486482781  0.02970469305231008  0.06016175066039275  0.08985331202559067
  0.11459493223688233  0.13695016080348379  0.15909186243387349  0.17991899099082104
  0.19727391242803727  0.21417181389059597  0.23161663437876784  0.25064893472985750
  0.26818020644803275  0.28434256135814950  0.30006115933581995  0.31570857237700778
  0.33032447504728191  0.34406696559861161  0.35723496446252462  0.37009544993539206
  0.38375694422429529  0.39754263429812964  0.41050370334265152  0.42278970342095307
  0.43453297155378490  0.44582017063048168  0.45637251204548879  0.46733152866317107
  0.47844303050928899  0.49022327456523285  0.50219437702253300  0.51447424767795491
  0.52555374992803428  0.53674054427887563  0.54697819818853444  0.55677005960488024
  0.56648349561754907  0.57620846070169107  0.58406564513123604  0.59140036578929678
  0.59867576941505174  0.60669640044512074  0.61599726834208313  0.62514289527298517
  0.63419772365787419  0.64332516730180112  0.65286550886660843  0.66227443873252545
  0.67084566877914620  0.67879864693020742  0.68652553513265169  0.69437172412228809
  0.70222786171733931  0.71001824704880179  0.71766827045700388  0.72498112547620630
  0.73203996819961614  0.73918838231306316  0.74664246388754352  0.75428588306422406
  0.76167542564108071  0.76865097517344805  0.77576279941060822  0.78326732066588278
  0.79099397758150802  0.79859570260507429  0.80554140602381330  0.81249326629189167
  0.81960534798932316  0.82730762815722370  0.83544415632629498  0.84342106161009944
  0.85104047525896054  0.85837469357036056  0.86550426717601203  0.87285633249646777
  0.88064999221389006  0.88809173750796699  0.89536135272464590  0.90212517266363401
  0.90794561297991827  0.91383249860028359  0.91990103752015628  0.92653675295447191
  0.93358272615721827  0.94017159132922512  0.94640521288922974  0.95242549271869836
  0.95924362484981751  0.96541943010559339  0.97135966235182136  0.97704450831476763
  0.98253227780776853  0.98852310224535489  0.99436559020685356  1.00000000000000000
 -0.00198569336313454  0.01024436338833794  0.02125446726746085  0.03258885380535707
  0.04411308229131140  0.05599893790349861  0.06761638835575477  0.07914804324709417
  0.09073098643807820  0.10191394671237909  0.11331203036518427  0.12470842990374627
  0.13620455117377411  0.14793107136565486  0.15977127602085484  0.17155783693074500
  0.18309194254385158  0.19501029917574370  0.20672908621558911  0.21779376901514350
  0.22919278405550972  0.24059337669426867  0.25150473608263824  0.26178410840107419
  0.27204221869499895  0.28270715771393323  0.29351443651781761  0.30275599027936051
  0.31269527385048279  0.32104450781540839  0.32929323758239026  0.33672917826620646
  0.34419558861003707  0.35231062553584430  0.36116772589023804  0.37066789433714464
  0.38131075326069114  0.39314642180380760  0.40432953642258385  0.41475572894045309
  0.42525807264092280  0.43588165754100566  0.44624902842919972  0.45654131994257219
  0.46689110674791390  0.47723872245296312  0.48679703062509333  0.49649714308818599
  0.50663724164533941  0.51642074145387307  0.52512885409171584  0.53321716991592361
  0.54129412096874607  0.55072173693535864  0.56179731519777720  0.57211832379628746
  0.58184607437023128  0.59160418383898716  0.60243360568624371  0.61410491097136566
  0.62632449828765513  0.63755673202133001  0.64799516341450669  0.65715080052833363
  0.66670031433024168  0.67672906579000647  0.68751137578026367  0.69878662000821279
  0.70944300840549079  0.71963566836621484  0.72962821853878557  0.73980046861256432
  0.75058216362669872  0.76193259759205911  0.77356921998138162  0.78484368010301464
  0.79547121276661814  0.80593660117836585  0.81640628445944685  0.82696272580149410
  0.83790782388610097  0.84891251012283753  0.85898732274486700  0.86861456867034603
  0.87764614671533259  0.88684784919054038  0.89605901096928342  0.90579631449395093
  0.91638575995654381  0.92824035323911347  0.94068681786705233  0.95333231471366409
  0.96543888272422940  0.97700757994006271  0.98822154421280406  1.00000000000000000
 -0.00293701112967745  0.01067929034686160  0.02189038584444294  0.03344508998610529
  0.04310360608232478  0.05204996502320407  0.06097525211391316  0.06881324549207898
  0.07869360880644913  0.08893261382443809  0.09996498065870066  0.11128681549355314
  0.12289548874934050  0.13492594910162789  0.14753485977183692  0.15633675073932471
  0.16477696534551067  0.17379500608700285  0.18346492629196415  0.19254822225943449
  0.20122509703061700  0.20944561232937528  0.21929776451665733  0.22906151943560507
  0.23946580519091895  0.24977773700433550  0.26103818551545260  0.27127993621182439
  0.28130362574891105  0.29165693888123845  0.30222826743084413  0.31341668049506671
  0.32464539289846872  0.33568296204955295  0.34645008889955065  0.35695597607861818
  0.36792932756208813  0.37792112549027168  0.38745821282433984  0.39655726696269333
  0.40624691385744160  0.41651278663551627  0.42752008773247246  0.43871757190544258
  0.44971208669747942  0.46047930882482885  0.47101398997517069  0.48141844702264924
  0.49098709062849749  0.49987926594141902  0.50877948696810849  0.51784261239699025
  0.52766845100010484  0.53752450183667777  0.54786446380964204  0.55894238356155801
  0.57019803324808205  0.58199653185507672  0.59338673395708508  0.60406530095470579
  0.61418815281817063  0.62433223444488517  0.63445886397480555  0.64435487716573869
  0.65439138124689811  0.66462251211375156  0.67452516237209759  0.68497151456174332
  0.69751478614423013  0.71107047074366725  0.72426147992863354  0.73682898678813191
  0.74872836116631791  0.75978406568530954  0.77093832924723904  0.78318415589614288
  0.79569668377123048  0.80731993119433232  0.81844991942418410  0.82962419989286973
  0.84098820939450203  0.85253449628457878  0.86387991953462084  0.87453949944347442
  0.88458722350412178  0.89467199291480248  0.90521672768077155  0.91565200649486045
  0.92562058096974320  0.93547307804464563  0.94553893917597065  0.95538501276163224
  0.96574718528384285  0.97588812919016077  0.98821194465694895  1.00000000000000000
 -0.00005512823525988  0.00022881923747854  0.00056441258821828  0.00084700093711287
  0.00104786397415156  0.00124647534949822  0.00141321708800216  0.00157354850236221
  0.00172791016031112  0.00187818906363708  0.00203114826041246  0.00219703664818137
  0.00237832474301972  0.00257266747070524  0.00277295655793298  0.00296446892296389
  0.00314724871159292  0.00333708663136790  0.00352945602576913  0.00372369180918697
  0.00392664880314660  0.00411527924645490  0.00428573829606434  0.00443899998899216
  0.00460076895986024  0.00476522957110908  0.00493425241728700  0.00513216976253669
  0.00535939775140158  0.00558496858648320  0.00581453670431334  0.00605890895127675
  0.00630977789704767  0.00656671260059335  0.00681908384086693  0.00703649763406257
  0.00722897333088089  0.00740901095677150  0.00759956038364664  0.00781193477339059
  0.00805478589941752  0.00830726674179815  0.00855559927110808  0.00863076387886863
  0.00870501270850059  0.00877926153813254  0.00885351036776449  0.00892780186152946
  0.00900281131979205  0.00907782077805464  0.00915283023631723  0.00922783969457982
  0.00930265958184079  0.00937613714423104  0.00944961470662130  0.00952309226901155
  0.00959656983140180  0.00971436496216464  0.00994949136651251  0.01016467741900952
  0.01036534880766189  0.01055062835563715  0.01075160825805300  0.01097320587266838
  0.01124014221483009  0.01150253767665765  0.01185450927557950  0.01215852855060055
  0.01252073428837812  0.01289068508900892  0.01338253728277444  0.01389424091752469
  0.01438342576709382  0.01484746352598497  0.01517293104556059  0.01551438554042812
  0.01581503044098473  0.01610188280178799  0.01638984019759106  0.01675810975961167
  0.01715024722147217  0.01754698014991699  0.01799307583200730  0.01848559302588992
  0.01901310944190957  0.01956428325616410  0.02079459024878415  0.02153685716014744
  0.02752049615905528  0.04991482081203064  0.05691306460395432  0.05765282344740230
  0.05827316172732436  0.05889321766086460  0.32355887499735198  1.00000000000000000
 -0.00221984611722359  0.01011219643015340  0.02049867161911685  0.03081636991151182
  0.04097873526474718  0.05140844531322820  0.06198703503926101  0.07265572454680631
  0.08337836991868915  0.09439041877835300  0.10622369615175770  0.11744809592020244
  0.12754682287534619  0.13756073595617635  0.14848930024613963  0.15976709923466828
  0.17081125222860052  0.18145065996396276  0.19196453709893532  0.20172940659021626
  0.21188687740564432  0.22272205796599068  0.23484311572869032  0.24591752538474446
  0.25668590457185825  0.26720174428417387  0.27636271460028250  0.28514658395798387
  0.29387928993952145  0.30511193002787629  0.31627660052892903  0.32661209291706578
  0.33705419533937675  0.34854630862689046  0.36087599065357390  0.37276754834286369
  0.38369944827939584  0.39428451256616326  0.40497697309104563  0.41539904411288303
  0.42620367501432788  0.43701766660403035  0.44737998992074879  0.45770012148596945
  0.46734100285327446  0.47750454584593283  0.48755128317244284  0.49764579035321321
  0.50807991092513582  0.51840294202967363  0.52948517935161421  0.54021065146652880
  0.54953730983025650  0.55794259122146705  0.56635948970563421  0.57512727994814683
  0.58404873805050517  0.59282690765900858  0.60112768921260040  0.61009530552008429
  0.62050791113553183  0.63087395443616623  0.64104188983788191  0.65070797534085478
  0.66079096856226105  0.67038089386022048  0.68079679418265859  0.69169189806712850
  0.70342949875020588  0.71529692898686825  0.72709947161490940  0.73906644599523097
  0.75074211172710203  0.76189703794117525  0.77289547936097591  0.78400636739567897
  0.79551473620064495  0.80718707131455536  0.81903300159723613  0.83059288678632803
  0.84101276342020326  0.84989754351360125  0.85871112517406911  0.86758330011278106
  0.87717618991096058  0.88763105583316937  0.89850043989514061  0.91003738841415738
  0.92183594317625017  0.93357484650366862  0.94517316316240219  0.95623666919652628
  0.96686738352545576  0.97778014713485417  0.98877209220561568  1.00000000000000000
  0.43029277966829527  0.51686613165198891  0.52193591374363946  0.52965001463366690
  0.53734820399374805  0.54446163782116586  0.55173751947694305  0.56072895479065032
  0.56774949808927033  0.57384505355154491  0.58004071402254076  0.58627679709340819
  0.59247624105446983  0.59858166363735466  0.60500041464352550  0.61103674853581469
  0.61670081846250735  0.62233452762681418  0.62820202468992659  0.63424255811196140
  0.63972430129320002  0.64553331988697271  0.65186691247900541  0.65855543534902339
  0.66457968286867863  0.67063442047865096  0.67579930333413651  0.68099134002988038
  0.68607869017144840  0.69153333937663164  0.69698801521132958  0.70270404899072070
  0.70836891117535428  0.71364339247328956  0.71860749136840951  0.72352613997267323
  0.72859213143125334  0.73401246419553012  0.73955780551634387  0.74503579042646295
  0.75025017435892960  0.75528680400879988  0.76030180246541346  0.76544367427232018
  0.77083405489749757  0.77643463742524343  0.78199674286744514  0.78744067351710756
  0.79284031114427966  0.79818636865160575  0.80343628633419328  0.80869694931315150
  0.81381890303059767  0.81880012866954832  0.82370803416817662  0.82864784341297715
  0.83373090889289669  0.83872097270115464  0.84361962391889578  0.84834941578067535
  0.85294352338091139  0.85756106304689839  0.86221430693740542  0.86684743156246080
  0.87127808034809517  0.87551398510832434  0.87972329491526902  0.88416735082335507
  0.88872501845274332  0.89324942719409628  0.89763793319302876  0.90189468560510189
  0.90606511396659961  0.91008568522749655  0.91401105248979830  0.91777638536239736
  0.92150540039645934  0.92523454392459814  0.92894677667252012  0.93255223253245156
  0.93618491217035449  0.93998378408046457  0.94392438688133040  0.94793133301211119
  0.95177310522013292  0.95557226325808309  0.95961381447743999  0.96347112218375197
  0.96722045153680858  0.97091585603027519  0.97463323947126890  0.97896920127147913
  0.98373374969899707  0.98892058321158149  0.99441714219430211  1.00000000000000000
 -0.02148947173226528  0.18388744844168345  0.22506638775513793  0.25577826224476813
  0.27802476172376528  0.29780550747611412  0.31542032167526857  0.33090314351838468
  0.34454823764632359  0.35770868178083443  0.37098228824020540  0.38365648193491225
  0.39484263494037702  0.40444579158119903  0.41357260526336098  0.42265571114495826
  0.43125455759160836  0.43982278895132948  0.44798543746011260  0.45461347824281784
  0.46109403578753155  0.46784772627968430  0.47537605480222689  0.48339894363795438
  0.49055144460936018  0.49718925935697333  0.50355463290067670  0.50969255379128930
  0.51588046092435647  0.52201711919611393  0.52792518766871599  0.53424415867861108
  0.54049515166596895  0.54707170764633384  0.55388702221409158  0.56074532825680956
  0.56743094270077532  0.57381267758283516  0.58010187413159187  0.58611918803603480
  0.59202954507769789  0.59820372015811774  0.60434403471878717  0.61050490703626492
  0.61652283222154747  0.62226801910107998  0.62823184383681707  0.63436041487928274
  0.64045496005682601  0.64641547566376478  0.65218232212023497  0.65771406826798884
  0.66315784249279863  0.66861280176111415  0.67384016616534248  0.67893115850118380
  0.68386363162750008  0.68855185511437944  0.69363188511768459  0.69905784740085708
  0.70506585973446911  0.71037076249840747  0.71478878588759276  0.71913473806779971
  0.72331714509530776  0.72753288271930616  0.73186879380896075  0.73634335847527699
  0.74091388378287282  0.74550397064832230  0.75004600102842867  0.75480831679074778
  0.75930113738058702  0.76356660646888208  0.76755575587059843  0.77215213151059769
  0.77708637980624762  0.78207033073377707  0.78702666870532845  0.79199839380118142
  0.79756026946638126  0.80323443691673690  0.80938842734152150  0.81502565388516734
  0.82000523867086994  0.82483348150016444  0.82999455113517884  0.83597824003773746
  0.84388352045409687  0.85083192568464616  0.85779269556893134  0.86488503438898656
  0.87360513223234437  0.89004827294194200  0.98449327231451678  1.00000000000000000
   6.4054297489345954E-006  -1.0000000000000000     
 F F F F F F F F F F F F F F F F F F F F F F F F F F F F F F F F F F F F F F F F F F F F F F F F F F F F F F F F F F F F F F F F F F F F F F F F F F F F F F F F F F F F F F F F F F F F F F F F F F F F F F F F F F F F F F F F F F F F F F F F F F F F F F F F F F F F F F F F F F F F F F F F F F F F F F F F F F F F F F F F F F F F F F F F F F F F F F F F F F F F F F F F F F F F F F F F F F F F F F F F F F F F F F F F F F F F F F F F F F F F F F F F F F F F F F F F F F F F F F F F F F F F F F F F F F F F F F F F
  <DiscreteSampler_grid>
  grouped_processes
  1 # 1 for a reference and 2 for a running grid.
  10 # Attribute 'min_bin_probing_points' of the grid.
  1 # Attribute 'grid_mode' of the grid. 1=='default',2=='initialization'
  0.0000000000000000 # Attribute 'small_contrib_threshold' of the grid.
  0.5000000000000000 # Attribute 'damping_power' of the grid.
 # binID   n_entries weight   weight_sqr   abs_weight
    76   10   6.205231017372052E+000   2.064433664170754E+002   6.205231017372052E+000
    77   10   6.205231017372051E+000   2.064433664170754E+002   6.205231017372051E+000
    79   10   5.602458389573356E+000   1.804966313937058E+002   5.602458389573356E+000
    80   10   5.602458389573356E+000   1.804966313937059E+002   5.602458389573356E+000
    82   10   6.195969774376912E+000   2.153685436690387E+002   6.195969774376912E+000
    83   10   6.195969774376912E+000   2.153685436690387E+002   6.195969774376912E+000
  </DiscreteSampler_grid>
