  0.00365120245430435  0.01307682015121483  0.02338797582811490  0.03573282241513611
  0.04676637522787351  0.05742132321721415  0.06806214694607021  0.07956713830989398
  0.09190015764791068  0.10412227976543695  0.11554522267565030  0.12686174851249887
  0.13763342066948994  0.14815507522176685  0.15838089350835080  0.16897810697925744
  0.17960032257481176  0.19018081759023470  0.20181139138106849  0.21338683099041658
  0.22563280900219890  0.23606754091012605  0.24616032348408962  0.25558233301369632
  0.26546656036078148  0.27599960843477905  0.28712102366713582  0.29864770309752992
  0.31020684576876212  0.32023965309289282  0.32944940705128156  0.33836822161869490
  0.34773307355108218  0.35767153018636544  0.36787927061454329  0.37840075821410690
  0.38886012786006457  0.39830441221387342  0.40688731142810808  0.41556327772507307
  0.42544631518539511  0.43668543073109212  0.44771093072744766  0.45926946919204054
  0.47038705076840881  0.48199743579492776  0.49209375547823125  0.50245205797754888
  0.51233921390627879  0.52285396357715275  0.53306961825075383  0.54312208893058400
  0.55268580135100009  0.56199040362703911  0.57094234665823884  0.57938981864218375
  0.58775453529554633  0.59633933321217891  0.60640170392847292  0.61847259793663922
  0.63092749506114298  0.64271522011809235  0.65453798992954682  0.66562228085228992
  0.67500136278931167  0.68417244483547357  0.69318191638079640  0.70303481065583917
  0.71375346053496846  0.72564107173448533  0.73770949019280130  0.74953924551106133
  0.76136950755418742  0.77175537412071715  0.78101792082491850  0.79123069233329446
  0.80259646645919480  0.81423559627405606  0.82517661219747662  0.83521580559260422
  0.84554273507988942  0.85608376429394262  0.86735524835409128  0.87862191613238982
  0.88951290813398842  0.90025716002889544  0.91058539928325688  0.91955121000261941
  0.92796321460042475  0.93648212936107500  0.94705569113358479  0.95791813794503899
  0.96812134439904030  0.97812706400320271  0.98888366710776587  1.00000000000000000
  0.00002940061206593  0.00004261721421950  0.00005197814692633  0.00006044630742846
  0.00006848017964863  0.00007677844240533  0.00008533083517163  0.00009379650802205
  0.00010196150059100  0.00011044279193603  0.00011906278925299  0.00012763754064410
  0.00013596310585126  0.00014489558381660  0.00015378641413584  0.00016396882870576
  0.00017426384886287  0.00018561800473581  0.00019709471941784  0.00020861077800283
  0.00022010498559385  0.00023146085393964  0.00024315112756907  0.00025488364327304
  0.00026700158850519  0.00027979767972913  0.00029299660849521  0.00030746073593866
  0.00032239200967186  0.00033677368851992  0.00035051269351252  0.00036437556285338
  0.00037801695076932  0.00039407675088764  0.00041234531470484  0.00043126735431067
  0.00045325020807474  0.00047657162563656  0.00050265679771057  0.00053152621657601
  0.00056058546092222  0.00058921613896882  0.00061902484225502  0.00064805396306301
  0.00067799218885148  0.00070956710352421  0.00074202938285604  0.00077421760576641
  0.00080857871168768  0.00084589587193085  0.00088515794473549  0.00092763211644187
  0.00096911108121712  0.00101384938395286  0.00105256821445934  0.00108612045313324
  0.00112340789388600  0.00116434484139130  0.00121150202022921  0.00126900678197405
  0.00133042351862475  0.00139175130646684  0.00145252009949310  0.00151068928648716
  0.00156838114984309  0.00162930887286446  0.00170453919551409  0.00180166402393673
  0.00190113505432938  0.00198974112350524  0.00205748774495365  0.00215180242919108
  0.00226216089832917  0.00238506427089508  0.00253272183486228  0.00272471470834033
  0.00295321275569823  0.00321652871256753  0.00348420232950290  0.00367579017034730
  0.00383060688257766  0.00397342999667171  0.00412100045949615  0.00435029203679478
  0.00453135257317854  0.00472765215733594  0.00499157543129784  0.00529273184641276
  0.00599942647247992  0.00668760743911324  0.00737336820845744  0.00841511777975026
  0.00958369659152657  0.01230469878314377  0.12023623325178623  1.00000000000000000
  0.00000312742646479  0.00000320194059309  0.00000331616799219  0.00000346621978471
  0.00000361296838497  0.00000373937419535  0.00000387244329487  0.00000400328342161
  0.00000413608216794  0.00000426892971482  0.00000441016623401  0.00000461338262842
  0.00000481112224407  0.00000501144790776  0.00000521710026879  0.00000542994040083
  0.00000567291050223  0.00000590068214568  0.00000616119116145  0.00000644083307771
  0.00000672169559845  0.00000702703588831  0.00000733366139212  0.00000762781927369
  0.00000791409187369  0.00000820716433386  0.00000853310206998  0.00000891308226226
  0.00000931494969684  0.00000970456659598  0.00001008220463265  0.00001043695691642
  0.00001080134986461  0.00001118701696349  0.00001161537075976  0.00001206454830660
  0.00001251797369823  0.00001299699557956  0.00001348406652677  0.00001397657266522
  0.00001449053217828  0.00001509977068178  0.00001578853883341  0.00001649372606638
  0.00001721122543918  0.00001797471604914  0.00001879083589483  0.00001960841714388
  0.00002052540748868  0.00002149748705735  0.00002246486660036  0.00002347408177791
  0.00002450222347499  0.00002556946750740  0.00002666033124690  0.00002782512287373
  0.00002918142942139  0.00003062473192430  0.00003216887621258  0.00003386591715470
  0.00003555691318819  0.00003742767527339  0.00003950776699467  0.00004178133599009
  0.00004437268792118  0.00004728562883018  0.00005022313431381  0.00005316961637191
  0.00005625731850104  0.00005965810778496  0.00006330069732489  0.00006732565346036
  0.00007187980803974  0.00007693183037988  0.00008273342377655  0.00008971957775831
  0.00009767224144935  0.00010553165635730  0.00011409804689404  0.00012440347869702
  0.00013764252516515  0.00015347198519575  0.00017244358129148  0.00019556930285108
  0.00022634087389051  0.00026187186913953  0.00030704965801271  0.00036998025077756
  0.00045961968001406  0.00059397783103208  0.00078682683723961  0.00110214297257599
  0.00216848638354162  0.00425008867045035  0.05479719785096944  1.00000000000000000
  0.00000380783143386  0.00000578294377999  0.00000632991170932  0.00000680360617458
  0.00000725345058198  0.00000772825128240  0.00000832893879036  0.00000893535616553
  0.00000957255959290  0.00001021276265062  0.00001085921369435  0.00001146658828830
  0.00001202776031293  0.00001256243003691  0.00001309536214969  0.00001364131009271
  0.00001420842671170  0.00001483953864708  0.00001554730672294  0.00001631882151132
  0.00001716358521789  0.00001808813545498  0.00001906115280807  0.00002009397256407
  0.00002121577913436  0.00002238398799163  0.00002359860233864  0.00002488749868020
  0.00002621773164436  0.00002761463776108  0.00002912242299219  0.00003070401357509
  0.00003232773984947  0.00003416663436116  0.00003614872611997  0.00003839784765675
  0.00004085605705941  0.00004326278385417  0.00004595822416480  0.00004881095504943
  0.00005197797782128  0.00005512324119876  0.00005840370464984  0.00006207099480830
  0.00006624699273242  0.00007041229706789  0.00007483373679326  0.00007943275245261
  0.00008512531425073  0.00009158433181153  0.00009868330585838  0.00010598526575736
  0.00011409025539407  0.00012307078662397  0.00013239677474669  0.00014223620960020
  0.00015249004402065  0.00016366714827963  0.00017580820144023  0.00018839959128108
  0.00020141859385699  0.00021521538432515  0.00023054015380279  0.00024901331179484
  0.00026803671279952  0.00028690676462163  0.00030693709129441  0.00032948384572546
  0.00035940125975969  0.00039168589713148  0.00042952478003637  0.00047271361196188
  0.00052252981609222  0.00057517630460778  0.00062718683021017  0.00067770595176058
  0.00073071096618289  0.00079095973052081  0.00086960678472825  0.00094994815631640
  0.00103821564676130  0.00115389825581595  0.00129724046192531  0.00143193234167674
  0.00155666461883975  0.00169225677353733  0.00186835431385261  0.00217545628293498
  0.00256735591661272  0.00299367440643228  0.00340568286803177  0.00384961050049981
  0.00445208455707335  0.00617209924653242  0.04687284024217694  1.00000000000000000
 -0.00188154768077870  0.01233561190681222  0.02324618746179501  0.03399737352826505
  0.04441032707414156  0.05516266616909540  0.06631500398251855  0.07796962270213423
  0.08765859209885304  0.09631043370328587  0.10457654778309201  0.11362576542764695
  0.12462247337831868  0.13692143827296291  0.14832703548037968  0.15904139061667094
  0.17008743321770445  0.18143141474516217  0.19270283233574659  0.20515019535118226
  0.21596124974562764  0.22616769470169598  0.23730042513161048  0.24929210249213518
  0.26098478577046391  0.27148167779715027  0.28233291398650162  0.29233484860518799
  0.30205027404947948  0.31151255475550388  0.32095899967692859  0.33093336598152467
  0.34147864935067618  0.35224998139028851  0.36305332414878172  0.37386979462944686
  0.38512486096769227  0.39588690396924603  0.40632838745868932  0.41613617189571778
  0.42624114054559470  0.43578104908733006  0.44537169407593408  0.45503100038908267
  0.46543006521977476  0.47649852575575208  0.48808328784658173  0.49913774497126118
  0.51015852811500584  0.52075689843104656  0.53153261577465005  0.54271515613584675
  0.55370729919781103  0.56422959292221664  0.57459918299881318  0.58440168497198053
  0.59331874963846454  0.60245605147855719  0.61197364959618183  0.62204337826991418
  0.63218540083611963  0.64219163262093082  0.65279868977527589  0.66300143516393029
  0.67247357642888705  0.68131336111444951  0.69049389370285419  0.69955443847987153
  0.70902676552278299  0.71848889618145084  0.72797944405659831  0.73764145367416467
  0.74817579099978404  0.75922130084085104  0.76986725599496675  0.77982657919118947
  0.78952613193154797  0.79983174455243788  0.81068614271244988  0.82198839718540917
  0.83311389492676202  0.84355163028930180  0.85376252660240737  0.86447112714469776
  0.87615648050049710  0.88790708092585313  0.89957207447847931  0.90951668903986338
  0.91953990211423420  0.93006691662987118  0.94093399947255363  0.95253393558576105
  0.96332140129684618  0.97436989358653114  0.98666605214846459  1.00000000000000000
 -0.00274340023758686  0.01139919640576240  0.02222305740238057  0.03323530493923839
  0.04486060173878056  0.05598203872900724  0.06645796272236675  0.07650830157071260
  0.08752072653093929  0.09959730318222887  0.11196860039771785  0.12419041617448444
  0.13623560744456797  0.14838383465238156  0.16075355647730086  0.17197127052872252
  0.18177311586684769  0.19109338046212893  0.20076843991889456  0.21111902400559951
  0.22122497174754402  0.23103280352401612  0.24048459833253827  0.25066624398388393
  0.26069518729186841  0.27065694822220793  0.27958252648347648  0.28866893422189482
  0.29890923452549822  0.30951791269267614  0.31956578585193002  0.32909446616380644
  0.33880239446573002  0.34900994361076099  0.36013319444620068  0.37192747406878507
  0.38458397242230768  0.39750984928070648  0.41036793846264136  0.42244527442794949
  0.43331245050512551  0.44382427767121274  0.45393308417696354  0.46437881020190652
  0.47470218763533234  0.48442114247598650  0.49352630861169616  0.50191352994026583
  0.51091977060974803  0.52011210225298388  0.53070971262934719  0.54087453097564830
  0.55143576876230671  0.56181693135815902  0.57112721535744604  0.57975073864116067
  0.58852106926831449  0.59839554066571010  0.60936405215496303  0.62098811733221781
  0.63303226257457967  0.64491242278686944  0.65568521440644456  0.66511382193714419
  0.67362676923442055  0.68202194613869793  0.69088151330778969  0.70027284248257848
  0.71000488219396207  0.72022570309364331  0.73042057268584148  0.74168004902773255
  0.75337947122459425  0.76534971393219309  0.77815195154264682  0.79045658345059766
  0.80195866031021878  0.81293982803278619  0.82348156507155690  0.83454146287262376
  0.84628629845977565  0.85745511653092799  0.86787047229806069  0.87772603315184450
  0.88804102530705031  0.89779021620374844  0.90681506608276841  0.91652916736927859
  0.92760500157309267  0.93893199517925918  0.94936353465096024  0.95859147258685007
  0.96757087465285918  0.97701949320289017  0.98787938197663450  1.00000000000000000
 -0.00269258040950769  0.01182811925805383  0.02325518849226281  0.03525298989408042
  0.04747860657087290  0.06060001270083527  0.07381304526916459  0.08690546472189224
  0.09950930140314224  0.11276792316160296  0.12708469369859499  0.14201659731742952
  0.15756352885657160  0.17299699921956477  0.18812697424799685  0.20140097241013902
  0.21363865346495436  0.22562822972175170  0.23834142546273621  0.25146827727132171
  0.26517252161718108  0.27899183740557304  0.29154609052138242  0.30378473873133022
  0.31563033286769909  0.32964056577388812  0.34268492455652777  0.35626668257090832
  0.36897074643388322  0.38159573133611119  0.39310099031073054  0.40441518646801045
  0.41603223118254729  0.42836948182891044  0.44166722742124520  0.45557143813378986
  0.46933649416101697  0.48215632930737051  0.49516115555386431  0.50822368304334109
  0.52161253554984066  0.53338264509244582  0.54459626779357606  0.55595918682181100
  0.56744410385316646  0.57854020403114104  0.59117219779310060  0.60424013122949605
  0.61698719005936487  0.62887360634113743  0.64035378334352733  0.65165189863289530
  0.66348911311242553  0.67532505675075616  0.68659249544013978  0.69713998234981800
  0.70760762117644038  0.71851912324551914  0.72989750695480504  0.74145060655070816
  0.75301277017197077  0.76455462639077465  0.77563413010444893  0.78619676781981973
  0.79505215764312631  0.80335594454748815  0.81043698540635178  0.81693935849525456
  0.82351469849560011  0.83085270425256075  0.83927759793239598  0.84905545547152073
  0.85834633459602483  0.86688517383308994  0.87498694411139311  0.88308840166494507
  0.89143684013255187  0.89935783457374940  0.90619853335986411  0.91269699753194189
  0.91879230487939778  0.92493954029473102  0.93101325558071835  0.93664652531678305
  0.94165621080234085  0.94645231779511652  0.95188305439259979  0.95752081206439976
  0.96324327531588894  0.96879557806909711  0.97415924164538381  0.97939862012788959
  0.98456263707259395  0.98936104150381743  0.99446299871731036  1.00000000000000000
 -0.00179976548157006  0.00726402775441007  0.01593425747861086  0.02475473426887356
  0.03446588793348911  0.04433339811839421  0.05456722110464333  0.06379584707992980
  0.07303005868136042  0.08215108333162260  0.09233738966653882  0.10384369078544511
  0.11623753445478958  0.12847943994514888  0.14083089567274562  0.15212282548191242
  0.16350120337978472  0.17460733598723402  0.18514654288744015  0.19582724572351456
  0.20628194256837398  0.21670433024858676  0.22700468233268867  0.23754810612334090
  0.24820706468621817  0.25879067351640739  0.26969679901813515  0.28172587930525628
  0.29426911628374730  0.30549576564752312  0.31613390983916495  0.32619030277035083
  0.33661491253269410  0.34786026246058083  0.35978414750675336  0.37167045956945871
  0.38292278727519508  0.39360640655669477  0.40347411357137963  0.41334100266830076
  0.42326121170315634  0.43412274703889958  0.44545986663028547  0.45687471874965130
  0.46846839943125235  0.47965365948997252  0.49120895837236678  0.50179525424859717
  0.51178391912363619  0.52210255916616000  0.53290254993073827  0.54333691790377381
  0.55351316350129243  0.56328257694851036  0.57319887618627474  0.58334516172541129
  0.59400955693438207  0.60514461869060032  0.61613869000202470  0.62597353012571233
  0.63499447824564070  0.64414772852858249  0.65397798381805650  0.66429018976253595
  0.67515966398981697  0.68669070314457514  0.69741803218012299  0.70648678029220868
  0.71505903969321705  0.72454974644937464  0.73414106172714422  0.74447625990019395
  0.75451241766817123  0.76389035194015220  0.77342852740088652  0.78295019398912924
  0.79267883917660587  0.80267534451944389  0.81311351108917729  0.82439136573630845
  0.83587594436503732  0.84666444703206312  0.85800985522885709  0.87058421552010012
  0.88322444535288891  0.89512443394363272  0.90711589848415186  0.91894860372808884
  0.92962807004027437  0.93977406814277087  0.95002516321106478  0.96061744499476098
  0.97085525466986067  0.98099492479607830  0.99058980979390487  1.00000000000000000
 -0.00227584698061849  0.01118352969071035  0.02282090710571313  0.03361341906907243
  0.04358456615799908  0.05224262145290678  0.06055266167368234  0.06911740470041898
  0.07804705701980530  0.08803896582268889  0.09879188960040214  0.11104581699636538
  0.12395955787122631  0.13563710599960321  0.14644527995917012  0.15542225493888112
  0.16489743835529599  0.17435202228988159  0.18436886433199720  0.19406500557922940
  0.20334444955300651  0.21365076397853947  0.22423973644447470  0.23551718466227783
  0.24727358896502061  0.25883791139705842  0.26965319552743733  0.27974563922979828
  0.29053815982585979  0.30230110219336698  0.31348551050547618  0.32331983794441105
  0.33348817860941060  0.34470144679551129  0.35764445138223466  0.36981359743222242
  0.38146912854710163  0.39317154152098882  0.40570807890296706  0.41782921083442620
  0.42890735428107024  0.43931167334530297  0.45032214333157838  0.46109150601314242
  0.47140989927753191  0.48190078416626758  0.49209154683938688  0.50122599129872214
  0.51014309812384684  0.51841636915790135  0.52766966634292878  0.53704232845031585
  0.54692056388007582  0.55658958247129675  0.56608158553912780  0.57612457560337083
  0.58747743293784360  0.59961686596381569  0.61129977626066057  0.62218627993327524
  0.63234067271166461  0.64239298674644008  0.65171865347307056  0.66086826397753107
  0.66959494537280606  0.67824817871977694  0.68747847712100685  0.69763045373370514
  0.70955770940505780  0.72251835549727106  0.73414176458277036  0.74438209862678639
  0.75428959427596298  0.76360860515365914  0.77320870501497618  0.78314470921021129
  0.79323076742832133  0.80365274776707762  0.81470469419319258  0.82567791495803911
  0.83672173410762929  0.84845701251548178  0.86034350013499306  0.87090319663781046
  0.88136479905677700  0.89248815273269422  0.90433498335817719  0.91612107841652446
  0.92883156355587138  0.94077718396463450  0.95137592741490895  0.95993241920237471
  0.96877368040049550  0.97780089284310212  0.98902312567842421  1.00000000000000000
 -0.00003458498895776  0.00016007166936342  0.00046102945181718  0.00075090681840956
  0.00090862799525568  0.00105968004793090  0.00120778285192959  0.00135310272045140
  0.00148911998834635  0.00162226823595270  0.00175240306312604  0.00187549784343888
  0.00199752388363390  0.00211906663820839  0.00224182759922250  0.00236598520716706
  0.00249709855269386  0.00262938622682672  0.00275994303327580  0.00289161293544573
  0.00302400429136898  0.00313559132731912  0.00324766384820655  0.00336809973732954
  0.00348807566668063  0.00360688253269684  0.00372985489984299  0.00385758907481778
  0.00396493470272917  0.00406645421160937  0.00417071413154150  0.00427642091775925
  0.00438236938072408  0.00448846890116659  0.00461554228364842  0.00475784250365087
  0.00490659406002601  0.00507748406327239  0.00526882921116996  0.00546399146974196
  0.00565358807475274  0.00585550249447207  0.00609053087939134  0.00629872936419122
  0.00650987393692234  0.00673642888339594  0.00694617950584159  0.00713550270266189
  0.00732067555374470  0.00751199378062784  0.00770651211893613  0.00790649321419970
  0.00822921198375123  0.00857403599162255  0.00893081893713067  0.00929032230487154
  0.00963318758127336  0.00994995058201342  0.01030440909771382  0.01084022055822228
  0.01122813411759398  0.01151472685569794  0.01172598336580599  0.01194251736667343
  0.01216186605044383  0.01240868091838698  0.01270732896265617  0.01289658905515300
  0.01310394236938530  0.01332761947709115  0.01362087019014954  0.01374491903503545
  0.01386778901223743  0.01398984252527353  0.01406598734951389  0.01413079015572682
  0.01419559296193975  0.01428122110784336  0.01439417267462144  0.01450712424139951
  0.01462678651365192  0.01475454573897118  0.01488230496429044  0.01530479692647842
  0.01581501595738228  0.01648157598213075  0.01737834271724011  0.01848090041725945
  0.02003504033137888  0.02055133482230599  0.02151588738617228  0.02606586319134272
  0.02960030970993753  0.03115938403521710  0.23827910787465251  1.00000000000000000
 -0.00217279541322640  0.00711024416378320  0.01550718118521196  0.02376316395897769
  0.03220418515826306  0.04084603003864479  0.04989496274462227  0.05926974619709176
  0.06780895081721437  0.07535837948457956  0.08302911310170095  0.09165810267433505
  0.10173797355843123  0.11323378741872811  0.12458740228313464  0.13509330093470751
  0.14457701171135670  0.15370070782001571  0.16250262294463497  0.17231165647610081
  0.18262556352143972  0.19383816481062613  0.20525942075200884  0.21595819065100394
  0.22696826289972569  0.23798054868398921  0.24901142671829116  0.26027518529061250
  0.27030977202956380  0.28102729734120158  0.29225511720201308  0.30557065981267117
  0.31951372768287567  0.33282407365110667  0.34518626089671040  0.35717795151870074
  0.36824203549851064  0.37862717020702380  0.38873079074169975  0.40022464884983527
  0.41292839071980031  0.42609347328136421  0.43926570260493308  0.45386482740267320
  0.46797355638601479  0.48302985378338981  0.49671820510158732  0.50890776090522150
  0.51968721290056197  0.53036995019230082  0.54161649760191244  0.55354808281378975
  0.56559726891587203  0.57794360845304449  0.59091547034138747  0.60401220566760083
  0.61768237771490198  0.63099649723675388  0.64324821924565545  0.65522473998747832
  0.66687429541050181  0.67889602398514215  0.69072741923272474  0.70199620314330491
  0.71471131994558490  0.72805006550488527  0.74054195987403215  0.75226385816951791
  0.76232040207079543  0.77218529516225576  0.78072168286721788  0.78891120361650513
  0.79692021733464558  0.80619384608133482  0.81579410389997986  0.82622840284476662
  0.83717061089233291  0.84757081361384057  0.85787065508070859  0.86779027271131359
  0.87751861672724640  0.88726910882160415  0.89748204969370604  0.90743205281269357
  0.91624338226838709  0.92378131136339703  0.93053172909159543  0.93777815757488581
  0.94538677338232702  0.95289466610514562  0.96070350680588779  0.96839312380395159
  0.97640266705727985  0.98421603413610459  0.99201614992980736  1.00000000000000000
  0.52111484872576952  0.59179668494479776  0.60076027148978950  0.60949672457455861
  0.61749825044927309  0.62464076992724904  0.63231139454792107  0.63990728121580087
  0.64682651148606951  0.65307299708587785  0.65939989402682764  0.66531257352570283
  0.67123184330846719  0.67827152049556338  0.68493914258748922  0.69110986023750076
  0.69742456801675878  0.70335520709607291  0.70942042306485920  0.71542921278658167
  0.72118635051629643  0.72664542121639764  0.73154396734377480  0.73672883233376274
  0.74239161633476636  0.74834535711322026  0.75355958566192760  0.75823174485588118
  0.76258897083780108  0.76727503483707371  0.77225115595778882  0.77711466496927784
  0.78148146840452504  0.78531187227148946  0.78912807492715120  0.79343035290397168
  0.79808659779680158  0.80250826864291858  0.80676054996562052  0.81092004197831691
  0.81487114952405093  0.81866422970887620  0.82247672418673567  0.82635315016070621
  0.82998592152129991  0.83379435569800142  0.83765860967298000  0.84155200994233481
  0.84522769256684693  0.84898558420776693  0.85292982542315454  0.85678009273487532
  0.86064819500419132  0.86451021502597714  0.86841038358980349  0.87200725019776204
  0.87522588284838609  0.87853668259672635  0.88186391178506951  0.88538874654821398
  0.88903378400590183  0.89260186155568111  0.89597584915942341  0.89919202321271374
  0.90244323308194019  0.90586311760329596  0.90934318889323207  0.91280520733122827
  0.91633641952186573  0.91978826641797473  0.92293603654004619  0.92575534264910198
  0.92849246900639915  0.93112373782495961  0.93374934265253606  0.93646133790986441
  0.93931677390688195  0.94203164572675324  0.94487689430027977  0.94780362128975082
  0.95072468620418449  0.95370476971023177  0.95661778619001692  0.95959666670165344
  0.96276000189780730  0.96562564980777188  0.96838112747567595  0.97113979132413175
  0.97401303296921082  0.97723750158204525  0.98055170137464986  0.98381211157405180
  0.98707549685055518  0.99054275865346819  0.99486660694980400  1.00000000000000000
  0.07385907480441371  0.08326256107549804  0.10635318024282275  0.12787848675107055
  0.14368746216789915  0.16129751833233141  0.17399930178657511  0.18202194651396256
  0.18834159761762073  0.19420469684135955  0.19972936619987422  0.20538867643020456
  0.21157461010580872  0.21795379806502294  0.22443326831953286  0.23126963252221913
  0.23858846763746053  0.24558426468945591  0.25183496182928194  0.25784589532750618
  0.26369508720980023  0.27026975429468458  0.27668185234463155  0.28254167084365778
  0.28826943681052802  0.29367583525077912  0.29880332012353011  0.30446961741225781
  0.30975393106911148  0.31498708070962872  0.32120637428460036  0.32784677274474727
  0.33438350780671955  0.34063304935672356  0.34671940375811183  0.35282584160023822
  0.35915660321025866  0.36550679583064105  0.37154848258657569  0.37732549348076538
  0.38291627554243596  0.38848348234768248  0.39422642401592661  0.40017748817105736
  0.40635170449660268  0.41287102532432562  0.41893388452261332  0.42483498703362654
  0.43059693682724226  0.43616984754471338  0.44137062449967679  0.44681807126325934
  0.45212824557801362  0.45801540131724638  0.46407788388197418  0.47025277171883878
  0.47619420072149493  0.48208508240335285  0.48780136424809056  0.49380427575088232
  0.50021252469250432  0.50701126531163165  0.51419143652157995  0.52132684957221009
  0.52823259056370642  0.53512521406123714  0.54229580406996103  0.54978208218566327
  0.55729505563452930  0.56440761483921997  0.57157726051273272  0.57900929389760702
  0.58683023556206615  0.59519534324015788  0.60384273513040332  0.61171372978933514
  0.61975231592323143  0.62811394198375370  0.63664904505733966  0.64539828646430175
  0.65472360639244265  0.66435548914859388  0.67464524540447157  0.68509778089084916
  0.69610654636937797  0.70811494935313168  0.72128065489131299  0.73489816599791902
  0.74900994556228051  0.76544870175156332  0.78341231827239755  0.80107128302086539
  0.82142763966219479  0.84585742529054742  0.87971413798609133  1.00000000000000000
   1.3805788288182547E-005  -1.0000000000000000     
 F F F F F F F F F F F F F F F F F F F F F F F F F F F F F F F F F F F F F F F F F F F F F F F F F F F F F F F F F F F F F F F F F F F F F F F F F F F F F F F F F F F F F F F F F F F F F F F F F F F F F F F F F F F F F F F F F F F F F F F F F F F F F F F F F F F F F F F F F F F F F F F F F F F F F F F F F F F F F F F F F F F F F F F F F F F F F F F F F F F F F F F F F F F F F F F F F F F F F F F F F F F F F F F F F F F F F F F F F F F F F F F F F F F F F F F F F F F F F F F F F F F F F F F F F F F F F F F F
  <DiscreteSampler_grid>
  grouped_processes
  1 # 1 for a reference and 2 for a running grid.
  10 # Attribute 'min_bin_probing_points' of the grid.
  1 # Attribute 'grid_mode' of the grid. 1=='default',2=='initialization'
  0.0000000000000000 # Attribute 'small_contrib_threshold' of the grid.
  0.5000000000000000 # Attribute 'damping_power' of the grid.
 # binID   n_entries weight   weight_sqr   abs_weight
    13   10   5.658121443682094E-001   2.270176071795636E+000   5.658121443682094E-001
    14   10   5.658121443682098E-001   2.270176071795638E+000   5.658121443682098E-001
    16   10   2.934698492176265E-001   4.113257953284170E-001   2.934698492176265E-001
    17   10   2.934698492176267E-001   4.113257953284184E-001   2.934698492176267E-001
    22   10   5.658121443682095E-001   2.270176071795636E+000   5.658121443682095E-001
    23   10   5.658121443682094E-001   2.270176071795636E+000   5.658121443682094E-001
    25   10   2.934698492176265E-001   4.113257953284169E-001   2.934698492176265E-001
    26   10   2.934698492176265E-001   4.113257953284181E-001   2.934698492176265E-001
  </DiscreteSampler_grid>
