  0.00325128638018990  0.01307600810579326  0.02359013358656543  0.03380981452130827
  0.04361695008084358  0.05400789335063816  0.06477312763867429  0.07604431400112878
  0.08786646539354823  0.09947584833151467  0.11003778283271809  0.11953280230311517
  0.12899267471090606  0.13920622622172260  0.14942401272037806  0.15969136137717849
  0.17062990921886220  0.18207223583369753  0.19220268305414553  0.20219281975508049
  0.21432388089694257  0.22594959673377013  0.23701652390693828  0.24775680042338202
  0.25885175781382774  0.27049430919561246  0.28127276293618003  0.29235903562861326
  0.30266173390058909  0.31322161788211395  0.32423378934628694  0.33589572669943502
  0.34788494319821928  0.35897542305494573  0.36968244595194089  0.37885767989242075
  0.38662472270067538  0.39452891058624867  0.40259142781507440  0.41175501026309869
  0.42241884820334569  0.43339128914541591  0.44412476086034458  0.45477452338728847
  0.46469813916251534  0.47457844047462994  0.48422017231847292  0.49408654072066954
  0.50396021955180692  0.51443257994353497  0.52577243317736666  0.53708042789993748
  0.54800413259792313  0.55739329467192811  0.56673862813772014  0.57644406188141273
  0.58699609154057708  0.59801053930226300  0.60825920562156555  0.61806110189447039
  0.62802684926755170  0.63817067625312029  0.64822799858428704  0.65814257718944191
  0.66817338621138278  0.67838553910732957  0.68814890518999305  0.69652739411297837
  0.70477607260141428  0.71328534137252586  0.72277023388988393  0.73479128313896791
  0.74653101631483332  0.75834243601712925  0.77024269231507703  0.78144869419103591
  0.79201874501138569  0.80187423552548631  0.81242122977638764  0.82336724983079790
  0.83403925687419356  0.84486746520389322  0.85532856122880674  0.86570404126200784
  0.87625974383135341  0.88692266816171472  0.89829220768276274  0.90955481052546006
  0.92077061235857049  0.93193759956907618  0.94362764100724283  0.95600306960719461
  0.96719213538226201  0.97759273192957730  0.98809273428719524  1.00000000000000000
  0.00003355178567852  0.00003767040193033  0.00004308524242219  0.00004779737931236
  0.00005170462329669  0.00005520890017573  0.00005840955479748  0.00006132195463667
  0.00006401552043262  0.00006665387928166  0.00006938488490974  0.00007224566422370
  0.00007517951001631  0.00007806882753716  0.00008083616333687  0.00008355389203874
  0.00008631809189837  0.00008912199470013  0.00009213014210853  0.00009548046181748
  0.00009893039845419  0.00010242389216432  0.00010618342395267  0.00011011487853920
  0.00011404464005633  0.00011816290680880  0.00012255319647169  0.00012703629364285
  0.00013143592442700  0.00013608844332877  0.00014100741452878  0.00014607983713874
  0.00015130660791089  0.00015710980866111  0.00016353704797559  0.00017030903607263
  0.00017808491602040  0.00018642373966996  0.00019409244214296  0.00020185819589096
  0.00020936909591020  0.00021529057501646  0.00022077061827399  0.00022635376088211
  0.00023264510347883  0.00023962915227828  0.00024791869734426  0.00025730634556213
  0.00026730424487556  0.00027754261868593  0.00028842393079783  0.00030055584518828
  0.00031367782386087  0.00032759098122431  0.00034037203946865  0.00035387050490450
  0.00036853783756360  0.00038550860337064  0.00040426630995476  0.00042250427073073
  0.00044085658442600  0.00045984313425656  0.00047904880474414  0.00050488726709380
  0.00054041503479071  0.00057562395715272  0.00061322704217213  0.00064467951175115
  0.00067757295603170  0.00071931502533703  0.00077738113987673  0.00084730778275835
  0.00092891585479324  0.00103671105734477  0.00115743183358412  0.00125140806830630
  0.00133898241419838  0.00144107120314037  0.00159285814616387  0.00174184694921648
  0.00185586369711150  0.00198287663948053  0.00210600848045270  0.00222465139090941
  0.00243498483221008  0.00258673839656295  0.00275729157307138  0.00294679823659198
  0.00328616338225006  0.00376183508371045  0.00439690895087145  0.00507854852477097
  0.00669192023119042  0.01573871170180149  0.13889743932060097  1.00000000000000000
  0.00007247827095947  0.00007893767769608  0.00008603544017263  0.00009200779896496
  0.00009781750615914  0.00010316677787893  0.00010888120160100  0.00011476303460477
  0.00012097108403224  0.00012725292138099  0.00013345067514763  0.00014001583260866
  0.00014694376941708  0.00015418510548581  0.00016161613912424  0.00016915241140381
  0.00017712818207531  0.00018548487749367  0.00019397102808442  0.00020290531141321
  0.00021221385564084  0.00022122250237000  0.00023004931072183  0.00023928391872453
  0.00024814708774900  0.00025801666565412  0.00026856872769471  0.00027936814089315
  0.00029079058979184  0.00030341155830423  0.00031749777761437  0.00033268588792884
  0.00034852315006111  0.00036371439354459  0.00037914826921783  0.00039620063221998
  0.00041467330700499  0.00043434180830689  0.00045552524300622  0.00047768876364013
  0.00049955681795071  0.00052069661030672  0.00054079757150519  0.00055893298059660
  0.00057863833414497  0.00059815427640151  0.00061645440848023  0.00063828233743351
  0.00066318555482853  0.00068973475857102  0.00071760828276186  0.00074632551311002
  0.00077562072643908  0.00080938528898555  0.00084373504990625  0.00087512249436960
  0.00090658216874190  0.00094113998058013  0.00097910446232095  0.00101981094941749
  0.00106014677974197  0.00110319758416009  0.00115980376176536  0.00121667877332447
  0.00128278021458995  0.00135568193163486  0.00142592616845273  0.00150666736640859
  0.00159072644504952  0.00169255478496393  0.00181465007106527  0.00196905854384010
  0.00214574618865151  0.00233072337523257  0.00251131302794685  0.00267928658810161
  0.00279074924377730  0.00290047239056886  0.00301553030079182  0.00314327926396508
  0.00329826706386277  0.00345461919380386  0.00384255031098947  0.00427318187404706
  0.00462403595541036  0.00496729622559019  0.00533821066957406  0.00577641089291933
  0.00654518194051948  0.00754225239681492  0.00868682156785658  0.01042436732277066
  0.01344470248576465  0.02357714881194499  0.27030739666393661  1.00000000000000000
  0.00000294610930228  0.00000299823789212  0.00000304904698375  0.00000310112284676
  0.00000315064683560  0.00000320331063424  0.00000330430147518  0.00000341648962767
  0.00000352518937921  0.00000362976322260  0.00000373347427364  0.00000385001928433
  0.00000395793828576  0.00000404576965666  0.00000412880801613  0.00000421970378558
  0.00000431651180497  0.00000441811017004  0.00000452581505273  0.00000463564555512
  0.00000478456730630  0.00000495499185791  0.00000512251802928  0.00000528548357783
  0.00000545733706634  0.00000565477272703  0.00000586027850525  0.00000609343477350
  0.00000634426993341  0.00000658815176445  0.00000680902593475  0.00000704075960913
  0.00000726399534532  0.00000748650570737  0.00000772078898607  0.00000797928624915
  0.00000827860787255  0.00000866546366675  0.00000903619715146  0.00000948572401650
  0.00000997735606269  0.00001047516363670  0.00001096398542348  0.00001144232874134
  0.00001193777257729  0.00001245013330072  0.00001306972205160  0.00001371538744249
  0.00001440859664327  0.00001516248427374  0.00001600780505301  0.00001690184792197
  0.00001783651604286  0.00001878911200308  0.00001976454121856  0.00002085836943444
  0.00002209713806418  0.00002347173490127  0.00002499199484856  0.00002662573155317
  0.00002838319702842  0.00003035157197446  0.00003256074868236  0.00003487928144394
  0.00003728233584517  0.00003995366210073  0.00004306602852410  0.00004665923253448
  0.00005058069556254  0.00005484319209767  0.00005925578724745  0.00006408380958356
  0.00006921109261181  0.00007533403645813  0.00008326738196455  0.00009307031939692
  0.00010457555068221  0.00011856772900711  0.00013506963372132  0.00015256686280093
  0.00017312687552861  0.00019942703612885  0.00023255174343291  0.00027474939078358
  0.00033241608331410  0.00041091452464639  0.00050945542074188  0.00062536170981026
  0.00078469892004906  0.00101812222944920  0.00138173022061716  0.00190664167043012
  0.00275076176323975  0.00513438013245791  0.37219718947791203  1.00000000000000000
 -0.00244780364936327  0.01146013876442297  0.02397026869218895  0.03630625501464042
  0.04855429700525155  0.06045941162442772  0.07220847857333083  0.08379519640481700
  0.09596347683273090  0.10781601272953399  0.11925140733095017  0.13005013069129165
  0.14048985369362638  0.15114450116002304  0.16132304183386045  0.17129133008209749
  0.18160728971178347  0.19260376169066326  0.20352019852263301  0.21372307881932348
  0.22350327757949398  0.23326030137508996  0.24322171366228806  0.25331351613403058
  0.26371437743852616  0.27437576597962632  0.28504194002793287  0.29608072423529219
  0.30805158855388359  0.32045884176101785  0.33346045813448311  0.34512830951240697
  0.35578609465388167  0.36599304899011370  0.37656864530886935  0.38775853150709744
  0.39874738675881005  0.40920082692751714  0.41945614071352921  0.42937039812403704
  0.43825968678859301  0.44636244648416051  0.45477216764941464  0.46416548468106328
  0.47569351537747567  0.48686938953060505  0.49731921246010280  0.50739314951618353
  0.51730400637751806  0.52657356247211329  0.53487270268436427  0.54273301076192204
  0.55064311663999188  0.55922799538951262  0.56847291941413902  0.57735622997145264
  0.58606234425977632  0.59564569034922477  0.60563398889744191  0.61593791247817098
  0.62570526450814523  0.63539389818750047  0.64572759469015273  0.65671291577761437
  0.66733706083723543  0.67744342258217571  0.68696202171380405  0.69525700713035132
  0.70289606334058530  0.71073044612335701  0.71961116821325322  0.73041605710694446
  0.74219879181290060  0.75408650801650023  0.76647215146275549  0.77748684478538432
  0.78782142899152785  0.79868133047482670  0.80946883695166838  0.82085933789100196
  0.83248100715797213  0.84488927388911206  0.85719383471296118  0.86875204198117917
  0.87985843774561534  0.89094241782805317  0.90203402466275517  0.91209711657967418
  0.92188056436377075  0.93229031590063505  0.94275905650744085  0.95377638376838003
  0.96485919274361509  0.97544948382665997  0.98734096340635735  1.00000000000000000
 -0.00341362743997493  0.01154989280045551  0.02307363512357628  0.03374893460034235
  0.04362027724929496  0.05311306520083560  0.06251274095151509  0.07226779175933329
  0.08190223802226065  0.09207872842161698  0.10247929922775276  0.11366133795168681
  0.12584178491523226  0.13757847310951743  0.14928754633192820  0.16120623928356978
  0.17381958097123165  0.18475835250745803  0.19472205784784927  0.20412925971885384
  0.21424606804626270  0.22516785392186614  0.23663553198687573  0.24817476487665663
  0.25913547196359171  0.26920354656611190  0.27853236827131450  0.28789246360936782
  0.29878884072845430  0.31027136657873394  0.32172109531075593  0.33347258688614040
  0.34647803551177564  0.35832896920340929  0.36801186327173740  0.37700617200590614
  0.38599899290343120  0.39527919183857863  0.40491902521854206  0.41417215745793751
  0.42404357704661111  0.43440046677931887  0.44431262894129997  0.45439977584920893
  0.46560179911625132  0.47673645207482068  0.48608051974994260  0.49455572834997991
  0.50328147342428609  0.51285749958656124  0.52443375016219251  0.53551807767269555
  0.54567330194988262  0.55599140110558853  0.56669729908077060  0.57777995814130700
  0.58752925665321620  0.59724745393584289  0.60715990972438216  0.61855435847475626
  0.62911851936349328  0.63956976598955939  0.65067379946399295  0.66278241809187155
  0.67501826186684566  0.68658957569327272  0.69764916948796163  0.70857722127958545
  0.71977809949694860  0.73053726822765086  0.74080911270334837  0.75152410929995317
  0.76276198532701833  0.77439926807961168  0.78572415346453028  0.79655368299332086
  0.80796055372559705  0.81893172838385264  0.82991090428916181  0.83895471792657972
  0.84779789611555501  0.85696551909170249  0.86719992571932147  0.87777068613344389
  0.88831838854644118  0.89937789764093479  0.91020631645526007  0.92000509409159625
  0.92997793158382613  0.94029773188167209  0.95125833155417583  0.96079026890259545
  0.97052795645976053  0.97972320442967353  0.98987212179157380  1.00000000000000000
 -0.00130406750160867  0.00682120104510143  0.01472775710319797  0.02029719236397617
  0.02598797754160385  0.03201248021381276  0.03851704724230218  0.04422184060904926
  0.05175403320687505  0.05980681849484339  0.06774491441642852  0.07549870762418616
  0.08337988277286945  0.09097929580882735  0.09815106559140038  0.10558621762988644
  0.11332155558828125  0.12110479325500857  0.12972119727190029  0.13938287127318988
  0.14922668698194533  0.15878108676787184  0.16792136891601525  0.17734033252541800
  0.18684416526839201  0.19669101399681393  0.20638617321312244  0.21728093854149663
  0.22821550273780014  0.23951346109491833  0.25013780130206292  0.26125320235748789
  0.27270685178316872  0.28449378914098156  0.29550034117150209  0.30618579321126549
  0.31773762000179517  0.33028440483776828  0.34219634422062639  0.35359209200758684
  0.36369271674418230  0.37384717996003752  0.38449883431793297  0.39661661365416939
  0.40913725415982183  0.42159665892130077  0.43414783977262927  0.44675655351046867
  0.45909996059802927  0.47175796219202271  0.48273604161069084  0.49398814689931408
  0.50586918671106273  0.51799435867619292  0.52957236562591536  0.54132961494710019
  0.55405479309783612  0.56762278414857814  0.58105312973429302  0.59398290212232407
  0.60655196235837283  0.61907382471004935  0.63121248016286235  0.64366907304087706
  0.65631098818514499  0.66873615177489110  0.68055809049729055  0.69180226261677780
  0.70261217965973743  0.71308075479982791  0.72397633167348607  0.73532072236760071
  0.74677455315600549  0.75786771749693826  0.76896947214010780  0.77961380230737165
  0.79046689705507545  0.80213183571300717  0.81351359647744659  0.82527451875874158
  0.83629677363016519  0.84725000489466873  0.85828504633235214  0.87059880680654045
  0.88357700075949341  0.89585486150156646  0.90643371079767410  0.91592226109727870
  0.92515342610622897  0.93485266321624494  0.94535829182524023  0.95641170625764738
  0.96775899577064195  0.97919351398525833  0.98988219539668165  1.00000000000000000
 -0.00300620807120512  0.01320927455082099  0.02619228389934581  0.03925190493962229
  0.05188380489036365  0.06442461088761045  0.07600980059984747  0.08629293924644871
  0.09532953372000671  0.10411226443898633  0.11308070609508528  0.12293141037064732
  0.13352176024991244  0.14411410452832840  0.15457527243616914  0.16514616341453039
  0.17588835702216421  0.18734993513729425  0.19887581068725446  0.21048316510740903
  0.22287809035269923  0.23439744182774774  0.24552463897915505  0.25706392141474355
  0.26906906576361656  0.28163197972730436  0.29316220182480579  0.30239748852361131
  0.31022940545861932  0.31805360414706785  0.32700697713590776  0.33690506996422942
  0.34862829228952602  0.35760737198115533  0.36538353079326508  0.37461834362774921
  0.38423467318873683  0.39294716597572871  0.40107387335030087  0.40927141938675116
  0.41821819997024384  0.42928764318836082  0.44035276238747623  0.45216358773235854
  0.46349756235362405  0.47346135703820830  0.48290310078974774  0.49121433942985143
  0.50033588475010504  0.50991127449825691  0.52037727452763904  0.53093972550316648
  0.54079281594885698  0.55047106004790325  0.55999444172583990  0.56913332759455260
  0.57817154985540198  0.58768963428671628  0.59732034557610092  0.60726639502973312
  0.61733137018689499  0.62774880215824225  0.63847178046204889  0.64889188645110873
  0.65899442494848504  0.66928241925881460  0.68021975648205413  0.69185046685188589
  0.70286172380737633  0.71320398645846372  0.72317564581330540  0.73303682379817114
  0.74299284977591484  0.75311144406825903  0.76396708594143181  0.77494118987785421
  0.78628135715284808  0.79733422034739088  0.80932017020940195  0.82099388375472537
  0.83277416407961524  0.84282973219832102  0.85274501115728696  0.86224370899000857
  0.87193290413410574  0.88282550911317659  0.89564092602509204  0.90956883236422981
  0.92286401668670448  0.93443989205308231  0.94504524467873052  0.95574005948421903
  0.96656622913556023  0.97773780380673303  0.98881804391917349  1.00000000000000000
 -0.00070869594360430  0.00370771275578224  0.00799661028866530  0.01238771579253364
  0.01701608290380651  0.02175108691161946  0.02638069806579926  0.03153200793511728
  0.03731733749381549  0.04328017001876485  0.04946109914261062  0.05580516364650078
  0.06242108144737846  0.06915436244666791  0.07603409341300887  0.08319517259977591
  0.09074208700545969  0.09875949991908846  0.10724589538091139  0.11609616806748015
  0.12544687682545047  0.13511594548345748  0.14478009874175357  0.15467662179546590
  0.16523904204656464  0.17594834152809946  0.18726163190131428  0.19916259771661993
  0.21079132630390116  0.22175155001338009  0.23242209025260549  0.24363346263436905
  0.25523554047837210  0.26742980448706632  0.28019154831438414  0.29287930505904969
  0.30563603652913734  0.31930681220352986  0.33333914667243969  0.34701571981588786
  0.36001055617069555  0.37283017616318381  0.38576287505372431  0.39898183489164246
  0.41346320395981817  0.42835360960837804  0.44295253307420873  0.45760328728987004
  0.47221333993113990  0.48724504945211938  0.50297196290313062  0.51942881535347385
  0.53622543753821927  0.55263972232428893  0.56870218699484631  0.58352853651422576
  0.59757948571157260  0.61089521064002372  0.62422921594905456  0.63808413691595045
  0.65111341298346126  0.66378914215184792  0.67805993864273861  0.69446422691077170
  0.70996883254026988  0.72521328162585785  0.73957714438718813  0.75316265143273564
  0.76682136130127176  0.77830624933361769  0.78880824333611665  0.80006490894536031
  0.81346844574464117  0.82403506134322768  0.83395998802772786  0.84390899416234300
  0.85464320761033630  0.86439732574625150  0.87295440200128438  0.88115011664512155
  0.89001511290926583  0.89911288604101824  0.90844764138325040  0.91797823566064074
  0.92607307948852335  0.93391275628031789  0.94126185414014185  0.94769930705216288
  0.95444848773690838  0.96099794483051271  0.96771875347815850  0.97451017846778532
  0.98118912380883261  0.98762186896821247  0.99382753162767434  1.00000000000000000
 -0.00231715751961300  0.00845272668809101  0.01822126876577138  0.02877251500079541
  0.04027713551041785  0.05258262844420350  0.06474809639091982  0.07603150598763633
  0.08641989210799036  0.09678507871442400  0.10740606683883196  0.11791172959088235
  0.12848185803400658  0.13841953325532469  0.14858314072678080  0.15866958484997210
  0.16836368131701537  0.17811553941603558  0.18858684225533584  0.20091762938792873
  0.21340234399610084  0.22390954925588624  0.23412261292212008  0.24375358179780171
  0.25316421432452685  0.26255045200888627  0.27237588336949808  0.28321739967887777
  0.29503785980441039  0.30721632879190819  0.31848985882195080  0.32834982872665541
  0.33738375895759903  0.34592316041103094  0.35443492192856418  0.36277663535650251
  0.37141422368758215  0.38077540709731017  0.39057928805200010  0.40054114347893782
  0.40977296534600782  0.41998350491038305  0.43197036115679976  0.44372272862824558
  0.45456034967999492  0.46485274638751467  0.47522432100169648  0.48605909106286360
  0.49783411906803415  0.51024833771966871  0.52241627003673785  0.53344149965416499
  0.54409215973529879  0.55482928579614754  0.56550775117478724  0.57583509922200604
  0.58641457335312352  0.59764380784382698  0.60905476823276938  0.62025371265195961
  0.63080758442677476  0.64040482226415896  0.64943664253300892  0.65764192125986143
  0.66706706054048226  0.67702971472357443  0.68759733719217253  0.69855516860866596
  0.70816443318727373  0.72042177161437515  0.73188825713769212  0.74364798337692462
  0.75545525477739905  0.76722415283072976  0.77883313196609094  0.78990036775268357
  0.80004388113747749  0.80998561940662317  0.82068154751731981  0.83368891437335735
  0.84619811891687202  0.85802870912638607  0.86879266886789686  0.87851057429481194
  0.88798073438459113  0.89779683506539942  0.90656892432868641  0.91521064481214631
  0.92400704717158255  0.93288340797056690  0.94475382752860981  0.95601796328158761
  0.96719710200767295  0.97791111139114240  0.98890042457467620  1.00000000000000000
 -0.00224947982924808  0.01040582192976953  0.02078540493165384  0.03276982405345505
  0.04439765598289240  0.05538990912891811  0.06422402162266433  0.07297568526169726
  0.08209073876382504  0.09209748556189520  0.10179368027457827  0.11147168041556643
  0.12096424286445433  0.13143017062437848  0.14279267166218107  0.15349321615780223
  0.16407029386095509  0.17502644086886551  0.18577850065149451  0.19572857801548543
  0.20500957776500248  0.21512343802522518  0.22705726520457434  0.23926793417259187
  0.25079987414853422  0.26179041506131667  0.27218869673677842  0.28202041754220025
  0.29153199406226826  0.30091715304254046  0.31107505965172350  0.32192392629043198
  0.33265100614843779  0.34369628006768116  0.35601405544048409  0.36965005455560901
  0.38301678561840197  0.39563026753075625  0.40804816748921396  0.42004840775570673
  0.43069509908076775  0.44052580411009234  0.45029536761496014  0.46011503949514299
  0.46996521468849001  0.47794358654267921  0.48597367386171147  0.49427819520485106
  0.50443204250089668  0.51644995960714901  0.52852832879813283  0.54041928569579811
  0.55198496194228952  0.56309725718652448  0.57398834847365476  0.58470250912459831
  0.59535309399520608  0.60570096624933578  0.61595308686636729  0.62655236331454178
  0.63765128946913541  0.64907841445286640  0.65965610733389834  0.66977297447930051
  0.67959186221857371  0.68983075432323793  0.69961571835165237  0.70943105058521150
  0.72011473672177684  0.73170793096255560  0.74368759243314719  0.75533074041260473
  0.76579865110585865  0.77526055363962187  0.78439845863141855  0.79335593825768369
  0.80323232889187390  0.81423984441035202  0.82520171531288666  0.83587001195978616
  0.84564509117164088  0.85564929701451542  0.86582383655967243  0.87673019611891445
  0.88744095073812268  0.89910955675682880  0.91015785349128253  0.92135170118442122
  0.93205760544449068  0.94276187311650017  0.95311514964123600  0.96307719336378628
  0.97154210173015476  0.98055067344006597  0.98924745901506650  1.00000000000000000
  0.48034377801764661  0.57091088119103939  0.58473895127951359  0.59466599858989355
  0.60444605915944027  0.61295675047956166  0.62058653572115263  0.62851524732430331
  0.63776192928654885  0.64824317670209597  0.65779444744566795  0.66667440851887227
  0.67427437549324376  0.68237246366095761  0.69037179073204158  0.69769545150545809
  0.70455085132817552  0.71073941033633603  0.71649108331449141  0.72191201556277640
  0.72745601763959422  0.73288257198424112  0.73854183808320628  0.74413177384781815
  0.74951118105609538  0.75499025595319746  0.76068777179635627  0.76638266647079878
  0.77152244934510850  0.77631055375561286  0.78088281600435749  0.78555861030689400
  0.79012615836913236  0.79476427914354775  0.79936256882139001  0.80405137870664145
  0.80853445298824400  0.81266622451937875  0.81665355514998139  0.82069202636109750
  0.82487179072924055  0.82906049202136689  0.83318716231620027  0.83711975687504547
  0.84096753905728372  0.84475859925990560  0.84839589946486194  0.85208339297467306
  0.85580071801003077  0.85953846842793880  0.86321096745205561  0.86660721625400805
  0.86976395760142478  0.87297390603923275  0.87619929940295438  0.87952988708574842
  0.88299153850898882  0.88639085824803632  0.88978199464785845  0.89313201086136673
  0.89646237030238485  0.89976106637659503  0.90282632064249679  0.90584702587914967
  0.90875453274465201  0.91164360176562431  0.91453662407265179  0.91736928013891916
  0.92007399154892289  0.92264108663379296  0.92519137415594799  0.92793630700719953
  0.93064900212470136  0.93335924203497589  0.93615376845755383  0.93900545940885083
  0.94192626099942001  0.94480561111814565  0.94749223557737849  0.95011508461896765
  0.95279910267691870  0.95536292633207043  0.95797252579086289  0.96083654465256407
  0.96378946787771225  0.96672522685399964  0.96963540065526321  0.97257322852253503
  0.97559862415772680  0.97847684227169485  0.98130858355470696  0.98415906726216296
  0.98700489420427284  0.99002053733628115  0.99444745336114482  1.00000000000000000
 -0.01893591708657464  0.19630151279855668  0.21892303408748059  0.23649811262501680
  0.25127122975621802  0.26432921268676296  0.27598086127128341  0.28612151655972473
  0.29567446900082656  0.30456636471189019  0.31294453943154016  0.32116448251732166
  0.32933064156566827  0.33712238732789401  0.34399496737988344  0.35017809636386821
  0.35622770389669511  0.36221383154201209  0.36838998132469741  0.37442849277901419
  0.38022576465625374  0.38592559986566166  0.39126158790787802  0.39641686295663853
  0.40161085375993183  0.40680957991060374  0.41260112800321724  0.41818777260349133
  0.42368157160222969  0.42917546814542074  0.43437645358480059  0.43946136634485583
  0.44452611161616118  0.44957331696528302  0.45515161333575205  0.45958053258248083
  0.46392802306887310  0.46808598257033790  0.47251412713364505  0.47731512014284583
  0.48216506022231831  0.48686356094272393  0.49149647787546752  0.49599190956847411
  0.50029156799987140  0.50449399182357690  0.50866552967957135  0.51273519940627976
  0.51693408320118439  0.52129818796102356  0.52599660897835754  0.53088273139404030
  0.53636562570369850  0.54166338806354530  0.54728737105610281  0.55253651873475373
  0.55760467884464271  0.56243618664235606  0.56692017878674450  0.57095962002937295
  0.57458832967367990  0.57833500193866738  0.58211557198842545  0.58601164015015261
  0.59076533193529523  0.59597269852650203  0.60109483233559069  0.60630510444355201
  0.61125451100409134  0.61624708313687349  0.62112615439268792  0.62594264121556198
  0.63110936662513317  0.63635710520684796  0.64203619819459756  0.64811137102226624
  0.65423320967135856  0.66054164625905110  0.66669744485662352  0.67278982286151023
  0.67909076532681667  0.68597191406702418  0.69336746189740484  0.70087491869376883
  0.70797609429951269  0.71452289068816943  0.72151159516887120  0.72895446288484433
  0.73799010586840597  0.74852106290705911  0.76040154379106750  0.77419052133582145
  0.79165540073542207  0.80953389795223440  0.82675595504550481  1.00000000000000000
   1.3925312601936158E-005  -1.0000000000000000     
 F F F F F F F F F F F F F F F F F F F F F F F F F F F F F F F F F F F F F F F F F F F F F F F F F F F F F F F F F F F F F F F F F F F F F F F F F F F F F F F F F F F F F F F F F F F F F F F F F F F F F F F F F F F F F F F F F F F F F F F F F F F F F F F F F F F F F F F F F F F F F F F F F F F F F F F F F F F F F F F F F F F F F F F F F F F F F F F F F F F F F F F F F F F F F F F F F F F F F F F F F F F F F F F F F F F F F F F F F F F F F F F F F F F F F F F F F F F F F F F F F F F F F F F F F F F F F F F F
  <DiscreteSampler_grid>
  grouped_processes
  1 # 1 for a reference and 2 for a running grid.
  10 # Attribute 'min_bin_probing_points' of the grid.
  1 # Attribute 'grid_mode' of the grid. 1=='default',2=='initialization'
  0.0000000000000000 # Attribute 'small_contrib_threshold' of the grid.
  0.5000000000000000 # Attribute 'damping_power' of the grid.
 # binID   n_entries weight   weight_sqr   abs_weight
    10   10   1.690169609080338E-001   8.458497618734039E-002   1.690169609080338E-001
    16   10   1.366147713284698E-001   1.149804874052900E-001   1.366147713284698E-001
  </DiscreteSampler_grid>
