  0.00000250297641330  0.00000273737394828  0.00000293788964203  0.00000311046271331
  0.00000326074078188  0.00000339971834470  0.00000353399583883  0.00000368665042427
  0.00000385171820914  0.00000404212145727  0.00000427625245401  0.00000449677866258
  0.00000471118757352  0.00000491226621155  0.00000511926676929  0.00000534746853000
  0.00000557670333960  0.00000580593557539  0.00000604278156400  0.00000629103619827
  0.00000653363289136  0.00000679393016799  0.00000709886064872  0.00000738612396850
  0.00000769122620526  0.00000807202079891  0.00000846017948831  0.00000879968321533
  0.00000911599042471  0.00000945856387858  0.00000982172976190  0.00001019837842598
  0.00001059431477286  0.00001103413451290  0.00001150827298534  0.00001203017428008
  0.00001250806766788  0.00001297845467119  0.00001346520757044  0.00001398630746567
  0.00001456991645307  0.00001519384905172  0.00001589107202678  0.00001666297609319
  0.00001751789764750  0.00001853868192417  0.00001942383389558  0.00002034349259725
  0.00002123317136014  0.00002212640814929  0.00002310807717670  0.00002423248743912
  0.00002549226748810  0.00002687524420511  0.00002835673518863  0.00002979209381055
  0.00003135425690903  0.00003319081958368  0.00003507254614967  0.00003733924889281
  0.00003946647868817  0.00004182857072057  0.00004455654335046  0.00004764364723492
  0.00005095112396744  0.00005480665246494  0.00005860717445739  0.00006259159538205
  0.00006677069150612  0.00007117561183304  0.00007543794199262  0.00008039687710612
  0.00008575294261150  0.00009255914386061  0.00010054734345738  0.00010970141154796
  0.00012059316392162  0.00013330362171463  0.00014399810452616  0.00015406331164950
  0.00016577212178570  0.00018051482058575  0.00020096747490947  0.00022996123206825
  0.00026722078371984  0.00031173015036228  0.00036430233764783  0.00042925705228024
  0.00052527114216571  0.00068426304284845  0.00088649056749449  0.00120589336762440
  0.00179930751837884  0.00418738293098163  0.05130216361270423  1.00000000000000000
  0.00199917223729578  0.01692840528733552  0.03159298709779222  0.04504166160370339
  0.05916451531593950  0.07219679331412651  0.08280428026905431  0.09190013890828683
  0.10077049311512469  0.10981521066279656  0.11991428003409069  0.13060984729197272
  0.14174915597971724  0.15342976302264133  0.16362688083313329  0.17270076510331861
  0.18084910630104556  0.18847021357634111  0.19935029252675360  0.20955170130257800
  0.22010212376699448  0.23065365362264231  0.24182078820122438  0.25367372093830093
  0.26473056672675321  0.27623216558820224  0.28757047899818300  0.29830884318558704
  0.30843207845788356  0.31798755316891614  0.32741147586861635  0.33648002762782553
  0.34540350465905811  0.35508310950426991  0.36548549722983781  0.37527562014963745
  0.38579679132591677  0.39724269426666747  0.40919273680316331  0.41996362824306105
  0.42860784413922998  0.43752685123944440  0.44697949405864901  0.45595098967017400
  0.46298268594617992  0.46946480502143118  0.47731762972577590  0.48713614339114664
  0.49813574987091941  0.50780776060358268  0.51839687905315701  0.53080144092314285
  0.54366978678121558  0.55425773427516223  0.56381061963630208  0.57348690880357045
  0.58468035918775818  0.59641802158578494  0.60694595070147028  0.61779573513570130
  0.62836073687092464  0.63803909096711853  0.64714427054991075  0.65513762420059396
  0.66362972377878038  0.67233287089175098  0.68112010686551072  0.69024437290206175
  0.69915895818418949  0.70734767672301180  0.71670498282335526  0.72723098520752716
  0.73854965835320563  0.75026778022567542  0.76204337553897983  0.77245143758214196
  0.78191435490933969  0.79199969975527496  0.80224748011166103  0.81220452307798252
  0.82189525719539103  0.83138274903758147  0.84224379440129715  0.85354913048966274
  0.86565164331928202  0.87795352113447234  0.89028720320700094  0.90371477337681594
  0.91638034225465770  0.92808554737255400  0.93874808243258900  0.94969553058736056
  0.96078487007155522  0.97261242189132480  0.98619732133429217  1.00000000000000000
  0.00007087913951296  0.00008700014145320  0.00010037156123357  0.00011183291819626
  0.00012332241742509  0.00013372576260432  0.00014363364287766  0.00015379546299157
  0.00016548487813808  0.00017912915041761  0.00019297178750053  0.00020632056821724
  0.00021869263657882  0.00023119924290070  0.00024389033461336  0.00025714575055595
  0.00027183817476431  0.00028806036068953  0.00030521051387676  0.00032161989586214
  0.00033765800001756  0.00035406126194690  0.00037194380733710  0.00039124477700976
  0.00040890237045494  0.00042618127633646  0.00044317705459655  0.00046134871501653
  0.00048096650418409  0.00050228036990094  0.00052552832066164  0.00055124005946896
  0.00057627930473126  0.00060178936659652  0.00062764255772950  0.00065380691441519
  0.00067971620365231  0.00070492249726837  0.00073013641031527  0.00075765593697876
  0.00078810596188945  0.00082024787719351  0.00085392614447643  0.00088948420361229
  0.00092573682820493  0.00096117027065566  0.00099611821347111  0.00103238596970570
  0.00106942356148401  0.00110713978078303  0.00114949744109899  0.00119592949486167
  0.00124429651246841  0.00129062534898301  0.00133048276997569  0.00136661636397501
  0.00140520744738250  0.00145191308566742  0.00150631156254725  0.00157426611853044
  0.00166160508670553  0.00175250792316079  0.00184375856543661  0.00192993449779826
  0.00201969783834506  0.00214211506867096  0.00230103091253873  0.00245635244252910
  0.00260241996129357  0.00276689248633821  0.00292276964349418  0.00307398037848565
  0.00323042930254324  0.00343481686326415  0.00371615264867160  0.00403416580535716
  0.00431801327373076  0.00456077665917079  0.00481398517060855  0.00515721601634987
  0.00560380560139536  0.00599423239857215  0.00643531546537757  0.00698341386116781
  0.00779650814811033  0.00906897876655964  0.00980198053115799  0.01044497680863217
  0.01123344250797049  0.01221157665078465  0.01414993088500491  0.01750662662397730
  0.02278487970179123  0.04277953157537905  0.25856015642404873  1.00000000000000000
  0.00070041006374791  0.02656044685166508  0.04129117380181691  0.05323428122870562
  0.06499101901828648  0.07801031768282546  0.09024211586211869  0.10175108472768771
  0.11327419271351016  0.12435946447473101  0.13619351175003583  0.14771730588752249
  0.15803247625825406  0.16795592403011883  0.17802141054386858  0.18870365234593306
  0.20032285417834045  0.21133038152497186  0.22310510897896760  0.23427373760219392
  0.24681007736452995  0.25828965910490703  0.26958359766640150  0.27954405747573746
  0.28991533668686575  0.30084429681850683  0.31385749278091857  0.32796928755783922
  0.34072575092505447  0.35118713682164415  0.36134244052566766  0.37126560931552494
  0.38234858762190682  0.39251512720886395  0.40197300285569654  0.41091696336632505
  0.42025766030791889  0.42893373023218262  0.43780907143995201  0.44668830854934521
  0.45591068209376806  0.46464501218787335  0.47394347117591212  0.48527611284125827
  0.49626239879337519  0.50521081259373279  0.51249670447862083  0.52023877382912986
  0.52898863683397701  0.53892181833966124  0.54908957363725841  0.55959760559417016
  0.57141186594143611  0.58316185603237081  0.59350210376529555  0.60465819355215977
  0.62007262580039801  0.63701780591474588  0.65138334119270858  0.66251596157217874
  0.67092956095056278  0.67822434524624009  0.68612410983163286  0.69373452631019572
  0.70048462355124652  0.70740466837456450  0.71504109826729223  0.72304354968526729
  0.73125385630886874  0.74179841938196966  0.75125255837901395  0.76060457128920211
  0.76997196444271732  0.78082259675490562  0.79284029820867774  0.80516208778903797
  0.81668935542891807  0.82685096809194847  0.83665259472012843  0.84734338527017961
  0.85862474894729424  0.86956455950373834  0.88084125559694471  0.89281025221458787
  0.90385609844754033  0.91444684755989170  0.92534487304170610  0.93623851881324605
  0.94673936266538317  0.95621259028754724  0.96457328967590961  0.97171971707972593
  0.97862735034251069  0.98581246207074902  0.99248274011034598  1.00000000000000000
 -0.00184106885975347  0.00620845325827334  0.01356764192021373  0.02021708143370577
  0.02648875103921514  0.03177826293431586  0.03745384186727559  0.04345225219111946
  0.04868544463953360  0.05546290371208896  0.06305198971077246  0.06978653952469094
  0.07525259153092270  0.08059192023003907  0.08715804227050108  0.09476184852284403
  0.10191896700362441  0.10995668176464149  0.11837071959897164  0.12740693673394871
  0.13633441783464359  0.14442392425885089  0.15125454308953543  0.15814019136494112
  0.16627459398960184  0.17392315606031586  0.18096240290693594  0.18719318230766122
  0.19389416736126719  0.20058625617744105  0.20887327064959038  0.21828425624256143
  0.22755973084406825  0.23639218482075008  0.24602885844039388  0.25618726868995761
  0.26537349229062596  0.27452808385850769  0.28241534533448581  0.29185195415885590
  0.30164872806325360  0.31222734408713732  0.32208273280589872  0.33221019617888498
  0.34289829137424238  0.35313218901266008  0.36214322995369580  0.37019742068942274
  0.37882789606012868  0.38842280623571385  0.39881346806137591  0.40942259008379922
  0.42039725888922036  0.43197218175174523  0.44322024407538418  0.45525357789269782
  0.46865549544861934  0.48356699014634080  0.49880230300577921  0.51348085854112124
  0.52726599914561145  0.53986168981781046  0.55176452811299903  0.56342241029759632
  0.57602530879230862  0.58957630473187528  0.60298982147608593  0.61572784277556381
  0.62948374110447758  0.64580141243415534  0.65932823417454833  0.67041452670028312
  0.68095235735151238  0.69184710473244493  0.70392796917905531  0.71693367724536017
  0.73025391633195635  0.74468877517855336  0.75929736420597727  0.77332468830637990
  0.78623749896442630  0.79892933511358477  0.81133609010392471  0.82469211897298689
  0.83892321932862290  0.85228178979484581  0.86444299776844313  0.87584421955911063
  0.88890576970015578  0.90222634841648541  0.91735372618508160  0.93210646268468555
  0.94783776386084773  0.96544278048018173  0.98410027345777396  1.00000000000000000
 -0.00229056670652969  0.00911018567147963  0.01982166882916263  0.03138603470024657
  0.04378924469059030  0.05628472099671154  0.06859302318102016  0.07959510410611476
  0.08675609654360189  0.09373829469608440  0.10069840269869380  0.11009602267148577
  0.12131876623744110  0.13185606404348396  0.14274268008396057  0.15438613103029106
  0.16538413215897474  0.17443043367958608  0.18249697182666499  0.19212573653286000
  0.20210000899104380  0.21236785916491460  0.22034988218704413  0.22830785434787063
  0.23804932037394372  0.24927797132913559  0.26122633091404585  0.27297797565318471
  0.28381751754187717  0.29426167374368095  0.30443948251038239  0.31372502088007498
  0.32273444070339696  0.33175902874775198  0.34572820157406942  0.36112163005345499
  0.37966143675679892  0.39662047797684180  0.40969904601205021  0.42079801602634825
  0.43065657255949036  0.44009099778958555  0.44990813212757114  0.45918334574322950
  0.46807279401241947  0.47729875759334728  0.48756158953777828  0.50005990236697295
  0.51247292889587337  0.52543027792373276  0.53936250282628095  0.55141195461574122
  0.56094070752720093  0.56916378056449601  0.57702718168210609  0.58499769932887991
  0.59479956366487430  0.60568072466767087  0.61843935126674099  0.63337243018132061
  0.64763118899357519  0.66088724609266936  0.67197695493739706  0.68066027432548515
  0.68882866628427719  0.69791354574182818  0.70661000987261047  0.71512246668578738
  0.72331983448785730  0.73330319984442316  0.74556657824040740  0.75802535354898148
  0.77131288469305848  0.78650206878386342  0.79769437491484385  0.80766992223036793
  0.81700730287353374  0.82842440699042774  0.83920045138720956  0.84877626793670757
  0.85926154785714881  0.86803672138209287  0.87605813413264333  0.88383053705530013
  0.89269083037742181  0.90317129302470933  0.91433763313734506  0.92566557787563075
  0.93603635092661730  0.94579462376869572  0.95633618330601911  0.96547585671868708
  0.97560924619259770  0.98570527414480180  0.99316290400572427  1.00000000000000000
 -0.00178977649815360  0.00888709292281310  0.01978265536137991  0.03114595767862583
  0.04153734961220113  0.05106537271599032  0.06003141881801285  0.07125020345578774
  0.08264114362583870  0.09328074184522597  0.10324462684430190  0.11363863853524350
  0.12385140667355762  0.13318117813364441  0.14309583847527080  0.15477608175769672
  0.16534235383549775  0.17552557102585661  0.18588481110134994  0.19711627809052748
  0.20853303622423786  0.22009782836808547  0.23060225316248786  0.24055642077732603
  0.25048407490246682  0.26132600489085567  0.27203189020991059  0.28172851969459578
  0.29104942061068795  0.30129055246127784  0.31164189614046156  0.32189374335815080
  0.33275093510899167  0.34296132042292793  0.35502319098607804  0.36745782415889638
  0.38051600164769639  0.39245084190313184  0.40293509909129194  0.41275502681058840
  0.42275278823884593  0.43393963959676740  0.44472917478275786  0.45614785565207372
  0.46715007342348364  0.48009808767721557  0.49064104212103365  0.50259100118105471
  0.51389084839822019  0.52499825170222025  0.53568246951486254  0.54581991583708511
  0.55597272441835621  0.56613033584342898  0.57748113538894497  0.58952572757977784
  0.60163862938356993  0.61343243779402512  0.62615165819089003  0.64149910542038724
  0.65634941915320177  0.66915141493319186  0.67995422326819366  0.69118016679611405
  0.70032890120275570  0.71138812746951341  0.72262542854619127  0.73187862559412997
  0.74103014820616442  0.75014973908366178  0.75989372986895443  0.77105887588921873
  0.78310720515545351  0.79561808107237775  0.80829230972390287  0.81969109948550134
  0.83000218366110545  0.83986669004080028  0.84974017729509765  0.85928622411725786
  0.86882407114758142  0.87853254151696258  0.88908001523799041  0.90091632745888683
  0.91239953439355781  0.92171343094975100  0.92981206529063776  0.93827280904343890
  0.94712920426813985  0.95575713555627251  0.96362348045779300  0.97075584213814825
  0.97882292738615118  0.98606983341118626  0.99333729512460378  1.00000000000000000
 -0.00270426537236663  0.01264289511995032  0.02255810496297747  0.03265308114579397
  0.04317128587034259  0.05569675223027305  0.06826434110203605  0.07932137503370293
  0.09180383457321173  0.10367865378773115  0.11484417965618934  0.12626705206985503
  0.13713888253415976  0.14687934690435386  0.15587361190073357  0.16521428891637799
  0.17403550225011150  0.18266403645249832  0.19140747035265721  0.20024095820365825
  0.20969826499434771  0.22057787357184708  0.23212130839494588  0.24368497389732099
  0.25521290758012566  0.26660465995682309  0.27746619454851024  0.28803866874366918
  0.29808454478105634  0.30817178683750396  0.31868206699271373  0.32944780132765966
  0.34056751094882498  0.35066936871213916  0.35938299529659784  0.36769028470162335
  0.37632265071967885  0.38577705170695981  0.39549442055393730  0.40697925750621250
  0.41894153281742391  0.42979460578890799  0.43996626177409565  0.45050774697813073
  0.46119251550660650  0.47257511779458694  0.48404652358285349  0.49610791758161699
  0.51052439263647609  0.52539933515465131  0.53901604763329969  0.55037103487385497
  0.56054641107510705  0.57021273971553865  0.58024736022327406  0.59083193186734140
  0.60162024410245118  0.61279366366642463  0.62459989921845205  0.63826622200190408
  0.65198910294675594  0.66500459705958603  0.67532096329812430  0.68462114398902818
  0.69356974418494333  0.70281588653430582  0.71232886256151196  0.72141646428826600
  0.73040843565003466  0.73930284071242325  0.74774590479905856  0.75528419413430292
  0.76336675398998588  0.77278543490425200  0.78239249757366103  0.79163876020596857
  0.80180599932220709  0.81218459675264287  0.82388040907251980  0.83670086932656629
  0.84981913237325424  0.86009208634623158  0.86999214452322238  0.87971405345778042
  0.89016353665398762  0.90148954851910368  0.91260946506875074  0.92225506404766322
  0.93115465315953694  0.94182494758862523  0.95250287418470669  0.96281625476149635
  0.97267181159544047  0.98178434959688898  0.99094063347029704  1.00000000000000000
 -0.00266682633861692  0.01131135548881709  0.02170813320707669  0.02995041161357484
  0.03780902846652987  0.04529064791595114  0.05290700639749912  0.06068544923605479
  0.06803043698250275  0.07506747522438914  0.08180508702979958  0.08857629588938259
  0.09549603318168615  0.10242689526995219  0.11070111907412786  0.11994102865341297
  0.12958736537985224  0.13962288182071556  0.14988859364438359  0.16021451770086340
  0.17041526080284788  0.17886459385422515  0.18737929910536419  0.19543516812226089
  0.20311214802946631  0.21170019259469997  0.22040792563531858  0.23069725279599956
  0.24204825308003908  0.25295197824769960  0.26209116564938595  0.27032812757275132
  0.27840839529138089  0.28683548977009238  0.29456455599113607  0.30188245521393853
  0.31023018738721625  0.31968921538458794  0.32967164468822763  0.33991390225604601
  0.34985422065778959  0.36094611557309109  0.37162989163301696  0.38216109052876851
  0.39254067951795030  0.40368002514956086  0.41560061811637622  0.42666933171477828
  0.43718622214615943  0.44747451916681130  0.45767139148127195  0.46775018156166825
  0.47846354206551756  0.48990582417335454  0.50104108621693699  0.51173759617755532
  0.52251036147653007  0.53441649175076866  0.54825357116144180  0.56279982771615022
  0.57726897977050184  0.59005516535513214  0.60111686437430056  0.61071716809253407
  0.62102249946724997  0.63190229573340673  0.64346957408583927  0.65433839757166856
  0.66401655117463432  0.67340004063704173  0.68322870212888953  0.69265555918413468
  0.70194011695130054  0.71177629423782307  0.72282114341241521  0.73358127418050123
  0.74474949090652909  0.75730900867930728  0.76913051940133548  0.78172206978627712
  0.79390081569317961  0.80807369321183775  0.82310516638546483  0.83852480362688875
  0.85299317704805844  0.86871725334850880  0.88057770386585932  0.89203602493901724
  0.90420373970166434  0.91997885802958090  0.93653608032820235  0.95020229510245291
  0.96395578435913409  0.97778338044662716  0.98935404132411964  1.00000000000000000
 -0.00245243043246795  0.01102527098965151  0.02253723761122108  0.03353468529153665
  0.04396746083561304  0.05375071834745834  0.06415262804203323  0.07543702451427159
  0.08621881422073271  0.09608973516903024  0.10482686306413821  0.11253119914966216
  0.12005995883291250  0.12797944844057682  0.13608461184721168  0.14513634859834104
  0.15551513796702887  0.16673131374459438  0.18045540924283043  0.19376904123531122
  0.20710438265344869  0.22103968205348007  0.23513714220452403  0.24865279729819856
  0.26029743895729757  0.27260723570975076  0.28464926852913347  0.29376322248218550
  0.30258490798316212  0.31125026954522450  0.32160199563685821  0.33274803379007278
  0.34503453467186851  0.35684220646283049  0.36722805342255321  0.37702696450883322
  0.38648886036290692  0.39701624858456797  0.40649546991625252  0.41500820925343462
  0.42329462982648758  0.43260209279416517  0.44234368013987274  0.45236033660489455
  0.46237608699537647  0.47202299428985939  0.48301767177054128  0.49576693587599097
  0.51045865968248905  0.52251103435816360  0.53196329890794192  0.54103445273536244
  0.55067426141788889  0.56003028753292339  0.57014141535368434  0.57984189121402196
  0.59259189718374372  0.60488034256919487  0.61573675751361978  0.62595757383673101
  0.63660804991962894  0.64783474645613082  0.65985942412138265  0.67019429097976380
  0.68069743736776178  0.69226332721588335  0.70308899140620973  0.71288332576539937
  0.72210009173875522  0.73272794428209409  0.74223696069979506  0.75059671349822676
  0.75882311605977948  0.76866050946574305  0.78042790516206895  0.79145634808167276
  0.80072876749788024  0.80967929020204421  0.81916712502001421  0.82940655558217879
  0.83943169049540101  0.85002101057662072  0.86322015084267356  0.87883126486939456
  0.89119961594259434  0.90063083070670247  0.90969108406742438  0.91872560896322064
  0.92846252992132083  0.93814324460542931  0.94827273315226235  0.95879079402277012
  0.96893375443267549  0.97904934724176795  0.98954008390137915  1.00000000000000000
 -0.00202405044235571  0.00834212599836568  0.01743078387217333  0.02529183764951952
  0.03305940168607397  0.04051975732080097  0.04832222928801769  0.05565730356509047
  0.06380741337078107  0.07348127907357752  0.08323743247294213  0.09324583766917301
  0.10247789524661723  0.11207545665883153  0.12313034718537222  0.13530862679855174
  0.14953032576419781  0.16639449660683675  0.18256579188293029  0.19680614157640616
  0.20941250430461777  0.22115501988988570  0.23266489550352448  0.24357216812222915
  0.25439844515526144  0.26634436180631260  0.27763650442938254  0.28861613027461774
  0.29910183172768484  0.30866679957545123  0.31958078814821522  0.33110770780465604
  0.34242792815393869  0.35647558188808770  0.36972367221849223  0.38243782965003414
  0.39405075202889317  0.40559991789620248  0.41649979956433730  0.42727642710583075
  0.43809344381545962  0.44946795603284007  0.46002580309343566  0.46778057977707960
  0.47487456151619123  0.48223851239841176  0.49170346576035945  0.50239469855942831
  0.51280889171234834  0.52294630718716795  0.53427222413820430  0.54522634581284601
  0.55511796070890052  0.56450369314677740  0.57446657847965676  0.58443755616710236
  0.59561009428285749  0.60733005991946964  0.61827675847087027  0.62847802936269892
  0.63763463571516399  0.64747788852980126  0.65887670836028722  0.67166416498361803
  0.68421800262583421  0.69522027167062350  0.70558445363936284  0.71577353382184006
  0.72534537653756059  0.73354590716777335  0.74203538191342122  0.75021441021635127
  0.76032919355852124  0.77057403282476911  0.78119713839470095  0.79250036217436226
  0.80421541383297934  0.81644032063222804  0.82873110899363533  0.84104226338781329
  0.85428613067655013  0.86562863071393026  0.87659852883511857  0.88661811099331322
  0.89645606266101918  0.90640301176861537  0.91617739175915425  0.92571843446938606
  0.93572273257536398  0.94580356283694811  0.95534191285345038  0.96472173689556551
  0.97392713208095294  0.98385547686166819  0.99199484387872316  1.00000000000000000
 -0.00148564012426587  0.00638175787302728  0.01424599244319577  0.02255484649443907
  0.03237015225190230  0.04282823757297061  0.05387205579991516  0.06535204740209008
  0.07580714734499019  0.08490077115719649  0.09389134595530552  0.10341604829122127
  0.11300304136707789  0.12318200033297375  0.13325040997511112  0.14466180661035224
  0.15463551914526671  0.16417902443995006  0.17291354533940187  0.18138038949527163
  0.19040587343041440  0.20082752449089958  0.21018571438300493  0.21862672363419494
  0.22670179409512337  0.23502308873466229  0.24385570971113754  0.25330449122208731
  0.26293585517432405  0.27518006967990727  0.28885671669219654  0.30305853373192665
  0.31548239582839221  0.32679939969337224  0.33769297149124000  0.34843033520743377
  0.35904250012288130  0.36973271327926438  0.38132635591760400  0.39377266109733222
  0.40617301408316953  0.41691345814252212  0.42745246465244441  0.43792912074175128
  0.44887268003044528  0.45931285110284503  0.46971838289773460  0.47974445433771934
  0.49255413281186849  0.50508379960795546  0.51689532985138986  0.52780395083539378
  0.53810592692833525  0.55043034838452642  0.56422883212378572  0.57719355361297109
  0.58963059310102506  0.60186566579687795  0.61329228224925048  0.62337606894950637
  0.63386423284173243  0.64376027901194199  0.65277834871205176  0.66183936546283351
  0.67207417829186988  0.68354694047640596  0.69655226773378032  0.70784382567943538
  0.71879461785470433  0.72748046253806853  0.73691366621805754  0.74673487714434372
  0.75786066264720908  0.76952358535182264  0.78039654647167200  0.78995949290582912
  0.80030260801733821  0.81074290632736734  0.82285643538921416  0.83518561135909253
  0.84577247287509849  0.85499548760927335  0.86191245398507477  0.86833352621617077
  0.87510008020003283  0.88266887411147632  0.89372782258224603  0.90492411977889586
  0.91754215215542179  0.92940248334468767  0.94099290162798777  0.95201642436825873
  0.96319556904246939  0.97561769390020270  0.98742422136290664  1.00000000000000000
 -0.00112562362242479  0.00565447049164676  0.01081309405605434  0.01589180275965540
  0.02094558021091126  0.02664810770185917  0.03249285216473211  0.03846088419150284
  0.04547777878257678  0.05419161461699299  0.06309389527693238  0.07203749961828453
  0.08003628215763646  0.08771466274531993  0.09584341612455760  0.10507851847181598
  0.11577237313685826  0.12593181911887258  0.13520875027737284  0.14480256050266818
  0.15557787903339343  0.16688217283478687  0.17805370350610814  0.18892387310130296
  0.20026379132472560  0.21257355579643231  0.22377271227046761  0.23340738186740487
  0.24257084915208432  0.25222605755508759  0.26145659032846641  0.26982514714699490
  0.27802928812280847  0.28573372192580831  0.29390351435737311  0.30365618489390944
  0.31512935503399758  0.32764668808300207  0.34024533841525600  0.35330625626311396
  0.36514132988042597  0.37854563639790584  0.39115727076613116  0.40502018586896810
  0.41637778820637139  0.42624739862138733  0.43534174952880461  0.44486893463645077
  0.45639605631223212  0.46761541763814790  0.47897452728412915  0.49177018820893720
  0.50521229504878262  0.51903764608033254  0.53270621624408909  0.54459595460698140
  0.55589099000299325  0.56778350874653183  0.58080286059531183  0.59439469841416837
  0.60749167434208273  0.61970053238810574  0.63011755696143068  0.64051122206057987
  0.65103213594575460  0.66269138448118559  0.67451281221867432  0.68442362450974370
  0.69411376080425391  0.70412625715163168  0.71562710081983938  0.72799043754512338
  0.74239669599074576  0.75482861584423055  0.76524066077251507  0.77456941673768132
  0.78320661313971629  0.79249735109393071  0.80198553722586208  0.81211895583343829
  0.82203859340534691  0.83043257792794445  0.83919659930006574  0.84944160468024998
  0.86078183312562329  0.87240606090502104  0.88305265209672545  0.89403894244797899
  0.90598853747049657  0.91800106898655931  0.92858726346381737  0.93965420458309779
  0.95196843183272850  0.96528318462133345  0.98025316401968754  1.00000000000000000
 -0.00154603210136237  0.00801199506887368  0.01756074987870025  0.02767357618574231
  0.03895624632995294  0.04977128406396478  0.06176541460241931  0.07430382836335912
  0.08728824291169496  0.10011699709762124  0.11180869105273276  0.12274569075517895
  0.13233196928828841  0.14128988800924033  0.15120777355898751  0.16251182543436951
  0.17493993608989084  0.18792459044799933  0.20136675853300579  0.21356986342973472
  0.22464058958418384  0.23543810556065967  0.24689912708824868  0.25928722799518378
  0.27038961688010615  0.28005777502673390  0.28888008842187923  0.29725011381124239
  0.30547084763704130  0.31386152333574641  0.32288286522471199  0.33248376076691394
  0.34451226250687944  0.35776869598814698  0.36904339874283754  0.38067508234595687
  0.39249181162870056  0.40549946248650981  0.41706766688300723  0.42651004778645035
  0.43472967768624687  0.44298850809781692  0.45198534789947203  0.46203637874444037
  0.47346553478663189  0.48585101138535919  0.49768965770490736  0.50922368434364529
  0.51875188540426287  0.52798662642831573  0.53694700671775242  0.54639953073065328
  0.55586457888867247  0.56461910099420443  0.57339188430100441  0.58222550631891601
  0.59155667366503317  0.59960888817298186  0.60699831081213795  0.61473487267695093
  0.62375682373321750  0.63359736713755377  0.64398753623432448  0.65532683282519755
  0.66736490203206744  0.67869049226169798  0.68859720643138211  0.69775610241428232
  0.70653964816147496  0.71641650655172850  0.72782637115753912  0.73979131166053447
  0.75146996909153974  0.76295489275589157  0.77466989211146364  0.78631227702175599
  0.79817461014230140  0.81072530379513408  0.82446733146404128  0.83682437677974897
  0.84576219231520955  0.85437198315670915  0.86349904014591428  0.87287623673865355
  0.88078895473541730  0.88855685897119618  0.89682136858396733  0.90664439224412297
  0.91777509851406136  0.92931862588310488  0.94320055026391891  0.95681536560471103
  0.96773499850618072  0.97796762297022521  0.98758745470458742  1.00000000000000000
  0.38024644019765430  0.64017270534704440  0.66271629063373161  0.68326052624988787
  0.69957997124034144  0.71172687840207127  0.71965340707926029  0.72733770939455078
  0.73493114536002091  0.74252744778177648  0.75007319592156785  0.75768860799204052
  0.76446607882907758  0.77010909550384843  0.77563246400411656  0.78214565763931521
  0.78889900505109667  0.79422929035522372  0.79845813895133277  0.80283311704904392
  0.80783705832741126  0.81382598855412525  0.81922127418038648  0.82370672467975803
  0.82805445614948636  0.83194249895284966  0.83539842378418838  0.83862327202104769
  0.84219942634289602  0.84570091275714365  0.84882715751619375  0.85178235218332754
  0.85461807152577729  0.85745247186818896  0.86020195018235179  0.86324333175582824
  0.86659038223762408  0.86981227350141721  0.87262485138011658  0.87543722705604587
  0.87815398143493273  0.88075887543468989  0.88321108500679024  0.88549670364604005
  0.88755687534658623  0.88960883170290672  0.89173593999483092  0.89407593506326988
  0.89660124679172437  0.89911212816125730  0.90158946696816578  0.90376872302647360
  0.90581109413580807  0.90780755194522855  0.90981565208413417  0.91173863934442212
  0.91377608777569008  0.91614488428704099  0.91853536424863480  0.92092167145077797
  0.92306647624174465  0.92519187951685067  0.92730772863445210  0.92919967558164940
  0.93110302987232252  0.93299740039145329  0.93503212549936543  0.93719848015976304
  0.93937310407961105  0.94156704935414237  0.94375981939195952  0.94595663292548826
  0.94813513808225203  0.95019903415719831  0.95220520063860759  0.95417126847851907
  0.95612637310467885  0.95818510029943060  0.96028732258631000  0.96224592859685942
  0.96411727418434068  0.96586025188774527  0.96763857657473329  0.96953689516929709
  0.97161462589720726  0.97393280904116886  0.97625434464541561  0.97857578634310949
  0.98077432161411082  0.98305024562165433  0.98553211127475038  0.98797552808310907
  0.99045930958516548  0.99315552093969717  0.99612500866026499  1.00000000000000000
  0.00148991670795631  0.06352098016887599  0.10831084751451436  0.12205779779636837
  0.13306623083344957  0.14074042379659951  0.14893114118777676  0.15618582224348518
  0.16209630931237695  0.16719791057168606  0.17182788430299187  0.17611254316709327
  0.18010714596902014  0.18475407920097867  0.19022212150764720  0.19674627618952512
  0.20482661534423330  0.21093139334813418  0.21565294303641552  0.22057718741299134
  0.22548757812904602  0.23144670145077287  0.23976341173273630  0.24828149796410603
  0.25599194135424846  0.26351539658550388  0.27008798807720835  0.27635573802319535
  0.28227679950975443  0.28798160643979581  0.29312448666355589  0.29755798355326829
  0.30183235152717347  0.30606279653562274  0.31047481393621656  0.31530617498251917
  0.32067165878291176  0.32601965647568770  0.33107371421694709  0.33632385424126698
  0.34209046118155584  0.34847619672807906  0.35478609282733192  0.36054582312934441
  0.36614517572669192  0.37140377315249629  0.37668681042759289  0.38223809105600354
  0.38767478931501564  0.39356307429128162  0.40012610474971516  0.40656696173136581
  0.41275072982749772  0.41941492339708725  0.42505622359135969  0.43094269194742651
  0.43677301850316785  0.44302578338733611  0.44939749932785317  0.45513815059212454
  0.46019101089636788  0.46521895035770472  0.47055824903068139  0.47658434984704606
  0.48346519348761346  0.49112116119529309  0.49878856412420430  0.50652554868021737
  0.51395305499608068  0.52112626361020775  0.52845769039034318  0.53542379309787913
  0.54264646446498810  0.55051130003620330  0.55787683793910192  0.56578113080946835
  0.57398963842723516  0.58304901182266489  0.59294909920913497  0.60369156466537766
  0.61463287046313775  0.62649679418054882  0.63837051791197119  0.64965057279278526
  0.66071052961549515  0.67113981273362755  0.68267712343075770  0.69568076830967374
  0.70849593251912490  0.72251880384416767  0.73884221489193125  0.75933161477558253
  0.78453930652983883  0.80814810968046769  0.84593446087894297  1.00000000000000000
   4.8202386017869222E-009  -1.0000000000000000     
 F F F F F F F F F F F F F F F F F F F F F F F F F F F F F F F F F F F F F F F F F F F F F F F F F F F F F F F F F F F F F F F F F F F F F F F F F F F F F F F F F F F F F F F F F F F F F F F F F F F F F F F F F F F F F F F F F F F F F F F F F F F F F F F F F F F F F F F F F F F F F F F F F F F F F F F F F F F F F F F F F F F F F F F F F F F F F F F F F F F F F F F F F F F F F F F F F F F F F F F F F F F F F F F F F F F F F F F F F F F F F F F F F F F F F F F F F F F F F F F F F F F F F F F F F F F F F F F F F F F F F F F F F F F F F F F F F F F F F F F F F F F F F F F F F F F F F F F F F F F F F F F F F F F F F F F F F F F F F F F F F F F F F F F F F F F F F F F F F F F F F F F F F F F F F F F F F F F F F F F F F F F F F F F F F F F F F F F F F F F F F F F F F F F F F F F F F F F F F F F F F F F F F F F F F F F F F F F F F F F F F F F F F F F F F F F F F F F F F F F F F F F F F F F F F F F F F F F F F F F F F F F F F F F F F F F F F F F F F F F F F F F F F F F F F F F F F F F F F F F F F F F F F F F F F F F F
  <DiscreteSampler_grid>
  grouped_processes
  1 # 1 for a reference and 2 for a running grid.
  10 # Attribute 'min_bin_probing_points' of the grid.
  1 # Attribute 'grid_mode' of the grid. 1=='default',2=='initialization'
  0.0000000000000000 # Attribute 'small_contrib_threshold' of the grid.
  0.5000000000000000 # Attribute 'damping_power' of the grid.
 # binID   n_entries weight   weight_sqr   abs_weight
    19   10   1.063874902779743E-006   8.455509474930934E-012   1.063874902779743E-006
    20   10   1.063874902779741E-006   8.455509474930900E-012   1.063874902779741E-006
    22   10   1.063874902779743E-006   8.455509474930934E-012   1.063874902779743E-006
    23   10   1.063874902779741E-006   8.455509474930900E-012   1.063874902779741E-006
    25   10   1.978241807004641E-006   1.987567031276142E-011   1.978241807004641E-006
    26   10   1.978241807004642E-006   1.987567031276143E-011   1.978241807004642E-006
    28   10   1.978241807004641E-006   1.987567031276142E-011   1.978241807004641E-006
    29   10   1.978241807004642E-006   1.987567031276143E-011   1.978241807004642E-006
  </DiscreteSampler_grid>
