  0.00350742644601974  0.01160046872499178  0.02172329208428504  0.03276709403348257
  0.04477803676798141  0.05683217347257453  0.06854165706108221  0.07752081512652925
  0.08567891200837968  0.09379457064871240  0.10227523838810311  0.11135423213760035
  0.11869052702043412  0.12571493106396234  0.13217499898048823  0.14058266440265407
  0.15205752185464033  0.16439803389004140  0.17571746243652270  0.18624549844948127
  0.19723674732497606  0.20888591261879691  0.22087462766101976  0.23165015491198318
  0.24201243936261022  0.25208981181081297  0.26277961020242613  0.27278396702761482
  0.28299879924617050  0.29294417602580530  0.30234322731556740  0.31128100785190865
  0.32019415297078768  0.32963854994414288  0.33888343309015689  0.34843613602126877
  0.35960940559284521  0.37204034026019989  0.38495992915721239  0.39817363042071330
  0.40998815758757595  0.41852767853638145  0.42702228941283055  0.43527847448552537
  0.44491783760608300  0.45720589956273294  0.46917845049980578  0.47965534855276309
  0.48997930042399379  0.50078851169365490  0.51287333369027199  0.52501353644137194
  0.53651775690030024  0.54672319744801245  0.55636673749496746  0.56646156998288444
  0.57748245277790367  0.59008308101616180  0.60211494759843887  0.61306820154438157
  0.62347001913761502  0.63425493579334036  0.64449810804272156  0.65391227905346416
  0.66396688073643761  0.67479832689648211  0.68624775029669915  0.69601355054625813
  0.70400610754953652  0.71303656396761983  0.72309766627156935  0.73494599530472970
  0.74701766878792197  0.75852364572713626  0.76940054549365355  0.77977681440875946
  0.79002909091550899  0.80050158216543177  0.81150829184376105  0.82322972221443069
  0.83446311373152082  0.84483875132334840  0.85508842736153190  0.86601831722288869
  0.87677336453266774  0.88744314252847778  0.89870156282526104  0.91024102065029711
  0.92093168142564963  0.93081407230343871  0.94083717288955948  0.95155840365177125
  0.96302168434957414  0.97471491859446668  0.98695690080142306  1.00000000000000000
  0.00002681243825087  0.00003491353190979  0.00004030947355994  0.00004669980915019
  0.00005163301584551  0.00005554528064414  0.00005907241177404  0.00006239850516991
  0.00006579008432299  0.00006902366458054  0.00007254501925497  0.00007581772943936
  0.00007914960280758  0.00008271155439626  0.00008638820621309  0.00009016625773266
  0.00009397540271509  0.00009773711946178  0.00010166551134109  0.00010587180516831
  0.00010951955578178  0.00011288350398024  0.00011612767106437  0.00011937467770785
  0.00012288145539986  0.00012680819412421  0.00013106858391101  0.00013596451847705
  0.00014150218061324  0.00014748007567790  0.00015340729315503  0.00015919424840981
  0.00016511371976116  0.00017105858640129  0.00017748467439597  0.00018512326069323
  0.00019219406301551  0.00020000365056463  0.00020690582774948  0.00021401629722119
  0.00022137657010667  0.00022902935848426  0.00023869345401778  0.00024896991907525
  0.00025980296872195  0.00027156466698245  0.00028423804427804  0.00029694362164958
  0.00030906111864768  0.00032080222365318  0.00033213820565120  0.00034359278259027
  0.00035765552257054  0.00037243959760312  0.00038896324050534  0.00040586190024452
  0.00042387925811207  0.00044141981786259  0.00046017196094534  0.00047893590506903
  0.00049848093446904  0.00052158246447760  0.00054568207347076  0.00057010825304782
  0.00059777907953008  0.00062730508326126  0.00066031892599340  0.00069518958496676
  0.00072490154562524  0.00075603053653274  0.00079132302920530  0.00082905693111728
  0.00088497038895338  0.00095019397306347  0.00102339219465894  0.00109220561032994
  0.00116032454537884  0.00123135230963004  0.00130760536699410  0.00138786477837496
  0.00147040843615406  0.00156182618891603  0.00167460806184825  0.00183386542557029
  0.00201629879769670  0.00221459885961607  0.00243153307207264  0.00268875600283919
  0.00310344200142256  0.00363317218783215  0.00433279139486381  0.00526397920552785
  0.00646420161010490  0.01224351154100353  0.20623743262045488  1.00000000000000000
  0.00000320382510464  0.00000339719665746  0.00000347693971463  0.00000354740116059
  0.00000363236871548  0.00000373384762946  0.00000382545764097  0.00000391527471291
  0.00000398131160269  0.00000405224517893  0.00000412652990203  0.00000421079809583
  0.00000432083758114  0.00000446834552050  0.00000462035669646  0.00000476621604634
  0.00000491023473353  0.00000505803863982  0.00000520414775264  0.00000534958942335
  0.00000551183158063  0.00000567079105072  0.00000584455161313  0.00000603992516248
  0.00000625503679137  0.00000649561690605  0.00000675563790058  0.00000702017266677
  0.00000730010946897  0.00000757633067469  0.00000785253910118  0.00000817356265864
  0.00000849604134542  0.00000881554464445  0.00000914057875497  0.00000947960784324
  0.00000989011087511  0.00001023350667370  0.00001058695063768  0.00001095674741373
  0.00001135390291591  0.00001177099079926  0.00001220274914457  0.00001266994422417
  0.00001315531605750  0.00001370202239958  0.00001429297363800  0.00001491021921019
  0.00001557487122948  0.00001628265009758  0.00001703316670790  0.00001785217383220
  0.00001877802633180  0.00001973636939543  0.00002062790539813  0.00002153408964531
  0.00002247178078660  0.00002351734119954  0.00002471871618776  0.00002594060901614
  0.00002723458658451  0.00002865458027112  0.00003024569401569  0.00003195235805602
  0.00003359765801948  0.00003522041577890  0.00003694001095877  0.00003879061502417
  0.00004124026705295  0.00004416001103239  0.00004743904536110  0.00005111894642921
  0.00005532678699557  0.00006039643019708  0.00006621430994385  0.00007251148062710
  0.00007945900200012  0.00008712934861382  0.00009606412310104  0.00010641829584847
  0.00012107006932171  0.00013834258442168  0.00015828356819285  0.00018323933736751
  0.00021250487958407  0.00024766091071840  0.00029464836566435  0.00034919362040563
  0.00042379426942785  0.00054827164922488  0.00077291308646541  0.00116085729088023
  0.00193945945724717  0.00450923067859989  0.09993638909294403  1.00000000000000000
  0.00000398898923438  0.00000418465888152  0.00000445342447964  0.00000476340385173
  0.00000505593725655  0.00000534815442133  0.00000561115974919  0.00000583544059442
  0.00000612435143082  0.00000645024119178  0.00000676223795081  0.00000720286073517
  0.00000765400825401  0.00000811657498025  0.00000858788221453  0.00000908006641643
  0.00000966732971254  0.00001034392963143  0.00001110249677575  0.00001188338444319
  0.00001260810631220  0.00001339167166419  0.00001414000103734  0.00001494552121921
  0.00001576070668868  0.00001661581174640  0.00001759537249647  0.00001859417623794
  0.00001964218092997  0.00002088384664983  0.00002228057513310  0.00002370511270251
  0.00002514206808250  0.00002665388620063  0.00002837983370946  0.00003024237499496
  0.00003210161144732  0.00003406064402171  0.00003603833911567  0.00003868285892906
  0.00004159049791847  0.00004481004549832  0.00004825983527016  0.00005215442642195
  0.00005599127898853  0.00006010273641206  0.00006467494560098  0.00006962858700311
  0.00007523026561748  0.00008052925948277  0.00008647127922537  0.00009278423092050
  0.00009954965285638  0.00010672396247544  0.00011339540811650  0.00012043098392745
  0.00012852006335981  0.00013821493760046  0.00014884872264823  0.00016050739316282
  0.00017318591755558  0.00018885650493156  0.00020108536502500  0.00021331241958789
  0.00022684773545694  0.00024198363114005  0.00025872754525203  0.00028267768101130
  0.00030993408699583  0.00034061703058407  0.00037121647761917  0.00040452716947406
  0.00044356214943893  0.00048764039792302  0.00053041859251991  0.00057147265216372
  0.00061566800178807  0.00066880041683137  0.00073382851554108  0.00080680360391108
  0.00088741775558341  0.00097869703836884  0.00107957348491448  0.00119031801716732
  0.00137722044517067  0.00157363401113711  0.00181302588617417  0.00207471454811782
  0.00237435769490816  0.00272855597469623  0.00310200679907080  0.00414492925600283
  0.00551801679879123  0.00707823353326256  0.17304012982363537  1.00000000000000000
 -0.00017772529662266  0.00289751126274106  0.00941359447921416  0.01939649366274702
  0.03256201640334344  0.04370862931611476  0.05524667012151898  0.06684824112426480
  0.07962624718180121  0.09152464059794810  0.10208497948635858  0.11270363671962839
  0.12338709304874453  0.13447458839546134  0.14528265655200934  0.15615771742456486
  0.16672706178381916  0.17653555271996021  0.18646757154109231  0.19684472266760386
  0.20816669723496675  0.21950321276334986  0.23081220907217428  0.24187118977969185
  0.25105922962143418  0.25817103865879554  0.26500993164365572  0.27200960256502671
  0.27943813122388544  0.28945509761796340  0.30177021210418331  0.31233545501600507
  0.32058148573573403  0.32791890868863821  0.33536967396536727  0.34363281703564502
  0.35402824136972472  0.36509340691372000  0.37549585998118490  0.38626273877584705
  0.39715466167719482  0.40865188113366685  0.41857156579594534  0.42830623181229616
  0.43764273327989428  0.44708135795888493  0.45706080913264840  0.46682001285201452
  0.47731991653384620  0.48778310140165781  0.49687404928825185  0.50546739145842956
  0.51385114616980454  0.52313360028401645  0.53175495788661764  0.53977891269312517
  0.54860929213223542  0.55797109266059142  0.56765408702155329  0.57783801937353163
  0.58817440838801849  0.59925085022027713  0.61080158799547357  0.62237286301321060
  0.63303176807340333  0.64232923747292436  0.65128613336016861  0.65994941570384480
  0.66992297756835684  0.68134656128031146  0.69317784373334479  0.70537585334564357
  0.71761175050723247  0.72983681191621197  0.74219945032504231  0.75534731394694776
  0.76914233258024856  0.78242972496525154  0.79504956880261701  0.80677348283564465
  0.81732732076044745  0.82781608541272045  0.83882805810656558  0.85019444762678165
  0.86166964210269992  0.87250250130930362  0.88407579067298470  0.89497756743951129
  0.90644764457902804  0.91879005728939278  0.93272927642628423  0.94680541040264699
  0.96015584322831982  0.97385625141797705  0.98653626287973606  1.00000000000000000
 -0.00281729194999308  0.01110698536331013  0.02289210294846267  0.03382763822694714
  0.04437246297453921  0.05505511925442592  0.06610731688382350  0.07651195975155274
  0.08451120447748495  0.09171242883839610  0.09906114053511325  0.10613050647561532
  0.11588284773579653  0.12701705328004670  0.13764933529427711  0.14799324841808958
  0.15895840166685826  0.17005592872590003  0.18113027038614307  0.19136933203961770
  0.20152112622010879  0.21176738578995480  0.22243287064096534  0.23415153356753468
  0.24536251933001788  0.25704784308365503  0.26863865859669483  0.28104307959145147
  0.29379130617386434  0.30630624658048367  0.31815831012228968  0.32977050745687542
  0.34149851956986271  0.35340194541900277  0.36507663156434184  0.37628259147278725
  0.38756688922553023  0.39861154670753324  0.40969450286995468  0.42096984149311978
  0.43315234539760589  0.44439934657386182  0.45575575364028398  0.46696472088232688
  0.47833448339951989  0.48908128573087395  0.49964839185437249  0.51014539838761308
  0.52059303930310097  0.53020184482311428  0.53955708526203061  0.54903074097133364
  0.55981314933371806  0.57037091198178769  0.58046002218667481  0.59133365999703313
  0.60222341162959125  0.61093907809423265  0.61876971810364312  0.62696866766616988
  0.63489428109951251  0.64562648126751687  0.65671247687800993  0.66787873324577418
  0.67609574333109623  0.68428795991151614  0.69259034581838308  0.70113193612693503
  0.71265722512159757  0.72436086629943819  0.73583664662452397  0.74789061257687672
  0.76043691851943551  0.77254329603339622  0.78336236102244317  0.79418621100320752
  0.80455967193609790  0.81465702429050091  0.82452719587195977  0.83397286884950717
  0.84441353818936715  0.85515898420437009  0.86626554413957835  0.87778175340683318
  0.88869594592493839  0.89874250623294938  0.90838975475061268  0.91790938642827891
  0.92733104430391033  0.93640233978428233  0.94582808804051510  0.95669104636673297
  0.96794218121547004  0.97880282498575488  0.98959331444762322  1.00000000000000000
 -0.00178603263177203  0.00319819307609201  0.00832333533813958  0.01402453475793257
  0.02019631792708438  0.02725971520109492  0.03851250715486972  0.05020980757604055
  0.06132308830090642  0.07107270840278225  0.07989994233880519  0.08918539055972957
  0.09959013377450902  0.10836518613386509  0.11630867524013144  0.12325718620460145
  0.12963545400158483  0.13570699076074080  0.14562730036113972  0.15642902307611495
  0.16681494296171612  0.17432995595699174  0.18181271880760372  0.18932976952350647
  0.19826702000528271  0.20959720337943802  0.22269375516127934  0.23493256191019327
  0.24652357406144987  0.25808555761873919  0.27005669147955241  0.28268130301391559
  0.29516545604740840  0.30709438734852501  0.31861557472010271  0.33052937086156220
  0.34280234795442061  0.35474737419633828  0.36613584006873262  0.37800296164080421
  0.38997083134200927  0.40259727923344352  0.41532872961919237  0.42847127125266810
  0.44219872733981480  0.45621887624976482  0.47044321502313724  0.48336809866592373
  0.49543423841782586  0.50690385839161911  0.51973111934183680  0.53415887580151900
  0.54864614954508206  0.56216429890154351  0.57540368573071032  0.58872482144883054
  0.60169971002607092  0.61454971348749210  0.62794419950386204  0.64178114990977597
  0.65444317603507396  0.66642757301240207  0.67896316776664989  0.69140901140409061
  0.70449689251958370  0.71812795796044893  0.73000248912174748  0.73965318304636896
  0.74911563170276052  0.75925668509186162  0.77049441004865382  0.78179656851437951
  0.79317575960587916  0.80422521652176515  0.81504712749989294  0.82591964096231552
  0.83711089249355330  0.84871115335134262  0.85982362363799103  0.86927245613662829
  0.87753823168851941  0.88519894761651907  0.89255703757605409  0.90061707732764706
  0.90857750012030680  0.91663800904386317  0.92540905360733383  0.93431947663688220
  0.94261362631691792  0.95044167232371202  0.95804755031235045  0.96571842340070846
  0.97370489102533608  0.98190237525998747  0.99047391818530528  1.00000000000000000
 -0.00253060096145533  0.01072840109973734  0.02207953786541667  0.03503136224346695
  0.04766657112469073  0.05952431179067529  0.07080265835594175  0.08175331335112992
  0.09266402189790662  0.10359258412154206  0.11466069725136935  0.12592716520246039
  0.13643174907167402  0.14647781697230652  0.15603081504412000  0.16660472534400125
  0.17810222758791527  0.19044087661863493  0.20194558380404617  0.21291491679089627
  0.22411204490604963  0.23595542190160365  0.24859382337541824  0.26079759099672128
  0.27241516343364691  0.28361497585433354  0.29275995659527781  0.30202689946005457
  0.31147428732405813  0.32195526395116819  0.33298736841995713  0.34355800648231588
  0.35366557386988379  0.36413585419372613  0.37440994997726595  0.38451833904184557
  0.39475333966197662  0.40492304837632509  0.41624215073283488  0.42769885493157950
  0.43977191915881519  0.45100110667749560  0.46004098210573680  0.46768046882029440
  0.47534191090194533  0.48346545328855989  0.48981074136592706  0.49659815843684640
  0.50392461442024128  0.51117756046900731  0.51794470647009982  0.52902090162963977
  0.53925459576480173  0.55029687084121648  0.56178921468096898  0.57264350775664374
  0.58187347330125949  0.59085628168564464  0.60056352167191929  0.61103848970235108
  0.62145522497693184  0.63303693793346116  0.64585185640930998  0.65761295806813247
  0.66724583418710015  0.67649469526855788  0.68562619991252194  0.69482207819009201
  0.70604957840326266  0.71682470097483497  0.72693546258033415  0.73734999531036505
  0.74916007925567774  0.76114418361861147  0.77292318686120276  0.78416699666040635
  0.79461936266420774  0.80544681567476684  0.81619650374371833  0.82764114074078365
  0.83822646189042194  0.84873467254198598  0.85877163863510464  0.86823630298665710
  0.87795221486825459  0.88816310500675144  0.89838199818054365  0.90900747820720851
  0.91803835735443517  0.92862980864135813  0.93966860893204418  0.95109969508058101
  0.96231398030371029  0.97415555725710412  0.98685892677892451  1.00000000000000000
 -0.00274498951778382  0.00842017736557124  0.01820964882407212  0.02833431761286971
  0.03978651002972412  0.05196999448676243  0.06436125254121536  0.07655387044400690
  0.08833353618722295  0.09995864223444005  0.11151313798584220  0.12283104915739421
  0.13460282780823316  0.14560415215366521  0.15571198849330464  0.16484821852873710
  0.17426817014825291  0.18541953072646292  0.19774242786244836  0.20944225397901958
  0.22101793839565551  0.23183065005952930  0.24051384800191219  0.24858972169190288
  0.25714953933956286  0.26723872207546967  0.27898812731747114  0.29071619713453956
  0.30281942854564375  0.31496299467615663  0.32620069055095335  0.33715452652095151
  0.34836978714889072  0.35990653200206918  0.37135957064098646  0.38230512877998152
  0.39310487776020525  0.40203929530380073  0.41053204191940690  0.41865786188841703
  0.42877859791442269  0.43895316119130540  0.44979303309974933  0.46062094656413477
  0.47295391914132356  0.48644097376474510  0.49870154848742704  0.50979224661489830
  0.52023414583394756  0.53110897933007906  0.54208448280778121  0.55288485521922415
  0.56425610065964860  0.57347930636600708  0.58091637020681230  0.58870143439870282
  0.59623537293677686  0.60399817788074839  0.61410458471761387  0.62592580842152279
  0.63910890216595895  0.65258840460006173  0.66435719519001912  0.67544341217974824
  0.68646612035134846  0.69886730525272700  0.71123855418555715  0.72249793891568970
  0.73298634869200741  0.74295195547147785  0.75282127357010686  0.76266471154629378
  0.77269571439846663  0.78295607536193379  0.79270123825757888  0.80194008676882345
  0.81100808327690488  0.82150083971507348  0.83161933748756767  0.84191736291711228
  0.85213525349629460  0.86220669282596329  0.87312488244355879  0.88496917975822098
  0.89685209742194005  0.90734194313987182  0.91532701462936061  0.92349069868272204
  0.93152906942672786  0.93955643840283742  0.95043711946546861  0.96062538347756088
  0.97058095983645554  0.98040992599222088  0.99062428358230670  1.00000000000000000
 -0.00001808414108442  0.00034052060136935  0.00056035755561314  0.00067899496038839
  0.00079565796957325  0.00091087877527209  0.00102244092523174  0.00113532596787698
  0.00124934821835379  0.00136219708524368  0.00147458098429721  0.00158611309694112
  0.00169377228155233  0.00179959610173156  0.00190945131262858  0.00202298586981071
  0.00214171909235248  0.00224308372591961  0.00234344529389844  0.00244535483014364
  0.00254712723425261  0.00264864679437771  0.00277586659041078  0.00292197158082840
  0.00306156999625126  0.00320155963433660  0.00334621011580347  0.00350056826428077
  0.00366274897390474  0.00381646603400826  0.00395659360179497  0.00408290488828245
  0.00420865063633541  0.00433914694040535  0.00447857108300736  0.00464273872268912
  0.00481329007860343  0.00495501157471880  0.00507862236584673  0.00519588916491499
  0.00531159124476841  0.00544694763941236  0.00559126062455903  0.00574411226641978
  0.00590629545486368  0.00605585065969481  0.00622076263987077  0.00640587026948293
  0.00663549537889347  0.00687588185327209  0.00704486517609910  0.00718302859759134
  0.00732262104162159  0.00746206580020608  0.00760963678698164  0.00774059427185364
  0.00784910155493842  0.00795100476012083  0.00805300123164922  0.00815999887503911
  0.00828775897242225  0.00840889673133484  0.00848243245497612  0.00855537386393668
  0.00862734498586996  0.00869931610780325  0.00877477645604380  0.00885447809996164
  0.00893417974387948  0.00902587160861273  0.00912820231891291  0.00926264976472187
  0.00949437069555137  0.00970841976353060  0.00990190999784381  0.01012447028499701
  0.01038842527967920  0.01066338868337374  0.01090138965447903  0.01113441007837065
  0.01136474567419568  0.01160983408323054  0.01191315908115747  0.01239088627164523
  0.01267511597149404  0.01296130055143647  0.01324527795653822  0.01352219692871151
  0.01517789282643152  0.01554241386142492  0.01593649386877831  0.01670600868574944
  0.01937278905821523  0.02198805672522380  0.40264612355087015  1.00000000000000000
 -0.00198441698410145  0.01082036714388553  0.02130783792656669  0.03246910976336963
  0.04426622932773655  0.05726888490108331  0.07003292829598971  0.08282865480618895
  0.09446410143405373  0.10451665434297075  0.11407746419251354  0.12169192992889499
  0.12996611973867356  0.13855102925814586  0.14737475817662157  0.15943898741312573
  0.17097528587164171  0.18282216925445732  0.19429804955080579  0.20614441543563120
  0.21803004273302032  0.23023949149493619  0.24283155215158955  0.25489597970786737
  0.26624564483458912  0.27675342949095494  0.28681356331345492  0.29658697255719840
  0.30548799937168286  0.31357362583490650  0.32159576898643055  0.32966951652019111
  0.33810509145737938  0.34758567921635175  0.35889858063907970  0.37005225684144138
  0.38024524435062979  0.38950083612878189  0.39820616406323045  0.40647424267139487
  0.41429040232444159  0.41981800570151639  0.42473611986086790  0.42990044688040485
  0.43542434130864910  0.44330436043480015  0.45335746284006873  0.46370023511239467
  0.47515102106205503  0.48750746479438267  0.49943871484015073  0.51100295796927109
  0.52264516940338956  0.53382518271501900  0.54402233330678740  0.55374717495954096
  0.56370771513010143  0.57392532747386560  0.58404908084314278  0.59417864524775599
  0.60386262130501767  0.61379201306313114  0.62349742503800265  0.63317671720371271
  0.64302970471595666  0.65259567538947472  0.66299871610633621  0.67440093526149059
  0.68625423126593854  0.69734597458713121  0.70726778332737761  0.71675590847288961
  0.72609402241068477  0.73562678047216401  0.74568818528801417  0.75656544713833018
  0.76819590101240032  0.77979738572606316  0.79140458375940126  0.80316789362225027
  0.81425741261426321  0.82532105301980352  0.83705527542404812  0.84993669937979166
  0.86197000811589541  0.87298611538807924  0.88427635544951921  0.89639592875489582
  0.90942317618891622  0.92267108456481617  0.93662673795413931  0.94989780635011323
  0.96227153874378824  0.97471362032812403  0.98752714195368685  1.00000000000000000
  0.59413261085387981  0.60379328680008004  0.61304807511758597  0.62021780979086982
  0.62770215429562282  0.63690822372323785  0.64515710307284913  0.65144689398975875
  0.65745436964281312  0.66280419532813573  0.66814202723623406  0.67342512234709628
  0.67892990400118092  0.68562259259537994  0.69237432339381644  0.69953903031954601
  0.70642367583553445  0.71220052123468802  0.71710237967539758  0.72194098484777069
  0.72738090709696324  0.73346972156680057  0.73928933613974068  0.74505705938288347
  0.75027518762825163  0.75500116527433636  0.75969530323256995  0.76478972998293004
  0.76982896821340541  0.77465521773509227  0.77945285124767849  0.78430422718863935
  0.78922143171245596  0.79373529346563587  0.79778443576648606  0.80159079594683447
  0.80528113561624814  0.80910090237709797  0.81317924617136472  0.81735487179284749
  0.82164031434273999  0.82587281323471506  0.83015649361874444  0.83414142549332526
  0.83790616090741910  0.84134716128787523  0.84500130666229689  0.84850852447025626
  0.85218253622323215  0.85571153681986911  0.85925212766722081  0.86262664391310706
  0.86596522988655411  0.86914471171364127  0.87234787378201706  0.87562413996270927
  0.87915650341103302  0.88271418262440093  0.88595069145447281  0.88886777937997319
  0.89156335365298744  0.89401837285106334  0.89633400690535692  0.89861899812428048
  0.90089431647085150  0.90342553056877073  0.90606292394358412  0.90868648401994789
  0.91153977798018970  0.91444213434004717  0.91734040968798114  0.92039318177487539
  0.92350654066458093  0.92661771084372269  0.92988458477731561  0.93291637928735249
  0.93592264823499782  0.93895538177353144  0.94229097979049092  0.94522834724789873
  0.94786697849145618  0.95056342762290980  0.95329761809064006  0.95640874037365753
  0.96004605831904877  0.96374784906730360  0.96716324853830116  0.97041032475598477
  0.97341983966994639  0.97617628539606482  0.97887967349489868  0.98173849419084536
  0.98507873319261607  0.98897438802683879  0.99405161330950575  1.00000000000000000
 -0.02969518334538890  0.18465530884973130  0.21135281823703764  0.22860237615752943
  0.24297620729102470  0.25582024554410593  0.26465220419642599  0.27163032101967638
  0.27806822939913572  0.28508054058016147  0.29326402528487527  0.30129189582584126
  0.30880106829205317  0.31586027575962089  0.32262311346056499  0.32953575797730417
  0.33708465082922301  0.34506497969285188  0.35263510053497793  0.35942077352355450
  0.36569648847302705  0.37188727322492826  0.37813412696370430  0.38422217697101380
  0.39006625072708467  0.39557498273600589  0.39964693090463083  0.40369049728295786
  0.40762123489767471  0.41135285239112812  0.41545467343345671  0.42058546171729672
  0.42542668182279664  0.43073136075244334  0.43566137986168940  0.44057935091586681
  0.44534544330937054  0.45002201279638121  0.45486973528108060  0.45992692067346641
  0.46508657328481434  0.47021917145644965  0.47525299952580946  0.48055410176492536
  0.48562069707739630  0.49073719564280083  0.49517086995327592  0.49942229003461647
  0.50367063451430893  0.50766989408767627  0.51151207666011633  0.51523458086605278
  0.51901655602039820  0.52295320986118832  0.52710296046538752  0.53132509135830197
  0.53541864519744142  0.53955472840373309  0.54425285945806201  0.54985472502080113
  0.55552955069446930  0.56119891480213069  0.56685326724379348  0.57244302805864633
  0.57807096747635978  0.58384810582875213  0.58956647157485109  0.59543483622844751
  0.60147682051480822  0.60748797714474545  0.61362352198840853  0.61975998501274931
  0.62566717817261353  0.63150997300012413  0.63734287794327382  0.64316584376129982
  0.65008296429867196  0.65625980737994805  0.66228333979263143  0.66846464424815055
  0.67558109702956270  0.68359414769861460  0.69114322097587966  0.69835113076202038
  0.70556376390514031  0.71328078989328358  0.72087104957461001  0.72869725653542616
  0.73707348277813178  0.74620385838845382  0.75743019016408042  0.77097930676484616
  0.78646822794353888  0.80504025840214610  0.82700029952646681  1.00000000000000000
   1.5023207332322331E-005  -1.0000000000000000     
 F F F F F F F F F F F F F F F F F F F F F F F F F F F F F F F F F F F F F F F F F F F F F F F F F F F F F F F F F F F F F F F F F F F F F F F F F F F F F F F F F F F F F F F F F F F F F F F F F F F F F F F F F F F F F F F F F F F F F F F F F F F F F F F F F F F F F F F F F F F F F F F F F F F F F F F F F F F F F F F F F F F F F F F F F F F F F F F F F F F F F F F F F F F F F F F F F F F F F F F F F F F F F F F F F F F F F F F F F F F F F F F F F F F F F F F F F F F F F F F F F F F F F F F F F F F F F F F F
  <DiscreteSampler_grid>
  grouped_processes
  1 # 1 for a reference and 2 for a running grid.
  10 # Attribute 'min_bin_probing_points' of the grid.
  1 # Attribute 'grid_mode' of the grid. 1=='default',2=='initialization'
  0.0000000000000000 # Attribute 'small_contrib_threshold' of the grid.
  0.5000000000000000 # Attribute 'damping_power' of the grid.
 # binID   n_entries weight   weight_sqr   abs_weight
    10   10   1.740723910500898E+000   2.503213213303052E+001   1.740723910500898E+000
    16   10   1.431350388795737E+000   1.213877424456318E+001   1.431350388795737E+000
  </DiscreteSampler_grid>
