  0.00000208084024969  0.00000227594201255  0.00000235239087270  0.00000242506463610
  0.00000248716558187  0.00000255258028876  0.00000262492547145  0.00000270373107058
  0.00000278463762370  0.00000285404746835  0.00000292542776206  0.00000299187724847
  0.00000306150017391  0.00000312633484305  0.00000319828586112  0.00000327053350300
  0.00000334490873418  0.00000342492273106  0.00000351037848898  0.00000359594651794
  0.00000368743655890  0.00000378436148040  0.00000389278423643  0.00000400348144482
  0.00000411319237758  0.00000422508728825  0.00000432748711473  0.00000444066575998
  0.00000455359488328  0.00000467070753691  0.00000479221965299  0.00000491232782405
  0.00000503521787776  0.00000517160396620  0.00000532014778814  0.00000546251807239
  0.00000559068854477  0.00000572499115098  0.00000587420006192  0.00000604035972988
  0.00000622048620452  0.00000641411382572  0.00000661037156772  0.00000679867277477
  0.00000697968365801  0.00000717123663939  0.00000738016304963  0.00000760611907301
  0.00000783149792957  0.00000807176894818  0.00000834966537656  0.00000863924360336
  0.00000894074528862  0.00000923966693318  0.00000957211592067  0.00000992996063648
  0.00001031187817092  0.00001070632477421  0.00001107130673703  0.00001138940649807
  0.00001172984406707  0.00001207519660265  0.00001243616258213  0.00001280878390108
  0.00001325772628818  0.00001384289459529  0.00001444323826365  0.00001512941064295
  0.00001587807920575  0.00001668703683536  0.00001758718874807  0.00001857800754083
  0.00001964386888165  0.00002090122703724  0.00002245491866390  0.00002420585588785
  0.00002613893027382  0.00002833571240577  0.00003071335349220  0.00003299405139483
  0.00003572741732403  0.00003897187108401  0.00004318682739187  0.00004906271589880
  0.00005684332956345  0.00006836176479244  0.00008444606382624  0.00010671033088580
  0.00013576542629127  0.00018116112597095  0.00025464237570517  0.00044461602617455
  0.00075280884265526  0.00185943165793517  0.11407837263670989  1.00000000000000000
  0.00001393413465007  0.00001420217550046  0.00001442343382080  0.00001462181521641
  0.00001485084476022  0.00001521813999184  0.00001565551833380  0.00001607823293888
  0.00001648709151701  0.00001688630630483  0.00001737633249493  0.00001793697672080
  0.00001849341380510  0.00001901564447625  0.00001950293016728  0.00001998795635274
  0.00002054114612946  0.00002114717382562  0.00002177892194535  0.00002234478339887
  0.00002286626862784  0.00002338633733210  0.00002401890197744  0.00002469916953926
  0.00002538407029735  0.00002611785787952  0.00002686137876621  0.00002772633773142
  0.00002881265438313  0.00002989209136831  0.00003096056849192  0.00003209045383463
  0.00003337370413743  0.00003470968045892  0.00003600172134908  0.00003740358834668
  0.00003898493335667  0.00004059184637232  0.00004232524773353  0.00004445036973243
  0.00004633476149594  0.00004818521584528  0.00005022333570467  0.00005235497288208
  0.00005471862482190  0.00005747786243356  0.00006077477284687  0.00006430219647966
  0.00006813558624687  0.00007285186760480  0.00007766902645047  0.00008293396917260
  0.00008876685576771  0.00009546509675712  0.00010244137730520  0.00011001593053237
  0.00011885017541631  0.00012977645571004  0.00014307314956395  0.00015809421933580
  0.00017422707199110  0.00019306879925432  0.00021644213882603  0.00024735249387833
  0.00028593033818825  0.00033437194202913  0.00039029316157549  0.00045688328552824
  0.00053517807245241  0.00062760247229027  0.00074161946294012  0.00087636522373813
  0.00105047688509819  0.00130361715047012  0.00161742675319219  0.00197069817891694
  0.00233884949036832  0.00280755509744717  0.00358418344457196  0.00468817498260759
  0.00558115210415170  0.00647314368878428  0.00798848511007814  0.01091315910403718
  0.01494574719910000  0.01828401071153241  0.01937051322522867  0.02045701573892493
  0.02187312479503892  0.02393525777550574  0.02599739075597257  0.02857397260973655
  0.03179280130946407  0.03501163000919161  0.12695878211164283  1.00000000000000000
  0.00063969047387550  0.02962285995929877  0.04798022770178172  0.06271601537347002
  0.07659333332829078  0.08873702890079872  0.09918806423970672  0.10869198257075374
  0.11861864902518680  0.12913269712200470  0.14016861276366047  0.15233211191761953
  0.16546022704433694  0.17888325031079405  0.19186834514397449  0.20364431565433375
  0.21546987174211524  0.22691107638563554  0.23760766301397396  0.24737013690358778
  0.25668114109080015  0.26723508880585267  0.27901315106016017  0.29149215727508787
  0.30221598245724518  0.31180895173326256  0.31992852803012889  0.32803772241729018
  0.33659386073482173  0.34712939328579873  0.35663805648559849  0.36629401037558257
  0.37630949953557380  0.38664683890328166  0.39895610256714098  0.40974459909505490
  0.42060928797841968  0.43122866052342451  0.44181066415476000  0.45261787085292393
  0.46306215313513466  0.47332931310675375  0.48326133236016405  0.49265455913918355
  0.50294068405833880  0.51337995336979481  0.52497548939914063  0.53724287855986863
  0.54964966559470962  0.56146978764166700  0.57051970502684324  0.57688144620871462
  0.58300040112239959  0.58940365383027127  0.59538727659831259  0.60348901545466804
  0.61250504116312565  0.62133626725908797  0.63165120552904430  0.64324955505493353
  0.65454936643081896  0.66628735110446335  0.67877651800265693  0.69253428391965088
  0.70550394239945169  0.71904120303316688  0.73141400423805358  0.74203217472732907
  0.75223123991524277  0.76145226169562474  0.77140894715137320  0.78032511074877131
  0.78905799017641187  0.79746062932220718  0.80580592906169191  0.81466636710734219
  0.82394060451971607  0.83371117921829729  0.84394920604974777  0.85437660549760319
  0.86519881783979058  0.87710140972232487  0.88991762880736003  0.90225144442913574
  0.91343358095109017  0.92323296276521083  0.93238310544488157  0.94104738061001769
  0.94926718683669109  0.95692091660752554  0.96392301438177386  0.97015012643890952
  0.97686048996905062  0.98415980368958356  0.99273809908388999  1.00000000000000000
  0.00000568705559553  0.00000768869881925  0.00000979742138391  0.00001210625875920
  0.00001478270049413  0.00001765219481286  0.00002056179278260  0.00002345788303019
  0.00002671631873233  0.00003072427871122  0.00003547540467479  0.00004062337940088
  0.00004636653072889  0.00005350167208691  0.00006255934717242  0.00007225403377123
  0.00008244565558561  0.00009311395802152  0.00010471758217749  0.00011694653560851
  0.00013023996879186  0.00014480823829987  0.00016001178215029  0.00017575585697627
  0.00019123477368084  0.00020769560871629  0.00022722947372743  0.00024954967904120
  0.00027264930280703  0.00029589394126349  0.00031992694785155  0.00034517342100509
  0.00037164782993883  0.00039991118492802  0.00043165967785687  0.00046641650418133
  0.00050422557020801  0.00054520156108437  0.00058578264364921  0.00062533251278584
  0.00066327885222610  0.00069850270495436  0.00073557257856267  0.00077572256867166
  0.00081986646963447  0.00086794747878503  0.00091523661578835  0.00096573787481598
  0.00102188947801414  0.00108169205652845  0.00114211120071723  0.00120325885870331
  0.00126684584989651  0.00133429117498784  0.00140753444475244  0.00148232643097755
  0.00155799392814005  0.00163493423704585  0.00172092942044991  0.00181868856430054
  0.00192319078672935  0.00205037569795580  0.00211559268956396  0.00217972780466686
  0.00224489608207657  0.00231433066916038  0.00239484497404722  0.00246966313576412
  0.00255848030933989  0.00270846781089605  0.00286318358649997  0.00302017592562744
  0.00320185015731799  0.00342258735229765  0.00371305060564146  0.00404879124023371
  0.00438028667010934  0.00468375866435128  0.00512956961722052  0.00545522530865573
  0.00575029063951005  0.00606109564308065  0.00637629348702269  0.00662874606375235
  0.00687794893888126  0.00722814449205374  0.00758261580743383  0.00797766465995412
  0.00863454870229735  0.00988019328234559  0.01279549204273716  0.01569183497358087
  0.01859951310497221  0.02153851791779516  0.10957568700965292  1.00000000000000000
 -0.00231635935928930  0.00986956447118409  0.01959071258689752  0.02845367122566585
  0.03741201159518277  0.04584820379302147  0.05563863173532393  0.06588029784801926
  0.07467912135117073  0.08328638447042293  0.09140740120980526  0.09924161397287956
  0.10823907912330287  0.11833058776427620  0.12969297837830152  0.14111595860224191
  0.15283569195683486  0.16470839458344222  0.17573105606164841  0.18688376609851698
  0.19818180492657989  0.21004641432862364  0.22129588042654869  0.23189121471356466
  0.24229104338091548  0.25167696760283281  0.26063788812183852  0.27023547521835900
  0.28203852740145735  0.29275594419807066  0.30171478066963253  0.31058285272488262
  0.31953930859800167  0.32853745876715290  0.34230084403875338  0.35523401330904669
  0.36696277126194538  0.37912129143633372  0.39161840238926193  0.40378886546289533
  0.41595626693235227  0.42840817256119346  0.44078206784046647  0.45286414736136937
  0.46514227823702170  0.47863906870770306  0.48986197420723093  0.50113746234277112
  0.51442165388624383  0.53016443870266872  0.54557140342267885  0.56029767188050095
  0.57535841814507782  0.58877314498986022  0.60110764159617280  0.61381771434942589
  0.62739089247248847  0.63997227201099638  0.65113098635707045  0.66191063120034033
  0.67366995664559459  0.68658165617119382  0.69875513064867745  0.70972358994520912
  0.71953536795918949  0.72933406994777727  0.73854313388121007  0.74607497629784725
  0.75242155755619067  0.75904713370321242  0.76589485250124090  0.77427849072367794
  0.78364222345520629  0.79316539653128570  0.80283115968725027  0.81303315530205222
  0.82315993535782772  0.83334148183758938  0.84285115535956157  0.85160303563703676
  0.85918924067026259  0.86743989380106745  0.87653270340021294  0.88697705643901548
  0.89729800777389224  0.90674960328808196  0.91556833333241783  0.92446307119060400
  0.93413464853971873  0.94342529550182908  0.95318254881500164  0.96203525611666518
  0.97123872583330861  0.98053915945375447  0.99015661249608933  1.00000000000000000
 -0.00202045111365901  0.00812813609268488  0.01834139972718658  0.02933936362996932
  0.03970503670778508  0.04882258235532023  0.05794480561788059  0.06798107628407542
  0.07911719572672546  0.09014082974180739  0.10066567772834811  0.11039533916649900
  0.11938651799668777  0.12818713072675597  0.13771707225089222  0.14789916392009766
  0.15851453886948813  0.17000944348106653  0.18189632008413378  0.19390486159657805
  0.20526558031244371  0.21634340017439704  0.22781117016519695  0.23883316902368990
  0.24953922917352500  0.25821596612245779  0.26631550856980157  0.27468420059495774
  0.28369371760819551  0.29256484424269241  0.30143581713157602  0.31220970985170587
  0.32517993368442349  0.33795772023220561  0.34973102383105975  0.36188108683792969
  0.37359277062445856  0.38372167468844409  0.39320748860822352  0.40327555876526883
  0.41389529745746062  0.42332077795609818  0.43199198758990970  0.44146168943364522
  0.44967948411530506  0.45837838064608905  0.46742392032957020  0.47652536211127050
  0.48750204191416546  0.49819227189946041  0.50779128340702562  0.51751927694780120
  0.52742692826542359  0.53678188755971412  0.54589280829563314  0.55509917358387417
  0.56483252883336310  0.57437883563679359  0.58418197432905294  0.59399672928824010
  0.60468778341811003  0.61555405928420270  0.62607164894988154  0.63570954376020528
  0.64515982629324797  0.65517574393290201  0.66605520745969971  0.67792994417833274
  0.68991505882025039  0.70176103586475946  0.71361964441422709  0.72380323037212890
  0.73533026528249135  0.74757069940183241  0.76107104478703513  0.77150826743704215
  0.78031926872664348  0.78971815971277393  0.79921685868744308  0.80940868326247994
  0.82197146361956630  0.83254573018513034  0.84234594298294940  0.85239521818205710
  0.86266417559186914  0.87363968834036909  0.88592894663633670  0.89909389297009767
  0.91295073244449643  0.92713736228620169  0.94065439891140357  0.95265198872101009
  0.96420863694648784  0.97588951991284900  0.98791374683987587  1.00000000000000000
  0.00551872774525756  0.01041372706499642  0.01528250278858839  0.01973524503345395
  0.02476923750737429  0.03024201977230881  0.03594481727213339  0.04232125030812649
  0.04885358328391176  0.05567308142687794  0.06248676222693931  0.06948803613597221
  0.07742974322272321  0.08676723783902300  0.09555885810192556  0.10379614341631876
  0.11148618742293326  0.11888082103223035  0.12758651350555303  0.13811531040750757
  0.14978439583135128  0.16205846240681876  0.17412182435219292  0.18756549263253683
  0.20107711191117081  0.21413867415396029  0.22530889383968689  0.23660273824962944
  0.24810404314004592  0.26008094938107607  0.27324327268666410  0.28623666479275373
  0.29883882422270391  0.31124804900553155  0.32345422784841454  0.33569217216486436
  0.34796024736641068  0.35974074595092365  0.37128884125018830  0.38427369279226359
  0.39724922029158349  0.40852736318852628  0.41839864093327678  0.42825787012405769
  0.43860158876935873  0.44923604275040480  0.46000626836454805  0.47213800933287231
  0.48546196688617432  0.49994463160335906  0.51303957170665559  0.52593041988438904
  0.53942485375485583  0.55204425289022574  0.56442369871271647  0.57594239532070335
  0.58684587912800235  0.59719124510890020  0.60905807251484445  0.62129554884374183
  0.63224815409349555  0.64286939964909107  0.65423993757403320  0.66666600443383039
  0.67862504051097661  0.69130178889174332  0.70389748719987755  0.71603504688957309
  0.72767730620340587  0.73919807871035703  0.75135178761367605  0.76305850100164252
  0.77572030353898713  0.78861962146201603  0.80147997907125523  0.81411609865068901
  0.82248585387082018  0.83048934229556692  0.83819353621097881  0.84534048549970631
  0.85214964706884033  0.85968079030839151  0.86933976031631233  0.87804661396430073
  0.88773977547754546  0.89816321713355829  0.90831140740645810  0.91943035132436224
  0.93087970221882321  0.94217174844039175  0.95270076994129393  0.96337481033919403
  0.97342493346743586  0.98302801530555850  0.99119994797610866  1.00000000000000000
 -0.00250171878644503  0.00775867070793293  0.01770068580315656  0.02658882289791676
  0.03453355451075011  0.04214272188045762  0.04909599498810295  0.05646939924631380
  0.06643521745214985  0.07875097042442077  0.08917164443085411  0.09956849726101505
  0.10900805236743306  0.11878546421239833  0.12841197053049447  0.13729000951902523
  0.14622951197468723  0.15524273893857965  0.16476015884255951  0.17621931090899098
  0.18925871234754002  0.20138717841266948  0.21464472015732977  0.22795231196656027
  0.24103545662618950  0.25387020873244770  0.26665222798899368  0.27981112467331332
  0.29306958862578741  0.30517745472486368  0.31673135137507441  0.32799226093275563
  0.33923936429797930  0.34909144250665386  0.35803703433524320  0.36722896264585070
  0.37724520803964517  0.38928753117167836  0.40258322726909940  0.41597293171569422
  0.42849369888240196  0.44008730301989202  0.45200668012470663  0.46403923901903704
  0.47542580374013743  0.48681041964621202  0.49804612899380363  0.50841847864416245
  0.51850698829701003  0.52884363396181233  0.54015289279445355  0.54902903474534537
  0.55613358141070413  0.56299383601797981  0.56986393892446108  0.57994684709622313
  0.59054955715756130  0.60060310400569561  0.61107831882002683  0.62214238154637747
  0.63365032864572612  0.64476298482786076  0.65504672462995694  0.66534929685985378
  0.67613434334850542  0.68702633979753380  0.69721858938550318  0.70863553451014649
  0.71979869939029140  0.73039039528666816  0.74040718600627931  0.75065907627415229
  0.76158562075901359  0.77212249912312936  0.78356022151124438  0.79440074378971748
  0.80449849242632032  0.81474903957632849  0.82471364941310310  0.83436190568636392
  0.84457044419413052  0.85624887593104559  0.86811660560305148  0.87869397508721037
  0.88861431175663763  0.89870225036667728  0.90868908180103858  0.91888377584368319
  0.92855320472386982  0.93788400691936813  0.94633165100786143  0.95638858590623366
  0.96802543987448986  0.97973513920895539  0.99009368150509469  1.00000000000000000
 -0.00252205479205422  0.02356308407740168  0.04671031587676380  0.06669992044071613
  0.08738213285149396  0.10831108707035696  0.13420913265146620  0.15941601556366017
  0.18402850673383056  0.20875897192489792  0.23356542733179636  0.25725324020743062
  0.27928806885306984  0.30033821467601579  0.32077217042255057  0.33965517896199876
  0.35779388464008954  0.37549994570605372  0.39107920360235693  0.40532876494843445
  0.41944933930753875  0.43252979651381229  0.44633465991966170  0.45953025595758007
  0.47048068272608307  0.48176496366202010  0.49336742539131517  0.50543328023415435
  0.51967197835719592  0.53248488351455736  0.54395313502689890  0.55464423746574743
  0.56527686730885429  0.57512219621532323  0.58447132563825488  0.59389742168855064
  0.60374896550443191  0.61429619410548497  0.62471485211191746  0.63500299454152898
  0.64457098918545463  0.65278901213096696  0.66075845808499878  0.66849391109633305
  0.67633975310004391  0.68434764138338400  0.69272285385869103  0.70053491954988822
  0.70763096973373352  0.71492900862200170  0.72240621838885499  0.73016163120733391
  0.73792639557359385  0.74573004157566880  0.75327958956166685  0.76001467422733293
  0.76525487018642924  0.77002697289495459  0.77496875686375832  0.77981533531286107
  0.78516139544374830  0.79170468622126056  0.79837951265015239  0.80448951035619631
  0.81102569279637571  0.81858068774233150  0.82697992225794592  0.83461943087512591
  0.84171550730893407  0.84846950233837004  0.85552368704680604  0.86315885639212664
  0.87027323172484761  0.87709348242885476  0.88354138921473724  0.89028778960888322
  0.89714275333843840  0.90315786621056926  0.90866476317575273  0.91450758814350586
  0.91988614341644981  0.92556763407350473  0.93072484857234072  0.93557866784007748
  0.94050262423717457  0.94566639342730874  0.95096336311462926  0.95651166631271745
  0.96199158790236305  0.96730910644448675  0.97260109308654674  0.97796950869844923
  0.98343441141087740  0.98894402447001162  0.99456185164247113  1.00000000000000000
 -0.00281181863659189  0.01116109392712655  0.02111398958421319  0.03035553549152746
  0.03902174247412374  0.04875744125617829  0.05792822334891104  0.06749922129923280
  0.07718454846431320  0.08816365918999385  0.10092595057238218  0.11252894558484874
  0.12403064473139169  0.13496722778662928  0.14643737536889698  0.15785713393168788
  0.16936419160923905  0.18008090465733145  0.19188760415156894  0.20476771853541323
  0.21594719271750498  0.22717060712612269  0.23874295075957588  0.24907174321449546
  0.25828260467830572  0.26778586991562342  0.27782507242351490  0.28770453900046022
  0.29831689999462091  0.30964818855660986  0.31982841693961001  0.32953265739984844
  0.33810550322481625  0.34748886878011176  0.35710053858250423  0.36687899444482358
  0.37696988567633971  0.38791896342127558  0.40005130378193304  0.41283251384046116
  0.42548183702226089  0.43773267054091752  0.44890311300186486  0.45899305677735935
  0.46953584231693068  0.48033866034719036  0.49237728443534501  0.50348906539885507
  0.51459189450847687  0.52480908885197386  0.53519218820704806  0.54733065345308185
  0.56075697168086269  0.57358886524452846  0.58286808595453221  0.58914888596567960
  0.59502126316910819  0.60044410663209491  0.60584408523701649  0.61291873745111436
  0.62216586665598050  0.63088192480873051  0.63915148886031170  0.64777928207294655
  0.65756494724075998  0.66690357850314874  0.67550384747763303  0.68434252488531000
  0.69239665688906227  0.70202107068784303  0.71286431599357569  0.72301721231340854
  0.73259428192871323  0.74196255209284245  0.75191741830500192  0.76352270018652335
  0.77618552170902078  0.78852271921192651  0.80010062810980198  0.81115036314718458
  0.82267105103457216  0.83489062920264989  0.84714748203394841  0.85928199895553825
  0.87165966326932398  0.88413022007912812  0.89645228008280442  0.90742039481261083
  0.91841732224454897  0.93020691205564587  0.94157355220405003  0.95216038301725514
  0.96222819088788325  0.97463182714419716  0.98647160557539948  1.00000000000000000
 -0.00227725634309973  0.01077199639162225  0.02282027191152106  0.03534579128743236
  0.04720219612806454  0.05742114641864285  0.06758768068804981  0.07750173909386755
  0.08707237885544056  0.09691098399263735  0.10748255456355348  0.11681082151215572
  0.12563851249038635  0.13415809569734377  0.14385883240872591  0.15287712264317349
  0.16130147264306322  0.17016897635097603  0.18013011145056609  0.19070446542615355
  0.20107712929650959  0.21164451927724073  0.22340879600671593  0.23565805833220643
  0.24794062402105543  0.25936929228411199  0.26969168720960818  0.27958260312634931
  0.28909983372889353  0.29886735346787080  0.30893709584154749  0.31967059513871038
  0.33060221768786974  0.34319463734612149  0.35670887374498916  0.36952769959471848
  0.38331090572061727  0.39641039363242458  0.40613071782219901  0.41393960090724669
  0.42197160929965305  0.42977330932809027  0.43837067333822322  0.44709532715772804
  0.45607327233306721  0.46744615158735009  0.47972513665336741  0.49227226916682482
  0.50441409475463928  0.51587302701652049  0.52723242770298939  0.53863142581201073
  0.55066158054530367  0.56345059354475169  0.57672655710625698  0.58931293048520117
  0.60156140338935127  0.61302682663466623  0.62437760229952954  0.63600593853445708
  0.64667029515817864  0.65674291487654735  0.66562779478072587  0.67235038016822846
  0.67939723829480614  0.68658749080151460  0.69339617663260067  0.70270085154549744
  0.71324074372648993  0.72441989972185394  0.73500132076944469  0.74412961568029123
  0.75284711323423703  0.76204587695493775  0.77268258598179640  0.78440972640825879
  0.79603233103590376  0.80684788378446548  0.81607859127876348  0.82492593141643689
  0.83381889702369039  0.84260192852940730  0.85121980186058255  0.86080043466159628
  0.87110848888228010  0.88186475593479152  0.89254206487166488  0.90306470493059565
  0.91438997919036280  0.92611354391878797  0.94003851461256960  0.95324247396961825
  0.96665631103982919  0.97881619309724222  0.98983426359581195  1.00000000000000000
  0.36449635708532335  0.53720990115629041  0.56522747633686665  0.58301095758751187
  0.60457600647592047  0.62351295578403043  0.63672274868073775  0.65176115449707361
  0.66732399882699933  0.68131729014989184  0.69176127569866719  0.69829360352700787
  0.70455954032375312  0.71075219590386640  0.71646986468415708  0.72205145077398358
  0.72818165808958690  0.73395250207045548  0.73924165309903433  0.74450447645864137
  0.75019301415109452  0.75705536668049755  0.76451995988476551  0.77178719014941888
  0.77944802253153189  0.78695507473290238  0.79386712422205563  0.79980653036279648
  0.80547807802162164  0.81055226108949774  0.81527425739778059  0.81927753086366073
  0.82291910570334770  0.82655264317432731  0.83023223754621278  0.83401729564964489
  0.83770151165443296  0.84121219723228002  0.84476091639542605  0.84825509274075150
  0.85185110188698399  0.85518867441954771  0.85829878634154821  0.86142340143746066
  0.86460219223001111  0.86790944130078063  0.87131187974604640  0.87478108842525526
  0.87806565745072684  0.88113803886362529  0.88417998785859864  0.88722104053630102
  0.89021868662435932  0.89325790624513768  0.89608440716426130  0.89879367305442626
  0.90147560243395974  0.90409324172197547  0.90698843530481210  0.90995375791360689
  0.91286275777495718  0.91566086094081711  0.91842182236150727  0.92122456886435278
  0.92396960407649353  0.92655647077917236  0.92904380258609265  0.93161201996309717
  0.93435676344529051  0.93721722371203020  0.94014471829670532  0.94301608601966780
  0.94578639464958669  0.94848702930625206  0.95110332362021266  0.95373129495583153
  0.95629076894430376  0.95881294735948830  0.96128324049826286  0.96362277785136252
  0.96605636424894692  0.96846726941812966  0.97070082912194855  0.97273237224648745
  0.97468141917586015  0.97649796141582246  0.97827287725146128  0.98001201736968702
  0.98214428946958898  0.98446794486992684  0.98688658328097367  0.98935123082180376
  0.99202831403458547  0.99470745373818059  0.99735994522187177  1.00000000000000000
 -0.02980374708764876  0.15565659954206962  0.18896448297240973  0.21827976997648663
  0.24004870244187634  0.25970914419931462  0.27994761239182897  0.29769999208602782
  0.31422065637322494  0.32828837166721458  0.34068215442707106  0.35299394294974956
  0.36528493450421995  0.37637262006344191  0.38696234493286719  0.39724470927343414
  0.40614842568469328  0.41371395004220052  0.42067528822967537  0.42703170074618541
  0.43539436714829916  0.44361595191041858  0.45170262749989015  0.45899940913460946
  0.46587401298935011  0.47266464663619745  0.47970734840857915  0.48696948740311330
  0.49417406130402930  0.50110453654210640  0.50864129378283929  0.51654398652725231
  0.52486838459858709  0.53302401247902254  0.54093227988244275  0.54747974293130841
  0.55398527497037109  0.56046548247229044  0.56683472831030668  0.57335443592579993
  0.57991358277072336  0.58642837277371362  0.59291474595142823  0.59920672193816771
  0.60538695334776227  0.61153480561730023  0.61721995798642271  0.62281440572263713
  0.62725901325716149  0.63100259984770624  0.63499938390872424  0.63914646689334387
  0.64304983522230585  0.64686853556089208  0.65152576634356019  0.65672854903229427
  0.66227904642415980  0.66785435580656516  0.67308977529377723  0.67792503985789543
  0.68247362282438806  0.68661179186435217  0.69055840657130807  0.69475183470696478
  0.69935635281286179  0.70435976085038143  0.70920068670586789  0.71422928519658468
  0.71954593607772688  0.72447434030826707  0.72914425606448774  0.73371403963914583
  0.73808346717875239  0.74218742987956454  0.74645184620286187  0.75097272872673471
  0.75597955185190091  0.76177969592473083  0.76757480606635997  0.77267480863095195
  0.77746484023397688  0.78214181659817550  0.78714988352017279  0.79241422313092336
  0.80095596311543027  0.80851628650034468  0.81574181089281550  0.82265378508842268
  0.82946745826670576  0.83728050812138066  0.84621424395179734  0.85795468700757915
  0.87345078755383165  0.89459788424733411  0.92015774267703654  1.00000000000000000
   6.0500908825940315E-006  -1.0000000000000000     
 F F F F F F F F F F F F F F F F F F F F F F F F F F F F F F F F F F F F F F F F F F F F F F F F F F F F F F F F F F F F F F F F F F F F F F F F F F F F F F F F F F F F F F F F F F F F F F F F F F F F F F F F F F F F F F F F F F F F F F F F F F F F F F F F F F F F F F F F F F F F F F F F F F F F F F F F F F F F F F F F F F F F F F F F F F F F F F F F F F F F F F F F F F F F F F F F F F F F F F F F F F F F F F F F F F F F F F F F F F F F F F F F F F F F F F F F F F F F F F F F F F F F F F F F F F F F F F F F
  <DiscreteSampler_grid>
  grouped_processes
  1 # 1 for a reference and 2 for a running grid.
  10 # Attribute 'min_bin_probing_points' of the grid.
  1 # Attribute 'grid_mode' of the grid. 1=='default',2=='initialization'
  0.0000000000000000 # Attribute 'small_contrib_threshold' of the grid.
  0.5000000000000000 # Attribute 'damping_power' of the grid.
 # binID   n_entries weight   weight_sqr   abs_weight
    10   10   6.385451873404721E-002   1.297509746119551E-002   6.385451873404721E-002
    11   10   6.385451873404721E-002   1.297509746119552E-002   6.385451873404721E-002
    16   10   6.385451873404721E-002   1.297509746119551E-002   6.385451873404721E-002
    17   10   6.385451873404718E-002   1.297509746119552E-002   6.385451873404718E-002
    22   10   6.385451873404720E-002   1.297509746119551E-002   6.385451873404720E-002
    23   10   6.385451873404718E-002   1.297509746119551E-002   6.385451873404718E-002
  </DiscreteSampler_grid>
