  0.00000210555033170  0.00000213725745855  0.00000220193184518  0.00000228389261703
  0.00000237485623003  0.00000249301631606  0.00000259687062296  0.00000269400376079
  0.00000279459584267  0.00000289736540721  0.00000300179224104  0.00000311625529587
  0.00000324261153409  0.00000337748988507  0.00000351745653884  0.00000365286087036
  0.00000378697563145  0.00000392158200988  0.00000404979603487  0.00000416439083841
  0.00000428957314424  0.00000442219897079  0.00000456851958989  0.00000472545343412
  0.00000488520728144  0.00000505391236685  0.00000524860390502  0.00000548308763105
  0.00000571855041234  0.00000595185128518  0.00000617897351105  0.00000640384995014
  0.00000662941652032  0.00000686437763106  0.00000713739966279  0.00000745872961103
  0.00000780159776408  0.00000812868860971  0.00000843827864400  0.00000874583609700
  0.00000904662569419  0.00000937925567147  0.00000976954466854  0.00001018414567391
  0.00001061896149170  0.00001110797216065  0.00001165520854966  0.00001219442545414
  0.00001273537842108  0.00001329167366333  0.00001387146589927  0.00001451921186953
  0.00001524584930979  0.00001602673293122  0.00001680688585257  0.00001758986288493
  0.00001846230686429  0.00001933296788414  0.00002036663686706  0.00002155639338196
  0.00002285653066658  0.00002428212472825  0.00002588238427253  0.00002761486795626
  0.00002960477662591  0.00003174899579329  0.00003437312061310  0.00003718074595553
  0.00004033999296415  0.00004368880909100  0.00004741573257757  0.00005137371104106
  0.00005616216457509  0.00006200762893515  0.00006869647251535  0.00007504281897215
  0.00008203253428778  0.00009056874269115  0.00010266107325093  0.00011636160564412
  0.00013142473553939  0.00015008394773200  0.00017511800537899  0.00020590362569264
  0.00023500918058852  0.00026947059097061  0.00032292763385256  0.00041703037103384
  0.00056247699258955  0.00074779790016998  0.00101233950055540  0.00135962645958781
  0.00191483724880174  0.00323966466553347  0.03816153367684475  1.00000000000000000
  0.00231470628723691  0.01699123448615404  0.02966034413462449  0.04199381796008902
  0.05354186338999187  0.06480145107814733  0.07565266908436474  0.08652761328404338
  0.09814197622347250  0.10935322884942011  0.11983486673096452  0.12884476893260002
  0.13805610011611710  0.14800018284173852  0.15815680919328995  0.16910878892955669
  0.18031453749783469  0.19169346734625919  0.20250936376128331  0.21317928548823936
  0.22440908015250155  0.23579397563040319  0.24716038786171554  0.25809716515304981
  0.26889359461540807  0.28005602863805673  0.29165885420261251  0.30338109825342185
  0.31486683301686813  0.32656245944247086  0.33801579267126186  0.34914911386162795
  0.35985880178670449  0.37083287621317851  0.38214023650004830  0.39313380567845357
  0.40346025186650203  0.41331613600245493  0.42306293764037700  0.43281943611468571
  0.44258988724073944  0.45310758680336272  0.46454947931455903  0.47580975384224133
  0.48512995226564642  0.49340943646403534  0.50149715783134174  0.51028013941058825
  0.51899798192220103  0.52717891751633705  0.53503881370923478  0.54484994473276671
  0.55548949856929097  0.56540731004732570  0.57546584398069178  0.58522367786321949
  0.59523887672398423  0.60528694842115205  0.61538354869720224  0.62578365812996450
  0.63617281649188273  0.64657280341963186  0.65691473578522608  0.66710209475106674
  0.67795906843523279  0.68928762530208543  0.70003598039091852  0.71004351621361006
  0.72036733338129977  0.73121785738555534  0.74209098915086924  0.75212845580772225
  0.76066846434403690  0.76939243867160845  0.77805994597011496  0.78757611233356928
  0.79831136756894239  0.80949764957187542  0.82048559501362361  0.83193628071571579
  0.84314971525601223  0.85412677888541044  0.86525622509877587  0.87712458916077718
  0.88906448747984446  0.90006516205624632  0.91052276376320140  0.92107879659912428
  0.93199787076944807  0.94268134021629946  0.95281631098391195  0.96227718876787693
  0.97113023028009315  0.98001863114274002  0.98978169814798878  1.00000000000000000
  0.00006985052745596  0.00007756500387869  0.00008578198284766  0.00009408386056153
  0.00010246000662716  0.00011036084219764  0.00011825868367156  0.00012619642651670
  0.00013429150965524  0.00014254880008864  0.00015060902586808  0.00015864664190619
  0.00016690289057036  0.00017566581224207  0.00018444774107496  0.00019285965507497
  0.00020091844126427  0.00020962940523624  0.00021876360932997  0.00022797256701805
  0.00023709359121810  0.00024671713136416  0.00025684781441235  0.00026866394533992
  0.00028072277399520  0.00029307206406364  0.00030640127733472  0.00032050840904668
  0.00033495456784582  0.00035087859901355  0.00036595473538034  0.00038190661639631
  0.00039691620354972  0.00041188348164228  0.00042660516677593  0.00044187549307767
  0.00045821130921273  0.00047594734086261  0.00049487029918903  0.00051454412066745
  0.00053504323934728  0.00055654695216762  0.00057848833246922  0.00060011498758237
  0.00062319520305435  0.00064614975985135  0.00067021320344951  0.00069649586899286
  0.00072459389817655  0.00075362461723079  0.00078267305433280  0.00081410853501047
  0.00084970740670578  0.00088955079982384  0.00093025143940599  0.00097168859811251
  0.00101425577423786  0.00106255838631420  0.00111072042558412  0.00116053110988676
  0.00121460755851811  0.00127251714385231  0.00133852193921378  0.00142194675293228
  0.00151345926365709  0.00160603434566102  0.00169879327940691  0.00179214208256171
  0.00186967972519770  0.00193945852188379  0.00200284179117110  0.00208371562096583
  0.00218749594422353  0.00229248366275478  0.00238975252549184  0.00248794907422970
  0.00261502052301205  0.00294619052490820  0.00326174774582144  0.00349747785949993
  0.00371508309693943  0.00397351574991072  0.00420130050440312  0.00441994581606301
  0.00471891148108510  0.00504065716146213  0.00548456542898158  0.00600930298853069
  0.00668952443172135  0.00737882989182458  0.00846560828502512  0.01109761307257219
  0.01459275732415594  0.02133975793591207  0.06811101320649111  1.00000000000000000
  0.00000280525686564  0.00000297032342735  0.00000311210535920  0.00000324057539117
  0.00000339809881229  0.00000358638198294  0.00000378785163594  0.00000402235676860
  0.00000429200345815  0.00000459561422571  0.00000492490843422  0.00000526780839096
  0.00000561857213641  0.00000595724414662  0.00000628930788443  0.00000662129349731
  0.00000695441172281  0.00000734378807923  0.00000771404087438  0.00000811661824810
  0.00000854993382855  0.00000904626738367  0.00000964292915989  0.00001028678256507
  0.00001088922006628  0.00001161382366072  0.00001237789185316  0.00001319466110365
  0.00001403235256333  0.00001491219461158  0.00001585315172720  0.00001688477014307
  0.00001784722192707  0.00001885333149170  0.00001980803643199  0.00002100725150206
  0.00002225728564712  0.00002365379639762  0.00002515558122811  0.00002674134488534
  0.00002852480541576  0.00003049196244861  0.00003256560132456  0.00003475512436527
  0.00003704010498032  0.00003945668304097  0.00004195669547272  0.00004443131409683
  0.00004698713392026  0.00004957221791662  0.00005250965022326  0.00005573865810104
  0.00005927518000611  0.00006321264791818  0.00006745350967955  0.00007222059721172
  0.00007740175102010  0.00008303608864700  0.00008900170057620  0.00009545311338687
  0.00010165458928749  0.00010830986068221  0.00011576046628452  0.00012363858889438
  0.00013200862949534  0.00014151847573464  0.00015235882745520  0.00016433086561192
  0.00017703649687343  0.00019017505863647  0.00020477672207364  0.00022070725082030
  0.00023838572602806  0.00025869640075384  0.00028228210047917  0.00030759178868869
  0.00033337337187151  0.00036236351157468  0.00039914348612446  0.00045051797248488
  0.00052006133685413  0.00059945281115214  0.00068747619372158  0.00079987119926115
  0.00095337277275686  0.00113749063440146  0.00134969882322876  0.00161246090887889
  0.00189930709211001  0.00217073935872499  0.00247461446780056  0.00294775531333959
  0.00383515807906975  0.00589271782956506  0.33729438652714711  1.00000000000000000
 -0.00246981473452401  0.00857706803275385  0.01872683200548183  0.02832538332201165
  0.03811879065863546  0.04799639736017046  0.05767655369848488  0.06697756667132426
  0.07692259269349638  0.08668574833948597  0.09684316087227439  0.10685433998637131
  0.11739084690703766  0.12836555328009189  0.13974606897018735  0.15093023808739034
  0.16192296548644339  0.17310016974524117  0.18505351857331045  0.19698914670111903
  0.20803700603363098  0.21932390216019007  0.23144136018337805  0.24426722062593692
  0.25816097089814055  0.27135878956894866  0.28327278576728426  0.29470064844818716
  0.30616637935161095  0.31871372908245743  0.33117238144702094  0.34316150156914949
  0.35545165018070995  0.36754642941681848  0.37974307746959701  0.39151076119801714
  0.40401150154905235  0.41567044062915520  0.42586939700357107  0.43664842243228041
  0.44875137723771907  0.46047747798645106  0.47098896598716938  0.48138246055363065
  0.49223192058721926  0.50259782025758504  0.51275145499165586  0.52366292150169047
  0.53457949165870400  0.54525121522662245  0.55563030287227855  0.56570435449971879
  0.57591681129681982  0.58608035933351599  0.59708728513849796  0.60794822606724441
  0.61850452650650112  0.62906677335948802  0.63959056844850271  0.64976562176158337
  0.65986197110129152  0.67028431003160616  0.68180958625405574  0.69339861520464185
  0.70528414965152963  0.71664811345206370  0.72950472440031544  0.74070208057696030
  0.75082732335745039  0.76088693892270876  0.77123627209250822  0.78153295174578075
  0.79157532284863263  0.80163315973782290  0.81090220204998831  0.82003443648663910
  0.82905971103717602  0.83855570711353966  0.84855385842673459  0.85887231545321996
  0.86939388149618313  0.88029016448458419  0.89104055420668282  0.90078006880256956
  0.90992363689456601  0.91885001437120895  0.92771887698452815  0.93662207044134405
  0.94553211643862012  0.95470466982712721  0.96445607323570159  0.97362941408263237
  0.98084915560485275  0.98746716041706228  0.99382787944009254  1.00000000000000000
 -0.00275969967410536  0.00979742997974724  0.02102716986430528  0.03313122203849915
  0.04628733193977640  0.05928303846554175  0.07061143558378054  0.08106624827745389
  0.09115503524056176  0.10152336369219364  0.11136367952794045  0.12106576327024715
  0.13140860500574073  0.14176229343320737  0.15169988618816221  0.16136258784142857
  0.17151605973456083  0.18264097683992708  0.19385222748475078  0.20568465109503700
  0.21663489245892864  0.22681007179595816  0.23679288878920848  0.24685275592058561
  0.25822211617771407  0.26970737387002547  0.28002697717774477  0.29011268265047585
  0.29897760430769227  0.30798321161150749  0.31661053116765181  0.32524332514395760
  0.33444563845066239  0.34372688806643836  0.35351593283054666  0.36392952550939239
  0.37525461046566949  0.38637552844806972  0.39719882881627511  0.40743980349001252
  0.41751378791760391  0.42723792125493648  0.43645146166127879  0.44605939636778397
  0.45633870710185487  0.46825534911727373  0.48145893387440364  0.49502410828220195
  0.50766691366382566  0.52020951580844421  0.53216683762841532  0.54405052153403277
  0.55544236172356454  0.56683710598280812  0.57738042798393419  0.58713680724981721
  0.59685098815650650  0.60714404545263012  0.62031060304611507  0.63230771418083742
  0.64324417249977017  0.65378257374954174  0.66337652741642383  0.67222980782175357
  0.68098983543350955  0.69052442288024085  0.70090712909982011  0.71138983510689457
  0.72168481506084226  0.73139999330927197  0.74124987902397166  0.75060661665895179
  0.76055377442858141  0.77150559922891748  0.78423944000757051  0.79746040761973647
  0.80972720404059539  0.81977710757013922  0.82908458991226708  0.83834202863314833
  0.84825031218612146  0.85821041990784264  0.86825729822716802  0.87813230663068076
  0.88781211529459847  0.89734807982717146  0.90718237026530868  0.91764941278197409
  0.92761423015603706  0.93698735491698049  0.94662267546454504  0.95681954997957042
  0.96821203943177547  0.97869099805834148  0.98925296477384850  1.00000000000000000
 -0.00238783373628956  0.01081315135242173  0.02061663593286803  0.03068117096477510
  0.04108192861475028  0.05238033100482253  0.06502885217649579  0.07909758146285864
  0.09228607640590387  0.10478177462312535  0.11653659620374668  0.12813506679069225
  0.13876558037524395  0.14975615388692315  0.16099406027606142  0.17320911217579954
  0.18592111206397946  0.19822372055391915  0.20953154817946104  0.22114096684995591
  0.23228178475088893  0.24249858267303920  0.25223003091044605  0.26218252129742320
  0.27290137374842088  0.28402306426455165  0.29439297763051719  0.30312984681100136
  0.31114493423610406  0.31969655218241855  0.32894589905706206  0.33986296406770583
  0.35117824520798319  0.36225586439697172  0.37259460832330998  0.38215999268360484
  0.39137410424385921  0.40127532056362492  0.41229193758558058  0.42376807086145024
  0.43539231209694884  0.44725749344120963  0.45890646100695143  0.46982573259347876
  0.47941551196609472  0.48825784939047945  0.49722100563684091  0.50687386403603252
  0.51698354345966557  0.52687886156438424  0.53583429274270300  0.54406465044584407
  0.55201857066486271  0.56035976990377989  0.57062734874723264  0.58174595092226555
  0.59237383871320559  0.60164089692201517  0.61103782241941096  0.62094768008830514
  0.63120245538564457  0.64143893044608469  0.65170264790434196  0.66201260969356823
  0.67273234451870978  0.68367475468095484  0.69399500833818262  0.70411493431983441
  0.71390703231052899  0.72375256837295454  0.73389431029240815  0.74404746223716023
  0.75420095630204764  0.76400869191942111  0.77387743752384075  0.78439778233363278
  0.79486886227573905  0.80600533300011490  0.81714776267358846  0.82851697975883720
  0.84017698230760685  0.85226940235616011  0.86396071864061519  0.87508259684414114
  0.88591343389733401  0.89664408515649296  0.90718132581346478  0.91769157067755280
  0.92910871790013538  0.94163839218715273  0.95402308536023639  0.96473698507951111
  0.97343927676642950  0.98207743349851295  0.99057089491900507  1.00000000000000000
 -0.00264121923139437  0.00956291743745615  0.02057644424953264  0.03125944023004638
  0.04219051548088847  0.05260026488955968  0.06279973977200538  0.07369932054569005
  0.08506481833304301  0.09623758691627433  0.10734201354085363  0.11802416650071804
  0.12859110547069733  0.13780134365812161  0.14734450034298308  0.15597158940852363
  0.16535610132596426  0.17495453016327905  0.18604638958850817  0.19705866806185182
  0.20873695327238515  0.21978248780221937  0.23074480619131479  0.24119061651560611
  0.25047719404348862  0.26003263152643419  0.26939575943128335  0.27938901270673233
  0.29075938921502231  0.30177619830189201  0.31364361910537847  0.32420241440052516
  0.33439334264696563  0.34467848673201384  0.35611163767252285  0.36812719322369164
  0.38044336492951675  0.39146546034955526  0.40254816365861945  0.41429278031402211
  0.42606460425986609  0.43778291967063754  0.44891656585196010  0.45965168040373394
  0.47050798303089647  0.48053051752739229  0.49060295263130121  0.50083488112987284
  0.51021006591863094  0.51927303834174832  0.52900336616696231  0.53946068257593971
  0.55033203224392679  0.56120956366713048  0.57277421460918387  0.58498716059732458
  0.59788023870302909  0.60929518243937308  0.61960544986399524  0.62976307299496559
  0.64035071604746208  0.65227307238030852  0.66413525742619517  0.67590846783205727
  0.68763756402166032  0.69765993429768669  0.70678103118642344  0.71609745503232125
  0.72582470156313728  0.73603401246590205  0.74564646569463988  0.75584293110292511
  0.76671687404157485  0.77735685606294058  0.78728663479703265  0.79729718611267475
  0.80749070247973731  0.81855982078488632  0.82994403742273493  0.84214979318630201
  0.85511984064984758  0.86758376282093297  0.87952722937542405  0.89087291002056923
  0.90145360824418785  0.91120757396171215  0.92031749152754494  0.92903614345187135
  0.93776618562483949  0.94633019497304338  0.95494311387883246  0.96390448084785552
  0.97322104739914639  0.98240381585192704  0.99096971786407839  1.00000000000000000
 -0.00324854138532545  0.01728597559635437  0.03584912164109560  0.05469031425940366
  0.07268305486514022  0.08940634019279910  0.10491143334820607  0.11988332013855091
  0.13493868453945784  0.14995730672881091  0.16510926912849661  0.18036108656437100
  0.19463437562800764  0.20670817338138070  0.21872914197927820  0.23081501166910534
  0.24342651984436278  0.25552402368860683  0.26755373737864774  0.27992125207789065
  0.29347813842190801  0.30839557475277418  0.32376623861126841  0.33832889256395826
  0.35188298644629390  0.36469314406123049  0.37716034436663470  0.38893315194548306
  0.40024411476963806  0.41188197893929090  0.42444745154823249  0.43719206690322276
  0.45006909884294427  0.46366684693178833  0.47790913600288887  0.49255964973203209
  0.50604790913510711  0.51785606349960756  0.52868715671355881  0.53876947496301797
  0.54854479165595027  0.55891415978939696  0.57045741097191149  0.58311519357357566
  0.59504264598920698  0.60617571437621565  0.61625583979443721  0.62532027690972747
  0.63405289682251098  0.64294377796129354  0.65156958956598143  0.66042581646316567
  0.66907096000555510  0.67867022768993635  0.68707688422300051  0.69635199423647687
  0.70567192277921598  0.71520539710037778  0.72468078068004860  0.73407542218403077
  0.74316529497400607  0.75159658477723268  0.75909471064925083  0.76588542746881993
  0.77344739395606787  0.78093255405542927  0.78855731686124630  0.79667156635458436
  0.80542933569703845  0.81478927766658638  0.82456089674320021  0.83385244290738103
  0.84243921815366563  0.85119854734052014  0.85982759202049741  0.86807925013347775
  0.87599357112928689  0.88361800459302120  0.89173948073471676  0.90075965992195950
  0.90862540834452021  0.91639156091185869  0.92358227554007077  0.93105272635427250
  0.93783743146384546  0.94397714425385626  0.94995559228218118  0.95571342782703861
  0.96158099655836904  0.96771823034377114  0.97374671179712335  0.97958589823294018
  0.98509083779492979  0.99008797412902549  0.99490435287129875  1.00000000000000000
 -0.00222321075185269  0.01243575260526008  0.02398907904403162  0.03463440810019040
  0.04557995636238817  0.05770448853732943  0.07032226791388323  0.08234775493699169
  0.09389045035792333  0.10500111070128831  0.11571450346422159  0.12619906497915825
  0.13763885256413116  0.14801943626050540  0.15758427253553967  0.16661766049388976
  0.17637204982364862  0.18743912608926200  0.19848507825917353  0.20977796985985989
  0.22078427093015793  0.23134300723339485  0.24118109846340180  0.25005275931305354
  0.25845901392440213  0.26725409697636682  0.27646612468573900  0.28583609806535715
  0.29568460995624318  0.30661739363071550  0.31809196632379771  0.33015549875135280
  0.34150421150761734  0.35261072491314455  0.36266829952665014  0.37244409604979622
  0.38243229312918614  0.39391334036872128  0.40633034264461448  0.41771501723097942
  0.42902388844918593  0.44010680940622426  0.45227187002915054  0.46452860968432003
  0.47687150971455400  0.48863220971402771  0.49925529577969807  0.50952858094481546
  0.51913788252243886  0.52805949541481267  0.53756444237668100  0.54706466995802161
  0.55643367688465206  0.56544818565277866  0.57336264118016134  0.58193981914985871
  0.59278295385427393  0.60518376734402957  0.61732580246715163  0.62845065781923204
  0.63934027905039981  0.64824710825988940  0.65691588146209079  0.66489982776713830
  0.67293180979826217  0.68318179239950061  0.69374551019734587  0.70521598780322126
  0.71721147302544375  0.72918255776599361  0.74155702362429221  0.75290199142066450
  0.76467062329287983  0.77640756185048088  0.78850665209425030  0.79943809900509544
  0.80913934549778599  0.81848093792862686  0.82807869001942447  0.83784339461016732
  0.84799163071210837  0.85836212384880362  0.86911517042940833  0.87992985683170255
  0.89098207538388130  0.90181808254024731  0.91273693739796480  0.92239249921835675
  0.93223681845154538  0.94079416475540767  0.95022307644932735  0.95950354786475667
  0.96950836237407567  0.97943563371807907  0.98968852717888522  1.00000000000000000
 -0.00293705603723928  0.01149722836805063  0.02265856235217594  0.03310623630104054
  0.04303718312421902  0.05313084727057083  0.06361641778124476  0.07448283209885670
  0.08560368895648111  0.09625657118220092  0.10713993934149935  0.11787101381720226
  0.12855968223817543  0.13919484132566498  0.14993046140736849  0.16100036800567902
  0.17221899278962666  0.18410744793793538  0.19681705527631824  0.20906395416044099
  0.22027822315715823  0.23098114688730878  0.24279417585427454  0.25525272902172047
  0.26720907840401364  0.27869800758356311  0.28948314460889729  0.29994636267535324
  0.31019359198720842  0.32167131844565761  0.33433886039212574  0.34571389842627248
  0.35677863664738979  0.36758846247196020  0.37723773639502284  0.38538912962044652
  0.39393954213534371  0.40348719236434899  0.41424485397257466  0.42519168835665561
  0.43686537655654950  0.44909632789169296  0.46099067531311788  0.47224014274122672
  0.48284263928920035  0.49321927720988396  0.50285111068056765  0.51121721589920910
  0.52022019358189864  0.52911406382124948  0.53808677052820875  0.54609105770200395
  0.55498367910350477  0.56295959219743785  0.57278934887800947  0.58214781686594530
  0.59230661187042744  0.60191836098530827  0.60988418670036337  0.61776834941650782
  0.62622598890348935  0.63536617155243613  0.64545224632072218  0.65528749791194651
  0.66519929056457017  0.67556599036413090  0.68644676759125822  0.69775075013007515
  0.70909998759983683  0.72059579143942265  0.73170860487803280  0.74262987495899435
  0.75403856885183351  0.76642146886767304  0.77770652049040201  0.78688144999528886
  0.79671851404160932  0.80733492583017474  0.81823388608158043  0.82819381215539611
  0.83809629141781561  0.84912948344499062  0.86039009359038932  0.87211007164720511
  0.88424795053312766  0.89650020289385468  0.90799395044602726  0.91899559954377474
  0.92864849993622600  0.93788739040444258  0.94769097992782914  0.95819576338340873
  0.96887162534600724  0.97983631779960023  0.99005155137704870  1.00000000000000000
  0.44043136674528621  0.49718431730283674  0.53178757710967051  0.53605481801361932
  0.54078411246186431  0.54724111524843577  0.55441272738283087  0.56234964190683778
  0.57042663268233240  0.57658586465709583  0.58212782865308255  0.59002103165114517
  0.59878212926347774  0.60894777763016172  0.61940387319806622  0.62668474139066044
  0.63265259665344342  0.63828184911500896  0.64366956539391140  0.64945828203944145
  0.65611059711771624  0.66383172082312558  0.67127143289494340  0.67835144716444296
  0.68426714235416219  0.68934480569881329  0.69445072883358938  0.69977435006666266
  0.70542202162843537  0.71144934218854139  0.71760117596309259  0.72430085900292951
  0.73043487306306254  0.73655072330269489  0.74256975545749349  0.74811906014905560
  0.75348230067056499  0.75839010885920632  0.76347769796608511  0.76823399328703601
  0.77266984514618808  0.77688627639097574  0.78108733929945562  0.78539246100619264
  0.79079787588857431  0.79540376034181426  0.80017030424285274  0.80483832678599954
  0.80927280134237711  0.81366221601184929  0.81781359794272024  0.82196855281647052
  0.82597367644828013  0.82989541064595129  0.83341801829967121  0.83694857741534101
  0.84047941416328853  0.84409688730140431  0.84789625443928784  0.85171083818002846
  0.85548598254355934  0.85927179180631030  0.86296242883699459  0.86667066259925096
  0.87077822742146704  0.87515409328195459  0.87946481600078641  0.88313665265798935
  0.88643868155377059  0.88968774103816839  0.89321181694466822  0.89714450303212823
  0.90128469020627344  0.90545234814049491  0.90945910714934519  0.91378041409444677
  0.91768754509089723  0.92148465546810576  0.92519338640611437  0.92883910583779772
  0.93247736525819735  0.93610798005944229  0.93971584986133305  0.94344831935454243
  0.94711856963333652  0.95067056528028437  0.95440237738684042  0.95835635202365455
  0.96257555856612631  0.96712507713327966  0.97196813321702902  0.97677233624870330
  0.98196531477296212  0.98723945658858725  0.99327036660133672  1.00000000000000000
 -0.00320509260979000  0.17892760555715420  0.19940638116858025  0.21285717259142550
  0.22475011270080172  0.23464673160167437  0.24344413782104526  0.25202780969401506
  0.26172165024517324  0.27183915731073405  0.28180406231448263  0.29106660063199824
  0.29889315885093365  0.30578566570252158  0.31199215103895467  0.31793445148012089
  0.32404017727705364  0.33061564598565535  0.33670550252754261  0.34191859158120946
  0.34703270760875254  0.35233920188094231  0.35852518507880182  0.36581738152032484
  0.37164855212818337  0.37712634204140405  0.38224869002116302  0.38774718471000819
  0.39327485846423377  0.39861458048594051  0.40374655169199697  0.40891306789423743
  0.41431276473685552  0.42010732388151428  0.42614639320963171  0.43213570006005714
  0.43778637950469446  0.44332391289087564  0.44913215602183520  0.45506426914547643
  0.46088105281879288  0.46616691768979662  0.47165113806194708  0.47715321380944126
  0.48289273601572524  0.48859736835022205  0.49435419973119166  0.50022657580673946
  0.50588927526093230  0.51140146931565111  0.51675439405250367  0.52211388164710337
  0.52750963269533369  0.53271394460549304  0.53790423709028390  0.54320761791262107
  0.54815156619381100  0.55339697623488804  0.55853804399489171  0.56373499225875257
  0.56944809878264269  0.57518649517187337  0.58128427552805129  0.58709209479048108
  0.59234731814742336  0.59749763700359637  0.60267796139867957  0.60815718214874093
  0.61414833685498393  0.62045409934667817  0.62684353929353664  0.63289430662912005
  0.63880403632902505  0.64487807758704130  0.65137252672799517  0.65805728007061970
  0.66452509808043070  0.67041835525499738  0.67640717092414526  0.68203998107328212
  0.68794812047857101  0.69457279897575996  0.70170111328160023  0.70930172535313629
  0.71734942888897946  0.72619325812767388  0.73609465754831227  0.74598068044808541
  0.75593990914787357  0.76597640980699511  0.77739253944098652  0.78908907793212457
  0.80252958980974898  0.81955248813064507  0.83768500786189415  1.00000000000000000
   1.5388959244659970E-005  -1.0000000000000000     
 F F F F F F F F F F F F F F F F F F F F F F F F F F F F F F F F F F F F F F F F F F F F F F F F F F F F F F F F F F F F F F F F F F F F F F F F F F F F F F F F F F F F F F F F F F F F F F F F F F F F F F F F F F F F F F F F F F F F F F F F F F F F F F F F F F F F F F F F F F F F F F F F F F F F F F F F F F F F F F F F F F F F F F F F F F F F F F F F F F F F F F F F F F F F F F F F F F F F F F F F F F F F F F F F F F F F F F F F F F F F F F F F F F F F F F F F F F F F F F F F F F F F F F F F F F F F F F F F
  <DiscreteSampler_grid>
  grouped_processes
  1 # 1 for a reference and 2 for a running grid.
  10 # Attribute 'min_bin_probing_points' of the grid.
  1 # Attribute 'grid_mode' of the grid. 1=='default',2=='initialization'
  0.0000000000000000 # Attribute 'small_contrib_threshold' of the grid.
  0.5000000000000000 # Attribute 'damping_power' of the grid.
 # binID   n_entries weight   weight_sqr   abs_weight
    10   10   2.334761344622473E-001   3.039354470665795E-001   2.334761344622473E-001
    16   10   8.655147528738617E-001   3.799175903680995E+000   8.655147528738617E-001
  </DiscreteSampler_grid>
