  0.00262665023736206  0.01515236567726213  0.02861780111648089  0.04032075063853119
  0.05087360195468894  0.06097252295322270  0.07134278036592918  0.08235143315495326
  0.09423128830967371  0.10623234806271198  0.11783873566540606  0.12905233375070096
  0.13948525940560394  0.15024480806220389  0.16163617251567236  0.17324854608972248
  0.18435434431374767  0.19470059317250571  0.20502721555249767  0.21510703286680663
  0.22601304254574686  0.23695931945810383  0.24768672381468038  0.25826203753272614
  0.26892329337410009  0.27986014037689511  0.29055362696039466  0.30167368465681843
  0.31290856014901303  0.32422026586887126  0.33486636131994146  0.34501973867836905
  0.35493348549100501  0.36438161443597672  0.37310561400853398  0.38207740649306099
  0.39096458243645243  0.40061026517435405  0.41091209233869036  0.42080204756935030
  0.43071680405448187  0.44059936515083431  0.45116043819092072  0.46241427257227136
  0.47370126662958023  0.48449706636846257  0.49522267237453127  0.50621623287253914
  0.51702954370123266  0.52780630519193117  0.53858515020419118  0.54983433218991207
  0.56142793791649914  0.57365195872939223  0.58584844503910360  0.59806304790294473
  0.61007816982903984  0.62216972550652316  0.63321709282978411  0.64342297672397308
  0.65358218900212939  0.66420000504534871  0.67594352964347693  0.68804603831619104
  0.69955666046310372  0.71038016289453687  0.72070231475996693  0.73125092128260460
  0.74218652176490285  0.75330067882718177  0.76426762944282145  0.77463465449788693
  0.78453185778033219  0.79448725867326564  0.80473007123515539  0.81507872343247845
  0.82540564657528914  0.83582021430203157  0.84666242244443590  0.85754183426496056
  0.86716779893680140  0.87593399131862304  0.88429294741287812  0.89274479135450890
  0.90271580527838768  0.91332380744540909  0.92424603852322362  0.93452625069041206
  0.94425401157571032  0.95293246378633156  0.96095347837148659  0.96855296085427611
  0.97640185378645172  0.98406053885062550  0.99264824667207385  1.00000000000000000
  0.00319733589611981  0.01211818738305965  0.02330430625249761  0.03479696982603869
  0.04638552481853291  0.05766750457507127  0.06891746053091120  0.08041312427957445
  0.09183505771470044  0.10253874415556305  0.11268371190060837  0.12281338055043411
  0.13353934896177067  0.14430589446084496  0.15487029526391610  0.16554154012268096
  0.17666367575441272  0.18770076149939677  0.19851211109414543  0.20934127057063218
  0.22014688535294336  0.23083071766049151  0.24151634194179478  0.25203499919380529
  0.26265116779683723  0.27288278367947033  0.28312805920267664  0.29215841723310182
  0.30186200849678396  0.31169003450657423  0.32192557526463750  0.33254578901570736
  0.34230621201520667  0.35182126554501630  0.36143536552775474  0.37158922999370136
  0.38235412142847969  0.39355451540557490  0.40371327687604097  0.41329440738285456
  0.42263207431628741  0.43181509694301046  0.44332579550061407  0.45488779238683036
  0.46640031710098978  0.47786414799769750  0.48901598168290483  0.49976055019515392
  0.51046508107743993  0.52131315866669192  0.53218557193155303  0.54271170953074233
  0.55258772809654899  0.56222008592482320  0.57218823573214583  0.58197150013279719
  0.59114008561066067  0.59996463897013119  0.60878417303710231  0.61845687731605192
  0.62847686229548771  0.63871944409098613  0.64884753844194765  0.65872036982164861
  0.66936350948206724  0.68005418449063437  0.69062214094560237  0.70106418717110963
  0.71161651266357917  0.72226270630969758  0.73239353415230690  0.74240527709459758
  0.75256184765340139  0.76305452988845590  0.77424507191031566  0.78506094315848429
  0.79664394734031041  0.80805482881100166  0.81939348686581326  0.83032459118367863
  0.84136132774617567  0.85267413936003056  0.86362090674616754  0.87474965168167740
  0.88473894911368134  0.89494056891739571  0.90500591882239667  0.91562379980263364
  0.92554245016856274  0.93509367451525016  0.94481146772368252  0.95520325602420275
  0.96590034500852906  0.97550779748987415  0.98426023323717959  1.00000000000000000
  0.00000331555620533  0.00000358189722661  0.00000374312160980  0.00000396014546274
  0.00000416631955008  0.00000433015950538  0.00000448249909643  0.00000463646408868
  0.00000478963988864  0.00000493451442989  0.00000507601223340  0.00000524682046986
  0.00000543051664812  0.00000563595695814  0.00000588463409310  0.00000616369896099
  0.00000645483135082  0.00000677105362773  0.00000715318551714  0.00000756339164500
  0.00000798332606515  0.00000844160074517  0.00000891683758811  0.00000942458693082
  0.00000997580206402  0.00001058728994150  0.00001126963272853  0.00001201613115900
  0.00001280787220522  0.00001364599321107  0.00001453901734766  0.00001548938932285
  0.00001649586429615  0.00001756983142652  0.00001876310525697  0.00002004654993030
  0.00002146864682452  0.00002299478863595  0.00002470504303134  0.00002652900511350
  0.00002846606215930  0.00003047899020486  0.00003264291676896  0.00003489845064936
  0.00003725093658728  0.00003977279114908  0.00004236446237756  0.00004551065282713
  0.00004873318063923  0.00005270498714091  0.00005628628772393  0.00006024023033998
  0.00006425483334521  0.00006900596484644  0.00007439642809152  0.00008037502423178
  0.00008675596358446  0.00009359186734003  0.00010117591242455  0.00010954277051553
  0.00011910122228097  0.00012928273375467  0.00014019936886296  0.00015203031046041
  0.00016535209601819  0.00018038295471739  0.00019621293732078  0.00021372001759633
  0.00023195925005359  0.00025135153953258  0.00027251294408647  0.00029436941825306
  0.00031974199665628  0.00034568570583777  0.00037592554174378  0.00040683304299988
  0.00043848104669822  0.00047597074394702  0.00052536006837427  0.00058291448524027
  0.00065206077135305  0.00073196225802749  0.00082008662230176  0.00091648150969130
  0.00102145634337477  0.00114409215058136  0.00130658902193067  0.00151510402358181
  0.00172962495699256  0.00194674880577989  0.00218339140770607  0.00256879561806791
  0.00336831829337325  0.00556383669508461  0.00919066203494738  1.00000000000000000
  0.00000450550259859  0.00000533252429751  0.00000656707205671  0.00000802409455754
  0.00000958126654933  0.00001125423095230  0.00001298069223140  0.00001463779024754
  0.00001624701652980  0.00001787119936396  0.00001957760064420  0.00002143208363457
  0.00002344564836742  0.00002555936821790  0.00002791800381695  0.00003034156413581
  0.00003307907063833  0.00003602456297562  0.00003923522090402  0.00004283050111368
  0.00004664007226646  0.00005068908904247  0.00005503446706518  0.00005956104224614
  0.00006452075283328  0.00007021362176748  0.00007599363763137  0.00008207071036626
  0.00008870746792064  0.00009577952515374  0.00010297021200740  0.00011024490365060
  0.00011775169411950  0.00012585523640349  0.00013404604428971  0.00014219762052808
  0.00015040919772577  0.00015933016897850  0.00016898087021694  0.00017906753688055
  0.00018951925532309  0.00020085204380933  0.00021264448794634  0.00022457671938947
  0.00023678907046296  0.00024928096166573  0.00026276164964461  0.00027614999802450
  0.00028974920515155  0.00030470507051636  0.00032005543225713  0.00033825924758532
  0.00035768996197499  0.00037787422629342  0.00039940412042530  0.00042152942945223
  0.00044330078533575  0.00046589508929586  0.00048945559425400  0.00051369421607408
  0.00054289049997589  0.00057485785160550  0.00060962012595066  0.00064759825809147
  0.00068732784952823  0.00073179467913923  0.00077788971423770  0.00082849311175437
  0.00087878370848637  0.00092894075060126  0.00098375504351186  0.00103954108781304
  0.00110350089513963  0.00116435154163890  0.00122400956378282  0.00128807504121152
  0.00135619673088034  0.00143696174383726  0.00152821502535009  0.00162602999319484
  0.00172295736577619  0.00180981120006377  0.00187901450435039  0.00194900576881486
  0.00204359995639445  0.00213111921802410  0.00221333549708254  0.00233141366831514
  0.00249443817015123  0.00270065095993936  0.00294993756469375  0.00329793241327659
  0.00374913709519378  0.00422290663347988  0.00995066781459244  1.00000000000000000
 -0.00217096977114816  0.01076471422877713  0.02206483885727768  0.03321189464445998
  0.04450871740498889  0.05584294692793906  0.06725428145238781  0.07811933596034198
  0.08875363698956519  0.09940857034408801  0.11034954683676231  0.12105910489460224
  0.13142993083309165  0.14195939206333433  0.15306618434111979  0.16427674042105117
  0.17550872422515501  0.18619233807719765  0.19690848380757137  0.20765166798807078
  0.21772890136474343  0.22730862437717356  0.23688249764880770  0.24745998701821340
  0.25890844617793818  0.26963206923801430  0.27909934336562647  0.28844763379950733
  0.29742675116764516  0.30645214588415615  0.31504505320262127  0.32380656694347715
  0.33280945233210774  0.34222058202197142  0.35193238361918483  0.36209455797299911
  0.37297196227679141  0.38357811505533496  0.39414717170073210  0.40452577121665872
  0.41493836319132898  0.42548410509758089  0.43575594305561066  0.44575308206098957
  0.45570797583396117  0.46599788101670553  0.47645377674676481  0.48710420692155443
  0.49792550275536118  0.50854947320776500  0.51869285019674749  0.52853416838282163
  0.53844534179838643  0.54861860913587024  0.55867604742725729  0.56805667812123173
  0.57745838048780629  0.58677377769896721  0.59617987699978059  0.60575447192669452
  0.61540374254256869  0.62558130714288818  0.63626257769931927  0.64721213261894417
  0.65776364368646434  0.66783466112050249  0.67765135599113235  0.68756930781695225
  0.69807375968496144  0.70894575525717107  0.71986237428114641  0.73107445381562408
  0.74220952035841292  0.75356211101055381  0.76560665354632151  0.77777855151056019
  0.78859549422473607  0.79786594928289623  0.80685774978012137  0.81646648433944746
  0.82703807053269385  0.83843705962277881  0.85017979950442668  0.86231979428566397
  0.87409778232252056  0.88544688103493951  0.89614223200595811  0.90659471625123278
  0.91769749265531220  0.92975247280278894  0.94170469520664446  0.95321695581576771
  0.96576756016488030  0.97855054069473257  0.98987520199723356  1.00000000000000000
 -0.00275723309432767  0.01176198004374454  0.02354336385389095  0.03519747167341349
  0.04643769960250280  0.05632569285756248  0.06636596184106786  0.07531795100103865
  0.08478178878780321  0.09413585550853427  0.10388596642622189  0.11405877331559108
  0.12451408529849786  0.13562326175600964  0.14733365955787159  0.15892194951670655
  0.16981431568121141  0.17983447106373462  0.18944417040241790  0.19920450383244143
  0.20931886206953412  0.22031217488826862  0.23151582165655391  0.24144036672331998
  0.25172745850047978  0.26199905961143666  0.27279121396483458  0.28318531794783952
  0.29329614035980711  0.30377852005650979  0.31472304031658022  0.32514513397986555
  0.33506319452400873  0.34468664733554571  0.35430273083719604  0.36359183760899716
  0.37291218622265809  0.38242823083687616  0.39213361119170126  0.40182255864611593
  0.41135010790207588  0.42100468024038556  0.43105280126730711  0.44197132472165268
  0.45358076851507534  0.46520462859376083  0.47637876789920774  0.48771641154973278
  0.49835571162718062  0.50930514055042075  0.52008685441797042  0.53165514331392238
  0.54318981932067767  0.55431237546250722  0.56547800901139489  0.57641412702271133
  0.58709445508173019  0.59791021270634581  0.60831198099598027  0.61889586915952000
  0.62946010256591756  0.64107539164454197  0.65299359730632833  0.66433337518334046
  0.67465539133250618  0.68457172513597098  0.69430510433107417  0.70329100684548584
  0.71241382543602672  0.72185138312805419  0.73288502527066623  0.74398890873159396
  0.75540747062635738  0.76676869717623519  0.77740842126412235  0.78785994665749104
  0.79863357971887272  0.80964128303876137  0.81967540781803838  0.82902455284247467
  0.83858864229130781  0.84864472425518522  0.85897469345689226  0.86907059529065478
  0.87930585416491058  0.88986927911370273  0.90076670146703608  0.91160255871109608
  0.92251394068185544  0.93381739736371350  0.94512907474566221  0.95622017124630521
  0.96730476797763554  0.97815968093399808  0.98905678957899101  1.00000000000000000
 -0.00245531953841447  0.01056639327447053  0.02162097976168402  0.03243160329386553
  0.04249737195599469  0.05271600387181929  0.06387993531606793  0.07641450329592089
  0.08973784470831157  0.10340229439750172  0.11663138391124821  0.12887856427048702
  0.13933059073230003  0.14938538340779606  0.15981668821145945  0.17117981244157526
  0.18188126219981771  0.19163739853575831  0.20135467066472257  0.21108359994403425
  0.22102515744651657  0.23037162162061750  0.23986242763682408  0.24953048145632395
  0.25967875790294737  0.26882503682068054  0.27726663399431511  0.28600495305493878
  0.29514503951081461  0.30446988501499911  0.31424534009719340  0.32385923208945711
  0.33319264285288397  0.34147912498123628  0.35053057077313243  0.35948862045535179
  0.36944664642150665  0.37835209232480427  0.38746697542941394  0.39677171251569632
  0.40647942554408628  0.41634946364816056  0.42613736560808196  0.43631609999752063
  0.44586028718074505  0.45441162100382848  0.46300756997920478  0.47203510549355598
  0.48237479158172170  0.49325299978969245  0.50416881541875713  0.51477421864480832
  0.52550666639440424  0.53653477983735798  0.54761285173178853  0.55841931637351805
  0.56883858277987231  0.57890186660836440  0.58927598278698690  0.59973573036274708
  0.61020016727979842  0.62039351179001656  0.63051107331839917  0.64092532216051257
  0.65144437723987614  0.66189947238043623  0.67215171793963202  0.68216891459026585
  0.69164696406735171  0.70083731252465875  0.71034881371181902  0.72038187852610569
  0.73106261600835432  0.74202994983639026  0.75371466922665609  0.76561365745780552
  0.77696492665688477  0.78764443168507359  0.79815595798234684  0.80894462285245228
  0.81997733944957585  0.83130689780352007  0.84306411941857218  0.85548251262881969
  0.86809084934598635  0.88111617512616136  0.89337048148525167  0.90480533104771088
  0.91572476802357361  0.92731486827964971  0.93927959184843335  0.95209870157364618
  0.96480246309659590  0.97713475627258406  0.98859701088907959  1.00000000000000000
 -0.00233405101815536  0.00919229831140771  0.01907030205353363  0.02975956212859821
  0.04086808668424678  0.05214998044968582  0.06257930209647825  0.07285943219418717
  0.08281299940649557  0.09336122630217851  0.10407211008330530  0.11497372630757494
  0.12643421754621773  0.13776815020696231  0.14874600415287384  0.15880589044296889
  0.16848114501785477  0.17832533027919181  0.18801363219462713  0.19786249454968247
  0.20761963058067828  0.21785615132119232  0.22811220818439162  0.23877065680872467
  0.24975606921669444  0.26117627671195420  0.27259533249583373  0.28369518468351818
  0.29455929958462335  0.30513341067757671  0.31531190510292351  0.32539388545703241
  0.33566065386398525  0.34608413985097070  0.35656106902558904  0.36677323230799519
  0.37723942872206129  0.38689388541577385  0.39643244409260114  0.40621994254367821
  0.41660042293234295  0.42827747908516883  0.43945009701697091  0.45008421038184243
  0.46070295742253042  0.47162946542545647  0.48255903808831391  0.49237188994728032
  0.50233741710615887  0.51090913808370553  0.52062366380895586  0.53022792187725099
  0.53999824713782396  0.55038709469333957  0.56094409007703361  0.57211087432903029
  0.58348337699917985  0.59495983281164200  0.60654996758853941  0.61723994103083912
  0.62695089602487830  0.63608878909863598  0.64524405479849656  0.65474121030672949
  0.66488524333481991  0.67556883405160550  0.68614019226674039  0.69647861091462049
  0.70722300500719348  0.71879061837054503  0.73041540994198906  0.74158868728044991
  0.75279461588251606  0.76453333357985431  0.77655870059561716  0.78839972429360139
  0.80003845002299567  0.81120655906573547  0.82222214035117347  0.83355037936175691
  0.84431602074403955  0.85354431400074571  0.86261097568368950  0.87191680492547197
  0.88202949093905747  0.89258990772522795  0.90317229913430230  0.91384634544859389
  0.92445415322091995  0.93503296398839375  0.94603495860618370  0.95723189878530968
  0.96834904826733459  0.97898328346017172  0.98929528006588119  1.00000000000000000
 -0.00231609219575322  0.01050877087272921  0.02132143494925973  0.03214953636407512
  0.04321763810045839  0.05534642480999954  0.06673366448977916  0.07766347183172510
  0.08832975365195982  0.09868717012999798  0.10981754264404467  0.12076624795199412
  0.13270423950706250  0.14411885205614475  0.15505660968661131  0.16550170399021349
  0.17640999891640796  0.18711693623520659  0.19754891795524274  0.20796588689659612
  0.21868019354088492  0.22949134282535461  0.24059083794776784  0.25230105862794816
  0.26387467550388377  0.27406775144147466  0.28254047622792416  0.29157016250950868
  0.30090204868918025  0.31111733327331975  0.32152752134423679  0.33164031706339969
  0.34169994282219712  0.35177829189385962  0.36208389033380950  0.37248956088845714
  0.38270168837239832  0.39287802157383578  0.40329275322053848  0.41355062329069164
  0.42352726419381981  0.43345499865510889  0.44382587592037781  0.45468288620446612
  0.46534435628035109  0.47572989528485649  0.48604645517150802  0.49667755700660815
  0.50760840580558997  0.51854173550370186  0.52952162588548057  0.54022282010011335
  0.55048350485614150  0.56061194461661024  0.57071137665981020  0.58134664108785916
  0.59210756697275813  0.60229547845943343  0.61211110748423825  0.62201195348016736
  0.63263905486947047  0.64380215977388755  0.65568043417914179  0.66777181584540957
  0.67961734207103031  0.69085401380916567  0.70158512300983422  0.71228432720694479
  0.72304282988634083  0.73379855709522712  0.74420322639134406  0.75421661053577316
  0.76469796655472932  0.77616804091898317  0.78765282712308871  0.79828373425359467
  0.80846346853033013  0.81895708899277631  0.83035349270232406  0.84169379763282903
  0.85293412797739243  0.86364773462746347  0.87415729678631837  0.88406919227369052
  0.89326084024841190  0.90267078610925122  0.91240886845770786  0.92254072427455169
  0.93271617396042050  0.94241834086623977  0.95182061943789420  0.96147373705563866
  0.97127561738352219  0.98133581472604459  0.99079201781349124  1.00000000000000000
  0.00008780237558070  0.00021295832822681  0.00033811428087292  0.00045540108037509
  0.00057104504620659  0.00063455795331621  0.00069866134253679  0.00076600056452260
  0.00083282469873679  0.00089884111183288  0.00096433432368632  0.00102946258892486
  0.00110181127780895  0.00117638732815433  0.00125635236816281  0.00133673922968062
  0.00141767131855351  0.00149963639922200  0.00158263953086277  0.00165208518756072
  0.00171877428207374  0.00178671163614490  0.00185537377565113  0.00192485377180560
  0.00199740657841577  0.00207196129912325  0.00214966201679426  0.00222978641117391
  0.00230925225711305  0.00238746206867052  0.00246399091757766  0.00253898368004687
  0.00261238721527639  0.00268880322297509  0.00276527799189373  0.00284151118012532
  0.00292308762124839  0.00300295720148310  0.00308060209759465  0.00316167990821370
  0.00325888740756697  0.00337027302522260  0.00349348169186167  0.00361449718859782
  0.00373031277887144  0.00384309388501372  0.00395558437838300  0.00407339361518682
  0.00418841010373914  0.00429315003564553  0.00439101544786679  0.00448664382189740
  0.00458133451332622  0.00469007926651601  0.00481228815482195  0.00494216821120835
  0.00506220819551034  0.00517105659429768  0.00527963097846918  0.00539063830462951
  0.00550490925317288  0.00562578103664215  0.00575576674266980  0.00589621796626583
  0.00610507120910506  0.00637086251066740  0.00661138755859936  0.00681754246457370
  0.00700959884080721  0.00720605193596223  0.00744115290406279  0.00773643541768891
  0.00801867380984563  0.00827261352132009  0.00852028389209602  0.00881140002692189
  0.00908994746665796  0.00933893584192823  0.00960200291305038  0.00994928148319735
  0.01029758593264421  0.01101674322064728  0.01148259050153346  0.01251083740808357
  0.01294945436105389  0.01330097925558891  0.01363106115861586  0.01397746951832680
  0.01486535847413420  0.01613968783557118  0.01769287319432024  0.02150683218232048
  0.02248469556961113  0.02407306583456523  0.03634323024830588  1.00000000000000000
 -0.00242615830862797  0.01013351994960039  0.01803537530268785  0.02588758715057651
  0.03362813984574015  0.04216717906340078  0.05239770587896663  0.06236761777465572
  0.07162749739244990  0.08105514944014962  0.09061868509493426  0.10060288942047570
  0.11032577788015714  0.12071572196388797  0.13137952054210139  0.14320254823785264
  0.15498934394632721  0.16622064148157856  0.17720689231826012  0.18838279974754821
  0.19990633513364073  0.21114355437701451  0.22175037565035624  0.23215800785508922
  0.24237922961089756  0.25255028690770798  0.26270240206910633  0.27341590856014952
  0.28367793077600567  0.29414119073363404  0.30404851360958196  0.31448117339439485
  0.32542344265512141  0.33636501589267381  0.34724998237654164  0.35844480901128672
  0.37009875205834408  0.38153526412449373  0.39246578891332656  0.40373689589868494
  0.41521518260926343  0.42651768976726739  0.43730127348398473  0.44800089886075722
  0.45886609877102169  0.46953633971830738  0.47931044471921092  0.48878142606990127
  0.49792661129405624  0.50798201962345402  0.51849465011794516  0.52929894615930329
  0.54038182752380048  0.55146866817090168  0.56256261546970510  0.57436652231014163
  0.58678574215570811  0.59869604681351529  0.60980052290112863  0.62092864055430419
  0.63220160043489426  0.64362604561655623  0.65523105427771489  0.66659380593031758
  0.67925148123845391  0.69170564299185644  0.70427465437323367  0.71679878495333982
  0.72904119089883723  0.74086251875713782  0.75240497626013003  0.76346506412494908
  0.77378256710788151  0.78361779983918700  0.79373576643740218  0.80448621198951953
  0.81498999432446162  0.82535801983403878  0.83597821731860422  0.84676180222128450
  0.85729795301972456  0.86713259679946242  0.87684199111606276  0.88674756225564344
  0.89620650614947728  0.90560100199726135  0.91497237859858915  0.92440470050696133
  0.93466765238180860  0.94478144521347740  0.95430321037386912  0.96330536297776759
  0.97151827037450655  0.98050337793993947  0.98982399336771043  1.00000000000000000
  0.57271138468320215  0.58905259293679901  0.60197005236813916  0.61410009558858880
  0.62471241486679130  0.63451072874949099  0.64375067672426123  0.65181670206325804
  0.65909214571151997  0.66617745690570862  0.67338035552587827  0.68077746278613205
  0.68799388936274086  0.69491222448711398  0.70180946481462414  0.70857077777736055
  0.71468054657727853  0.72037353392499426  0.72586851351043369  0.73107481122292106
  0.73617952635486072  0.74121752038267019  0.74608726529616531  0.75100524458644713
  0.75564745800196687  0.76044172925078124  0.76496542981508187  0.76947820988965299
  0.77381317376541736  0.77829262491615936  0.78269501468024627  0.78702675931512622
  0.79115865318306022  0.79513568954328095  0.79904638069298539  0.80292582399395973
  0.80692769055017421  0.81104128782641438  0.81509765273628121  0.81897436834456672
  0.82270861302179554  0.82628436609811895  0.82962932760648356  0.83277323315814022
  0.83575682282060515  0.83863116596406950  0.84146974683140086  0.84430484301396391
  0.84716058835883046  0.85008001460781246  0.85304015529471655  0.85589953753628423
  0.85866098596275298  0.86140881258974411  0.86418891747724313  0.86713680364507817
  0.87026999236553737  0.87326543371767196  0.87610185676300523  0.87893674915168152
  0.88182799756087982  0.88488354987507234  0.88806529930099265  0.89120350998087794
  0.89436478395652830  0.89750986740314664  0.90046488176118833  0.90343379201318841
  0.90637728099784665  0.90941679755280314  0.91260365043556546  0.91560730952253633
  0.91843746127376291  0.92119790664216106  0.92403906714965234  0.92699604272591496
  0.93000345143571983  0.93298018472809474  0.93589252727314265  0.93882331202435765
  0.94186100826549046  0.94496821479695592  0.94810851046458167  0.95132857701745144
  0.95460561252549792  0.95797442471428007  0.96141179292805901  0.96489331613127105
  0.96833591211299241  0.97185163818143927  0.97567627382736044  0.97949140299622151
  0.98381220044673268  0.98838270998571143  0.99367809128789675  1.00000000000000000
  0.13070266071729092  0.18408534024663939  0.19524220801484610  0.20330550249505658
  0.21041974807586705  0.21857527061760418  0.22626861629536441  0.23281509035420170
  0.23856992820826300  0.24403355724690773  0.24927107890693118  0.25410571306839519
  0.25840883276302684  0.26261975598864307  0.26685763793235467  0.27130406669473833
  0.27573853188793118  0.28020892963460287  0.28477236989581006  0.28925638284501670
  0.29379013362067768  0.29847376573409584  0.30335236954844647  0.30841388583466733
  0.31336720601410145  0.31807306453947559  0.32270184000111568  0.32736417791443700
  0.33205035181276626  0.33671233893329022  0.34129671035398768  0.34590315813584782
  0.35056751782621187  0.35537297040319832  0.36014694198233127  0.36506781294971208
  0.37005793153866889  0.37520675994232655  0.38042921311539069  0.38551504899917372
  0.39028929048763211  0.39488414981755543  0.39944792474341251  0.40389450962629253
  0.40824541580929963  0.41269035387391240  0.41742203052060561  0.42272249149218455
  0.42807742524912579  0.43332072727550747  0.43848436551317227  0.44374013966511100
  0.44931093759878749  0.45509279550504189  0.46123078743617407  0.46739000645380224
  0.47313405698216848  0.47852076442795227  0.48386656689548896  0.48944050932875410
  0.49550439362120313  0.50164181152603937  0.50771795903141148  0.51363590348363120
  0.51942001432423890  0.52548136634007192  0.53168110150242787  0.53843474033676675
  0.54502550798012017  0.55153176979250285  0.55797901023633101  0.56487765232852039
  0.57245321192151422  0.58020194359992006  0.58757890043189154  0.59492355890477100
  0.60266195694502989  0.61141982402049966  0.62053114957261679  0.63008673025752682
  0.64024730231041083  0.65061430846413160  0.66132128805050772  0.67204032838588512
  0.68329533843391488  0.69448962716666762  0.70680497539777754  0.72055744482792450
  0.73511608290429042  0.74914759239638984  0.76505228814967852  0.78233208446101898
  0.80319675175999850  0.84080766229380399  0.93787663253229225  1.00000000000000000
   5.6978699846185355E-008  -1.0000000000000000     
 F F F F F F F F F F F F F F F F F F F F F F F F F F F F F F F F F F F F F F F F F F F F F F F F F F F F F F F F F F F F F F F F F F F F F F F F F F F F F F F F F F F F F F F F F F F F F F F F F F F F F F F F F F F F F F F F F F F F F F F F F F F F F F F F F F F F F F F F F F F F F F F F F F F F F F F F F F F F F F F F F F F F F F F F F F F F F F F F F F F F F F F F F F F F F F F F F F F F F F F F F F F F F F F F F F F F F F F F F F F F F F F F F F F F F F F F F F F F F F F F F F F F F F F F F F F F F F F F
  <DiscreteSampler_grid>
  grouped_processes
  1 # 1 for a reference and 2 for a running grid.
  10 # Attribute 'min_bin_probing_points' of the grid.
  1 # Attribute 'grid_mode' of the grid. 1=='default',2=='initialization'
  0.0000000000000000 # Attribute 'small_contrib_threshold' of the grid.
  0.5000000000000000 # Attribute 'damping_power' of the grid.
 # binID   n_entries weight   weight_sqr   abs_weight
    31   10   1.408715337899551E-002   8.015050123853236E-004   1.408715337899551E-002
    32   10   1.408715337899552E-002   8.015050123853240E-004   1.408715337899552E-002
    34   10   2.817430675799102E-002   3.206020049541294E-003   2.817430675799102E-002
    35   10   2.817430675799103E-002   3.206020049541296E-003   2.817430675799103E-002
    37   10   2.897624550167185E-002   3.361494747616385E-003   2.897624550167185E-002
    38   10   2.897624550167185E-002   3.361494747616386E-003   2.897624550167185E-002
    40   10   5.795249100334370E-002   1.344597899046554E-002   5.795249100334370E-002
    41   10   5.795249100334371E-002   1.344597899046555E-002   5.795249100334371E-002
    43   10   1.995136386192908E-002   1.972644270735399E-003   1.995136386192908E-002
    44   10   1.995136386192909E-002   1.972644270735402E-003   1.995136386192909E-002
    46   10   3.990272772385816E-002   7.890577082941596E-003   3.990272772385816E-002
    47   10   3.990272772385818E-002   7.890577082941608E-003   3.990272772385818E-002
    49   10   4.196610620024283E-002   8.768488898139566E-003   4.196610620024283E-002
    50   10   4.196610620024283E-002   8.768488898139571E-003   4.196610620024283E-002
    52   10   8.393221240048566E-002   3.507395559255826E-002   8.393221240048566E-002
    53   10   8.393221240048566E-002   3.507395559255828E-002   8.393221240048566E-002
    58   10   1.408715337899551E-002   8.015050123853236E-004   1.408715337899551E-002
    59   10   1.408715337899552E-002   8.015050123853240E-004   1.408715337899552E-002
    61   10   2.817430675799102E-002   3.206020049541294E-003   2.817430675799102E-002
    62   10   2.817430675799103E-002   3.206020049541296E-003   2.817430675799103E-002
    64   10   2.897624550167185E-002   3.361494747616385E-003   2.897624550167185E-002
    65   10   2.897624550167185E-002   3.361494747616385E-003   2.897624550167185E-002
    67   10   5.795249100334370E-002   1.344597899046554E-002   5.795249100334370E-002
    68   10   5.795249100334370E-002   1.344597899046554E-002   5.795249100334370E-002
    70   10   1.995136386192908E-002   1.972644270735400E-003   1.995136386192908E-002
    71   10   1.995136386192909E-002   1.972644270735402E-003   1.995136386192909E-002
    73   10   3.990272772385817E-002   7.890577082941599E-003   3.990272772385817E-002
    74   10   3.990272772385818E-002   7.890577082941608E-003   3.990272772385818E-002
    76   10   4.196610620024283E-002   8.768488898139566E-003   4.196610620024283E-002
    77   10   4.196610620024283E-002   8.768488898139571E-003   4.196610620024283E-002
    79   10   8.393221240048566E-002   3.507395559255826E-002   8.393221240048566E-002
    80   10   8.393221240048566E-002   3.507395559255828E-002   8.393221240048566E-002
  </DiscreteSampler_grid>
