  0.00339754300309926  0.01318559407083368  0.02378778131021994  0.03429974314593694
  0.04397441825458151  0.05314016156207516  0.06281463801407770  0.07353326778119967
  0.08444959733694764  0.09483269722164428  0.10580300973163734  0.11739372869488561
  0.12870604134440849  0.13992132853440101  0.15127468662055868  0.16301936509520698
  0.17454068575396714  0.18498647052609860  0.19445144885092930  0.20352655722120414
  0.21294004049694859  0.22309295741176077  0.23338244846579226  0.24374577524158844
  0.25393711244098366  0.26353587123209116  0.27285465189785246  0.28217732003337925
  0.29217711824376646  0.30307161651059250  0.31437374227600146  0.32604568590707245
  0.33784135231607121  0.34790034056197505  0.35712396327464369  0.36635938035379256
  0.37569668070622725  0.38621628147168935  0.39738670381481606  0.40862165789286803
  0.42017653989132064  0.43129418549628362  0.44232246037098283  0.45316213460514043
  0.46368322536646994  0.47389764535542761  0.48361273354926759  0.49341680077304517
  0.50356938029443532  0.51483458495803625  0.52555571953608204  0.53620376840651141
  0.54655100696103120  0.55689077567655354  0.56695724747552612  0.57667235558451602
  0.58614314135665102  0.59630846436305274  0.60671757683644012  0.61822623168212454
  0.62863771635389343  0.63866788182293943  0.64842169856899368  0.65842950401436318
  0.66813896429953468  0.67738688673202807  0.68685584275543365  0.69699140622390365
  0.70764129692362865  0.71726620374980077  0.72724200801664729  0.73791176551224524
  0.74862971504369069  0.75845743680936339  0.76846032556153487  0.77985632611600997
  0.79270118303707027  0.80510523610509932  0.81693146097415448  0.82847963268303115
  0.83867420612528798  0.84839744204118472  0.85795384917641870  0.86756126991283944
  0.87773707020311764  0.88803723597409379  0.89869282795149308  0.90975961264700345
  0.92036157094072901  0.93067687245490160  0.94218658084698725  0.95452842680614092
  0.96666876672775703  0.97770037614114069  0.99058999500429135  1.00000000000000000
  0.00002153345677260  0.00004322733228514  0.00005073431257361  0.00005691900638268
  0.00006268313160616  0.00006806351848852  0.00007321595062067  0.00007817204951796
  0.00008323866400191  0.00008825474872710  0.00009330318743214  0.00009836024488279
  0.00010340550534221  0.00010837256190131  0.00011339237614482  0.00011873203572418
  0.00012445459142433  0.00013047943528430  0.00013647989549938  0.00014245475719445
  0.00014844685464858  0.00015476491665907  0.00016167924686121  0.00016858953587614
  0.00017581385213192  0.00018359923726944  0.00019134175399036  0.00019907898419067
  0.00020728885702424  0.00021536472379284  0.00022348789355839  0.00023269855451489
  0.00024264870430833  0.00025361080795485  0.00026453126296116  0.00027457336348930
  0.00028516438961596  0.00029507035607796  0.00030716510038438  0.00031905405206610
  0.00033102177581932  0.00034437701725018  0.00035781580448942  0.00037126339435669
  0.00038709857658533  0.00040512536336595  0.00042337195938187  0.00044171464904432
  0.00046007684454468  0.00047785610058264  0.00049629033430394  0.00051665480517163
  0.00053827664056469  0.00055878590191271  0.00057804995329254  0.00059656954670533
  0.00061572287079379  0.00063648561003017  0.00065977443541150  0.00068665125475500
  0.00071622388119178  0.00074704101487458  0.00077887256415749  0.00081197721482585
  0.00084415727794554  0.00088074255489516  0.00091811924780566  0.00095972327095345
  0.00100406222258195  0.00104470493452244  0.00108345432900818  0.00112727933226548
  0.00117865211368957  0.00123972994475905  0.00132410359374036  0.00142432920904918
  0.00153640797107490  0.00163391192984405  0.00172284473939507  0.00181512886499163
  0.00192077823584745  0.00205145902369867  0.00219469336045318  0.00239949953561148
  0.00279858275337255  0.00322137434848965  0.00359557619233781  0.00398542491144715
  0.00444600758552987  0.00519023234032409  0.00581271882934745  0.00662747990531809
  0.00761593809168894  0.00918576288314352  0.65664552706671730  1.00000000000000000
  0.00000295279084382  0.00000308416041010  0.00000313312011774  0.00000318719335312
  0.00000325025989287  0.00000331342157390  0.00000340036619416  0.00000349581024828
  0.00000358676168260  0.00000366154607776  0.00000374323602638  0.00000382260732558
  0.00000389683066078  0.00000397632024109  0.00000406235006818  0.00000421013626669
  0.00000435256585932  0.00000448187213967  0.00000460623303294  0.00000473215871502
  0.00000485250928127  0.00000495620027230  0.00000509937762900  0.00000525815227283
  0.00000542841305517  0.00000560273852653  0.00000578468361543  0.00000597997223381
  0.00000619828492043  0.00000641948104777  0.00000666115955017  0.00000689489451151
  0.00000716277569635  0.00000743917636299  0.00000771244627348  0.00000800022122838
  0.00000832291771783  0.00000868431342542  0.00000906182916311  0.00000943992746931
  0.00000982922193343  0.00001023914160984  0.00001065475771647  0.00001109129681485
  0.00001154187361798  0.00001200619239372  0.00001249172549931  0.00001301340456888
  0.00001358516564172  0.00001415518094253  0.00001475301482650  0.00001541913940145
  0.00001613619684777  0.00001691951794165  0.00001775600926097  0.00001863066730972
  0.00001948840341895  0.00002043553714972  0.00002155727977409  0.00002271527627124
  0.00002402963451528  0.00002548405747090  0.00002704666432682  0.00002879812346248
  0.00003066539292724  0.00003260414742296  0.00003466067585784  0.00003681708877196
  0.00003925928688765  0.00004190000242305  0.00004493915449259  0.00004847252187480
  0.00005253342069850  0.00005699827523154  0.00006196784819474  0.00006775540152230
  0.00007440144233849  0.00008209784896000  0.00009079072846042  0.00010129762673628
  0.00011291217932511  0.00012708576279320  0.00014508458010607  0.00016893212715251
  0.00019867747413422  0.00023243450951231  0.00027126562368768  0.00032451272214752
  0.00040401242553324  0.00052974317425384  0.00075930361765001  0.00113905055895378
  0.00181360561160578  0.00373330319887803  0.03045084878195208  1.00000000000000000
  0.00000378010425246  0.00000488651650159  0.00000518593895510  0.00000557710322603
  0.00000601282406518  0.00000641051671153  0.00000677810674986  0.00000716985279951
  0.00000754817714129  0.00000792500667135  0.00000833576424239  0.00000874683806849
  0.00000919812846255  0.00000962357553677  0.00001003880683527  0.00001042070976967
  0.00001079535206042  0.00001123511486982  0.00001173557600896  0.00001235210469534
  0.00001299522811884  0.00001360488438212  0.00001415756117414  0.00001470430503540
  0.00001530583616422  0.00001591701128796  0.00001654540759648  0.00001720982370769
  0.00001794513158402  0.00001870187870233  0.00001945006911113  0.00002021272889905
  0.00002100557706601  0.00002180900720232  0.00002268001612267  0.00002364077240954
  0.00002470527009485  0.00002575776037875  0.00002677902819587  0.00002786906587927
  0.00002900128329536  0.00003023652014941  0.00003155797724106  0.00003300440832287
  0.00003453302818205  0.00003604715953337  0.00003766450764337  0.00003943436169002
  0.00004113884710720  0.00004303871426171  0.00004516868193149  0.00004746314871284
  0.00004993235879575  0.00005270086373679  0.00005565935610250  0.00005905126330437
  0.00006298168672314  0.00006712132349252  0.00007131683897460  0.00007565630080244
  0.00008028106881350  0.00008551580715069  0.00009135829437510  0.00009737062789821
  0.00010372640592636  0.00011087430548003  0.00011878740529830  0.00012785883715334
  0.00013849735136432  0.00015046210744049  0.00016348808169135  0.00017916226345649
  0.00019672267406860  0.00021630432183125  0.00023747046233704  0.00026137418775149
  0.00029132032405428  0.00032525722362970  0.00036312820999406  0.00040799955317465
  0.00046548583435633  0.00053734786455323  0.00062331482687724  0.00072394727704534
  0.00084638204067752  0.00098671535702128  0.00118123464645562  0.00141162941850876
  0.00165933617027683  0.00187857599037200  0.00216520988750504  0.00258177166261616
  0.00324797730515523  0.00473720460111673  0.13096442364610836  1.00000000000000000
 -0.00257877280339375  0.01027363231467875  0.02058684339127973  0.03085533181450347
  0.04175339982464495  0.05261917586531128  0.06339285861287539  0.07464978189698070
  0.08636590425904120  0.09629320007708056  0.10617360807731485  0.11598470473414349
  0.12699640472766738  0.13861358930352677  0.15016106647907612  0.16156354629302247
  0.17336705790276655  0.18528190114120746  0.19677387377871938  0.20737307271248023
  0.21803328137764438  0.22886430269182603  0.23996768330712795  0.25148069815733576
  0.26222307249030580  0.27272947054349711  0.28252552608372106  0.29245232756460415
  0.30167366965414688  0.31080821430510913  0.31973913534518478  0.32880980383759323
  0.33744149042291566  0.34575072569868603  0.35454703615922739  0.36404531783138450
  0.37419253061407104  0.38395713643304763  0.39313705482631411  0.40334032137503367
  0.41365265225593684  0.42403654196605051  0.43403975609437501  0.44337799414987766
  0.45300002186045540  0.46248806766176875  0.47240844329023751  0.48262494685176005
  0.49248235396923795  0.50219208561359863  0.51235189442756834  0.52307496765153905
  0.53378408431250890  0.54330250806565006  0.55231181114147687  0.56122152281461679
  0.57043394351560439  0.57983230766355276  0.58919139331695425  0.59895627560436948
  0.60889131089638049  0.61892223278589220  0.62883379093999237  0.63857711839784248
  0.64856274936261726  0.65860467176007065  0.66846071176014721  0.67826000110978302
  0.68792461236639402  0.69680376886772000  0.70657102681092510  0.71642930816980954
  0.72642519241618186  0.73829483754353065  0.74926418620254986  0.76031113091292135
  0.77142475355511630  0.78284426122334683  0.79399252825143052  0.80493122581678189
  0.81671111154132081  0.82902099313597533  0.84125704807546531  0.85356331430294086
  0.86471756520350429  0.87583036495195066  0.88688667478720162  0.89753368838877645
  0.90861715969579149  0.91995785199521518  0.93275767105857765  0.94633789363120602
  0.95944971868884454  0.97254399767559074  0.98560315784385488  1.00000000000000000
 -0.00266077394750147  0.01048437565147940  0.02198716195311135  0.03328547256845719
  0.04437540001905282  0.05563854866798572  0.06674041545687352  0.07702634591613144
  0.08675194965608780  0.09638548239771592  0.10662181963367881  0.11661973335745333
  0.12695680179482124  0.13679129290888517  0.14700109240022402  0.15723117602936440
  0.16802494356540318  0.17969932818998310  0.19198492004749557  0.20470895311368473
  0.21592671667658403  0.22654718851214167  0.23748697006705982  0.24882659805112584
  0.25861762358469148  0.26861317498781367  0.27917713063856503  0.29003514098748179
  0.30051074908387543  0.31010411095120638  0.32016921255940123  0.33083638813738764
  0.34160607602201543  0.35179257230290945  0.36189271324397471  0.37025464118573148
  0.37907845343905394  0.38766628016442245  0.39702343579153065  0.40680919207204680
  0.41606926589326804  0.42488590604431936  0.43380901671348671  0.44338079710494266
  0.45328406197571192  0.46387778783598982  0.47378378560225953  0.48385476410888878
  0.49462271715413264  0.50649598804395157  0.51951298621359465  0.53286061674115459
  0.54554732475409140  0.55739153826399213  0.56844279019289568  0.57877104240944033
  0.58976952071737421  0.60132551707874449  0.61127275308894069  0.62019508496492559
  0.62920682261151073  0.63898984059205266  0.64891360400632059  0.65857228849667582
  0.66809961345304392  0.67922264940292265  0.69078967974226579  0.70254136109386833
  0.71400214973447662  0.72455053492065569  0.73505616984944455  0.74590349620564877
  0.75685005407765149  0.76772085818385261  0.77880709270165960  0.78963578912239396
  0.79892167915078205  0.80766388272806799  0.81692219860249793  0.82737388622715102
  0.83840346462363147  0.84898775334847854  0.85932823458374163  0.86952850099560797
  0.87952529302777094  0.88942032468015741  0.89974504459686644  0.91070659939415211
  0.92210937878615318  0.93225302626762574  0.94279575891773038  0.95351449518840103
  0.96451648828067149  0.97607605700011713  0.98767529960071543  1.00000000000000000
 -0.00179571131263966  0.01600683495596465  0.03146737906789154  0.04570415092568240
  0.05913152876334133  0.07174364503399493  0.08231287031582882  0.09232658560332180
  0.10232701210799595  0.11377570174576182  0.12703333298368313  0.14079966725584853
  0.15491765646488964  0.16935272751247704  0.18354796702434859  0.19666973234937379
  0.20933018577437421  0.22204918118499789  0.23541476451104090  0.24900022712432346
  0.26249635705286806  0.27633705452892904  0.29078774057071599  0.30411282719852217
  0.31661097476621131  0.32913296609224879  0.34221587863551023  0.35652704396843560
  0.37056666624127454  0.38414908263758579  0.39729460287633500  0.41015208906871442
  0.42301219182094418  0.43590837688203010  0.44888028435617089  0.46271850621393684
  0.47690572430650757  0.49238049562204100  0.50776704403177364  0.52150062027527500
  0.53341381224722950  0.54518150561549183  0.55873291438550765  0.57186850431096314
  0.58436521146200171  0.59684606840638710  0.60927446953236175  0.62123525333637009
  0.63274554721987863  0.64435485642898715  0.65566617636864966  0.66576124892136956
  0.67536247267056460  0.68507056606033390  0.69546334195794213  0.70577498672787808
  0.71543859234511142  0.72472143732249283  0.73386951613026086  0.74360589064188454
  0.75308157570310630  0.76300043975036935  0.77303710812864801  0.78240251499938973
  0.79138717267231873  0.79931728886903608  0.80744747670986694  0.81575149245207246
  0.82356468519656356  0.83093903950962544  0.83825367155094965  0.84592866535273536
  0.85367202930674191  0.86178091595166839  0.87006587699105742  0.87806576644753642
  0.88608299590092554  0.89382596118369062  0.90098316056395367  0.90823786117170613
  0.91516291099414193  0.92196943766383410  0.92872838300803628  0.93508821999064240
  0.94143866662541686  0.94746613598334795  0.95387026554463006  0.95976928853857868
  0.96503622965609015  0.97009358188001704  0.97490669506029259  0.97972252365327317
  0.98461389326269100  0.98969714174448797  0.99483770293619200  1.00000000000000000
 -0.00273508939775874  0.00930959258213114  0.02022612752852481  0.03073708326637677
  0.04170595169692203  0.05277175419351922  0.06308653070823272  0.07285186254755992
  0.08304431422663500  0.09304164562201274  0.10299732262727919  0.11298094761572525
  0.12365250863514615  0.13575016578225124  0.14726413130551744  0.15707572427631256
  0.16676817649546083  0.17640737442007692  0.18610397548316052  0.19567081161656119
  0.20533637622143716  0.21644232976071101  0.22834194257025980  0.23909926047304539
  0.24936556374629479  0.25951672085000321  0.26993914683595266  0.28026941588531556
  0.29051799456516614  0.30093641673134303  0.31193310622829318  0.32331639821889097
  0.33425581229863094  0.34431169862879141  0.35458295133305212  0.36504458386991795
  0.37520763415783409  0.38477227988659984  0.39455660024913497  0.40538915822460347
  0.41640653805400268  0.42692930093955062  0.43740030324183843  0.44801197786511643
  0.45871858212581562  0.46990125805178645  0.48049429647839370  0.49006929762212886
  0.49933092474548479  0.50938286746082284  0.52129150807069380  0.53430412603933153
  0.54629097087141820  0.55721014393131296  0.56851066727564137  0.57856037017458162
  0.58763053039478641  0.59643312061371934  0.60589733703767223  0.61721358969975604
  0.62820751336256253  0.63918276878767599  0.65014823527084564  0.66154752058611377
  0.67261821011531631  0.68379133593866159  0.69450274477044371  0.70489641118118729
  0.71480749772970886  0.72431051860267759  0.73381102086015970  0.74373644449621179
  0.75482647360541399  0.76693426924449259  0.77909268346542360  0.79118474459904253
  0.80351331739384224  0.81579559272152224  0.82680754077013352  0.83620722862547581
  0.84509132322509861  0.85419837898214379  0.86508278332449240  0.87649966344982766
  0.88727783937077076  0.89767843427699567  0.90803796286150762  0.91813608030420768
  0.92833858015343051  0.93889026264987308  0.94952481927812793  0.95991585269528334
  0.96959917136337737  0.97936977495164723  0.98933241065251498  1.00000000000000000
 -0.00252919467348657  0.00786070495406293  0.01650589659628642  0.02528429928893713
  0.03469808635725823  0.04397788901374920  0.05395584003461231  0.06452179528199503
  0.07461167609643081  0.08424161142172774  0.09348833577446433  0.10313211965541220
  0.11294622960925131  0.12269045250005008  0.13186327778722728  0.14149530091915080
  0.15116244428672515  0.16082741453478527  0.17060605178062790  0.18085085038585824
  0.19209396096946241  0.20367035847022194  0.21534436890980202  0.22661748956338193
  0.23788619480319215  0.24932524310555901  0.26117987644267676  0.27216969041528266
  0.28231629265035108  0.29256130803291880  0.30269908357191766  0.31416960046985615
  0.32612214893320784  0.33890535049470977  0.34994317171380651  0.36019676160838116
  0.37001879839153878  0.38008709434782206  0.39032907767319153  0.40133449365212898
  0.41320600232059262  0.42486231172308769  0.43621749851549585  0.44763925139369320
  0.45896401279855770  0.47049547585140139  0.48158073586259131  0.49249049563097597
  0.50396464371890737  0.51674895696372325  0.52963453833056118  0.54215633075078151
  0.55367579136680289  0.56473159033956810  0.57452224614663150  0.58505973969251313
  0.59507285257171294  0.60552732905020734  0.61363888393803256  0.62260771365589263
  0.63152350522420253  0.64017923556269807  0.64858390018870160  0.65707991935284504
  0.66669899088002094  0.67725671443910107  0.68797245554990449  0.69801323638681489
  0.70808781988771519  0.71859018161563559  0.72902106550553591  0.74037590356375516
  0.75184041219334619  0.76381334303629722  0.77569050591009969  0.78815750573562593
  0.79922671539269885  0.80962954370583606  0.81984645332140615  0.83069569894579698
  0.84190755844721588  0.85311150376596012  0.86447387408875442  0.87569786371507541
  0.88595085530479267  0.89570309650106372  0.90508371012814037  0.91502061895940279
  0.92623487732178522  0.93609407787923227  0.94583526224215775  0.95525418622589053
  0.96512807520592214  0.97571309628397551  0.98729030264088391  1.00000000000000000
 -0.00000380744933911  0.00017484490379677  0.00035276208114303  0.00052779757021720
  0.00066673270326542  0.00075398189161267  0.00084210991588323  0.00093081953403095
  0.00102054326672887  0.00111091876926911  0.00120733135527545  0.00130421216023713
  0.00140183352088546  0.00150233095136979  0.00160388549280194  0.00170427184048588
  0.00180501466537064  0.00190618124461907  0.00200499815973413  0.00210296245546496
  0.00219782779583214  0.00229446798486054  0.00239561592867746  0.00249935248866844
  0.00260528432768582  0.00269597229161642  0.00278404058231710  0.00287658013719157
  0.00297007966037114  0.00307148843240811  0.00317549958525711  0.00331026923339570
  0.00346669165867649  0.00364333130509839  0.00379565671541388  0.00392892709147498
  0.00405638824659430  0.00417905166833984  0.00429340086175288  0.00439902864261597
  0.00450924924686557  0.00462387712561282  0.00473534218195839  0.00484554708078414
  0.00499945528292106  0.00513872040212266  0.00527610749077861  0.00542068991905805
  0.00556922194998094  0.00572984425541092  0.00590366481835846  0.00608347418651314
  0.00627200681938622  0.00645741582690668  0.00662646663621529  0.00678535344033503
  0.00692766198177441  0.00707256972715491  0.00722049843383458  0.00737889114401857
  0.00754009395419481  0.00768287788999034  0.00783670228757458  0.00799082329685185
  0.00814496705613047  0.00830193810237046  0.00845017478750535  0.00860607272367590
  0.00875028529991959  0.00887536926959809  0.00899228727033290  0.00911443086357853
  0.00924178073574084  0.00936404945136769  0.00948048433849977  0.00959661936285689
  0.00971241726107719  0.00982795108291706  0.00994314634124961  0.01012458172666475
  0.01041760842719466  0.01108911711668806  0.01143444282373386  0.01183819090138058
  0.01308916169929530  0.01362274421147249  0.01404927022330811  0.01446842409464351
  0.01496240992879761  0.01556964893736528  0.01616944444744873  0.01690352743086829
  0.01822215985606824  0.02053753533398512  0.03014164154719350  1.00000000000000000
 -0.00221140972233352  0.01150174119805654  0.02410282400083584  0.03815187433876321
  0.05185721709665098  0.06535962641541115  0.07939514032421907  0.09419666422219328
  0.10802545001783220  0.11976485377852443  0.13035654071878400  0.14056078819017023
  0.15150755727556661  0.16298756367855344  0.17451137192813396  0.18590690378939057
  0.19717568795447449  0.20810673365222243  0.21855049473721336  0.22950278987492059
  0.24089425092009731  0.25269969762386135  0.26393370573914771  0.27471167278479836
  0.28524360328584858  0.29488219874635840  0.30370654670276725  0.31222546857921224
  0.32036085057691593  0.32819670984030336  0.33614229640263660  0.34374974905824784
  0.35128882727626776  0.35894159712248680  0.36686068484025175  0.37545628143455817
  0.38447650852098425  0.39441714324314614  0.40375892498456428  0.41280493830196302
  0.42181150910366066  0.43113825412954898  0.44140028689542993  0.45122588953223824
  0.45999849168990115  0.46773655486333993  0.47559566284912802  0.48447369919714323
  0.49405912171611799  0.50385259743099275  0.51299718611912459  0.52172316217963544
  0.53083465703164934  0.54000559333582299  0.54930069584522490  0.55893826233624011
  0.56799666611723787  0.57793560678589695  0.58796666667978825  0.59778738967297540
  0.60716879683602087  0.61545130902107525  0.62367660705280525  0.63308783668662738
  0.64355477048847487  0.65465306826243774  0.66577624230262800  0.67671636045785588
  0.68766439742050856  0.69804046075446857  0.70784854183528423  0.71793771819749175
  0.72835328494486795  0.73902400565265580  0.74904236304672844  0.75919363148948926
  0.76925874091198176  0.78027148090480847  0.79140222102990543  0.80142954914441944
  0.81049963268384262  0.81915974010735337  0.82863087756684273  0.83941697269976412
  0.85049724994429898  0.86194714464246058  0.87297801962831423  0.88434614905464004
  0.89674826251233319  0.91059759619638081  0.92553185482212774  0.94074518363519721
  0.95602269374283033  0.97053352900394085  0.98478091713462745  1.00000000000000000
  0.56531133411278345  0.57052747203715404  0.57764514828693014  0.59052656067556397
  0.59615313987640528  0.60057982451746683  0.60654152349139145  0.61395371256707476
  0.61922852367198056  0.62442532357633995  0.63049633776256864  0.63678041804004915
  0.64274701223078790  0.64808408827786801  0.65390017711734827  0.65991870108596773
  0.66588261182914243  0.67136730591772553  0.67649776999743383  0.68155767363844844
  0.68660251872990907  0.69171613378764474  0.69670773065660219  0.70162909869604428
  0.70626663400182921  0.71075967715402022  0.71537050754545417  0.72018093097287983
  0.72517904796404575  0.72992327785925359  0.73438924432788211  0.73878892550046449
  0.74346574391455700  0.74806575913715667  0.75248282443055159  0.75680562108563443
  0.76138878254463327  0.76621827844204093  0.77087686591306392  0.77518271837507957
  0.77936269253170931  0.78374154900995219  0.78833776304263481  0.79302970862725597
  0.79755206775571830  0.80183210824684548  0.80584937043143223  0.80976505413304123
  0.81381697070215875  0.81803938796943887  0.82247183862167494  0.82659488981950402
  0.83075719809910931  0.83465854166307529  0.83845956629749807  0.84220594754182965
  0.84610764373742331  0.85004809822558669  0.85413288745744631  0.85820005324469750
  0.86235800036110355  0.86661557355850460  0.87049540939294379  0.87445684133607060
  0.87828788498243626  0.88216146110039517  0.88622779414209873  0.89045203363989123
  0.89470013378589985  0.89864066280718424  0.90219745465004575  0.90567751531244312
  0.90896436760775245  0.91246446241863943  0.91605875152985539  0.91953225417099838
  0.92295932150040860  0.92643091218949425  0.93005340831145700  0.93369708599079182
  0.93712354768624928  0.94031485747856458  0.94336538273978587  0.94649638298776728
  0.94980139628396199  0.95336478353081122  0.95708295850641700  0.96128396898616364
  0.96542843714934046  0.96948927965959264  0.97357295051728621  0.97778886018894895
  0.98233195628482617  0.98728987957082015  0.99310146745874128  1.00000000000000000
 -0.02944870110083211  0.16012114778991401  0.19388150065765183  0.21283807472455427
  0.22706185978946644  0.23986251517435184  0.25096146188957574  0.26092523683668634
  0.27045210348001397  0.27993921073943090  0.28932765911032415  0.29815857249849925
  0.30638365969708858  0.31434166388009183  0.32167592349858631  0.32766747558966564
  0.33330106019773187  0.33893070995300034  0.34504278391847104  0.35191203260491316
  0.35886017419496841  0.36550726916912796  0.37180625938682832  0.37790805509872644
  0.38418851992546937  0.39033702662777592  0.39649179397051787  0.40229580206169169
  0.40829468084577253  0.41439367121088211  0.42018428066495456  0.42562773819787220
  0.43089561726651976  0.43616324640544551  0.44114254698920602  0.44575496071241744
  0.45009602161466539  0.45449242106690635  0.45892978511525667  0.46386604508291562
  0.46867223153992149  0.47307571611203336  0.47732077229398046  0.48181132015849454
  0.48655641651735171  0.49159570440222089  0.49645444100194785  0.50152120098756403
  0.50685504165545137  0.51208882873186490  0.51728899124118077  0.52248899140115979
  0.52765668668352650  0.53273211064822112  0.53762002691571786  0.54308652625736986
  0.54895553849742773  0.55505332957230169  0.56108913534914540  0.56670471256107025
  0.57201430033653500  0.57738420663653389  0.58271170206430523  0.58802673569319264
  0.59344787762191842  0.59849233984082606  0.60313615339209969  0.60769697238300957
  0.61255287557647609  0.61775118200284174  0.62313714249423802  0.62852193118448452
  0.63372601119267957  0.63923259083878381  0.64489260622881550  0.65134475308927653
  0.65820522691706462  0.66458804292297069  0.67017914927024402  0.67578533668867580
  0.68126214911648986  0.68740006804873655  0.69507146861724844  0.70301919772989085
  0.71056893769651663  0.71770986490397326  0.72594516561704492  0.73610581194476099
  0.74556181508663211  0.75443814021346289  0.76363341847136834  0.77462442664473952
  0.78775597560588440  0.80147427489556566  0.81793715074972295  1.00000000000000000
   3.7377239280514227E-006  -1.0000000000000000     
 F F F F F F F F F F F F F F F F F F F F F F F F F F F F F F F F F F F F F F F F F F F F F F F F F F F F F F F F F F F F F F F F F F F F F F F F F F F F F F F F F F F F F F F F F F F F F F F F F F F F F F F F F F F F F F F F F F F F F F F F F F F F F F F F F F F F F F F F F F F F F F F F F F F F F F F F F F F F F F F F F F F F F F F F F F F F F F F F F F F F F F F F F F F F F F F F F F F F F F F F F F F F F F F F F F F F F F F F F F F F F F F F F F F F F F F F F F F F F F F F F F F F F F F F F F F F F F F F
  <DiscreteSampler_grid>
  grouped_processes
  1 # 1 for a reference and 2 for a running grid.
  10 # Attribute 'min_bin_probing_points' of the grid.
  1 # Attribute 'grid_mode' of the grid. 1=='default',2=='initialization'
  0.0000000000000000 # Attribute 'small_contrib_threshold' of the grid.
  0.5000000000000000 # Attribute 'damping_power' of the grid.
 # binID   n_entries weight   weight_sqr   abs_weight
    10   10   3.024882140115014E-001   5.059669578570249E-001   3.024882140115014E-001
    16   10   1.245030334807495E-001   3.780565599513525E-002   1.245030334807495E-001
  </DiscreteSampler_grid>
