  0.00271765209646526  0.01264167732941438  0.02315503744409423  0.03357801450257865
  0.04465436203736282  0.05635213580523431  0.06783858628056322  0.07904284226550741
  0.09096116552347523  0.10474443510459691  0.11601182826542888  0.12520618260722191
  0.13433614814439099  0.14434094195639607  0.15482232522697653  0.16548825662061936
  0.17596875384906507  0.18575195836306227  0.19602036038989490  0.20643298371238097
  0.21788921812626022  0.22957630935583082  0.23978857867717843  0.25012518673862566
  0.25998011879782174  0.26952438521226491  0.27819354526134377  0.28740092453769428
  0.29781259782466818  0.30945261994611184  0.32182517871199401  0.33421505838976795
  0.34630244840344870  0.35878597526029021  0.37027108440555517  0.38038225612057769
  0.39046753363402203  0.40174243768982171  0.41434664058065263  0.42522668131986863
  0.43376340403413560  0.44100606324315017  0.44764217242599152  0.45436146578260417
  0.46082322429203859  0.46872052972482925  0.47721332952026174  0.48946590282785157
  0.50136726026980682  0.51433171992884796  0.52697834526211074  0.53920970244718636
  0.55153192805271256  0.56243831615047424  0.57257575060121324  0.58244732023272161
  0.59134107732609509  0.60051536649478365  0.60969382238753600  0.61992545814929401
  0.63096494482388232  0.64206095045184119  0.65308236195754432  0.66461554643446896
  0.67621371749132664  0.68670905118076409  0.69568972598242418  0.70454624828207413
  0.71393355577682283  0.72366331811653795  0.73328767114928162  0.74213227736509357
  0.75124536568258538  0.76072362326945642  0.77083570404253021  0.78171902855549891
  0.79280664430385361  0.80488105440450652  0.81760776486812159  0.83078282043509688
  0.84324649429850373  0.85494697805876696  0.86616650701826037  0.87794845703986601
  0.88930017964498109  0.90024212238725532  0.91103965764987060  0.92374302946929376
  0.93590531929575838  0.94639040444542122  0.95507578305420915  0.96367810447880442
  0.97223889253486140  0.98192051264959368  0.99259809037005309  1.00000000000000000
  0.00005046293585580  0.00006122442592668  0.00007006487439879  0.00007738020222304
  0.00008421348046564  0.00009084455380263  0.00009711865227330  0.00010306489829901
  0.00010869131454025  0.00011418410747764  0.00011979174697714  0.00012553271349959
  0.00013094164710572  0.00013665372253266  0.00014259510252409  0.00014849917596957
  0.00015475793775119  0.00016090297822357  0.00016735029117756  0.00017399949076642
  0.00018089310397680  0.00018798120295668  0.00019480074515728  0.00020123573704261
  0.00020819013270950  0.00021525346290043  0.00022339166079513  0.00023206799584122
  0.00024177255551967  0.00025011806901475  0.00025901477568459  0.00026844872902688
  0.00027835323821996  0.00028705329216906  0.00029641523289022  0.00030626525922685
  0.00031637925779984  0.00032655894860014  0.00033783402167781  0.00034923182217215
  0.00035984675413752  0.00036886975567672  0.00037823510370974  0.00038810910312933
  0.00040004383213883  0.00041373663602171  0.00042817017530893  0.00044291195591184
  0.00045740960353086  0.00047294336937977  0.00049113804314606  0.00051328260168952
  0.00053870977064436  0.00056646186983113  0.00059625559613736  0.00062764851810334
  0.00066144262348650  0.00069578517611789  0.00073156031604041  0.00077354293250799
  0.00082255067534424  0.00087205454787558  0.00091724273413193  0.00095762427606027
  0.00099575600999112  0.00103916667135617  0.00109329962177712  0.00116019619096512
  0.00124616941068628  0.00133132103584021  0.00140070256113227  0.00146059821319380
  0.00152655213905254  0.00162246039749065  0.00174991462312033  0.00189920140327358
  0.00204616751504135  0.00220197782619891  0.00235064832342130  0.00250098300243696
  0.00266106885688527  0.00283322711236983  0.00302712598221683  0.00328621216387951
  0.00373419653464553  0.00438955567028893  0.00513605984943823  0.00579816313316188
  0.00634856666769529  0.00716181752951700  0.00805954725891833  0.00892488885326549
  0.00980894106404441  0.01235696011229187  0.05646937539973147  1.00000000000000000
  0.00284506352474104  0.01505601942079157  0.02768567809101605  0.03873779064735879
  0.04691317033321123  0.05533155784024370  0.06445528442279044  0.07509423469230679
  0.08735762412049224  0.09956900216066622  0.11170421998695126  0.12425109740864360
  0.13592963215849546  0.14753856482494512  0.15972260123583695  0.17135661012574430
  0.18254573713724814  0.19398038213387198  0.20598467703509285  0.21787996702136869
  0.22834713463691253  0.23779302932000110  0.24670859352896271  0.25639414342706668
  0.26447440844290798  0.27186259041459082  0.27901266271024977  0.28617237974623727
  0.29650770029024553  0.30819337992446222  0.31790506996322104  0.32648723796291279
  0.33588802710808419  0.34697004208699689  0.35988635964225096  0.37301598959789395
  0.38682291986159878  0.39738105549324620  0.40669128395829202  0.41546034639981461
  0.42524234164760866  0.43631354696787511  0.44663813632150506  0.45615089489915489
  0.46538891879239253  0.47553654906569603  0.48667965853551409  0.49794946130231688
  0.50886968777818498  0.51949499056109683  0.53071998185097846  0.54195045701140543
  0.55323831381851252  0.56479270373939827  0.57562053425493498  0.58657284969951851
  0.59732803759108499  0.60643462155133310  0.61509114910094609  0.62344885843661602
  0.63338510074677667  0.64444391888660468  0.65670678701438245  0.66955441907316426
  0.68218488847099468  0.69452279680492890  0.70724345679317657  0.72056611258432324
  0.73417527985283193  0.74781080277346867  0.76140173423690671  0.77297871316508227
  0.78275617736617564  0.79216912285834062  0.80121248143344004  0.81011071592688322
  0.81848426023638132  0.82783197888878701  0.83798573291381184  0.84822374872531270
  0.85671106224984428  0.86372207803946055  0.87102005998017928  0.87882465043732239
  0.88764247552849596  0.89797031558758755  0.90922559507730738  0.92066284358484396
  0.93107979140897013  0.94120709586589757  0.95094331815756838  0.96112005957470181
  0.97072935266920590  0.98046983718573422  0.99035407509758810  1.00000000000000000
  0.00016519084268250  0.00023774876537456  0.00026864103605028  0.00030043714172297
  0.00033133108829781  0.00036117859104043  0.00038890598499998  0.00041556675963467
  0.00044230872647232  0.00047053338271824  0.00050157503081773  0.00053480150233372
  0.00056563890730325  0.00059415070059261  0.00062172688133410  0.00065055721292333
  0.00068151922420544  0.00071555139235026  0.00075109370522978  0.00078744067128882
  0.00082650051716247  0.00086424690154698  0.00090084558510839  0.00093949651975550
  0.00097880373954984  0.00101771042651415  0.00105863055759161  0.00109897506333417
  0.00114428352542798  0.00118995071177229  0.00123496656967066  0.00127807409595346
  0.00132024093647421  0.00136760204290294  0.00142488709900761  0.00148856406183542
  0.00156941228017284  0.00164146258281757  0.00171451501772744  0.00178537911824945
  0.00185283277829683  0.00193076907260994  0.00200547048885296  0.00208178758166883
  0.00215702316363169  0.00223736424075695  0.00232755596801475  0.00242736599444963
  0.00253064900889186  0.00263721118270240  0.00276081056197648  0.00286949043846354
  0.00298641957376574  0.00311199273058222  0.00324915606763259  0.00340916375727661
  0.00354895146435038  0.00368192130964620  0.00381837269473314  0.00394386838059776
  0.00407886455040086  0.00419838891538350  0.00430785935268462  0.00444035295639780
  0.00454411159707272  0.00464778270911019  0.00478308692820409  0.00494170193651632
  0.00514130809814862  0.00537761176397976  0.00562991615494243  0.00592402187890007
  0.00628354022137854  0.00673884779320756  0.00725478647391836  0.00778589657356228
  0.00828596062893081  0.00874686054859920  0.00923179263319166  0.00977982974695690
  0.01047000052008499  0.01137803441434913  0.01257641150446878  0.01337996656425335
  0.01428949509419602  0.01573299257536223  0.01784740073333699  0.02128069628812527
  0.02539301069537640  0.02883147444277393  0.03133830199500117  0.03401042910946712
  0.03696226845616803  0.04547512750705553  0.20034242924454229  1.00000000000000000
 -0.00245807615059120  0.00810683551347843  0.01834496570163395  0.02844727849421976
  0.04021857746279672  0.05312745350958804  0.06648218731735282  0.07628433942483383
  0.08518369120231201  0.09338350229741621  0.10106194052067402  0.11181129528386526
  0.12240025366700760  0.13276987809423604  0.14223903778641031  0.15192493526836523
  0.16152012624414203  0.17115361551474836  0.18188543707320920  0.19303384566365842
  0.20470007505612825  0.21396873761000487  0.22259327432594839  0.23158647592566403
  0.24079320105618879  0.25085368457645818  0.25996411163549010  0.26718135886467997
  0.27656584955175095  0.28543389192557883  0.29522793398617037  0.30424531445091479
  0.31357482251787189  0.32426630745016360  0.33485964376769983  0.34580232986614273
  0.35542920704255709  0.36350499254188240  0.37108357025556443  0.37892715205496802
  0.38758287056026336  0.39758888944392301  0.40747306696697333  0.41723945186259870
  0.42660886651733793  0.43651677657564952  0.44782151206919740  0.45902362717159617
  0.46974553448063655  0.47915138686467384  0.48964227214701095  0.49942108002020874
  0.50899557469116252  0.51914192798706982  0.52848789831019372  0.53957856159628026
  0.55022968880668088  0.56048122398302769  0.57080221952551458  0.58167272279610749
  0.59305414203658258  0.60418994735191578  0.61513955885462290  0.62519281147399675
  0.63488144395557689  0.64482376766166771  0.65466460714361741  0.66440822173245917
  0.67397758255454665  0.68399833147163347  0.69516396661172164  0.70739359679176894
  0.71961028869966714  0.73180906132686374  0.74401843485969688  0.75524518512035510
  0.76530824470715442  0.77288114241028216  0.78050995558134617  0.78834088527393442
  0.79741504787022399  0.80817841140582503  0.81956869805226351  0.83216086834939296
  0.84483899110443794  0.85747705413028563  0.87032099368680271  0.88109411338695376
  0.89137135595470784  0.90167340556934461  0.91477843969452721  0.92931031056625679
  0.94636682892176616  0.96546796139187641  0.98346987902536409  1.00000000000000000
 -0.00287308778118969  0.01238506207730395  0.02422861996508253  0.03490899856321360
  0.04584744533974875  0.05660653873693787  0.06696588677609884  0.07711722875027270
  0.08726874629908579  0.09770151725403353  0.10829117191097561  0.11765574844810457
  0.12726724903910813  0.13809161038731002  0.14993944973085099  0.16081378454766634
  0.17153416316388412  0.18257634027729203  0.19672759494540604  0.20980420952182760
  0.22176959294724058  0.23281038307285709  0.24423829036580891  0.25608699364762388
  0.26796413575855627  0.27953775884192678  0.29055285759933780  0.30159066199252976
  0.31165841253575122  0.32068282306254497  0.32997410436476293  0.33868136800193022
  0.34785796883763581  0.35791666749529955  0.36701875535251710  0.37585336577280909
  0.38539494166882682  0.39846547503602936  0.41138510329568828  0.42253567644469975
  0.43333189228674640  0.44414173671987101  0.45499332648452839  0.46543712637511381
  0.47791384262123643  0.49114397994641690  0.50280609164902168  0.51262103464148145
  0.52116983156790397  0.52940945234886183  0.53829976213015840  0.54884293954673835
  0.56100607934844648  0.57358234756886262  0.58639375070436206  0.59897130932830089
  0.60972269154611614  0.61976057045989730  0.62999418817467856  0.63945312855383196
  0.64866999642350143  0.65799015861186727  0.66703246090402146  0.68018242245655103
  0.69243708796825065  0.70282529440292607  0.71305659688902068  0.72249203647513982
  0.73065596699467794  0.73843168922761926  0.74597763462115130  0.75380829584794418
  0.76409039187790506  0.77585947958260959  0.78710515692060634  0.79776630687429395
  0.80856348125998989  0.81949190593242960  0.83117873082322891  0.84012652717938552
  0.84923980905621099  0.85804164021068596  0.86625105164994654  0.87361343578727357
  0.88107250167008355  0.88948857615325105  0.89915592964739688  0.90944243089887655
  0.92041376193908508  0.93113044278798229  0.94148178494936419  0.95205206457301728
  0.96290246581283090  0.97465394501207114  0.98798514715028640  1.00000000000000000
 -0.00175912242693822  0.00754585955767805  0.01487931516138691  0.02141944438406145
  0.02814918174028509  0.03500348814286001  0.04276594596206058  0.05101115373344626
  0.05925510332436262  0.06837241271964911  0.07812799623514073  0.08863814518192560
  0.09939055571452549  0.11120202809086019  0.12322075855528017  0.13422862445355510
  0.14425652225339528  0.15443798837027792  0.16560943349678606  0.17786334624571370
  0.19027481523923687  0.20211612437853307  0.21336286993028558  0.22409306082543118
  0.23476528607708147  0.24601386528933195  0.25793503394174494  0.27041743646982513
  0.28279092256740990  0.29322675761092032  0.30474697658229749  0.31422547837662890
  0.32243873170153431  0.33072128595250383  0.33947274115720100  0.35028444955250110
  0.36314898120129524  0.37664288772749466  0.39031681120731221  0.40365146744116864
  0.41759662276779497  0.43075889930868810  0.44313186068710669  0.45615992372363817
  0.46921425080893142  0.48153744345666538  0.49373249620352916  0.50616029637550974
  0.51824033052821006  0.53077781098315224  0.54360300254712490  0.55529256936296256
  0.56597003293539916  0.57605222335023432  0.58712434392159707  0.59824176898806325
  0.60980681834877437  0.62082342908050592  0.63198770899667367  0.64408396830574655
  0.65776512829487510  0.67194167812856898  0.68409257936373369  0.69490870437094243
  0.70483803876747619  0.71508846119467895  0.72487718915441524  0.73521557575697283
  0.74570464627609567  0.75475622482327043  0.76362638061330590  0.77257637846738214
  0.78207225341110176  0.79199437968892705  0.80094402801636322  0.80904755940152651
  0.81667696605447071  0.82359407434816667  0.83063221369661611  0.83833435596677386
  0.84752157828060781  0.85814527857174872  0.86867431831678465  0.87799679312164747
  0.88744219067072516  0.89708384303654631  0.90717953941857654  0.91745177083612162
  0.92754619913434688  0.93780329066048518  0.94856317243747734  0.95896570072144827
  0.96984288359517479  0.98038329432239746  0.99045194270107717  1.00000000000000000
 -0.00161099515295750  0.00981275176977186  0.01866845622783160  0.02719184066920583
  0.03608504725927548  0.04580358406132674  0.05649913180152730  0.06810638534927052
  0.08097544739215720  0.09197991352445513  0.10262948019881761  0.11297965643085590
  0.12398867327831209  0.13342114289341650  0.14262352011202295  0.15126445096057492
  0.15969333399548383  0.17013297674197714  0.18114223638975102  0.19340755534926954
  0.20604853045827465  0.21883278223496810  0.23092359565042853  0.24210706770251300
  0.25265995301813426  0.26253530557900834  0.27221203371972497  0.28225283752306851
  0.29275276191717303  0.30291999724242785  0.31187641854920245  0.32078616845785363
  0.33034485268007091  0.34255306147008985  0.35466474772424739  0.36650118819201072
  0.37858587869752558  0.38994973609231992  0.40092664476833328  0.41119000784434634
  0.42126356296887785  0.43243645171710460  0.44360931228426143  0.45383955821144562
  0.46367177702703921  0.47353313196033880  0.48387346691331246  0.49409653913578577
  0.50493782042587876  0.51722757866233926  0.52839479109664700  0.53851415716372464
  0.54812847890699390  0.55839900711141599  0.56859398036829456  0.57675351405432451
  0.58385125832589180  0.59142057691125061  0.59982117722274086  0.61148770510515260
  0.62527714795509670  0.63698854923176451  0.64752192945022025  0.65772931102421783
  0.66948818421096468  0.68262080233207068  0.69575098217447062  0.70764336796322280
  0.71966983425634246  0.73157294609663637  0.74445797973004124  0.75538622544675549
  0.76608011899505823  0.77656289621920160  0.78775636415534900  0.79813195909674750
  0.80849222993048775  0.81910695498326358  0.82822398384013485  0.83706186154584361
  0.84596198084286689  0.85426140575434406  0.86554004983101673  0.87634021461813472
  0.88833717664815715  0.89825140378948487  0.90729048679822966  0.91593727762305155
  0.92453369354159298  0.93404567594066445  0.94357566899616951  0.95263251741535604
  0.96299696427237180  0.97520817527627202  0.98774115995322842  1.00000000000000000
 -0.00284445653043894  0.01195811352311915  0.02485935365848665  0.03694456744745058
  0.04894848675072908  0.06065511766143197  0.07266590892059044  0.08492489679839317
  0.09633487841555971  0.10668661413749211  0.11598391552148378  0.12554927380042546
  0.13527893726633788  0.14503565332805898  0.15460403617901369  0.16474335521431990
  0.17518767570300142  0.18657462281134762  0.19674250020178130  0.20703082903845468
  0.21684776551416929  0.22728525873479938  0.23786625566981179  0.24800030075616306
  0.25826022173301005  0.26933186896508726  0.28221993600661927  0.29619237931030634
  0.30986882859387183  0.32126221816181816  0.33169649621575453  0.34105566671838811
  0.35196554012836756  0.36285586813485399  0.37381106112826951  0.38342745490996949
  0.39392697134843907  0.40646086804339193  0.41966838072790691  0.43239814416683853
  0.44287897748044713  0.45102072648071012  0.45900992280572994  0.46640958874635990
  0.47505975169042008  0.48425803330255296  0.49339461013267705  0.50385511898178104
  0.51426905193650108  0.52457669271914931  0.53368396361292147  0.54304015774437586
  0.55060146153868783  0.56017371454786369  0.56882022463257309  0.57897812563889406
  0.58971788047145346  0.60161739418066984  0.61374647531068760  0.62587307862155472
  0.63772601504605797  0.65030890768692118  0.66307965475105646  0.67350810771888148
  0.68371041963072121  0.69456760423041464  0.70689807794404325  0.71865835310490911
  0.73022629927323546  0.74101052843793369  0.75012073844123806  0.75781642530526383
  0.76553821510416242  0.77362747215781758  0.78343499844658937  0.79253529424819247
  0.80162302005902586  0.81090494947274705  0.82167695848452005  0.83310361959364665
  0.84495317509344281  0.85552979011673003  0.86423844872795896  0.87203676577377209
  0.88003528117870733  0.88882089293437028  0.89979511012066082  0.91217013720167439
  0.92461303508960946  0.93575503907246116  0.94601876205404478  0.95591822010146621
  0.96630600489888940  0.97763994004015309  0.98908530288128060  1.00000000000000000
 -0.00222481915746059  0.00837411527990104  0.01825162328457965  0.02651249913282077
  0.03559800409948218  0.04453606282280367  0.05344581419249389  0.06351730594667104
  0.07427269863956208  0.08474758673092539  0.09539850273348162  0.10464099730151788
  0.11287504884360501  0.12146082316477949  0.13055908289684170  0.14027668357936635
  0.14938611433250901  0.15732131852470241  0.16530003780489244  0.17392158357387680
  0.18479618242219312  0.19706621802494584  0.20933580970724530  0.22195328582418872
  0.23500200498440604  0.24651019611250918  0.25564118298371802  0.26397122164174397
  0.27231407888300174  0.28271940322574651  0.29368752543603205  0.30443010389815234
  0.31479824302152781  0.32760227930354230  0.34052858523984364  0.35338341740324319
  0.36566889109084333  0.37768640797789110  0.38911237166083978  0.39963986873664509
  0.40942383603127114  0.41959006342911304  0.43035399975295269  0.44272419780221395
  0.45562656324413564  0.46872020710223300  0.48174059525087010  0.49471511273800822
  0.50612999592747865  0.51728212170363297  0.52761963935160361  0.53901675675547656
  0.55039644655815279  0.56296339072137658  0.57380480740796524  0.58422451690320187
  0.59310606459269155  0.60198536543322001  0.61061002829427558  0.61956819806073926
  0.62996675465219154  0.64154126974712222  0.65347855324157067  0.66476935677464799
  0.67571844126001046  0.68696943933565113  0.69819968841287672  0.70959903275880665
  0.72165406367002627  0.73441376610357290  0.74704374800555884  0.75892664241643160
  0.77098803410302930  0.78404547189715956  0.79687023913997035  0.80847783250986172
  0.81920464700412954  0.82900462702196809  0.83774989511254039  0.84666417005928785
  0.85545608493863035  0.86503710969495495  0.87621327067324450  0.88796096329835528
  0.89830978534458639  0.90812701177899935  0.91833623621424176  0.92774726941545615
  0.93624578573255401  0.94404948739101180  0.95185693631153501  0.96079565340338546
  0.97125492269237856  0.98199965669890987  0.99149870764753256  1.00000000000000000
 -0.00139808759841788  0.01138882639543725  0.02184941226685568  0.03124628163973874
  0.03874524314937930  0.04580062813988851  0.05285471278029134  0.06174160257483877
  0.07226700523782353  0.08253962815146505  0.09221700800697033  0.10130560150337890
  0.10945066612174596  0.11774475856109451  0.12737679710956132  0.13658437205662319
  0.14704299346269517  0.15860648883731301  0.16913760901652902  0.17844348804537580
  0.18788178792906354  0.19873232091368065  0.20966362395777155  0.21984439695053926
  0.23067658051036402  0.24288433044628316  0.25428476395981869  0.26438334764504340
  0.27390772455297691  0.28404250913661488  0.29449124546600364  0.30651712201156323
  0.31861729433102692  0.33161146017477205  0.34450193096245540  0.35744662622362616
  0.37014433333286917  0.38315375272544155  0.39611937841824441  0.40955654675665309
  0.42342501220580880  0.43705264909841790  0.44923979645390655  0.45979096420025467
  0.46974767422939012  0.47968477421387418  0.49142835454392647  0.50221288902036421
  0.51210137255946575  0.52166630696915239  0.53118756289123881  0.54466435034179772
  0.55823670076948773  0.57148939049025305  0.58473265633140736  0.59872830785056275
  0.61152895568412147  0.62461740128728360  0.63719236337838470  0.64991645837373324
  0.66226902411847433  0.67528874794031279  0.68821072667505734  0.70092172585393886
  0.71205949455473716  0.72255227780269160  0.73299319078367275  0.74114011698112914
  0.74876667488065551  0.75660116136166455  0.76516157172632004  0.77316990151546849
  0.78255750151952486  0.79139570331946363  0.80164020916770884  0.81193062755504675
  0.82347582991051604  0.83387562006062388  0.84332913299464307  0.85204903848682012
  0.86089895324193233  0.87131989277957655  0.88330369070576731  0.89613362085304349
  0.90832680306447589  0.91882503984852704  0.92910006189784444  0.93849741065187819
  0.94726255791472525  0.95555418322835606  0.96294159218045150  0.96947832362921227
  0.97604289479850381  0.98244319340747654  0.99081971273144831  1.00000000000000000
 -0.00236262250135265  0.01109091646157485  0.02263001900906585  0.03345911513284151
  0.04449877352118617  0.05643993498812062  0.06806621024050846  0.07883389412414771
  0.08905843351861566  0.09859127189398521  0.10815098424724362  0.11738956193565107
  0.12602593471047319  0.13401272901229638  0.14135324068272367  0.14973367443840463
  0.15855180276052683  0.16820482040182974  0.17852703577192439  0.18899741822215010
  0.19970603665055731  0.21101403833161625  0.22190923057920783  0.23378317354744502
  0.24728582151994694  0.26049410158934372  0.27244892657331399  0.28258006094521798
  0.29204519502664450  0.30201068696252209  0.31272197015626579  0.32552111145992957
  0.33929531935665175  0.35244557921853104  0.36419548624787662  0.37474700692219493
  0.38455239972665461  0.39425354469832147  0.40362965118776134  0.41359181445440080
  0.42546214409866340  0.43957739631256804  0.45275291779271426  0.46475955866011531
  0.47600337020287514  0.48642029027652189  0.49695858321195158  0.50824876450720147
  0.51979753405931739  0.52943490839682372  0.53753167070461749  0.54584080591122297
  0.55489242009051221  0.56605938242441878  0.57644677303160718  0.58501510065169127
  0.59423255086569493  0.60438536180084701  0.61691117785508842  0.62902041104669637
  0.64043309058354925  0.65202265827868555  0.66399427086484131  0.67443109355326347
  0.68484223752215201  0.69640281988741837  0.70970754329915553  0.72156474074171839
  0.73162271219449959  0.74097657675949358  0.75011675707251901  0.76013562218647446
  0.77069990753207751  0.78077200657362478  0.79092681837669443  0.80196951417377882
  0.81389981244112386  0.82589372755831114  0.83733272072707876  0.84627806932323602
  0.85471366346415989  0.86327064134921716  0.87281109217959030  0.88472063627387165
  0.89724731181970030  0.90871393137850431  0.92122641660800353  0.93244681890794434
  0.94221365613320163  0.95033029524533208  0.95925404146725646  0.96870572486142503
  0.97782016395519544  0.98577152079229491  0.99260532482705999  1.00000000000000000
  0.00336127688498473  0.01101566254141679  0.01651969760899498  0.02240246244101983
  0.02973522841380724  0.03548593940359742  0.04115847444123145  0.04693112972399195
  0.05293493883216123  0.06125721155302397  0.07160244236547331  0.08343906218524509
  0.09535615915501636  0.10676025190314949  0.11789277733765594  0.12775946211497508
  0.13709097591529590  0.14706877189606118  0.15736203399598975  0.16848771912581484
  0.18037046544077764  0.19303254876351986  0.20658259902763959  0.21995441868452459
  0.23202063221781505  0.24300567319564323  0.25346442318129347  0.26405613726228716
  0.27469338964532108  0.28771301658963044  0.30327884993401616  0.31868498341513773
  0.33001499600923478  0.33995735891844459  0.34924811604597045  0.35856330315660356
  0.36654952819626341  0.37488518715053898  0.38438544296835075  0.39562557134682641
  0.40677200214354642  0.41924548778825260  0.43127787864721684  0.43987390171834495
  0.44863341112171695  0.45710707806767142  0.46915621468233909  0.48329175641968353
  0.49892491360887303  0.51398977600858509  0.52835499843277733  0.54200242031587942
  0.55562281713153938  0.56932033048575448  0.58141335497729407  0.59227274853787470
  0.60293234285994790  0.61357045514838504  0.62489612995757682  0.63763262730606241
  0.65141041632477115  0.66581718930086264  0.68019509498124076  0.69443291952563535
  0.70815304240720678  0.72035510270247416  0.73140004045274243  0.74235289513000924
  0.75395143334518266  0.76663116543155307  0.77898977186265028  0.78832194019440216
  0.79799198154533357  0.80633300455765378  0.81645137033589266  0.82508132121732425
  0.83363479873703183  0.84275091050877549  0.85200675775997103  0.86153760327327333
  0.87114159188431428  0.88078081772086736  0.89055331727999354  0.89989202887747421
  0.90867340901782423  0.91665993334264928  0.92412454999862226  0.93174549313476851
  0.93969741555063646  0.94759764143961489  0.95468862811121136  0.96156353004578432
  0.96891280403899849  0.97719047055306363  0.98745156687304636  1.00000000000000000
 -0.00286297126135190  0.01241254537018854  0.02381545615397855  0.03409980307639371
  0.04342280489964173  0.05319878854650192  0.06418070284308995  0.07470107281772689
  0.08230565792737297  0.09008820595907223  0.09794990515151444  0.10893516909430016
  0.12202443871797410  0.13419790159274675  0.14610906614381694  0.15747386952429077
  0.16923879660631888  0.17992909566243045  0.19096806884539244  0.20203220855278445
  0.21369950983582442  0.22639116782414395  0.23969732305196823  0.25287230378908332
  0.26487188578471987  0.27694519151505853  0.28894946091597429  0.30122781225020157
  0.31136645008189595  0.32094308432960772  0.33001508765290094  0.33847984477526188
  0.34653704803349206  0.35533877492289739  0.36489325370039427  0.37497072191121222
  0.38605261346112357  0.39868507732482811  0.41147320178981950  0.42266457770770771
  0.43353965525501043  0.44508426101218607  0.45724778415064909  0.46885627771746369
  0.47920584315537235  0.48892323967361329  0.49836311880252737  0.50790403645091342
  0.51776509181706798  0.52779357523980552  0.53662817062688173  0.54435592659942178
  0.55178029207553159  0.56069289847577508  0.57091012758652893  0.58104147366125358
  0.59070359722970456  0.59961532107797189  0.60776457165507480  0.61506444397929383
  0.62375330531598139  0.63192672853786602  0.64192492879291208  0.65221276502214054
  0.66313840786061751  0.67149740044705675  0.68001533249635582  0.68948702122472849
  0.70345292943678817  0.71700721596627892  0.72804783809256568  0.73811750407669585
  0.74808984621043717  0.75930226438085602  0.77002969193991888  0.77977955191700188
  0.78964662658666329  0.80150245765335393  0.81490920308182269  0.82830508493762744
  0.84021213892186630  0.85119263930275280  0.85953088766772778  0.86771273632421686
  0.87645155106246908  0.88687691712033356  0.89891207844115084  0.91063870581521211
  0.92102693688250492  0.93123798415698555  0.94159915564625629  0.95227324540752445
  0.96341409932647781  0.97512863757374579  0.98758685506870958  1.00000000000000000
  0.40982778725685121  0.63853115726047538  0.66217370266019082  0.68113472920929707
  0.69765992683091871  0.71210865755880948  0.72479984469835435  0.73480842290264670
  0.74443221694699313  0.75220347191515735  0.76213046195778722  0.77161258871649796
  0.78014280185911156  0.78862232338749594  0.79617587548688096  0.80244428186053018
  0.80847539188073825  0.81447338665970215  0.82072132388485886  0.82667498548466167
  0.83218955117843230  0.83742921766491296  0.84270916056936285  0.84862496501964002
  0.85408312579132573  0.85872359216267735  0.86307349820973567  0.86726429820923290
  0.87112632025124592  0.87484461466047214  0.87813352116866750  0.88129924934687798
  0.88473438249196568  0.88804446806673820  0.89103213635068057  0.89404983445407038
  0.89708848298155641  0.90003558718744303  0.90273281574193476  0.90526280256919467
  0.90768298946601966  0.91009551513428488  0.91266705807674875  0.91532392499799897
  0.91780154163859073  0.92000074972605539  0.92205763590278833  0.92413895620983799
  0.92617583146758486  0.92821202842132067  0.93028802604641747  0.93237298330248708
  0.93455619901307330  0.93679023187838750  0.93882937966776692  0.94062741892536328
  0.94232087944381615  0.94387234219896698  0.94537955826159303  0.94687182299294537
  0.94838918740503730  0.94988687557797724  0.95140675671689534  0.95303140867666791
  0.95468054368626432  0.95627870207113641  0.95790367689147660  0.95948547020835118
  0.96110016354583017  0.96269449584882250  0.96426645312983617  0.96582300484031769
  0.96732194821974049  0.96881611107410892  0.97022627665495109  0.97163800167325753
  0.97293380065878321  0.97415452785859813  0.97538193305426701  0.97665462258028868
  0.97789081037743619  0.97900361379279521  0.98011666508834072  0.98124323928243695
  0.98240088797023251  0.98377360702932337  0.98526779184415259  0.98672167191601923
  0.98808219712199608  0.98940910815569261  0.99068135973202309  0.99198026190840272
  0.99344228748252916  0.99509910682064917  0.99716509770486284  1.00000000000000000
 -0.01282081728599461  0.13775062870677207  0.18704472299908881  0.22158158574789419
  0.25034360117636101  0.27232239457677826  0.28963214738251242  0.30585812431956627
  0.32078301726750269  0.33389207368787793  0.34449633848025957  0.35465184431985758
  0.36516697414443255  0.37640006096111933  0.38894475887134694  0.40155403346790586
  0.41216540351476688  0.42129466741303856  0.43057470546139537  0.43849052838919994
  0.44582993968569173  0.45307053693431565  0.46064100325148488  0.46819904018870789
  0.47528987570417897  0.48225648315063557  0.48922978435280606  0.49654761205316539
  0.50402827092168756  0.51101932041624598  0.51777296545092966  0.52434306476066550
  0.53024239438195042  0.53645986980707372  0.54236657541668254  0.54820182945701124
  0.55367849503634103  0.55937447277580443  0.56469331220164931  0.56968610748754256
  0.57453756723701466  0.57995297599114748  0.58493560984605497  0.58985879433932575
  0.59488459359499368  0.60016031169798811  0.60582104674861403  0.61139932866268942
  0.61703851523464515  0.62249767803287459  0.62768113080944554  0.63272418186334478
  0.63758030760897688  0.64232872689489862  0.64720206846639616  0.65172872491288192
  0.65664396318564833  0.66178190094810552  0.66738182442343175  0.67341821100274446
  0.67964037022800383  0.68591265834980542  0.69197114240046786  0.69764299268149232
  0.70302391913458540  0.70822618695462025  0.71427605021258844  0.72044993747491437
  0.72644307248677809  0.73179189371133724  0.73704421244990093  0.74137027652738041
  0.74584866305015263  0.75049566546355462  0.75553945253089605  0.76125956057327027
  0.76745831515735508  0.77368395652657351  0.78004692571209344  0.78641720384792313
  0.79265308960837244  0.79810592643660117  0.80348118004778024  0.80864264612503212
  0.81443017988239541  0.82061069987323532  0.82720819697168146  0.83396816754511061
  0.84027397054231390  0.84694134107869823  0.85321647110244603  0.86190562345230370
  0.87260377023176616  0.88934406340412164  0.91398395357891427  1.00000000000000000
   3.8446198023828149E-011  -1.0000000000000000     
 F F F F F F F F F F F F F F F F F F F F F F F F F F F F F F F F F F F F F F F F F F F F F F F F F F F F F F F F F F F F F F F F F F F F F F F F F F F F F F F F F F F F F F F F F F F F F F F F F F F F F F F F F F F F F F F F F F F F F F F F F F F F F F F F F F F F F F F F F F F F F F F F F F F F F F F F F F F F F F F F F F F F F F F F F F F F F F F F F F F F F F F F F F F F F F F F F F F F F F F F F F F F F F F F F F F F F F F F F F F F F F F F F F F F F F F F F F F F F F F F F F F F F F F F F F F F F F F F F F F F F F F F F F F F F F F F F F F F F F F F F F F F F F F F F F F F F F F F F F F F F F F F F F F F F F F F F F F F F F F F F F F F F F F F F F F F F F F F F F F F F F F F F F F F F F F F F F F F F F F F F F F F F F F F F F F F F F F F F F F F F F F F F F F F F F F F F F F F F F F F F F F F F F F F F F F F F F F F F F F F F F F F F F F F F F F F F F F F F F F F F F F F F F F F F F F F F F F F F F F F F F F F F F F F F F F F F F F F F F F F F F F F F F F F F F F F F F F F F F F F F F F F F F F F F F F F
  <DiscreteSampler_grid>
  grouped_processes
  1 # 1 for a reference and 2 for a running grid.
  10 # Attribute 'min_bin_probing_points' of the grid.
  1 # Attribute 'grid_mode' of the grid. 1=='default',2=='initialization'
  0.0000000000000000 # Attribute 'small_contrib_threshold' of the grid.
  0.5000000000000000 # Attribute 'damping_power' of the grid.
 # binID   n_entries weight   weight_sqr   abs_weight
    151   10   1.083871875329278E-007   9.054592919576366E-014   1.083871875329278E-007
    152   10   1.083871875329279E-007   9.054592919576376E-014   1.083871875329279E-007
    154   10   1.083871875329278E-007   9.054592919576366E-014   1.083871875329278E-007
    155   10   1.083871875329279E-007   9.054592919576376E-014   1.083871875329279E-007
    157   10   1.590077786512038E-007   1.208271375946557E-013   1.590077786512038E-007
    158   10   1.590077786512041E-007   1.208271375946560E-013   1.590077786512041E-007
    160   10   1.590077786512038E-007   1.208271375946557E-013   1.590077786512038E-007
    161   10   1.590077786512041E-007   1.208271375946560E-013   1.590077786512041E-007
    223   10   7.154184257684093E-008   3.489269491023904E-014   7.154184257684093E-008
    224   10   7.154184257684117E-008   3.489269491023926E-014   7.154184257684117E-008
    226   10   7.154184257684093E-008   3.489269491023904E-014   7.154184257684093E-008
    227   10   7.154184257684117E-008   3.489269491023926E-014   7.154184257684117E-008
    229   10   2.264110616047717E-007   3.171902048688380E-013   2.264110616047717E-007
    230   10   2.264110616047720E-007   3.171902048688392E-013   2.264110616047720E-007
    232   10   2.264110616047717E-007   3.171902048688380E-013   2.264110616047717E-007
    233   10   2.264110616047720E-007   3.171902048688392E-013   2.264110616047720E-007
    286   10   5.245856280608137E-008   1.765032927862978E-014   5.245856280608137E-008
    287   10   5.245856280608141E-008   1.765032927862980E-014   5.245856280608141E-008
    289   10   5.245856280608137E-008   1.765032927862978E-014   5.245856280608137E-008
    290   10   5.245856280608141E-008   1.765032927862980E-014   5.245856280608141E-008
    292   10   2.196581003197267E-007   2.040398103769287E-013   2.196581003197267E-007
    293   10   2.196581003197268E-007   2.040398103769290E-013   2.196581003197268E-007
    295   10   2.196581003197267E-007   2.040398103769287E-013   2.196581003197267E-007
    296   10   2.196581003197268E-007   2.040398103769290E-013   2.196581003197268E-007
    358   10   7.997542554122404E-008   3.177222985685852E-014   7.997542554122404E-008
    359   10   7.997542554122416E-008   3.177222985685865E-014   7.997542554122416E-008
    361   10   7.997542554122404E-008   3.177222985685852E-014   7.997542554122404E-008
    362   10   7.997542554122416E-008   3.177222985685865E-014   7.997542554122416E-008
    364   10   2.930622888913263E-007   3.119238178944809E-013   2.930622888913263E-007
    365   10   2.930622888913266E-007   3.119238178944816E-013   2.930622888913266E-007
    367   10   2.930622888913263E-007   3.119238178944809E-013   2.930622888913263E-007
    368   10   2.930622888913266E-007   3.119238178944816E-013   2.930622888913266E-007
  </DiscreteSampler_grid>
