  0.00000210101476601  0.00000215101962815  0.00000221203460433  0.00000229200028904
  0.00000241406579689  0.00000254021206814  0.00000267769251999  0.00000280897092905
  0.00000292096785404  0.00000302794263523  0.00000313372897683  0.00000324157271435
  0.00000337078942569  0.00000354682769164  0.00000374086104074  0.00000394538790294
  0.00000414490209886  0.00000433344604843  0.00000450934723789  0.00000467612760235
  0.00000485299531610  0.00000504865188775  0.00000523305003048  0.00000547789775865
  0.00000573598411300  0.00000600047205431  0.00000625211706597  0.00000650662167490
  0.00000676293108724  0.00000706558814045  0.00000737735842100  0.00000768377739453
  0.00000799553235914  0.00000836749604212  0.00000874741892116  0.00000906716179383
  0.00000942356093955  0.00000982833542637  0.00001030801031370  0.00001086558733374
  0.00001139292485256  0.00001192126466152  0.00001246749577153  0.00001304323824287
  0.00001375916672525  0.00001457765433371  0.00001537422310937  0.00001614817797955
  0.00001686577317700  0.00001762059936167  0.00001847497496033  0.00001941388661874
  0.00002053587556125  0.00002193742924741  0.00002358617198546  0.00002543561353892
  0.00002727589960722  0.00002922667167508  0.00003148745298595  0.00003376460655261
  0.00003606527839420  0.00003838735798604  0.00004101861876625  0.00004434160858280
  0.00004796498470550  0.00005171333302388  0.00005563265499020  0.00006023268444059
  0.00006612104450504  0.00007246895394408  0.00007896937183165  0.00008686343465356
  0.00009617747040747  0.00010625660606858  0.00011514820154763  0.00012517159744536
  0.00013697218945826  0.00015166792151583  0.00016810412099571  0.00018770399852870
  0.00021363478091378  0.00024279239246123  0.00027474934196743  0.00031547617489374
  0.00036871099994194  0.00042830391304934  0.00049315227898992  0.00059928147899870
  0.00074681150356398  0.00093828739489951  0.00114557746766539  0.00139798448325035
  0.00166195276941391  0.00225321947987650  0.13606038771434720  1.00000000000000000
  0.00269858752047203  0.01331579631938598  0.02384805675339765  0.03434181225689437
  0.04539732431352346  0.05743968210491764  0.07106579126008666  0.08252269186284975
  0.09168823159341255  0.09962446224396584  0.10864629743063446  0.11854364803159252
  0.13006447800858165  0.14308659175689209  0.15555716252316548  0.16707137290427052
  0.17792026548243639  0.18872248092681557  0.19974393707256158  0.21035458584465813
  0.21974233128616788  0.23051505154033483  0.24131099196821162  0.25310313353145319
  0.26428858682182022  0.27580863508050690  0.28840726362656455  0.30106131862592811
  0.31325596064928907  0.32458047133940238  0.33617779251648972  0.34688024746847346
  0.35841389024645653  0.37016072377652137  0.38174696312984285  0.39080330394330465
  0.40047691446113076  0.41011957945105082  0.42085619664495588  0.43125158718891166
  0.44190771530006678  0.45338586081889032  0.46437796377645951  0.47487354705982682
  0.48529755635788913  0.49532124236587938  0.50500652889800535  0.51499473578544452
  0.52577514006792869  0.53650868660685580  0.54598470187673387  0.55588816182063272
  0.56603224688736986  0.57553219795604404  0.58462733968570313  0.59279076766321781
  0.60181053231278425  0.60937163792459592  0.61774438273468624  0.62702016219309786
  0.63558321068508161  0.64402337364997120  0.65238821532721103  0.66081811957787373
  0.67226726075776677  0.68180826230977842  0.69237740456927443  0.70376032181776660
  0.71723440312800835  0.73225296891201863  0.74643957829017327  0.75935343636263031
  0.77024209503598629  0.77936365816652398  0.78890616850318740  0.79799903400491112
  0.80915044496529998  0.82136227955020746  0.83394098209963607  0.84620580277211055
  0.85622861850141552  0.86487227163205238  0.87332991746228938  0.88268627301025293
  0.89024245059862372  0.89857201430452116  0.90645515717294411  0.91515823480771508
  0.92607171168829028  0.93727601635344526  0.94913190278494775  0.96023629982449188
  0.97123357978469771  0.98086261625588855  0.99000542132185743  1.00000000000000000
  0.00006175518093853  0.00007554414714707  0.00009060540565181  0.00010100937033936
  0.00011168863153177  0.00012437942744500  0.00013891830872355  0.00015520049894701
  0.00017192158212591  0.00018846466076660  0.00020575919119221  0.00022311688512544
  0.00024086959265052  0.00025764169855728  0.00027427116440799  0.00029191188101931
  0.00031072643314150  0.00032946966365151  0.00034938577508183  0.00037053644146344
  0.00039495965127140  0.00042068235843891  0.00044714574369198  0.00047374385820214
  0.00049921155955240  0.00052333775211829  0.00054777953233010  0.00057433352573970
  0.00060656381108917  0.00064349356530948  0.00067984197124798  0.00071470368533494
  0.00074966506698965  0.00078857664499640  0.00082973176933126  0.00087266748290859
  0.00091385327899671  0.00095469156018275  0.00099541091748316  0.00103543986434557
  0.00107329454725545  0.00111064788171010  0.00115448058005784  0.00120605327525366
  0.00126354665281963  0.00133025920319565  0.00140558406584947  0.00148247449322684
  0.00156198972083541  0.00163658606027677  0.00171353906008626  0.00180782710604227
  0.00191606385861585  0.00205845350683948  0.00218777034783015  0.00231412574381403
  0.00243390819872228  0.00254312324735397  0.00264519323775809  0.00275485029081471
  0.00286770887005729  0.00295531028710904  0.00305220343271162  0.00315807308620315
  0.00326297822667382  0.00336755399861515  0.00352108216788443  0.00371832804625575
  0.00387989055966014  0.00398296658545879  0.00406544661239275  0.00416636451623112
  0.00429700805415989  0.00446233411218784  0.00457539527164220  0.00469972509637893
  0.00488445760309522  0.00506324984381093  0.00526403027063909  0.00547380764174446
  0.00566042484348530  0.00590794591489060  0.00614560954111728  0.00637056625686198
  0.00664643409479314  0.00707453206408860  0.00788184560180076  0.00845218554001867
  0.00886677202465769  0.00923780416309969  0.00992294021781178  0.01071740355386922
  0.01168031716678822  0.01273994325537451  0.17709738120845145  1.00000000000000000
  0.00000295357626983  0.00000316212144678  0.00000342507684620  0.00000374745816189
  0.00000411602136303  0.00000446721435705  0.00000479987252635  0.00000512878607552
  0.00000547934942124  0.00000585776509015  0.00000624257385855  0.00000665297660859
  0.00000711597190676  0.00000764089601660  0.00000823456127278  0.00000882992339427
  0.00000938256527272  0.00000997563472820  0.00001052953309876  0.00001121410124312
  0.00001189967457603  0.00001268024742719  0.00001340878083604  0.00001416767995879
  0.00001496970896800  0.00001583654032522  0.00001667829985134  0.00001732611252871
  0.00001796110841101  0.00001862666754728  0.00001929161884127  0.00002017548066072
  0.00002128893835534  0.00002245995681459  0.00002363049185992  0.00002482552881356
  0.00002607527695319  0.00002732129146540  0.00002863964486060  0.00003011434958020
  0.00003163353909438  0.00003336522863417  0.00003526757460006  0.00003729739651824
  0.00003942464553145  0.00004168577492010  0.00004406594059514  0.00004656034585293
  0.00004898673985456  0.00005131560609772  0.00005381742279409  0.00005636649401665
  0.00005928864225896  0.00006256381919033  0.00006591774356651  0.00006985361404833
  0.00007419468081192  0.00007858228960053  0.00008326281203186  0.00008720467024654
  0.00009134495374908  0.00009592809608736  0.00010134319359074  0.00010791548769666
  0.00011519706281360  0.00012345974590545  0.00013054305247716  0.00013743935961543
  0.00014442763159340  0.00015368523588999  0.00016573241416055  0.00018134066715103
  0.00020096611493959  0.00022620284027420  0.00025117679818125  0.00027669688460711
  0.00030597241382979  0.00033856770078906  0.00037426915216359  0.00041415858584038
  0.00046745290036127  0.00053146572130075  0.00060395766654868  0.00069458236851321
  0.00082785817960772  0.00099457795667118  0.00116651108162839  0.00132279979828306
  0.00149511859972098  0.00176505219219355  0.00228805638271261  0.00272100230946448
  0.00326483225363692  0.00402788316991228  0.13078178582826214  1.00000000000000000
 -0.00156155700433352  0.00395025473914362  0.00914584369140910  0.01382773210039270
  0.01995143248816870  0.02659851667225839  0.03429948017547650  0.04523864266743365
  0.05623847325999841  0.06621729939791865  0.07462065167570806  0.08265123395651731
  0.09007827366404458  0.09650531112822608  0.10340956206770908  0.11026305377489448
  0.11771972763424966  0.12702106222880000  0.13813214444479552  0.14944173525195512
  0.16036570664063282  0.17101170260348708  0.18219663756839893  0.19332689026744226
  0.20302835092846278  0.21223648081923485  0.22097943893494401  0.22965244264409873
  0.23891371113190357  0.24944536504709008  0.26060742019334004  0.27142699603892168
  0.28129656736180109  0.29124358316939436  0.30300987686311792  0.31595699808971023
  0.32920604774980960  0.34135105383892378  0.35361780625867273  0.36506208060098883
  0.37662279925778480  0.38814116093161682  0.40058666710295993  0.41355839962281876
  0.42551065347049283  0.43580512551799333  0.44563790467298825  0.45576152750007592
  0.46637935975481470  0.47739525026501939  0.48787960516247708  0.50016097691134975
  0.51083949725492861  0.52007751940696012  0.52901811094086360  0.53818310468826491
  0.54858247029185569  0.55871793366250777  0.56934458433490209  0.58062679944653206
  0.59208106828300766  0.60391822577900867  0.61778157579036264  0.63100950435126568
  0.64293751825745660  0.65513387196845418  0.66814260482317389  0.68018395043608892
  0.69130347006878501  0.70088759435892356  0.71099331746765326  0.72041271995580891
  0.73134089432089344  0.74326123377098985  0.75772664194376460  0.77096418544901024
  0.78213967139238061  0.79270137018740638  0.80363340690101315  0.81465298245029372
  0.82569691808007173  0.83713081845763582  0.84921723625460210  0.86105428869190526
  0.87237825892861853  0.88314620019871215  0.89363113815389650  0.90451729638387868
  0.91582559745321457  0.92813531951473482  0.94062706890054459  0.95283586635787942
  0.96341066692000432  0.97387136970431376  0.98570752351147972  1.00000000000000000
 -0.00109571315398149  0.00624272104692474  0.01404737522018521  0.02308551491764502
  0.03229868235731995  0.04065671036815188  0.04966440486157130  0.05936963995056077
  0.06981306961059437  0.07900701779821392  0.08905590046336109  0.09786105330750679
  0.10719713958514906  0.11677857086882300  0.12625405430635073  0.13729960327801366
  0.14841136101543259  0.16012922160563006  0.17191296436222755  0.18338543853876441
  0.19617863066120483  0.20937178542096588  0.22304252782062978  0.23426872431991810
  0.24463740387786839  0.25352565201985522  0.26251391940305002  0.27185274370213069
  0.28116910709814802  0.29049655472648489  0.29961553158638538  0.30841349768867188
  0.31730044306121052  0.32607452473373005  0.33549530261204036  0.34676902669197296
  0.35868667505731355  0.37123791309326593  0.38331910170439060  0.39203457941261005
  0.40067742901733849  0.40962049321761657  0.41866464638480988  0.42959677106902111
  0.44097821505424328  0.45197794319110651  0.46359689449060759  0.47562905704915076
  0.48677972641155420  0.49811457651646884  0.50914563987145778  0.51960813949305362
  0.52943288493923057  0.53917126943546967  0.55106072404790996  0.56333296206585370
  0.57465595682673587  0.58564707516407433  0.59750687944606728  0.60866920271124314
  0.62035937690989185  0.63063068477315254  0.64053392165268919  0.65058049208458713
  0.66238271485216638  0.67570346365285683  0.68947090335895256  0.70197295900555290
  0.71381013444208885  0.72513378688718688  0.73469875596528034  0.74331029428996165
  0.75199397136890478  0.76029205375354714  0.77129894210934680  0.78162877341269432
  0.79250070379336168  0.80384150430746548  0.81441883221028577  0.82423544949556538
  0.83399460737161335  0.84403730812928335  0.85595899947099585  0.86855031417262307
  0.88040502025505329  0.89159620107775128  0.90286095440852021  0.91275720069617572
  0.92259634119328993  0.93101676301656933  0.94041097986383493  0.95044525131706392
  0.96138781302011156  0.97294669347038087  0.98594158679435440  1.00000000000000000
 -0.00221563951869238  0.00951374370213948  0.01902700252154144  0.02934763775890599
  0.04058734389183411  0.04858434085535120  0.05514948783721301  0.06176149217928786
  0.06876090847287222  0.08055874315948441  0.09244305098857197  0.10215949352730430
  0.11089259541868592  0.11917624766404579  0.12738833314289383  0.13730081809439842
  0.14689158090700122  0.15718507891297784  0.16863419002395094  0.18034923794828825
  0.19216045357053008  0.20356448231693414  0.21475777649805097  0.22670842637153862
  0.24014818865397619  0.25167439303901246  0.26055755418332216  0.26997563846902212
  0.28020048279144172  0.29118992609973771  0.30255883971483910  0.31420714464103194
  0.32754314160725084  0.34081296231729097  0.35289780670007392  0.36442387778976409
  0.37476309549360065  0.38503509158475269  0.39720373010960636  0.40973370350211930
  0.42123975903469935  0.43097744972141078  0.43983314591610750  0.44816670947683285
  0.45799743875717192  0.47063551708318696  0.48426292638736662  0.49693309756447779
  0.50923060314727964  0.51963676835355976  0.53028189688934602  0.54043133412736055
  0.55061952511696155  0.55950512000200692  0.56895787448856849  0.57828620753023796
  0.58897112216989556  0.60031346610993164  0.61251624409931704  0.62336131752698498
  0.63361479132199439  0.64289438399376575  0.65305467057526179  0.66249193951770435
  0.67223109933526093  0.68200825946788823  0.69310473680137297  0.70427761894444774
  0.71629491133988188  0.72887059064341397  0.74241013929156940  0.75528894400113233
  0.76775695921045561  0.77834975837470977  0.78903376152537996  0.79935248937785275
  0.81127667431690187  0.82376081372287713  0.83586289537868386  0.84702968646826438
  0.85670159112135991  0.86524939305220105  0.87338888416736349  0.88150355098659094
  0.88988972091743845  0.89934883922660014  0.90890323277987106  0.91904181306222976
  0.93093854521169006  0.94217306215612884  0.95309838649824719  0.96254136003866508
  0.97232602726922568  0.98167010872372795  0.99109270349180756  1.00000000000000000
 -0.00229710998273642  0.00968852774838299  0.02103521441551391  0.03348503162794029
  0.04762630364758565  0.06074836475296798  0.07289406172821737  0.08348052018590635
  0.09270688181976919  0.10162341901232852  0.11067162615963763  0.11984786933446179
  0.12923968586925177  0.14106010701643090  0.15196364689199376  0.16199181993268921
  0.17059485672917396  0.17815337261724956  0.18665069490932321  0.19452119647959396
  0.20194492055172811  0.20976050371653782  0.21803521449051930  0.22683431558148742
  0.23732878158015411  0.24792027654927545  0.25941041609984811  0.27093547693164649
  0.28137642157181381  0.29197260394046282  0.30186472705213580  0.30996473169622030
  0.31864104517568831  0.32707633132588720  0.33780623794466386  0.35002095399608230
  0.36012449039910893  0.36921841320563881  0.37850321736119458  0.38753666147088262
  0.39818803791993423  0.41020267931312293  0.42202787490624294  0.43353700220019786
  0.44467555113965784  0.45569002943182940  0.46658701537863945  0.47825771398538652
  0.49138566340207529  0.50142225348300073  0.50920420600313709  0.51676540189961140
  0.52477298933077543  0.53431810195589158  0.54565909049897843  0.55659100286551733
  0.56765067371947719  0.58013977565706165  0.59173059262457051  0.60224342868202774
  0.61258009512134914  0.62239621844077109  0.63204722799502389  0.64155795607788690
  0.65025308148216121  0.65967271356938084  0.66873300753373710  0.67869507262905771
  0.69043359656804337  0.70264997621360037  0.71437815760999490  0.72581576681294657
  0.73728985374096712  0.74980297571174204  0.76227218765631288  0.77384855137618047
  0.78586028479013215  0.80001409480017516  0.81524263752367121  0.82430968642106917
  0.83287310088509847  0.84135862016966234  0.85001860734607548  0.86052087259144494
  0.87232648786725275  0.88507039916720798  0.89769733815338049  0.90941719742612992
  0.92133161739815450  0.93349130456823393  0.94520479510649058  0.95616243518241650
  0.96698941019650786  0.97819279435318574  0.98926778052021280  1.00000000000000000
 -0.00382040703094926  0.02130110560878500  0.03738793888897285  0.05152930751326383
  0.06491130278488019  0.07859018093417604  0.09563495338856272  0.11322727621705272
  0.12797293227864490  0.14045881162268095  0.15313086714439264  0.16835917745410284
  0.18226019685589240  0.19438388527584738  0.20556175168823151  0.21421326380859573
  0.22422149418958121  0.23346318976394984  0.24258758278311743  0.25490677458970634
  0.26614966577876548  0.27952742044817019  0.29383864911981122  0.30768227604611087
  0.32050241934431256  0.33335711696802384  0.34578085664048436  0.35629481869314422
  0.36581425433979536  0.37571410480452921  0.38728702778379487  0.40049609166307687
  0.41292494288489268  0.42517983340627452  0.43725691826502389  0.44843383787198365
  0.45966196959935934  0.47044164026128538  0.48286495460773526  0.49548641599630056
  0.50824268382413607  0.52116212947906260  0.53383737479246340  0.54438459023147190
  0.55393937024971451  0.56315655356187444  0.57214687305815737  0.58265684602164147
  0.59478736165268997  0.60574652707065191  0.61450148541768113  0.62230621525869501
  0.62987683769190261  0.63799516345355856  0.64666603507425524  0.65408181314023062
  0.66186500613381150  0.67070181322126121  0.68302247681354389  0.69513684274083576
  0.70782804689938383  0.71972841303206936  0.73090755735252722  0.74211940501868645
  0.75319808020868506  0.76406616021794416  0.77421240652667433  0.78313883511332383
  0.79160310679698331  0.80028957524039057  0.80883125632175989  0.81985266160872927
  0.83151270808523792  0.84186097328705511  0.85200168705452528  0.86031351927031030
  0.86751668205181331  0.87456718638041675  0.88207230326129626  0.89036500192526569
  0.89913807642654464  0.90680144021228104  0.91402781894168272  0.92132265407650493
  0.92912462931059214  0.93498593272415076  0.94035049159863660  0.94579149910501648
  0.95195696738319679  0.95887339242194791  0.96589961541174629  0.97289545413543688
  0.97926048246020336  0.98544739221768340  0.99229351305410174  1.00000000000000000
 -0.00373051953896727  0.01541208842459413  0.02775599930397287  0.03683838593950003
  0.04523268277953175  0.05365363696136574  0.06181559139746200  0.07008570622167348
  0.07856664952993522  0.08613411273919927  0.09571504961949338  0.10386151563284514
  0.11164002677480885  0.11969736179119873  0.12816943366115263  0.13721661529596343
  0.14614133588942937  0.15474338989476077  0.16311241023413531  0.17178057972563171
  0.18080425456495264  0.19139309982892933  0.20443945582601908  0.21850948135904427
  0.23108320633176629  0.24261321015959691  0.25388952139691146  0.26566486837630249
  0.27745931476945912  0.28867526543251559  0.30020738631853677  0.31115661762828950
  0.32239268226333934  0.33343375693077859  0.34378492582293657  0.35467349814949573
  0.36633873684061347  0.37935566867338028  0.39195537023150734  0.40404998878542958
  0.41540727794226318  0.42614852908379119  0.43626001322692731  0.44715620703048747
  0.45784674640565221  0.46908996347846588  0.47946959793905941  0.49091789767050165
  0.50249131431159111  0.51464960613792032  0.52726160963023228  0.53933863717850472
  0.55083448007563218  0.56126218056158561  0.57323538720715173  0.58640294431753481
  0.59940626358573734  0.61019625589467341  0.62069824141425600  0.63025293695138562
  0.64075127600173443  0.65114335187886985  0.66117812624328687  0.67137706184943191
  0.68140701661711001  0.69052713049959769  0.69906271663715425  0.70812820483008121
  0.71843427176171959  0.73011427538206441  0.74197754574721653  0.75443819176793669
  0.76747456445240414  0.78078611545228105  0.79412221711574704  0.80688550980942753
  0.81817657699490776  0.82956728190154128  0.84199303424097538  0.85408431663230977
  0.86467860282121778  0.87325599649457597  0.88262297832568537  0.89139034831899844
  0.89947206511873445  0.90912491916202753  0.91941099345202593  0.92973337279812762
  0.93895998840809980  0.94757602393076013  0.95359485972943570  0.96100301567096513
  0.96938117284905301  0.97805721445640403  0.98879563172913087  1.00000000000000000
 -0.00192613054849328  0.00776377379522016  0.01567886775144620  0.02293988027710452
  0.03109854230318014  0.03916478723019277  0.05065880595340823  0.06370082064895652
  0.07708438199180294  0.08939108131059614  0.10123873375045969  0.11231265842423979
  0.12252210743189691  0.13372604905367361  0.14600914935493697  0.15766852378068513
  0.16833319653643333  0.17718252560407061  0.18497340474125831  0.19289509683584630
  0.20115091708581087  0.21023189041155443  0.22134472542867220  0.23129445892371112
  0.24032166489007203  0.24909944820136498  0.25903040854396264  0.27040688160141368
  0.28139074414932064  0.29023423423696643  0.29770327354477261  0.30532976708890053
  0.31373617649927688  0.32169820935856336  0.33279426212489704  0.34540109780385042
  0.35814549245265470  0.36986422512895040  0.37983461731794227  0.39070037831017507
  0.40120752413673988  0.41152983218443662  0.42156560141180388  0.43176638596890787
  0.44273047638822505  0.45458544957109515  0.46575469908992501  0.47561385693803410
  0.48484495951456030  0.49435306208531243  0.50443037568216764  0.51580834250253527
  0.52928196021509288  0.54348842139649645  0.55684197345884612  0.56992522491134501
  0.58322693369855094  0.59546104103531750  0.60638265716917261  0.61752100700749979
  0.62849505076484391  0.64108356651214182  0.65414226630476602  0.66688464223780564
  0.67809925864312670  0.68937496392905950  0.70112931754599161  0.71275512833205723
  0.72120724664171598  0.72910494475905496  0.73748717752774873  0.74669789325784242
  0.75746416589092169  0.76923215277297241  0.77865906120982842  0.78782049248537667
  0.79675258277465666  0.80642690410538220  0.81730700744255624  0.82815718203266342
  0.83904219654521639  0.85026463280567455  0.86200109940219316  0.87461735859311251
  0.88817445213471236  0.90035871785885480  0.90968371698611883  0.91863283618716673
  0.92790236376103086  0.93785097729213895  0.94890893716659208  0.96002657835026395
  0.97123515176962927  0.98173452118079807  0.99089225957223159  1.00000000000000000
  0.40181732751936938  0.54884468831213828  0.55578724664662416  0.55838385448812189
  0.56098046232961973  0.56360432592892062  0.56638279155518456  0.56916125718144850
  0.57193972280771244  0.57500451223244686  0.57813926144056293  0.58127401064867912
  0.58914489816900817  0.59808862420588194  0.60413464975760378  0.60955865126928643
  0.61643320713836425  0.62648887866227976  0.63543682951546943  0.64113137945911025
  0.64602543415461799  0.65152855489623984  0.65889467761742826  0.66563179205645051
  0.67038442602093962  0.67509797662397186  0.67977856085255184  0.68521171897735311
  0.69233815434627344  0.69919195622076424  0.70649103645562916  0.71465972155155111
  0.72198932621231870  0.72858295315963983  0.73504252799839254  0.74189036615376491
  0.74807384731551596  0.75417840715441742  0.76006533069756121  0.76548286465300452
  0.77017975636889624  0.77441775270049307  0.77887218653566515  0.78354656617242691
  0.78925660235588124  0.79552102444054051  0.80126601345057846  0.80700410153206048
  0.81245361040536757  0.81733426204048321  0.82188212282275908  0.82657415236913079
  0.83141354494764819  0.83586276187960440  0.83985206224330089  0.84376475981322241
  0.84804177235790168  0.85218204980172607  0.85607982765493351  0.85973020941198042
  0.86340797343078446  0.86704456887446668  0.87079238710926710  0.87463828326920623
  0.87906265665692440  0.88390677914926630  0.88885404357212128  0.89352942506216926
  0.89756100104024894  0.90159866470613137  0.90491973715533869  0.90805902006051697
  0.91137393613435036  0.91488626584048083  0.91861514249268938  0.92276916507337114
  0.92687324290777728  0.93086470737413862  0.93493402812123239  0.93890938387990330
  0.94314238801584871  0.94700406564145745  0.95064268213478498  0.95412692132975596
  0.95768752883526564  0.96117129835010895  0.96460524731627795  0.96807641214760964
  0.97168451604881589  0.97543820971948358  0.97919112179485912  0.98282709943491153
  0.98619474150250352  0.99012834327605848  0.99426973430732846  1.00000000000000000
 -0.00300487240218799  0.14233859466617038  0.16579451883877022  0.17361606093347168
  0.18031350700866311  0.18781045322664630  0.19443548753960646  0.20135440134543200
  0.20908579781100411  0.21484353371786472  0.22050080085647050  0.22597367849530914
  0.23153580641639615  0.23817254881641095  0.24457754712696472  0.25003083010071692
  0.25521030979672105  0.26009170055078251  0.26513966023404045  0.27042425173866447
  0.27605759090682036  0.28170528912857290  0.28646063706210306  0.29070852624605992
  0.29524453700664377  0.30001305474408480  0.30486434215776664  0.30966356712105347
  0.31432126731837595  0.31877361317997327  0.32341221643922125  0.32930465474022624
  0.33504956238159295  0.34097973854655783  0.34733802262462365  0.35394001305205058
  0.36089338358538892  0.36785753873730348  0.37402377517457347  0.37932967531149464
  0.38426868547270515  0.38942666239937895  0.39523842033447515  0.40121286778121140
  0.40686842323404704  0.41269711222673383  0.41904220934595054  0.42529133219811105
  0.43080650599013537  0.43633981767093377  0.44155468833699546  0.44794457581970509
  0.45466877383838150  0.46085672372657549  0.46684653672486370  0.47297388360273146
  0.47922133131057965  0.48527650870975536  0.49129302684797688  0.49754350495541483
  0.50432077992982538  0.51146150267275348  0.51686941492288208  0.52214316594518051
  0.52700901838146474  0.53316595106451092  0.53889862320909365  0.54533352505138344
  0.55234085146614098  0.55856891267765185  0.56538762710345969  0.57148975602867824
  0.57847054576634704  0.58599910729594518  0.59405712909972463  0.60191182556835920
  0.60930019295047444  0.61738015712244909  0.62534410608452473  0.63364147167707074
  0.64212649452270887  0.65172795006078044  0.66135356953162416  0.67129376063647705
  0.68173685710836440  0.69465626265349212  0.70612675496419286  0.71820215803649790
  0.73264276863698929  0.75162205826651296  0.77374741603946973  0.79616467786108669
  0.81411111315231910  0.83015804285363148  0.87362136657563849  1.00000000000000000
   5.4269921788613665E-005  -1.0000000000000000     
 F F F F F F F F F F F F F F F F F F F F F F F F F F F F F F F F F F F F F F F F F F F F F F F F F F F F F F F F F F F F F F F F F F F F F F F F F F F F F F F F F F F F F F F F F F F F F F F F F F F F F F F F F F F F F F F F F F F F F F F F F F F F F F F F F F F F F F F F F F F F F F F F F F F F F F F F F F F F F F F F F F F F F F F F F F F F F F F F F F F F F F F F F F F F F F F F F F F F F F F F F F F F F F F F F F F F F F F F F F F F F F F F F F F F F F F F F F F F F F F F F F F F F F F F F F F F F F F F
  <DiscreteSampler_grid>
  grouped_processes
  1 # 1 for a reference and 2 for a running grid.
  10 # Attribute 'min_bin_probing_points' of the grid.
  1 # Attribute 'grid_mode' of the grid. 1=='default',2=='initialization'
  0.0000000000000000 # Attribute 'small_contrib_threshold' of the grid.
  0.5000000000000000 # Attribute 'damping_power' of the grid.
 # binID   n_entries weight   weight_sqr   abs_weight
    13   10   2.290787960848443E+001   4.533600321935981E+003   2.290787960848443E+001
    14   10   2.290787960848445E+001   4.533600321935990E+003   2.290787960848445E+001
    16   10   4.102536059347436E+000   1.139651220560380E+002   4.102536059347436E+000
    17   10   4.102536059347440E+000   1.139651220560382E+002   4.102536059347440E+000
    22   10   2.290787960848443E+001   4.533600321935979E+003   2.290787960848443E+001
    23   10   2.290787960848444E+001   4.533600321935986E+003   2.290787960848444E+001
    25   10   4.102536059347434E+000   1.139651220560378E+002   4.102536059347434E+000
    26   10   4.102536059347439E+000   1.139651220560382E+002   4.102536059347439E+000
  </DiscreteSampler_grid>
