  0.00000213815678731  0.00000221419198851  0.00000229148908062  0.00000237088313451
  0.00000245239398912  0.00000253188937508  0.00000261077993704  0.00000269041940545
  0.00000277079081932  0.00000285983542810  0.00000295621083314  0.00000305795204227
  0.00000315801852610  0.00000325981853146  0.00000336925133294  0.00000347957157723
  0.00000358982581949  0.00000370909569161  0.00000383683233562  0.00000396185964815
  0.00000408725595719  0.00000421251324865  0.00000434001543818  0.00000447182722664
  0.00000461734065092  0.00000477090554052  0.00000493391821148  0.00000510701395987
  0.00000528365825647  0.00000546527925755  0.00000564715403064  0.00000581934649910
  0.00000600501961412  0.00000621392825636  0.00000641785996537  0.00000662764963632
  0.00000684399470185  0.00000707872135423  0.00000734216970976  0.00000762234581162
  0.00000793458677767  0.00000825235136950  0.00000857928752191  0.00000890563787832
  0.00000923633066051  0.00000955755809399  0.00000988766569499  0.00001022995721945
  0.00001058855178068  0.00001096601372404  0.00001136524032695  0.00001181866834230
  0.00001229253147075  0.00001276816271235  0.00001329648983895  0.00001385776935932
  0.00001443534726941  0.00001507903533242  0.00001579839626221  0.00001657407517901
  0.00001743678033180  0.00001813255294494  0.00001884753139143  0.00001960128018513
  0.00002046939475245  0.00002144046769844  0.00002259495913129  0.00002401696667438
  0.00002554146163506  0.00002715132729507  0.00002899530401546  0.00003103275974865
  0.00003327630013884  0.00003576093961039  0.00003858776635135  0.00004180966615153
  0.00004546499476635  0.00004959595661574  0.00005460260048395  0.00006019637107962
  0.00006655068791946  0.00007359861095824  0.00008164063950333  0.00009012105441403
  0.00009924834927084  0.00010936556702442  0.00012556813382774  0.00015378166029067
  0.00019330582586960  0.00024978743904464  0.00032125578468086  0.00043593152521755
  0.00066676764280950  0.00122485945648670  0.11226480835636196  1.00000000000000000
  0.00407928447200888  0.01039572014128337  0.01966556148649297  0.02915109585534248
  0.03875427205533256  0.04841718405561063  0.05829066279298319  0.06844727565595191
  0.07909345774199220  0.08983140922543557  0.09973234883435163  0.10917658319159892
  0.11884133285070507  0.12949320509045664  0.14051563583255922  0.15135547266113661
  0.16201505487931950  0.17230652164832866  0.18276768332834090  0.19365361259197536
  0.20485107046812487  0.21672177724234137  0.22745639097711215  0.23662720836956172
  0.24554599330202392  0.25386568817688093  0.26418381688179743  0.27449858998411503
  0.28473844869558107  0.29525993958910662  0.30643659501548615  0.31736175091092994
  0.32836293265063560  0.33928777972127605  0.35083902098591130  0.36213621250782652
  0.37221411867171317  0.38193931413449111  0.39165086262038834  0.40058030463810235
  0.40828586022419666  0.41629890646307571  0.42502035920261905  0.43412942036363777
  0.44232462156394842  0.45011111497741674  0.45856723509769026  0.46897167070019741
  0.48012476230115275  0.49090982625198054  0.50283878250387148  0.51483956133704856
  0.52644192621407304  0.53808787420552129  0.54922750401523079  0.56000074198698524
  0.57080004938982454  0.58205605683608430  0.59363898101074675  0.60466678273234464
  0.61512144095939603  0.62540729886732083  0.63598933854615070  0.64669226947573566
  0.65780550188182751  0.66982790157848526  0.68176046278254399  0.69424528631286508
  0.70546713605586875  0.71735355770885567  0.72858792739022649  0.73941553315273856
  0.75062361708489489  0.76232437831288480  0.77398688062176246  0.78509777355533794
  0.79538905871306753  0.80608824838300452  0.81693891598305235  0.82762362859384675
  0.83789980833615507  0.84784660430976910  0.85774485059244943  0.86839229394445916
  0.87983003828315554  0.89066724949212794  0.90076498137063032  0.91013220746018297
  0.92167959850557701  0.93411773663580522  0.94495534662475611  0.95380152947044416
  0.96260860409941518  0.97259428256325153  0.98505767935094213  1.00000000000000000
  0.00005132893069078  0.00006411734523211  0.00006935649306508  0.00007410783287983
  0.00007833289069461  0.00008221912988733  0.00008630378967553  0.00009063738193137
  0.00009466148778077  0.00009861038975446  0.00010274108712378  0.00010693388418604
  0.00011186497709814  0.00011728898313557  0.00012251920171779  0.00012771320586804
  0.00013291676648608  0.00013823194872678  0.00014402178776427  0.00014995894097437
  0.00015599893765753  0.00016222580938466  0.00016851028346570  0.00017467407871004
  0.00018178192244424  0.00018956056897238  0.00019736942956435  0.00020529952407729
  0.00021349366636267  0.00022172358249540  0.00023047306815708  0.00023918225134503
  0.00024821014598021  0.00025740139598592  0.00026732852393280  0.00027839105902973
  0.00028880512351302  0.00029918594767972  0.00031002866537717  0.00032100853672140
  0.00033294425623032  0.00034567021930316  0.00035893182743650  0.00037264582089965
  0.00038739289939285  0.00040312667350333  0.00041892443554901  0.00043526793041952
  0.00045197102663552  0.00046922810659770  0.00048854034785882  0.00050916475870080
  0.00052793203538801  0.00054184749822627  0.00055685241658687  0.00057203673816763
  0.00058925174692321  0.00061116612154478  0.00063778338618746  0.00066899006911905
  0.00070064911944140  0.00073031230633903  0.00076400811431838  0.00080190304524151
  0.00084314331772303  0.00088598935595082  0.00092918168845119  0.00097521860608823
  0.00102255484402306  0.00107210158140545  0.00112692398126550  0.00118673466653499
  0.00124889248187698  0.00130620673648876  0.00135558056002854  0.00140776501255380
  0.00146509295926523  0.00153283664922669  0.00160794965596709  0.00169196268322515
  0.00178108714879442  0.00187866489542448  0.00204131061811223  0.00225511978238198
  0.00252694246332089  0.00280426263511599  0.00307340283213841  0.00337466223653000
  0.00354508039117036  0.00369650953633166  0.00399350707242310  0.00466017727519296
  0.00624557091571709  0.00896386876966978  0.16841270388580057  1.00000000000000000
 -0.00191833221671227  0.00930943005361583  0.01851594385325557  0.02744052339547411
  0.03658552472092800  0.04733003214651816  0.05804083510884189  0.06793991590387699
  0.07737458273821704  0.08757152186448497  0.09957927839392716  0.11043911993805065
  0.12009882003852909  0.12944711958003322  0.13876798652998845  0.14846927734688620
  0.15888204627563873  0.16864601776678942  0.17826424971288207  0.18801156691573351
  0.19841523323089599  0.20931228289476750  0.21910087721024804  0.22802128641091782
  0.23698384288006819  0.24659223728395266  0.25852188034823709  0.27112364115407001
  0.28368313338405599  0.29534493651851079  0.30688811955335021  0.31899182910648904
  0.33225756286348385  0.34447371476044392  0.35629830929742923  0.36710213276499820
  0.37814539910924555  0.38879736415456112  0.40031204765659500  0.41118902317257933
  0.42279514017605618  0.43450967393872625  0.44587825265996073  0.45655575758941846
  0.46684073836622408  0.47690945118685929  0.48680424161137847  0.49694253796416693
  0.50777493697974363  0.51809251557493075  0.52765061614897968  0.53732548072319841
  0.54784016131232505  0.55882941267993846  0.57052791529259805  0.58285533172882098
  0.59426478645975667  0.60407927023816443  0.61364799961026550  0.62295089646991053
  0.63376323841955629  0.64509764268066117  0.65554464118192624  0.66572273982989705
  0.67561963721730034  0.68496135867752139  0.69480193304958238  0.70429115255604613
  0.71379613455459900  0.72489354274094786  0.73683174069477431  0.75025631229140699
  0.76312086723069428  0.77443600608874219  0.78580758546307772  0.79782200944032167
  0.81096321292215268  0.82276912822835957  0.83319921128419794  0.84325269908495659
  0.85342098514798637  0.86376252229930695  0.87386101986098985  0.88329092544795240
  0.89329361145798170  0.90365771134534856  0.91398788499123607  0.92401527408839912
  0.93376074274038900  0.94430228163388552  0.95524016541300905  0.96514733146784670
  0.97409864656991474  0.98267941428656558  0.99137594646181026  1.00000000000000000
 -0.00208120402146826  0.00913589274320149  0.01961180065866970  0.03009664343639370
  0.04128414061673823  0.05141866797887413  0.06065912821007240  0.06884574038007105
  0.07650716457934409  0.08575400198552156  0.09781721802547837  0.10990280625866815
  0.12138875604979073  0.13312485539745755  0.14547865616557618  0.15745764987917127
  0.16894190291472938  0.18084534570672675  0.19305742077444346  0.20550280838005816
  0.21694172565471573  0.22862468562453742  0.23917895279057660  0.24828589343972096
  0.25659901109869321  0.26534768623155630  0.27577571973161230  0.28697040441083649
  0.29775140364350383  0.30780561293106329  0.31770308785390705  0.32789865357617348
  0.33797079969110155  0.34865340282063451  0.36064652570200051  0.37300956035610155
  0.38575291759394614  0.39825278801996739  0.40973066365374800  0.41983665425227945
  0.43002225372685748  0.44131336671228494  0.45392455737735482  0.46576695579215471
  0.47635566341154872  0.48604827343342982  0.49607053494729775  0.50716851167277088
  0.52035178441923291  0.53456338675292137  0.54781050218074190  0.55975419451385289
  0.57114044138576814  0.58238185629394457  0.59353837089721218  0.60423428044375604
  0.61427678493553273  0.62404637809390562  0.63309309004844161  0.64137392315200037
  0.64937654741578010  0.65758787498797600  0.66770037892705192  0.67940267224208162
  0.69164377785295217  0.70180315308750674  0.71207751023740173  0.72206966533185601
  0.73254123962629980  0.74279569938682799  0.75199629648129929  0.76072735979505324
  0.76956110101803343  0.77934691809999712  0.79094606732201356  0.80216720827483423
  0.81246166673686282  0.82299300678052345  0.83378497456795808  0.84495356771527652
  0.85577078609906876  0.86645859993263630  0.87686726459674480  0.88703394500990551
  0.89733941345731372  0.90786462289056713  0.91860114587408115  0.92876123800267019
  0.93887514070606026  0.94975281023508940  0.96035750434875589  0.96874812139759003
  0.97628489804864216  0.98369297398555988  0.99163624779559378  1.00000000000000000
 -0.00219142611706698  0.00967456422891299  0.01938760998621638  0.03082682687053901
  0.04363370675926358  0.05646452854717100  0.06768697237702989  0.07826745634334863
  0.08920036023827195  0.10043754815591389  0.11138546827174041  0.12199040682674381
  0.13107691596777449  0.14005226812688376  0.14888919231392536  0.15916594265400461
  0.16960399434891496  0.18006431416677768  0.18970293636946586  0.19891613864317906
  0.20882372433293472  0.21988954330252233  0.23130924243636808  0.24241174584375322
  0.25420095588978914  0.26708860294735443  0.27843687003993128  0.28950372973411354
  0.30017665917625597  0.31059294214942168  0.32079365827553569  0.33203730230706646
  0.34402955007956776  0.35611104032449314  0.36790353639995910  0.37958567821942046
  0.39193523794584739  0.40341309968895828  0.41532430140490534  0.42740218354706794
  0.43858598571033591  0.44645936369839001  0.45388985350507627  0.46156786662823007
  0.47006988237049480  0.47920474670164864  0.48809370813653730  0.49666321883915732
  0.50543531043915735  0.51471626268529413  0.52404191867323824  0.53329542792061313
  0.54427477160667870  0.55584536462016276  0.56718847836554553  0.57830033273347503
  0.58940746623229545  0.60031891054203701  0.61168965662585262  0.62370184616976387
  0.63539741733830535  0.64595627119998789  0.65570797481032372  0.66557144217124464
  0.67598274070484887  0.68714360839015542  0.69844263988116473  0.70931704143361884
  0.71902639644812716  0.72803797271721871  0.73678832526137428  0.74565944118536331
  0.75512052848219846  0.76462931454586802  0.77474077243839179  0.78496530128351005
  0.79426410962795146  0.80352975606278876  0.81304231653910408  0.82272418604424136
  0.83255639789347957  0.84200301858207360  0.85232572158795883  0.86356743818814719
  0.87589436355997163  0.88673525028799782  0.89810509206857847  0.90992219212305003
  0.92247768879606173  0.93455107331112997  0.94420566449678756  0.95457954747453477
  0.96481095141200435  0.97514377971160071  0.98762704416449831  1.00000000000000000
 -0.00296380716630799  0.00997825603364677  0.02165254049334403  0.03222949407408934
  0.04277547768915304  0.05333971276598692  0.06433736558556104  0.07534895221277801
  0.08573293825979186  0.09601639107600880  0.10659931795245202  0.11617160846708464
  0.12549271158790623  0.13325154697127031  0.14102470492161626  0.14940919624034846
  0.15810359475245805  0.16878430058882868  0.18068923732687028  0.19329634100215909
  0.20432117947699185  0.21394869753250420  0.22255174931718580  0.23182003965062423
  0.24197295414589337  0.25213647260636202  0.26133809786789658  0.27091706795476306
  0.28212439020157609  0.29418480820804954  0.30678225581752433  0.31813988344929206
  0.32818133389457294  0.33735094103527213  0.34564693301346733  0.35519508238404451
  0.36578689726880542  0.37622207853659445  0.38621167967641634  0.39644001823161795
  0.40744337166550310  0.41826629777909829  0.42811915271252854  0.43736183863093997
  0.44662532289333157  0.45671635764719942  0.46745100539444917  0.47767273101838476
  0.48733099765676235  0.49668704252303975  0.50615304993400057  0.51635999290981960
  0.52734363940440698  0.54005572845728744  0.55245457006290288  0.56566040174886345
  0.57940001772258620  0.59184241028410534  0.60277330402004026  0.61326361126287521
  0.62399486105555602  0.63517442442805738  0.64632394852152919  0.65718237508552912
  0.66862327707401792  0.67983984967951561  0.69252200320486923  0.70434055512307592
  0.71786524325734524  0.72972141870505669  0.73980575041666663  0.74939157700744463
  0.75958132974249648  0.76946738575267204  0.77882410427626614  0.78811738447586266
  0.79874094516168570  0.81089214032207524  0.82327947436036797  0.83441368690090245
  0.84482173199221866  0.85479282508550603  0.86473657273322402  0.87431064660691626
  0.88325854184918773  0.89248502784557926  0.90198811263595724  0.91210693702083612
  0.92209532636883129  0.93240024032309599  0.94187193834999938  0.95206901997909998
  0.96312173658894307  0.97522037865482680  0.98728392889807615  1.00000000000000000
 -0.00183719967564275  0.00966754629470680  0.02101255339018597  0.03376514011611911
  0.04576313586140501  0.05748667509629274  0.06876768828668202  0.08124025421549365
  0.09357300054923359  0.10497101844059642  0.11646031209387225  0.12609776051140673
  0.13669237010823310  0.14729361949804132  0.15851699974461747  0.17034662731282765
  0.18227607757359757  0.19410813363996396  0.20576614435319870  0.21830931917146920
  0.23110835868358520  0.24362791898611391  0.25609862891200164  0.26808047587120298
  0.27962153827731906  0.29100053853001095  0.30200412626926876  0.31198579676006927
  0.32054832764556440  0.32923799046528585  0.33803585871616731  0.34882877907267790
  0.35970580517870587  0.37087591185150276  0.38215519446046481  0.39387596981112144
  0.40382915469747033  0.41340567040569220  0.42260820996163723  0.43212393870343352
  0.44117347264719131  0.45020030627401553  0.45935506756492700  0.46909026780638025
  0.47940960894891077  0.48911466803195119  0.49928792024232549  0.50957603010886576
  0.52134121216539719  0.53217718060877206  0.54175951025455538  0.55101109640902146
  0.56077728511365699  0.57190221768577099  0.58356239409334587  0.59500306717552964
  0.60555489141387120  0.61590840656856627  0.62597783788250549  0.63648727238690339
  0.64577240037492523  0.65531157382669369  0.66497106959034102  0.67459645152101921
  0.68367145138833274  0.69112873528666297  0.69860292607503482  0.70621808145142950
  0.71504224045326303  0.72583605299480247  0.73707947947987340  0.74831840806184391
  0.75792909916521067  0.76680692677685869  0.77594252888122373  0.78519879442013674
  0.79477442736436410  0.80332593670697916  0.81176752177820377  0.82183347833771314
  0.83282829211511566  0.84377625211992024  0.85462495189216781  0.86585715745471248
  0.87738495111709558  0.88849663135648149  0.89993558388871830  0.91149041138592068
  0.92337486133982827  0.93525875910463208  0.94644115950858265  0.95713828825253566
  0.96760848067678518  0.97765524056900965  0.98848038636740554  1.00000000000000000
 -0.00217848941895869  0.01062434872336810  0.02188446246211856  0.03158618199485640
  0.04180816703614389  0.05147149209758681  0.06085677920859209  0.07010531944062542
  0.07974951990731485  0.09027749093332016  0.10173117989314076  0.11264279718027317
  0.12334349291401375  0.13355503800352655  0.14335735612939074  0.15267163907641268
  0.16266400451069260  0.17266372932125559  0.18321861834040470  0.19349297542487026
  0.20436505636293950  0.21538819322043770  0.22641725197755999  0.23792812254933898
  0.25014135970205220  0.26306890243465719  0.27501422739528880  0.28675239465958152
  0.29793824023962501  0.31019277659122590  0.32308297261508007  0.33608958188704613
  0.34775094416421953  0.35991408618474491  0.37240892712158158  0.38434940022013619
  0.39655028518711172  0.40780899529126152  0.41791979914090061  0.42793403476539305
  0.43741690451778820  0.44668128498073245  0.45644309967903557  0.46618628960226954
  0.47630217286102811  0.48649834561914523  0.49591737887977905  0.50607171433064913
  0.51670293547250812  0.52738381077297769  0.53873908412808647  0.55085289745921129
  0.56241108689133723  0.57275532052037570  0.58245897337280983  0.59246001859087338
  0.60290856842906548  0.61371741042294836  0.62529355187965163  0.63794217472231618
  0.65072896983506534  0.66201683383429655  0.67223477854242075  0.68134228144289144
  0.69130582449954137  0.70145181086550801  0.71154638791857439  0.72047833905385161
  0.72949176372729474  0.73891726299341332  0.74819509904858805  0.75732707934575227
  0.76629930311136651  0.77572482902992690  0.78606875306824164  0.79619919076736212
  0.80630895644769351  0.81685425544833390  0.82769059643156251  0.83753648560961558
  0.84683867702263005  0.85732868381906113  0.86750873464073119  0.87713028267985338
  0.88606831923521878  0.89487976536206426  0.90504243844385934  0.91612039948316870
  0.92767693690318198  0.93913396720577058  0.95049667013535866  0.96060822997729178
  0.96949160083439501  0.97833254197446684  0.98767322828197046  1.00000000000000000
  0.00967750991777325  0.01768983769447131  0.02803947809407683  0.03950494442741556
  0.05160933823334629  0.06384382153979425  0.07484572407846157  0.08463941201372567
  0.09322078176811865  0.10205617288763366  0.11119416346261894  0.12137641310009720
  0.13230286422562645  0.14309558958589838  0.15371693580359802  0.16415844111762176
  0.17483576022901895  0.18585228695978559  0.19761126260259951  0.20906526713769785
  0.21914576210435285  0.22791421320796917  0.23674924829395863  0.24573728500288811
  0.25682453936946026  0.26794941899161906  0.27804992800285361  0.28805130130018747
  0.29772702612683122  0.30708942283061547  0.31644641141149277  0.32604210952941592
  0.33651892816911660  0.34526736540695474  0.35336601143639540  0.36284926457273126
  0.37357499175728681  0.38450212905065495  0.39503159097177243  0.40567911596459627
  0.41765283689747668  0.42981876867083990  0.44189077323045295  0.45483083228164073
  0.46884044376311729  0.48226877018360870  0.49427577432092018  0.50554235344425091
  0.51628886005596553  0.52644460819735550  0.53518630781449839  0.54342789607050179
  0.55239667447065177  0.56137140867063973  0.57121111605500774  0.57960427410371818
  0.58896344897928354  0.59778550774023809  0.60766254012455789  0.61752352437291647
  0.62763029488353772  0.63750028165104633  0.64736420165477715  0.65774199312000303
  0.66828807459646722  0.67885180564620362  0.68940660851550051  0.70010863456048567
  0.71048889837026208  0.72046309701981459  0.72989622744358162  0.73926513169655972
  0.74869675684057102  0.75869352124374589  0.76897133338040646  0.78015225962434398
  0.79044132929772870  0.80119421123770862  0.81179888660629773  0.82239080058930925
  0.83393071149031284  0.84562991436952006  0.85729928635737140  0.86855501585347372
  0.87975140692777554  0.89128667981916865  0.90139486594363771  0.91115833307587668
  0.92159742706146053  0.93200373019337446  0.94309246232615018  0.95494195325884601
  0.96724038086006414  0.97923396352804004  0.99034494547872964  1.00000000000000000
 -0.00214444448717118  0.00976562788213498  0.01949159059654500  0.02890616340059228
  0.03857224493782312  0.04874837973008650  0.05904990171316669  0.06998573514333450
  0.08093096785113242  0.09287403514658679  0.10522431572826219  0.11758400981812039
  0.12737467074472619  0.13569776560185040  0.14378098012601090  0.15207371792486926
  0.16285510200091824  0.17411814914609042  0.18579556639242187  0.19734494620571205
  0.20911183528293975  0.21969657649662744  0.22935104710590601  0.23825096229280679
  0.24751890651694120  0.25803037799659206  0.26836270279721175  0.27815878556778906
  0.28754753890963836  0.29706006318218692  0.30741045977235520  0.31828428865787889
  0.33021942980454871  0.34174939681677413  0.35251167451430376  0.36322230381600101
  0.37303240465883925  0.38280947555779071  0.39318187797777238  0.40368966285631280
  0.41379260825717334  0.42399079297546932  0.43509900760466330  0.44471651203381685
  0.45339055225695690  0.46208145112671878  0.47195103771089264  0.48328389989189152
  0.49419251373166773  0.50495326855968892  0.51574436343136931  0.52686874738438894
  0.53767699774043010  0.54701748245375459  0.55526769756680316  0.56366969111115617
  0.57210577864814738  0.58064640519625099  0.58899645289026203  0.59746428256530859
  0.60634514510498538  0.61782106797027225  0.63068328857218181  0.64382322515601098
  0.65600155573415753  0.66755076947942027  0.67829207959766458  0.68874186142409499
  0.69814030190027832  0.70793799242832089  0.71892443677998041  0.73201983069378618
  0.74567361395084497  0.75869060956716283  0.76942154782096084  0.78140571168185069
  0.79297359108796472  0.80531028300134477  0.81687778246037146  0.82902573128300538
  0.84135656865327102  0.85300771826192290  0.86406869568703171  0.87516243384853809
  0.88707770114733842  0.89878528747875364  0.90983532197513250  0.92061188516263825
  0.93148822438488543  0.94240188883998000  0.95287008402757123  0.96236878981642959
  0.97205029530976139  0.98111785644987493  0.99070807850681086  1.00000000000000000
  0.52774395199793589  0.54267174348651925  0.55913922906179647  0.57317728966444481
  0.58290658640282433  0.59020659763849759  0.59661429869995364  0.60355143292688951
  0.61017017390810813  0.61695063181419552  0.62379722558281170  0.63126086545080917
  0.63853504249899984  0.64535934955994101  0.65166837314864612  0.65790349225217459
  0.66436463271123114  0.67028316378571362  0.67568927888130059  0.68114654226795901
  0.68686187893140327  0.69265916531984162  0.69817901219257628  0.70315026193762364
  0.70772484235007349  0.71224794819608794  0.71696546199415379  0.72152521894752442
  0.72582636301080516  0.73026142878633626  0.73501746148442026  0.73996543963212980
  0.74503732606698014  0.75004901429967108  0.75508539298119159  0.75972871632977723
  0.76390900863941202  0.76784931925252942  0.77200417185911430  0.77636714744058610
  0.78097772269384502  0.78555090011703588  0.79003754456985442  0.79455882365697639
  0.79915263136692172  0.80416939250126251  0.80894605502821260  0.81333161048127867
  0.81741135494114159  0.82147496948838994  0.82568931270015167  0.82987330674133652
  0.83381519985085517  0.83775919081209960  0.84161358868013469  0.84512274955086775
  0.84848566496119704  0.85194615405227725  0.85580546459928830  0.86005832330149334
  0.86369568217471493  0.86733450059562567  0.87065125588021408  0.87418473341432534
  0.87785178002290865  0.88168980648399897  0.88530080917689769  0.88879208321731040
  0.89223996449757503  0.89562801177463514  0.89902251724024651  0.90248596418015414
  0.90599519215396762  0.90919235254766395  0.91236241873885549  0.91545142571933857
  0.91852821428498310  0.92180599169814947  0.92529178292431580  0.92899127071367571
  0.93284719987515685  0.93669330238179160  0.94044749133684358  0.94417739748968055
  0.94793338278529660  0.95165816110087609  0.95543796520851998  0.95903145174623716
  0.96304281525375679  0.96682378864702734  0.97063099454840696  0.97457245548784099
  0.97883162708002114  0.98406673092052899  0.99108301066338544  1.00000000000000000
 -0.01044639357337589  0.15790113407773762  0.18141679524145218  0.19683321441185989
  0.21111420869689626  0.22408222701067387  0.23417069215213551  0.24368689918403363
  0.25310568085057072  0.26302299707294124  0.27214471160267706  0.28017328788957108
  0.28812854135852839  0.29550868455196005  0.30276858664435957  0.31048456317463130
  0.31810839362195942  0.32560278531167774  0.33288182466119881  0.33971066850248732
  0.34644891357147989  0.35339778424705665  0.36021131197925965  0.36738347117951425
  0.37398624033999528  0.38044242829999203  0.38676878836564937  0.39313511935848122
  0.39926813970761860  0.40493979529225216  0.41049580720025503  0.41625419827855631
  0.42216544875082324  0.42821239132355066  0.43394920458635011  0.43934746542989067
  0.44452559279966852  0.44938055425811868  0.45416383977214181  0.45881624369008794
  0.46380506667715149  0.46895200757463962  0.47398408238653333  0.47883685737529902
  0.48298568789870305  0.48704394847297783  0.49149607665373340  0.49575422457114499
  0.50069778420773170  0.50535278678665829  0.51010780369761466  0.51494988401800168
  0.51993740398686950  0.52491776460919037  0.52984453253316710  0.53472701045733506
  0.53970219694282717  0.54485694911982407  0.55032561997423446  0.55594532548769848
  0.56156633005906742  0.56753736673292410  0.57362405904872227  0.58012494617768140
  0.58601854212864168  0.59154012104209353  0.59689582224693161  0.60245349378935953
  0.60846237317281449  0.61482261244171144  0.62119749376397226  0.62789152896910094
  0.63522459916540785  0.64249256407410893  0.64887521614839982  0.65470177710051636
  0.66078576166184944  0.66658758001400842  0.67320840531021409  0.68089391507585550
  0.68881910934759294  0.69709044099081152  0.70550165995667691  0.71382634822417512
  0.72199964956232920  0.73036458545270644  0.73865571228275551  0.74779151667755051
  0.75772673612221531  0.76890140482700864  0.78179361330336772  0.79713249902608663
  0.81431034929128565  0.83831704592421785  0.87074137160183829  1.00000000000000000
   5.8313289233805674E-007  -1.0000000000000000     
 F F F F F F F F F F F F F F F F F F F F F F F F F F F F F F F F F F F F F F F F F F F F F F F F F F F F F F F F F F F F F F F F F F F F F F F F F F F F F F F F F F F F F F F F F F F F F F F F F F F F F F F F F F F F F F F F F F F F F F F F F F F F F F F F F F F F F F F F F F F F F F F F F F F F F F F F F F F F F F F F F F F F F F F F F F F F F F F F F F F F F F F F F F F F F F F F F F F F F F F F F F F F F F F F F F F F F F F F F F F F F F F F F F F F F F F F F F F F F F F F F F F F F F F F F F F F F F F F
  <DiscreteSampler_grid>
  grouped_processes
  1 # 1 for a reference and 2 for a running grid.
  10 # Attribute 'min_bin_probing_points' of the grid.
  1 # Attribute 'grid_mode' of the grid. 1=='default',2=='initialization'
  0.0000000000000000 # Attribute 'small_contrib_threshold' of the grid.
  0.5000000000000000 # Attribute 'damping_power' of the grid.
 # binID   n_entries weight   weight_sqr   abs_weight
    10   10   6.826462216553468E-003   1.994391226295417E-004   6.826462216553468E-003
    16   10   3.558554527693425E-003   2.795179577366965E-005   3.558554527693425E-003
  </DiscreteSampler_grid>
