  0.00272882948659118  0.01167647918987971  0.02097303093182543  0.03097687377383207
  0.04166636679568404  0.05521750435437343  0.06721270794657702  0.07861444619280686
  0.09057835468801198  0.10301697270451653  0.11527906320297335  0.12693927872518887
  0.13916073218291064  0.15164591442575562  0.16337212617581015  0.17487835350005868
  0.18608445229919368  0.20160917508189866  0.21612767124022450  0.22890565848033334
  0.23882356968176854  0.24773752291899315  0.25579773625302327  0.26344566917245527
  0.27089352359778662  0.27995110991132344  0.28852256979270247  0.29863604594181675
  0.30981348385422192  0.32055487873232585  0.33084267906165304  0.33901951932665664
  0.34816782337215613  0.35866907630771244  0.37208118775442767  0.38486495440040652
  0.39670179196094368  0.40883775517247850  0.41994819852255744  0.42911893909576793
  0.43867728302685421  0.44715612557811624  0.45784380883990045  0.46875706057574507
  0.48203281254863994  0.49444615571071293  0.50573989356046833  0.51683446541641020
  0.52741281357855485  0.53712040425221086  0.54695049757337666  0.55737058577136922
  0.56856792352912633  0.58032684383131683  0.59622558741889531  0.60993442860373326
  0.62180980200527736  0.63186533469572759  0.64088944976296958  0.64912424143633884
  0.65738069530718135  0.66582654715728362  0.67516090621354807  0.68533309007401433
  0.69752873212105926  0.70996940264382513  0.72192191276861994  0.73319384512370389
  0.74442685565502575  0.75458850588866566  0.76452050565513974  0.77475416549264220
  0.78487361594529992  0.79503217031084150  0.80665771102053840  0.81561961688457130
  0.82446848531417316  0.83352413228702249  0.84317825994186713  0.85242968118882678
  0.85719163006031840  0.86235632776432247  0.86734450205756664  0.87224747239406708
  0.87816357951605417  0.88911255261355360  0.90112412121599772  0.91186938855045296
  0.92184539676926380  0.93295508214940037  0.94371670235396521  0.95396658256741962
  0.96480467955841076  0.97563091568044247  0.98696067370835416  1.00000000000000000
  0.00000249060395441  0.00000285625344165  0.00000301401090952  0.00000315209309301
  0.00000328665220808  0.00000338644619173  0.00000346447179963  0.00000354550855075
  0.00000362403221571  0.00000369847109763  0.00000377411130915  0.00000387730920261
  0.00000397570851544  0.00000407778823247  0.00000422502851110  0.00000443241368416
  0.00000467230266499  0.00000491816248289  0.00000516762188449  0.00000541326119245
  0.00000565634720920  0.00000592272967585  0.00000619943945441  0.00000649629942240
  0.00000681967843671  0.00000714414469059  0.00000745311555264  0.00000779910731343
  0.00000813176529053  0.00000846068385373  0.00000879471386853  0.00000911935842950
  0.00000945713855110  0.00000981207142466  0.00001016554720936  0.00001057562796445
  0.00001104122090459  0.00001155023767390  0.00001209394930659  0.00001267591242789
  0.00001333097034980  0.00001409114966252  0.00001500155453125  0.00001596103266747
  0.00001701356947097  0.00001815132786133  0.00001935207682865  0.00002062275961924
  0.00002205906069641  0.00002346414114813  0.00002491563886625  0.00002652031976704
  0.00002838542803766  0.00003054498595377  0.00003284676215392  0.00003491291097575
  0.00003705649346336  0.00003959993986153  0.00004233928818749  0.00004556012149828
  0.00004890911265196  0.00005213278704474  0.00005567326527007  0.00005953017432665
  0.00006393820720535  0.00006913460541647  0.00007550791718040  0.00008329990918630
  0.00009250337710366  0.00010268212215002  0.00011291954272218  0.00012277980003765
  0.00013313223010106  0.00014424158083861  0.00015520426596245  0.00016594400741447
  0.00017742058988593  0.00018929104611634  0.00020518202597601  0.00022870271123476
  0.00026082906952787  0.00029672113401900  0.00034691514011069  0.00038507561112182
  0.00044288696889778  0.00052084752061915  0.00065105782177633  0.00082531821319015
  0.00103194409396649  0.00134206407503698  0.00196981965016612  0.00366574154202691
  0.00689951572116849  0.01610820976200911  0.03874816202444148  1.00000000000000000
 -0.00035210686489675  0.02634423311203858  0.04799108572314349  0.06435482351393024
  0.07752559943543801  0.08951848849819440  0.10056630823277493  0.11154322986015655
  0.12299119328370250  0.13472285828835839  0.14668211448218024  0.15820606241308718
  0.16881156074574388  0.17766470884664781  0.18623793554193838  0.19596847781911583
  0.20511464507188518  0.21447038531028106  0.22460574072494827  0.23402267282708458
  0.24140412820358093  0.24823626001773580  0.25367119077299327  0.25760058074195608
  0.26185819302359770  0.26635464302685119  0.27102799738830680  0.27541778317427623
  0.28478986359475317  0.29708949068885099  0.30880469762077062  0.32005955428324284
  0.33053784982373846  0.34155382843682358  0.35222912957379610  0.36278808091913328
  0.37312557391022211  0.38482256323139841  0.39656441437258111  0.40681928370225723
  0.41527771740788527  0.42312437642471040  0.43174263363758009  0.44164272224694101
  0.45514419243411131  0.46873949378220797  0.48097000273917151  0.49204189305538309
  0.50246296615786434  0.51332998872168789  0.52540083680328098  0.53671538343375291
  0.54787855652024808  0.55869605306924275  0.57057147141495712  0.58182813010266299
  0.59324622404481941  0.60435929655151488  0.61485193974297181  0.62472063627077867
  0.63328509443241532  0.64326544290722187  0.65419805507831108  0.66384989974192721
  0.67267647225293536  0.68159897031783778  0.69350856303197150  0.70753335218798530
  0.72007512271379126  0.73296103676717961  0.74586860386624465  0.75900554415991239
  0.77205507153265107  0.78339016103267822  0.79285337044304183  0.80103593750113200
  0.80898751980891648  0.81717871019686794  0.82701213946047203  0.83835101065823825
  0.85102812352148793  0.86201669259847702  0.87287627662673151  0.88424447979209853
  0.89592704425406389  0.90678822083569632  0.91750459493151248  0.92779624774022729
  0.93714495627050243  0.94448796191257400  0.95115606500745886  0.95782426258151188
  0.96618147655974840  0.97619611188947886  0.98717384686085663  1.00000000000000000
  0.00001168362602660  0.00001552474720034  0.00001786928589495  0.00002016590351390
  0.00002313687568885  0.00002560303072451  0.00002786835740683  0.00003038081936550
  0.00003340134732750  0.00003685608088223  0.00004193130791094  0.00004872729217770
  0.00005625755811995  0.00006623270244754  0.00007987407123832  0.00009847344185431
  0.00012033450581001  0.00014435776907957  0.00017131475725532  0.00020045335369517
  0.00023130702907965  0.00026191424416634  0.00029398703519213  0.00032844286792205
  0.00036549787897564  0.00040399554932795  0.00044336953646560  0.00048549520891978
  0.00053255220068893  0.00058258305319211  0.00062869433556396  0.00067160189857496
  0.00071437051325109  0.00075772226836703  0.00080088850652964  0.00083667923601643
  0.00087047104069168  0.00090573898549558  0.00094000176740493  0.00098013341166168
  0.00102016432870570  0.00105648413729356  0.00109148025547580  0.00112924840240925
  0.00117115028869986  0.00122678140899740  0.00129235522767439  0.00135333533925685
  0.00147121343883036  0.00158803380954561  0.00168553406058650  0.00176772660397498
  0.00184759469208938  0.00192257856810974  0.00199417250843258  0.00206302479510107
  0.00213252774215657  0.00221339589764083  0.00231936980332920  0.00244321930908216
  0.00257408742879295  0.00263157012765930  0.00268879221016043  0.00274701477667074
  0.00280830816475561  0.00289924132326366  0.00302258486767608  0.00313876180707432
  0.00322298025061514  0.00328724494161480  0.00335763616440252  0.00345510467829672
  0.00357122908859033  0.00371291176336928  0.00381498107229556  0.00388040671426599
  0.00394291880093947  0.00400759880596704  0.00407865612320760  0.00415235183914315
  0.00422127779062372  0.00429147660501625  0.00435950307975932  0.00446826245780219
  0.00459995283257303  0.00478240013152654  0.00499902389371132  0.00530850185549031
  0.00572507776990332  0.00611173607306014  0.00647350202836597  0.00682695090540217
  0.00723641790737996  0.00837919044599300  0.01313875784745664  1.00000000000000000
  0.00000995226650922  0.00001312129324151  0.00001553991165023  0.00001771146194291
  0.00001992249518724  0.00002252189771780  0.00002544641474709  0.00002872908802724
  0.00003261746347840  0.00003773297352881  0.00004535037702662  0.00005397520348584
  0.00006323139678029  0.00007386274026639  0.00008732420648542  0.00010340056873145
  0.00012207342468707  0.00014189288006047  0.00016228004202157  0.00018346283126197
  0.00020726509573148  0.00023423057156220  0.00026165838091009  0.00029014370272967
  0.00031954004314668  0.00034897681436990  0.00037960395250566  0.00041275472228430
  0.00044692795257169  0.00048142496805479  0.00051931606620709  0.00055648146338395
  0.00059188253639608  0.00062680170879549  0.00066230821661864  0.00069987094504856
  0.00073911886623874  0.00077368147372622  0.00080764279362751  0.00084529714843442
  0.00088639409240464  0.00093366346449525  0.00098917671610418  0.00103095191307537
  0.00108063530586989  0.00113515965227862  0.00120338188057945  0.00129089061362728
  0.00137463623855104  0.00144876444530778  0.00151896605143996  0.00159802484533445
  0.00167733598181182  0.00173773828081750  0.00177722197020814  0.00182220201183611
  0.00186816195665445  0.00190442846951283  0.00194123560544507  0.00197919275693001
  0.00202765431686233  0.00209806914786653  0.00217533384726632  0.00225553091316192
  0.00233511141063264  0.00241517295593395  0.00249462373955382  0.00258586306732384
  0.00268038046231875  0.00280054553979793  0.00291579099030351  0.00302604508783756
  0.00316725757431553  0.00329401604677539  0.00340155888074088  0.00351749489521155
  0.00364643566594922  0.00376095682693337  0.00387765368904649  0.00408355786439594
  0.00428657898884248  0.00448488936511880  0.00478677616568110  0.00498729692419857
  0.00515343121732398  0.00535390878244179  0.00560836248673939  0.00591841814448600
  0.00624795761321350  0.00657084501687034  0.00758305331564393  0.00896443627986322
  0.01022774141377157  0.01139968955546482  0.01309202895665864  1.00000000000000000
 -0.00243019275440953  0.00864826185557010  0.01629708222727433  0.02389198609459042
  0.03146128797294631  0.04019542468817195  0.04966217404111832  0.05898496154778865
  0.06763389293546734  0.07551213088999653  0.08296884577807494  0.09030560299479212
  0.09669414191047314  0.10402995437752356  0.11303654804765119  0.12434522360790169
  0.13721985857968025  0.14881463645719678  0.15884545836603861  0.16797745759397709
  0.17574947855985240  0.18241728613668548  0.18965053733824067  0.19700980856231631
  0.20610364735580469  0.21528742667980577  0.22318471908481266  0.22999697554582657
  0.23732892216729548  0.24467112193105625  0.25162075109202547  0.25845381179836480
  0.26518051258047198  0.27111326977366651  0.27624961599508929  0.28182199551440318
  0.28813866234468100  0.29443482901369555  0.29990929182595200  0.30806237524996360
  0.31949524319507677  0.33070058171856398  0.34097126215332885  0.35055375533246258
  0.35963087693419399  0.36775507814995512  0.37632850740294665  0.38505170283349893
  0.39480915004315187  0.40541013083353317  0.41597677068766692  0.42633500696159460
  0.43621523384102090  0.44654346068789258  0.45763765870904116  0.46972953313395455
  0.48342189920542816  0.49705254677179556  0.51024411176378082  0.52190867348203995
  0.53327076287533071  0.54548358387963758  0.55868779384591483  0.57179259688631534
  0.58394538137950747  0.59578226645737720  0.60791950335005351  0.62077341474903402
  0.63529907160298915  0.65070263495418801  0.66605202092853677  0.68020331794019684
  0.69464031084307853  0.70887053894370089  0.72204477397597677  0.73554717830852967
  0.74916546143376272  0.76208354999081385  0.77351197937362881  0.78454956097173534
  0.79604552837254994  0.80775299562096292  0.81758770315276474  0.82643584120233515
  0.83606618158695711  0.84727977740780469  0.85967351582536899  0.87328487268039123
  0.88778977773105550  0.90266528944822355  0.91839549375891738  0.93355934967013565
  0.94800180271503032  0.96301120398431950  0.98083825921774648  1.00000000000000000
 -0.00317568742644925  0.01435507186893771  0.02628086177206853  0.03701044870350631
  0.04758902393632175  0.05847924149412018  0.07055919732480399  0.08250375078752913
  0.09371817844453584  0.10490765900955909  0.11651399579889145  0.12959216326119821
  0.14327511321156378  0.15632772426953342  0.16867444907326049  0.18003220864934294
  0.19058887608649755  0.20111803201421405  0.21181409625938410  0.22285709974916643
  0.23426781337903732  0.24603248261432165  0.25842269881304691  0.27182633963610336
  0.28548858261335253  0.29903537061660751  0.31144156269430140  0.32296038247821163
  0.33160234797099281  0.34008787298469484  0.34862480982887695  0.35932072913435520
  0.37066445994755465  0.38153914465809391  0.39227126524059608  0.40315077276215133
  0.41441486807553984  0.42490050678739377  0.43485731005956640  0.44484979143415965
  0.45600354895750272  0.46660079664756410  0.47646144979482474  0.48679733236791933
  0.49653031977034945  0.50562179018198716  0.51474992829563326  0.52328638706673858
  0.53199963959027663  0.54040206021725412  0.54846470572734540  0.55746615712198655
  0.56793744429586790  0.57630058952293961  0.58557825074746439  0.59531693047946743
  0.60484511904971605  0.61319095239494337  0.62132321800881241  0.63041819771584140
  0.64018193420103298  0.65070532885195098  0.65972434180953443  0.66498604226251445
  0.67056926586440202  0.67689523642065463  0.68281638745085238  0.68787399629434853
  0.69847206272923235  0.70811854905239213  0.71768395785083028  0.72757128897673196
  0.73752999657532570  0.74746944559930573  0.75657973844664983  0.76567168192527368
  0.77590347462273535  0.78828476150668547  0.80221837111302197  0.81497692681108003
  0.82794929821920993  0.84119497733820758  0.85408556505372346  0.86624025439619790
  0.87747271530464177  0.88850039289627825  0.89923843271551396  0.91056768168586744
  0.92185053250385118  0.93313490776862151  0.94528960263133655  0.95749666044770987
  0.96838525297326472  0.97800857235841865  0.98756705080939622  1.00000000000000000
 -0.00187457175447647  0.00828697766788336  0.01668951291316993  0.02436939728786429
  0.03176755003592236  0.03976934756292710  0.04902557728007743  0.05719633990738338
  0.06520498060295157  0.07273658456870682  0.08186217623426274  0.09169024415588943
  0.10118719406459210  0.11017858767142627  0.11822845861510366  0.12741021000869757
  0.13660711699972894  0.14668741720603953  0.15865620939366618  0.17174788444048125
  0.18360896657521372  0.19498235562266572  0.20594689183305279  0.21891475755829809
  0.23373509626395741  0.24859513751876791  0.26261336873754754  0.27638858553295215
  0.29018174189821933  0.30304957749881878  0.31505829681204406  0.32694424446977743
  0.33874752724356927  0.35034700544493930  0.36257674028559367  0.37554851004404943
  0.38874767354538708  0.40307822935868992  0.41519753626461947  0.42178059641673704
  0.42865860790832322  0.43626911059335699  0.44334671344341170  0.45337280943215053
  0.46605283576640494  0.48003247533611304  0.49432513576436887  0.50820884207758099
  0.52167636462100764  0.53638002285895259  0.55107721967933954  0.56374665043017991
  0.57538470068029079  0.58782231566851872  0.60139571158545446  0.61573661078664577
  0.62902425904623693  0.64143910745076449  0.65401612890629213  0.66738542381122901
  0.68110485095805340  0.69331102116285914  0.70427427478226445  0.71279496009770915
  0.72188078349480178  0.73186928596562140  0.74183951738394804  0.75255817134567493
  0.76211627280453154  0.76985224150060094  0.77693492093532357  0.78394448603972977
  0.79157724021643450  0.80106323006878388  0.81328223029193969  0.82591974199298124
  0.83824559363906881  0.84982676094390919  0.85928177714409515  0.86708053021572384
  0.87473882646521606  0.88240393698584019  0.89085325960903883  0.89975674741631584
  0.90740945327692291  0.91426552278340389  0.92144997703530462  0.92963622098343190
  0.94007746914723223  0.95251635234138554  0.96371138721372751  0.97177718580328376
  0.97867162411323405  0.98496186480241277  0.99148601038568152  1.00000000000000000
 -0.00200645852232140  0.00652694383610612  0.01563719426475705  0.02572196457550218
  0.03918588915475505  0.05373553825447676  0.06752772244106846  0.07941828718283497
  0.08977592033258086  0.10020035140979937  0.10981818657625879  0.11924102039085011
  0.12977847871469553  0.14216587267892791  0.15668384760057455  0.16974525326436765
  0.18109577004715294  0.19274995418945803  0.20529153106669526  0.21698211121965708
  0.22789024022706628  0.23851615678157595  0.24914004281661042  0.25970281857966887
  0.27028430495467959  0.28028253853705842  0.28960576396077531  0.30070010954771109
  0.31259443373778273  0.32611082359321708  0.34075731644153501  0.35243896570696592
  0.36197669553922657  0.37070417660907501  0.37897784355459929  0.38866873228725757
  0.39755968761605404  0.40276575438474838  0.40792598911892636  0.41388556418175199
  0.41929926025950365  0.42444765564092185  0.42955598182791394  0.43665911619444731
  0.45049440258808060  0.46409198369060117  0.47650432057650505  0.48710053273542170
  0.49716747232855946  0.50726968974560727  0.51805064359549757  0.52805224261439643
  0.53649658692778379  0.54405127840503453  0.55266469566533660  0.56562488484313700
  0.57991081377468856  0.59195695647020763  0.60337844486992709  0.61405292989763760
  0.62542183431093967  0.63510794449469299  0.64573942967721587  0.65605388878012438
  0.66698841472832726  0.67748730706090321  0.68649788937538792  0.69618947060859915
  0.70728389563643634  0.72042806466096887  0.73409115656006563  0.74691663079099890
  0.76077496380021259  0.77364898973943985  0.78616777038688446  0.79758848717115882
  0.80780889140086143  0.81835440170030871  0.82887679323565500  0.84229991648760405
  0.85638048527754707  0.86948961781551359  0.88161050065250446  0.89228362661390637
  0.90137093776642940  0.90963809643478155  0.91694514556472095  0.92501314102128385
  0.93386633296659360  0.94321354883524688  0.95418490076150420  0.96411952428657244
  0.97405542452805982  0.98257138267124178  0.99101777570580285  1.00000000000000000
 -0.00140003600777479  0.00775052641346323  0.01576501513997904  0.02406703282150676
  0.03320304139277807  0.04282486875167618  0.05284759878398762  0.06243720322367213
  0.07227327393481713  0.08212784636485021  0.09326107537905286  0.10559380618853392
  0.11861872670852787  0.12877205447322013  0.13825233109319962  0.14607645068471586
  0.15340431897167289  0.16097532534830325  0.17014106812626453  0.18194271811298174
  0.19572050864811169  0.21055936716338722  0.22591644882152795  0.24081937946790630
  0.25458385401861627  0.26676247886136595  0.27881925282462916  0.28990438161781201
  0.30052938304728422  0.31102703623667355  0.32196964649807225  0.33463826166656668
  0.34514855997366706  0.35547526317038819  0.36801450415194353  0.38018239110176905
  0.39059680347693959  0.40069021314503123  0.41145531665067109  0.42416715756534973
  0.43903071400503130  0.45397132576670851  0.46676291206686582  0.47849960566565597
  0.48944167086657364  0.50056624977251785  0.51242029368246000  0.52546159779480417
  0.54134102479289403  0.55637634840676808  0.56757697578350796  0.57731801452268738
  0.58660872393557806  0.59596811891867940  0.60615446724411970  0.61742612125036245
  0.62957271530066972  0.64244118277680873  0.65552382334699877  0.66835566164872651
  0.68024135038762268  0.69110352515623918  0.70142253219710615  0.71149069137281462
  0.72208095243734405  0.73310647259592265  0.74118778223199855  0.74595318525632304
  0.75096476463033790  0.75612842382277023  0.76233619944263609  0.76781454529859650
  0.77597285980426156  0.78450482003094413  0.79320538805815599  0.80300340749993226
  0.81182972098542439  0.81933485935229478  0.82746320272551266  0.83642969150341051
  0.84676737859614026  0.85683235094547139  0.86692875007125636  0.87693767230746911
  0.88794375084992183  0.89879695892704092  0.91042689571781288  0.92134473550436513
  0.93213957037107498  0.94245097504494380  0.95215777431388737  0.96287795118868336
  0.97264437289499317  0.98209797025774859  0.99161548539625199  1.00000000000000000
 -0.00287209387645308  0.01361074920059066  0.02648973703773120  0.03747961655717941
  0.04684423259909866  0.05549406642445931  0.06427270922251466  0.07371974842108760
  0.08263921503072494  0.09176247504540194  0.10084700659480091  0.11126974134857824
  0.12167939216824028  0.13195357907415645  0.14227943981904398  0.15299734390436476
  0.16600446341893177  0.18003103803949347  0.19268117972065543  0.20273579794032279
  0.21257228911200696  0.22215265275864629  0.23245098949571111  0.24270674291600625
  0.25299203746053578  0.26244127126333006  0.27141944285974423  0.28012441868468330
  0.28840256930993913  0.29810007189782783  0.30886474875423903  0.32217666970246978
  0.33741281823878500  0.35076782192839873  0.36228737148722301  0.37344010437582070
  0.38488379004242246  0.39654792702316055  0.40864682560053761  0.42128591757196421
  0.43418464205768625  0.44674370317101908  0.45852258027351589  0.47106478499613469
  0.48429337669402561  0.49629054002217388  0.50719162052519251  0.51774116686236960
  0.52839727411826853  0.53975367106945238  0.55247770210911173  0.56570198404713146
  0.57916210938495116  0.59017960747511966  0.59984012681141641  0.60801672783088756
  0.61698265189777557  0.62786304252111880  0.63888235531594695  0.64796586232560283
  0.65644125916975049  0.66496241073459572  0.67446628747187709  0.68455651857819599
  0.69538461526723228  0.70644546777089279  0.71677492295441814  0.72760037025952606
  0.73840463676588719  0.74944018019298919  0.76026453119238080  0.77033686107874544
  0.78014229522263967  0.79023626803858826  0.80051058146080978  0.81142142955058494
  0.82260068890103921  0.83243504150145198  0.84183694562021261  0.85155909706223920
  0.86238614013245041  0.87410296319806369  0.88120231347101874  0.88748418970619813
  0.89353778264009309  0.89914837836824912  0.90368509630803118  0.91179360370335372
  0.92141220154005687  0.93161251367065123  0.94252749636372424  0.95266106648091975
  0.96436437120604890  0.97729595052145846  0.98876936839921170  1.00000000000000000
 -0.00294254356792948  0.01287287546874419  0.02679927733367032  0.03928275249376749
  0.05107176771194341  0.06234384965603173  0.07293021449992163  0.08359243108509778
  0.09367738305606206  0.10307606059568863  0.11182168716933609  0.11971611920162561
  0.12818835297043221  0.13763158869704689  0.14902850796875505  0.16259484716035347
  0.17764856872421983  0.19270671093334948  0.20742278292163532  0.22155124244669325
  0.23442164855449860  0.24171706554254835  0.24717301879845346  0.25293077838280065
  0.25949027380070167  0.26763030259495846  0.27908761989409836  0.28985772224209660
  0.29781173405315747  0.30523504883862029  0.31279885240275596  0.32206900709566544
  0.33156667240236937  0.34057664308117563  0.34888077397574718  0.35896413970317759
  0.36955528754953226  0.38068591206878200  0.39144590693249393  0.40246895819403666
  0.41492849667047843  0.42827279514183930  0.44117606627694550  0.45231025851265566
  0.46260848619745271  0.47332330410525314  0.48442812796986512  0.49651005888738747
  0.50962602795238710  0.52196646031230109  0.53282823751074471  0.54291699649413294
  0.55338739834112904  0.56554562306259093  0.58007107100299038  0.59346328855703767
  0.60717829210072871  0.61862880278012378  0.63063940532675455  0.64227343327075459
  0.65313211655304759  0.66325336827839432  0.67362871612906627  0.68415294713493124
  0.69387630280099399  0.70310543688069038  0.71247951637176898  0.72384220246924469
  0.73381292621944649  0.74318527401064238  0.75241354032706487  0.76186989267337868
  0.77059956596648926  0.77814627469268915  0.78522007119448523  0.79259793758048003
  0.80152274936737555  0.81068129083098439  0.81989600053538381  0.82968588576970748
  0.84003237138359155  0.85206178070849770  0.86311910530445834  0.87501741176810621
  0.88717385735076471  0.89782427458788783  0.90722460946907235  0.91698416831927532
  0.92984710718606045  0.94491974991436356  0.95731246677460768  0.96745734321874699
  0.97616283944714843  0.98472356455555110  0.99195142386586255  1.00000000000000000
 -0.00004209865474708  0.00008615477391687  0.00037462648745210  0.00069805922004717
  0.00088151287243116  0.00104881777620945  0.00120785411335096  0.00136035264659618
  0.00151292008830232  0.00166040743969121  0.00179916708968514  0.00193694515755803
  0.00207413519782747  0.00221249234639415  0.00235182581456885  0.00249648860394386
  0.00264862347058951  0.00280915683037035  0.00294837020836870  0.00308831034258103
  0.00322941621252837  0.00335998759180190  0.00349257725401546  0.00362766036385175
  0.00376163558752402  0.00390250975363137  0.00404597691483869  0.00418617665386430
  0.00431435226793783  0.00444374859738981  0.00457566325706526  0.00471298855630988
  0.00487494760592532  0.00506492856776135  0.00521947044191074  0.00536220234287386
  0.00550654473551381  0.00566012427159660  0.00583075231544575  0.00606762506685551
  0.00628756040086927  0.00646690536575811  0.00663193950740380  0.00680162024588736
  0.00697233087421160  0.00712069908313305  0.00727242097104553  0.00748488739860442
  0.00767217585822149  0.00786582863120359  0.00807095993990805  0.00829031502167198
  0.00855234308316761  0.00882539715473584  0.00908426971370299  0.00942906209289497
  0.00980209868276889  0.01023156082718288  0.01070202271899947  0.01129308887390592
  0.01193586176561657  0.01237973791855163  0.01271696393270206  0.01292215826307787
  0.01309233309542788  0.01325933798269006  0.01342864896700970  0.01367908729090066
  0.01399000323044190  0.01427623737428905  0.01458109610991939  0.01489217411199985
  0.01521732081483851  0.01558685489646200  0.01600740072275083  0.01674781434359691
  0.01804622581497293  0.01911784177309567  0.01989259903233145  0.02073129189023111
  0.02172494989969826  0.02300384584731031  0.02372515288919407  0.02417734973210693
  0.02518167366895678  0.02648258993925382  0.02705548434933184  0.02783728082916546
  0.02901875358416806  0.03387612287796917  0.03775106546594210  0.04445524216409463
  0.04682126670510982  0.04854902049264183  0.06530563124656599  1.00000000000000000
 -0.00105102060040481  0.00352455582192222  0.00836815422726918  0.01258019813695176
  0.01704681111445850  0.02233740811538695  0.02767939348980934  0.03276413139414685
  0.03798395930172711  0.04333948803325595  0.04935040826362705  0.05671986692859838
  0.06442011288741648  0.07205306476350060  0.07933836090884062  0.08614752888590164
  0.09282141008089692  0.09949699904709228  0.10672905241511442  0.11487921968536688
  0.12315092292899550  0.13205131975519060  0.14062090122619722  0.14975033979120075
  0.16111811161615922  0.17451430618694636  0.18541780002658417  0.19489730004559561
  0.20308810101796479  0.21191369621677511  0.22143570608905266  0.23042007106168760
  0.24047977163181294  0.25277719562921913  0.26973199467768660  0.28752757943297175
  0.30556975514758711  0.32462908160831822  0.34474782120419423  0.36981453851055524
  0.39443332744348913  0.41539514093029462  0.43354184513366045  0.45117198405639131
  0.47288530375882581  0.49420527937472636  0.51669566856936133  0.53522251258957754
  0.55168659032395650  0.56663427926867427  0.58236062123556964  0.60350059492828267
  0.62877070572765370  0.64975392016859257  0.66870021240809330  0.68550903715679412
  0.70212836825371228  0.71832428728438447  0.73442814671060153  0.74914494400000875
  0.76109843588659853  0.77186711654461027  0.78214491317448720  0.79232488540852142
  0.80264825633982628  0.81302703571420354  0.82311490496871365  0.83196595640233240
  0.83839718102081928  0.84402139339931537  0.84961230363121876  0.85502955382664525
  0.85945658624502996  0.86377014689851417  0.86998816508225618  0.87812528074416762
  0.88505949554629237  0.89200064990942829  0.89879282941707916  0.90694711165776065
  0.91570536346765674  0.92417888545639637  0.93245134255193796  0.93937760399561387
  0.94482224595738218  0.94929490284002316  0.95363626393120016  0.95798857803991788
  0.96249572125877592  0.96753913910220835  0.97292822518789024  0.97823655105007212
  0.98343687671210189  0.98882307788390800  0.99457025544366184  1.00000000000000000
  0.34160089746795308  0.64715347029404313  0.67871772181784762  0.70295510685426943
  0.72389479877996621  0.73827845890528510  0.74998881419605135  0.76107066553310143
  0.76983878291306440  0.77662018793230336  0.78301127298033535  0.78940999896937403
  0.79574868990927594  0.80213830621918369  0.80860831061020644  0.81473251024600102
  0.82088180955083301  0.82739719208788598  0.83416876845300014  0.84061728352887988
  0.84659628465281134  0.85192142978103857  0.85627160707849492  0.86030421084381781
  0.86445423765662521  0.86922845433510976  0.87398381995186392  0.87774338643711913
  0.88077151411097221  0.88364667248747686  0.88641828872600881  0.88909730602453962
  0.89156061183903601  0.89409908008956085  0.89673773160887693  0.89964817563363009
  0.90244362265096489  0.90517609030304991  0.90811365743258388  0.91138274160017618
  0.91444046466888829  0.91697326518901756  0.91913127723212407  0.92122471880924472
  0.92346010627724739  0.92577610631420360  0.92765538722812491  0.92949921935688817
  0.93123306169654552  0.93309004047093069  0.93505275906109020  0.93725203047385364
  0.93904022804180332  0.94062739358788960  0.94217502441481626  0.94373778651658002
  0.94542673786139708  0.94730700869439677  0.94893460191236645  0.95072999777783096
  0.95249231916541888  0.95433438286694572  0.95621075221820973  0.95784635288488562
  0.95937165870627661  0.96080455042612367  0.96219716317123638  0.96369749805985938
  0.96523946980842568  0.96681282697131876  0.96846103046907817  0.96970113760419663
  0.97050858538383555  0.97132148006824448  0.97210198071738840  0.97286447906141282
  0.97364096245296705  0.97448621674170199  0.97519234982123382  0.97606911834974019
  0.97722228162877389  0.97849048953526296  0.97974769477050905  0.98088026898376579
  0.98196837499342027  0.98307262341436041  0.98423252262010086  0.98543773740033103
  0.98667052613519834  0.98792423154991160  0.98926938103998241  0.99087186745571465
  0.99275334679166272  0.99471245142569142  0.99711740982188835  1.00000000000000000
  0.08327143100019786  0.13963945207490494  0.17216262594229154  0.19225118031641189
  0.21523128459913893  0.23872032459059500  0.25718563818892787  0.27227717165953991
  0.28531000628207931  0.29784235523710850  0.31092144599327248  0.32403174139218427
  0.33731058498315947  0.35017453207121674  0.36256566151278191  0.37318601045937333
  0.38257875558740367  0.39111479713502251  0.39917337955525600  0.40749145451963059
  0.41519617746401483  0.42317118367519235  0.43134582530710364  0.43931887714682138
  0.44688828674027964  0.45282579793215999  0.45829585486976498  0.46352152039558941
  0.46883633873247083  0.47445323932691996  0.48071263862777075  0.48709069921156078
  0.49341061878171927  0.49875757277435656  0.50413171551195568  0.50888568254255517
  0.51360050583307992  0.51865128859246579  0.52433293822125915  0.53150800297644918
  0.53888696747235865  0.54552846177643033  0.55235090767931472  0.55946890301114638
  0.56654056403228037  0.57457775381285547  0.58193365485669613  0.58817339071151375
  0.59357198056928817  0.59871441731567898  0.60370147782620875  0.60766909047002704
  0.61078006995904210  0.61365438140386708  0.61658275399819074  0.61954428471807044
  0.62277988681121943  0.62575630525377091  0.62898553838624627  0.63354157249522758
  0.63848745030928034  0.64406536976445150  0.64948891386174146  0.65489132002413597
  0.66056582626219862  0.66627113495954360  0.67182583283782116  0.67740540690674966
  0.68251852878632024  0.68734560795649480  0.69271112076549635  0.69846627280233120
  0.70424298322215262  0.70978348732105490  0.71513839808506785  0.72117575145986623
  0.72835954280954440  0.73666170560912370  0.74503284531314351  0.75236580828874078
  0.75857414484994989  0.76497869021686460  0.76985694085867784  0.77559638553116594
  0.78254051436233218  0.78993458644892400  0.79863853013122399  0.80808182711795273
  0.81713690947136108  0.82786409905187397  0.84027163352290712  0.85299699964948450
  0.86521595032435106  0.88167075864366273  0.90769845206876654  1.00000000000000000
   1.9622245008981180E-009  -1.0000000000000000     
 F F F F F F F F F F F F F F F F F F F F F F F F F F F F F F F F F F F F F F F F F F F F F F F F F F F F F F F F F F F F F F F F F F F F F F F F F F F F F F F F F F F F F F F F F F F F F F F F F F F F F F F F F F F F F F F F F F F F F F F F F F F F F F F F F F F F F F F F F F F F F F F F F F F F F F F F F F F F F F F F F F F F F F F F F F F F F F F F F F F F F F F F F F F F F F F F F F F F F F F F F F F F F F F F F F F F F F F F F F F F F F F F F F F F F F F F F F F F F F F F F F F F F F F F F F F F F F F F F F F F F F F F F F F F F F F F F F F F F F F F F F F F F F F F F F F F F F F F F F F F F F F F F F F F F F F F F F F F F F F F F F F F F F F F F F F F F F F F F F F F F F F F F F F F F F F F F F F F F F F F F F F F F F F F F F F F F F F F F F F F F F F F F F F F F F F F F F F F F F F F F F F F F F F F F F F F F F F F F F F F F F F F F F F F F F F F F F F F F F F F F F F F F F F F F F F F F F F F F F F F F F F F F F F F F F F F F F F F F F F F F F F F F F F F F F F F F F F F F F F F F F F F F F F F F F F F
  <DiscreteSampler_grid>
  grouped_processes
  1 # 1 for a reference and 2 for a running grid.
  10 # Attribute 'min_bin_probing_points' of the grid.
  1 # Attribute 'grid_mode' of the grid. 1=='default',2=='initialization'
  0.0000000000000000 # Attribute 'small_contrib_threshold' of the grid.
  0.5000000000000000 # Attribute 'damping_power' of the grid.
 # binID   n_entries weight   weight_sqr   abs_weight
    13   10   5.603824146103153E-005   2.029315211387860E-008   5.603824146103153E-005
    14   10   5.603824146103142E-005   2.029315211387853E-008   5.603824146103142E-005
    16   10   5.603824146103153E-005   2.029315211387860E-008   5.603824146103153E-005
    17   10   5.603824146103142E-005   2.029315211387853E-008   5.603824146103142E-005
  </DiscreteSampler_grid>
