  0.00262149751010124  0.01447241868472164  0.02772943876365976  0.04043871962773191
  0.05302090719792199  0.06493930836363168  0.07630278379098995  0.08719037975772609
  0.09791006870835692  0.10845558761886893  0.11934790621211545  0.13077695460526312
  0.14229996308965759  0.15319620674433190  0.16373583558666666  0.17461558132482344
  0.18580778911476112  0.19716209790370670  0.20811981446282724  0.21923905182100856
  0.23031388080875645  0.24167315273813308  0.25238639722703043  0.26287151189516456
  0.27346853129891791  0.28460984260299438  0.29574685868140654  0.30643296774113565
  0.31714727231860323  0.32791893616735474  0.33862956872731326  0.34914753272763976
  0.35966512261394079  0.37045360544223221  0.38112420982084994  0.39179191286220982
  0.40272542217847174  0.41368588089413777  0.42410007673148553  0.43390238366374978
  0.44388379862117561  0.45415539491185314  0.46464610458874334  0.47482596634982965
  0.48534939068360317  0.49601303785375750  0.50651711401340194  0.51669497749013749
  0.52690274407346316  0.53714577484716441  0.54747236454638881  0.55781563270265622
  0.56827873930446193  0.57879927876366988  0.58945480495046565  0.60032668120650079
  0.61126529685687281  0.62212254323266625  0.63258364615611395  0.64280640653210808
  0.65280140208610982  0.66281236183572334  0.67309460137462140  0.68332892669824497
  0.69328669068384730  0.70297783761710320  0.71281661865861767  0.72295049349580998
  0.73336220104260930  0.74435042097926252  0.75544825172621655  0.76622811786689171
  0.77661637082421509  0.78681296978441817  0.79696540385312176  0.80710655254685937
  0.81756404704026775  0.82781279891406967  0.83794120135477757  0.84785709684582411
  0.85748635555918395  0.86690197504634670  0.87632831492384233  0.88587879326909391
  0.89579350295501481  0.90552525308578491  0.91511362808680108  0.92468547532487677
  0.93465028770986169  0.94501896003740793  0.95530903943925605  0.96516880449287223
  0.97445951544766141  0.98324324503885108  0.99166711814444930  1.00000000000000000
  0.00263006427018364  0.01485789968841037  0.02765367511313361  0.03931792436535880
  0.05009590463791172  0.06077473938766263  0.07182579580492353  0.08333296535190762
  0.09471204031808490  0.10565743806146471  0.11651567178026245  0.12706652535790630
  0.13775945971465967  0.14849652310838118  0.15931038576435852  0.17007658087095504
  0.18118813930266847  0.19222963260733694  0.20266635033014510  0.21273322229516817
  0.22270026589440975  0.23304103265194320  0.24375901413436377  0.25469570480066389
  0.26585195043693294  0.27693380788094379  0.28792528391528238  0.29874492988102896
  0.30940290721588526  0.32033559994783251  0.33169237860822931  0.34309027515033169
  0.35364731623357909  0.36387438873218664  0.37412616710132041  0.38488689146155147
  0.39593395201616760  0.40651316468927040  0.41703640121351976  0.42762061002098400
  0.43827962142688687  0.44843988108877775  0.45849052684688640  0.46877905786771357
  0.47939271073344242  0.48983310640303573  0.50039053921805421  0.51086147842862273
  0.52191904210031825  0.53307404247515988  0.54411241436082236  0.55472959754159357
  0.56540046292048685  0.57568265129711604  0.58606063843264256  0.59617214035252686
  0.60657091584189848  0.61682409289006934  0.62732206235953158  0.63820170471477111
  0.64909062796199868  0.65985494717911775  0.67022624625827265  0.68059851252091952
  0.69073364737991227  0.70065447794669233  0.71036777402778772  0.72019167233379400
  0.73012613929454784  0.74026047715524279  0.75054250653224364  0.76106122298387158
  0.77168726287043443  0.78240244357226396  0.79277111684842383  0.80275156944359083
  0.81287541670267716  0.82320750482941807  0.83363154369616466  0.84364973962767020
  0.85341334080860509  0.86350456714412871  0.87360084522406556  0.88379408012289695
  0.89381156005990270  0.90396335007156181  0.91386672893325471  0.92351332147262077
  0.93294346359803015  0.94265050197535316  0.95296408748329364  0.96302072251607940
  0.97234146824337264  0.98161201512232954  0.99050903180395644  1.00000000000000000
  0.00000326994596322  0.00000352924419995  0.00000367784315925  0.00000378809442605
  0.00000389418103467  0.00000401273406149  0.00000414089494015  0.00000427077570579
  0.00000441840247079  0.00000459810250853  0.00000478115161591  0.00000497788289600
  0.00000518307644997  0.00000539688560109  0.00000562178515712  0.00000588049134687
  0.00000617052544522  0.00000646348688648  0.00000677522519961  0.00000712292439509
  0.00000751165614818  0.00000792335690611  0.00000838264990965  0.00000886857975126
  0.00000940208860374  0.00000996872597612  0.00001057115399796  0.00001122275720937
  0.00001191711727235  0.00001265536350634  0.00001344787325074  0.00001431892798683
  0.00001527738191514  0.00001631587426877  0.00001741736125181  0.00001857068142439
  0.00001980071684200  0.00002111615635567  0.00002252371430628  0.00002404842887779
  0.00002572282846267  0.00002756246236489  0.00002954580650825  0.00003167358460019
  0.00003398445430386  0.00003652821067786  0.00003932393858999  0.00004232624911255
  0.00004551853864483  0.00004896037437758  0.00005274357911559  0.00005688561889032
  0.00006140842181848  0.00006625406918946  0.00007151710431789  0.00007711242080997
  0.00008325998387933  0.00009006401253684  0.00009769052251531  0.00010607124053203
  0.00011507141374058  0.00012483770626097  0.00013520065230795  0.00014635510543964
  0.00015854781918994  0.00017223732338540  0.00018813592066878  0.00020632143785178
  0.00022677127450290  0.00024850108808450  0.00027325559786955  0.00030019088086444
  0.00032941117381244  0.00036209159356298  0.00039875392177893  0.00043953853158616
  0.00048653101507899  0.00054125362492202  0.00060273624421779  0.00067554270562378
  0.00076051361402369  0.00086006373236151  0.00096873746773932  0.00109178536904513
  0.00124161796773116  0.00141283133768187  0.00157923601317288  0.00175225837741428
  0.00196558543179432  0.00224599607765334  0.00266311404015965  0.00333482786940078
  0.00445458136885662  0.00635834695855408  0.01149935084733572  1.00000000000000000
  0.00000397567375013  0.00000570709006175  0.00000748012156991  0.00000967193400669
  0.00001172431666278  0.00001370319537455  0.00001562869587314  0.00001763654507861
  0.00001982914559393  0.00002221851572215  0.00002479742534292  0.00002757424940638
  0.00003068808354301  0.00003410793278985  0.00003785798591519  0.00004198014806073
  0.00004665662818370  0.00005211610862062  0.00005836977418454  0.00006503420754678
  0.00007202557759122  0.00007937909440306  0.00008704190140196  0.00009496192515226
  0.00010295965493023  0.00011125639070440  0.00011975824193328  0.00012916020807595
  0.00013880896779418  0.00014903107148203  0.00015978183580960  0.00017106587163588
  0.00018280576914085  0.00019529887814119  0.00020851233671879  0.00022218484115879
  0.00023593382048147  0.00025028627527758  0.00026551299083176  0.00028164761495703
  0.00029916258200642  0.00031744566319060  0.00033666467764088  0.00035665895062495
  0.00037769781175118  0.00040112419324336  0.00042626672628519  0.00045420146426086
  0.00048436542371397  0.00051634790780534  0.00055104938560552  0.00058664307701315
  0.00062385914814361  0.00066264904898585  0.00070329972977057  0.00074630031180659
  0.00079136444020886  0.00083808265698552  0.00088970516228091  0.00094535327602743
  0.00100510337842839  0.00106727153643808  0.00113324705767959  0.00120499467933804
  0.00128280001947496  0.00136685382755615  0.00145093768683849  0.00153389209065379
  0.00161358671529583  0.00169647671062172  0.00178913853472364  0.00189625614966616
  0.00200359101528939  0.00212031914593123  0.00224414445102016  0.00237687546421669
  0.00253147011219766  0.00269301458657205  0.00284833012315658  0.00300565774550780
  0.00316929461656564  0.00334550860129167  0.00354295259890317  0.00378660616345220
  0.00408144064593266  0.00435807140576382  0.00467279352076010  0.00497543500877737
  0.00526104005778507  0.00563157040189515  0.00614211875468024  0.00665266710746533
  0.00709216970734773  0.00751718170171474  0.00934392591192948  1.00000000000000000
 -0.00250086839684405  0.01025506539541613  0.02049166223485990  0.03153798550231529
  0.04226998190020041  0.05381266068435765  0.06563719764386015  0.07723867336574541
  0.08897164896015380  0.10003971547736194  0.11046374122692731  0.12051275827064391
  0.13023087063268135  0.14045963953912502  0.15053333851671211  0.16151165214044189
  0.17255993402173192  0.18376059560834884  0.19433204583329966  0.20455696848026086
  0.21466070424006728  0.22461126522709948  0.23473407823662790  0.24513389620769574
  0.25503171284877985  0.26499361768851665  0.27464999701035131  0.28492025511807229
  0.29485575479326875  0.30484485834642128  0.31445987540102349  0.32422298413307404
  0.33388814013759083  0.34385563612952619  0.35374489168878687  0.36370479690530039
  0.37380605898728259  0.38367397084438748  0.39342486156733680  0.40296797005535151
  0.41275350735040733  0.42224321545683258  0.43169554586500331  0.44116158567612340
  0.45136418294715230  0.46128772214330543  0.47092788184721512  0.48059035722271148
  0.49018438866292707  0.49961774236594864  0.50896754561522606  0.51808352672549973
  0.52743786079373245  0.53686503378360773  0.54680291592522268  0.55723504507809607
  0.56771994713531182  0.57796672382215142  0.58790120467744666  0.59794320401811341
  0.60787524014236305  0.61770796303101638  0.62754058641916355  0.63742683688702684
  0.64717580762771387  0.65672981758561511  0.66672854965305128  0.67717027331157797
  0.68773065255419175  0.69819462857388292  0.70874836006751785  0.71997898471106248
  0.73126407833918128  0.74281539576787026  0.75372519030999352  0.76439522002737770
  0.77497703107002613  0.78592965676185444  0.79739584734435709  0.80902196771337209
  0.82043787413456237  0.83159239925608919  0.84247393069137533  0.85347226046570912
  0.86484173634400863  0.87651275989002730  0.88885414013440400  0.90165082445823264
  0.91479610720201210  0.92761617939311602  0.93998323059807043  0.95191020986862040
  0.96364041516827437  0.97594002497970533  0.98793890058539391  1.00000000000000000
 -0.00210085070744076  0.00818380125036835  0.01783041242631143  0.02785428059860195
  0.03825686347370649  0.04836485235614683  0.05846517992100855  0.06906682308559045
  0.07997373381086550  0.09053375929335222  0.10117403028885912  0.11177759703170798
  0.12271050293115042  0.13347775380284921  0.14422837742950015  0.15486735438808416
  0.16521461548126828  0.17530141459770893  0.18541127759503864  0.19578230187645881
  0.20646917383160313  0.21733552693568770  0.22814317472572926  0.23871537464969145
  0.24899904120512664  0.25939457463103172  0.27007454318750929  0.28060990584556728
  0.29097460821540494  0.30124698028993085  0.31162696536231710  0.32205883513464262
  0.33233724907221474  0.34275495053527727  0.35322496432457379  0.36397006034325002
  0.37449128187724845  0.38497937807254695  0.39525979992923632  0.40577114491635718
  0.41628422190085318  0.42659901715243814  0.43700979512112387  0.44754882585876737
  0.45834399393803033  0.46883613661819756  0.47927073437237572  0.49009766254651116
  0.50126385581341537  0.51250407001592424  0.52335573776170496  0.53389778479861971
  0.54459522071071376  0.55568623531453765  0.56710280137931945  0.57801567146752120
  0.58813915192119270  0.59795031571276280  0.60802625010670608  0.61874771823183250
  0.62954968739930717  0.64027564000909076  0.65072924734350612  0.66113553948097792
  0.67160001360684596  0.68226476686162973  0.69312115206272418  0.70354359393744181
  0.71360196046129742  0.72356224601481800  0.73393353858177646  0.74460225218237208
  0.75512600008441455  0.76557240913062030  0.77610889993741528  0.78663378511559379
  0.79707106008618589  0.80734298845081398  0.81789663736907825  0.82849823073645390
  0.83934686777542455  0.85038855914380107  0.86147167613222109  0.87255734312709565
  0.88331934346216645  0.89382657402026089  0.90398080917437440  0.91408938208937840
  0.92448787972093527  0.93507663208747116  0.94558926651998876  0.95627189879357999
  0.96737742209004896  0.97859844915499528  0.98948110217350260  1.00000000000000000
 -0.00243900811132971  0.00917670253890158  0.01953921788000745  0.02957005375313564
  0.04040403336825683  0.05145664767458611  0.06222842293199292  0.07294508740190370
  0.08332748740758043  0.09439674867923836  0.10551836503402198  0.11700945116638070
  0.12822168000968437  0.13917270260090620  0.15028227810070899  0.16123382198019431
  0.17189985817596706  0.18216260942214413  0.19232416553334886  0.20259164639785798
  0.21289190904803423  0.22298402145237570  0.23323766701583348  0.24329313811367700
  0.25356418067208580  0.26350867139182860  0.27361815315984278  0.28401634004727083
  0.29444233606500275  0.30478913904177779  0.31450135720643646  0.32423335569166789
  0.33413298688650805  0.34400573302809967  0.35371937464804026  0.36322667343246223
  0.37297957944868670  0.38281958572860653  0.39235301842458220  0.40180941797671310
  0.41137463526251733  0.42127097490035675  0.43135221983679989  0.44141228300453600
  0.45158832512287528  0.46156978503886326  0.47148142356945755  0.48126034648748123
  0.49082677627608701  0.50026641005302031  0.50958049348273027  0.51895500017727636
  0.52850068101083847  0.53833344324263044  0.54835915913008526  0.55851591435191861
  0.56843829295350479  0.57819816341264108  0.58785458685103642  0.59745086752344934
  0.60727982662992386  0.61745877963158091  0.62781849566125492  0.63808887417637616
  0.64831993692752898  0.65885916835338099  0.66940929394278459  0.67985594363787893
  0.68997331581678789  0.70003945537747403  0.70996347380551927  0.71987970945467716
  0.72991364348658239  0.74029750085231227  0.75103239270157818  0.76203019373524628
  0.77345389318870128  0.78486812991686805  0.79586878080227719  0.80673306945516043
  0.81785251840996909  0.82921250111597855  0.84028771199834817  0.85152004752815535
  0.86320138121404799  0.87515864516521047  0.88686228587011906  0.89859880270556658
  0.91040921731251667  0.92247039220971294  0.93488417330975104  0.94785802466399471
  0.96081107328652593  0.97355065744479785  0.98645648645374140  1.00000000000000000
 -0.00228185612892327  0.00934511661891165  0.01851064801406298  0.02841497933606533
  0.03824245059581360  0.04850889666473411  0.05893725295489020  0.06974869606992035
  0.08074227113310266  0.09182638266828726  0.10215116410863716  0.11278148360046704
  0.12333606074671774  0.13482738828776769  0.14616223722479674  0.15735307750398772
  0.16830876071397510  0.17921677667261893  0.18974153592405327  0.20018721534633110
  0.21118372055943710  0.22238438961660295  0.23313655088107541  0.24338194684946596
  0.25375022674791681  0.26416901624270844  0.27506968968898327  0.28607715488488861
  0.29708975959191475  0.30801689595484744  0.31876056914115880  0.32972134667046243
  0.34048003978109759  0.35151132772191473  0.36220546411055665  0.37259268976589133
  0.38271216319742363  0.39278091909832841  0.40322267380136539  0.41361905194360388
  0.42378790065622940  0.43372260338966317  0.44390631486297372  0.45463148813765031
  0.46563691809980462  0.47643664676254549  0.48684409395941269  0.49695733270379083
  0.50690728639695815  0.51688521549632960  0.52693960890105318  0.53734153611459734
  0.54797649445727947  0.55817037184277096  0.56808362241701549  0.57743427722384510
  0.58728494802298381  0.59774745389086326  0.60836532990865022  0.61919052741819158
  0.62985683121805947  0.64057765471727246  0.65154980090069081  0.66250569290390382
  0.67340604101736190  0.68370377431145757  0.69406794621267920  0.70456676397518647
  0.71533739698852095  0.72597732681441662  0.73689339303064694  0.74775397890606521
  0.75845366580919571  0.76926794440623580  0.77993251667809038  0.79058690967549738
  0.80112750633199936  0.81195837358881950  0.82301722501214059  0.83386997640572869
  0.84441705938543710  0.85458943172524604  0.86490374756935207  0.87558445457646228
  0.88660152545550197  0.89717387092414058  0.90717081891712825  0.91704937412433341
  0.92739222774323626  0.93810001286208700  0.94866682176887940  0.95950531342971423
  0.96989414348041514  0.98017576303411991  0.98994645379722834  1.00000000000000000
 -0.00224960318380934  0.00939207490314302  0.01965485575088361  0.03065529551767483
  0.04190021324272637  0.05271484659859246  0.06331119945091368  0.07417021317477071
  0.08501957868875439  0.09597492035707585  0.10697440933863829  0.11808832883788493
  0.12929652659340393  0.13984928480523384  0.15001478623774209  0.15987551253770441
  0.17028827202262356  0.18092751904744028  0.19134570888409225  0.20184372444833834
  0.21231483019114383  0.22296638527682819  0.23314858266482991  0.24305056621160173
  0.25325909294273435  0.26353644388351732  0.27377497329233325  0.28414380851078985
  0.29447002682510987  0.30484196886723763  0.31475237559407104  0.32435366657413739
  0.33384515749237265  0.34365268581967168  0.35367400967774865  0.36440597906504169
  0.37493154981361820  0.38609699098765687  0.39701230158275480  0.40825275803899974
  0.41956132329064255  0.43115493897662882  0.44268447757363882  0.45357920879108782
  0.46399278724308840  0.47393651635240053  0.48390830162516107  0.49352520258502236
  0.50336983048902950  0.51341361856709922  0.52395619828618567  0.53475324414738323
  0.54596530645540875  0.55685626099511609  0.56772977921322643  0.57830837041731598
  0.58897844299221391  0.59977829759055923  0.61077819116017540  0.62157779490880882
  0.63183004902283701  0.64207414920743144  0.65259641346765485  0.66336548599405232
  0.67371874244067642  0.68387811020837230  0.69415853087953605  0.70473104288916377
  0.71555560279778097  0.72638381831918919  0.73721937280743710  0.74785331432987889
  0.75804954425994853  0.76825062120052712  0.77839727833158090  0.78863940684913125
  0.79916301472858131  0.80974317807547391  0.82024244670691793  0.83081910742913467
  0.84126575178995944  0.85190540428910133  0.86257088870896492  0.87307811320155970
  0.88320394947593428  0.89330150474393888  0.90342977331980701  0.91390585730679985
  0.92436321137630861  0.93495380991788402  0.94538210064107275  0.95600444068212087
  0.96682622038470534  0.97770672112512969  0.98900131181514050  1.00000000000000000
  0.00010762563866329  0.00016106097637950  0.00026699513579876  0.00040843849701190
  0.00052646240025813  0.00061625782685090  0.00068957287552615  0.00076717551565160
  0.00084455796450202  0.00092177480307292  0.00099951054104880  0.00107714317034817
  0.00115582739326558  0.00123482156350531  0.00131380403913005  0.00139364288723250
  0.00147501581811830  0.00155614229886563  0.00163888578936270  0.00172090096652311
  0.00180506368590754  0.00188846553851290  0.00197184063971737  0.00205601369949160
  0.00213975627337563  0.00222106044959291  0.00230076592372371  0.00238489258530681
  0.00247461249106872  0.00256851690594075  0.00266900260599709  0.00277555567039440
  0.00288403565661966  0.00299116787705491  0.00309394910017345  0.00319341812387269
  0.00328874269755372  0.00339376403386633  0.00350246196984517  0.00360398450761073
  0.00370237206161629  0.00380468304981055  0.00390294778895127  0.00400198284187802
  0.00410702801682647  0.00422030917199536  0.00434418547556037  0.00446824129331183
  0.00458069983031134  0.00469252298582878  0.00480835869575384  0.00492938321941789
  0.00504981653500364  0.00517007292747262  0.00528310683944927  0.00536302125727355
  0.00544959190236228  0.00555256322227555  0.00566784840347712  0.00578200458634213
  0.00590854891776683  0.00606659587995523  0.00622207573940925  0.00636426540576583
  0.00649938496889656  0.00662027216765544  0.00676133896329807  0.00689397518147126
  0.00705222971542369  0.00723454583733037  0.00745451817365105  0.00771634548788566
  0.00786838398193279  0.00795172931412496  0.00803507464631713  0.00811748916033492
  0.00819969209639553  0.00828189503245614  0.00836840529064916  0.00845566197931013
  0.00854291866797111  0.00878482856219005  0.00907372432977454  0.00939770225138418
  0.00975418618364055  0.01016231397400623  0.01067159609702148  0.01115023257575505
  0.01160209128708292  0.01219264709110436  0.01363267743551118  0.01412730331569200
  0.01453056675168060  0.01493525388812019  0.06512127941839792  1.00000000000000000
 -0.00203153356247667  0.00784563105498817  0.01697000671325198  0.02637170542600142
  0.03601263550458464  0.04521310461326319  0.05381700555521797  0.06251244128793566
  0.07129550587153875  0.08038411532094432  0.08994969639485287  0.09986213911073268
  0.11022137260168384  0.12087881399946504  0.13160301905848565  0.14225104437020464
  0.15293029443938955  0.16339524297066230  0.17381980872457672  0.18417938593872749
  0.19489608134790637  0.20576965969536931  0.21638873222189905  0.22674545551572101
  0.23728426984165735  0.24809855100138051  0.25920975645013872  0.27054467698302537
  0.28220164550261650  0.29369450256831209  0.30463990393608670  0.31565672457684207
  0.32661832285621484  0.33816587374454421  0.34960743458234883  0.36108869802477084
  0.37237379477271826  0.38379341322398036  0.39542410332671091  0.40721370603274759
  0.41898171569081977  0.43091255137917406  0.44260855465349142  0.45407687543083192
  0.46493750998393324  0.47555480961392188  0.48591117222418873  0.49595030295927323
  0.50608206198133421  0.51640706325804686  0.52723922004425705  0.53821658014033891
  0.54898772358225634  0.55947178489845117  0.56960106345828987  0.57984299271750939
  0.59033347121029345  0.60053570109185817  0.61059415268092865  0.62110428803947726
  0.63244639560638360  0.64405174087628903  0.65546005508267591  0.66651579997871158
  0.67747750319701427  0.68830871512288783  0.69939499793341031  0.71081741053584491
  0.72251138607895671  0.73415769597107439  0.74544794768281641  0.75670859624559650
  0.76800077043256088  0.77941178630948138  0.79051033021246031  0.80117755293282711
  0.81176084116480041  0.82233115864350659  0.83288134310164263  0.84329351359963423
  0.85359109853155046  0.86389683185259936  0.87428346839200599  0.88458988315024434
  0.89475409333817768  0.90482791583008437  0.91477235043127170  0.92456036222431592
  0.93423070383165752  0.94395481567323214  0.95375997841585436  0.96347498239729790
  0.97296140648459117  0.98196006476934938  0.99120280298263597  1.00000000000000000
  0.40731135543713171  0.51565367811345286  0.57922967598928388  0.58965862529306878
  0.60212366568956843  0.61559905645687629  0.62770882527675131  0.63846202716630474
  0.64816524899363959  0.65706369882446092  0.66544280399559896  0.67331001455542872
  0.68070789453569880  0.68784342540532473  0.69478633631110553  0.70159470735719209
  0.70813089262766593  0.71438797056065395  0.72049531806035827  0.72650019398296151
  0.73232181078761749  0.73785749927510336  0.74312175772143629  0.74820770672298087
  0.75318636576956188  0.75803670834525405  0.76288782663651622  0.76762394032170822
  0.77227528140698809  0.77685870709048011  0.78140420965950563  0.78589255814899994
  0.79025731833702451  0.79447659396125148  0.79857375062756852  0.80256361524084285
  0.80648126621265892  0.81031448965988107  0.81401685360286757  0.81759066763611132
  0.82105578221156994  0.82448735840038712  0.82787296302858182  0.83119051494786433
  0.83435829565324926  0.83735127674884224  0.84024232732561399  0.84309999905701227
  0.84592977931682201  0.84875848699700551  0.85159791848252153  0.85447342765517531
  0.85731176911059137  0.86014658753811979  0.86303762153161301  0.86591546051027357
  0.86877132845254734  0.87161656444783531  0.87443768221856399  0.87726474928792308
  0.88011451934651863  0.88301553348612649  0.88597250436632946  0.88893401103879233
  0.89176240578644284  0.89456537273803283  0.89731047754615101  0.90007122849141352
  0.90288598361583150  0.90580394427300448  0.90878910655941525  0.91174578942658235
  0.91468209123237187  0.91758418754378179  0.92050792898212841  0.92343474305895634
  0.92643750944044867  0.92953275888694609  0.93266512665327606  0.93577982674075666
  0.93891214229037123  0.94207683507564999  0.94521771819031686  0.94835620689285982
  0.95152760475980602  0.95474393738582197  0.95805111156226785  0.96145285371288502
  0.96512355087133395  0.96889910390749190  0.97294420785945301  0.97715759818999548
  0.98182617575167219  0.98699087616122561  0.99291708908388032  1.00000000000000000
  0.01531353117033692  0.16114695009634111  0.17177423601533345  0.18097743229851987
  0.18902970399577562  0.19586391466494171  0.20191064471755629  0.20769861593286190
  0.21342844606425995  0.21925732387103317  0.22512896943742475  0.23070026066948621
  0.23604137742625375  0.24130661163096984  0.24636847116782076  0.25145190284180990
  0.25660171976019264  0.26180923552510510  0.26693349317796344  0.27176664531674144
  0.27640313976735315  0.28094362571798159  0.28558564767823746  0.29025496356327662
  0.29488037063948047  0.29952308468321798  0.30425764546150447  0.30893641810662559
  0.31350996009724041  0.31806169551222896  0.32259695801745430  0.32724506364437767
  0.33196183654511696  0.33670675675069145  0.34135654121431497  0.34601933833073384
  0.35060982325284190  0.35510754436829184  0.35965405679822787  0.36422892001664420
  0.36877157729230470  0.37335332048448233  0.37790971652919508  0.38252497836013299
  0.38719447228049225  0.39177752871945759  0.39634656145375013  0.40097573835742095
  0.40573469217899477  0.41052825296594497  0.41544677238231437  0.42041905471747992
  0.42554549684755610  0.43066875738212002  0.43583542757322674  0.44113727405637704
  0.44657420969343653  0.45198133647294692  0.45743967514644052  0.46290592024874561
  0.46847665150475665  0.47421470523564446  0.48010675248616419  0.48618990409320068
  0.49222470356009701  0.49839595053217678  0.50482906235184966  0.51143029208681445
  0.51802987139717138  0.52461072788598118  0.53142030872486778  0.53818189319447574
  0.54506383366855049  0.55224524342035519  0.55984255961570351  0.56765167585680565
  0.57564835480293830  0.58372501206411809  0.59200135069460647  0.60045700502563071
  0.60953821336832148  0.61903189534414205  0.62892127676305154  0.63871404315341895
  0.64878690989930266  0.65934799909524056  0.67095888141843985  0.68329023846369841
  0.69645428335952897  0.71057165136335088  0.72584199372955593  0.74308947533072001
  0.76260436048000269  0.78506370245281987  0.93525245370504639  1.00000000000000000
   8.5143163057100221E-009  -1.0000000000000000     
 F F F F F F F F F F F F F F F F F F F F F F F F F F F F F F F F F F F F F F F F F F F F F F F F F F F F F F F F F F F F F F F F F F F F F F F F F F F F F F F F F F F F F F F F F F F F F F F F F F F F F F F F F F F F F F F F F F F F F F F F F F F F F F F F F F F F F F F F F F F F F F F F F F F F F F F F F F F F F F F F F F F F F F F F F F F F F F F F F F F F F F F F F F F F F F F F F F F F F F F F F F F F F F F F F F F F F F F F F F F F F F F F F F F F F F F F F F F F F F F F F F F F F F F F F F F F F F F F
  <DiscreteSampler_grid>
  grouped_processes
  1 # 1 for a reference and 2 for a running grid.
  10 # Attribute 'min_bin_probing_points' of the grid.
  1 # Attribute 'grid_mode' of the grid. 1=='default',2=='initialization'
  0.0000000000000000 # Attribute 'small_contrib_threshold' of the grid.
  0.5000000000000000 # Attribute 'damping_power' of the grid.
 # binID   n_entries weight   weight_sqr   abs_weight
    31   10   1.445819846129057E-002   5.742881970612115E-004   1.445819846129057E-002
    32   10   1.445819846129057E-002   5.742881970612115E-004   1.445819846129057E-002
    34   10   2.891639692258113E-002   2.297152788244846E-003   2.891639692258113E-002
    35   10   2.891639692258114E-002   2.297152788244846E-003   2.891639692258114E-002
    37   10   2.992042955698853E-002   2.446534762162772E-003   2.992042955698853E-002
    38   10   2.992042955698853E-002   2.446534762162771E-003   2.992042955698853E-002
    40   10   5.984085911397705E-002   9.786139048651089E-003   5.984085911397705E-002
    41   10   5.984085911397705E-002   9.786139048651086E-003   5.984085911397705E-002
    43   10   1.757940634323633E-002   1.004606368560654E-003   1.757940634323633E-002
    44   10   1.757940634323633E-002   1.004606368560654E-003   1.757940634323633E-002
    46   10   3.515881268647266E-002   4.018425474242617E-003   3.515881268647266E-002
    47   10   3.515881268647267E-002   4.018425474242617E-003   3.515881268647267E-002
    49   10   3.683363002931055E-002   4.433432142907495E-003   3.683363002931055E-002
    50   10   3.683363002931057E-002   4.433432142907498E-003   3.683363002931057E-002
    52   10   7.366726005862109E-002   1.773372857162998E-002   7.366726005862109E-002
    53   10   7.366726005862115E-002   1.773372857162999E-002   7.366726005862115E-002
    58   10   1.445819846129057E-002   5.742881970612115E-004   1.445819846129057E-002
    59   10   1.445819846129057E-002   5.742881970612114E-004   1.445819846129057E-002
    61   10   2.891639692258113E-002   2.297152788244846E-003   2.891639692258113E-002
    62   10   2.891639692258114E-002   2.297152788244845E-003   2.891639692258114E-002
    64   10   2.992042955698853E-002   2.446534762162772E-003   2.992042955698853E-002
    65   10   2.992042955698853E-002   2.446534762162771E-003   2.992042955698853E-002
    67   10   5.984085911397705E-002   9.786139048651089E-003   5.984085911397705E-002
    68   10   5.984085911397705E-002   9.786139048651086E-003   5.984085911397705E-002
    70   10   1.757940634323633E-002   1.004606368560654E-003   1.757940634323633E-002
    71   10   1.757940634323633E-002   1.004606368560654E-003   1.757940634323633E-002
    73   10   3.515881268647266E-002   4.018425474242617E-003   3.515881268647266E-002
    74   10   3.515881268647266E-002   4.018425474242616E-003   3.515881268647266E-002
    76   10   3.683363002931055E-002   4.433432142907494E-003   3.683363002931055E-002
    77   10   3.683363002931057E-002   4.433432142907497E-003   3.683363002931057E-002
    79   10   7.366726005862109E-002   1.773372857162998E-002   7.366726005862109E-002
    80   10   7.366726005862113E-002   1.773372857162999E-002   7.366726005862113E-002
  </DiscreteSampler_grid>
