  0.00224571746102937  0.01592678342066562  0.03009341929942877  0.04285913944037917
  0.05487620967539103  0.06638863494514710  0.07777963614497171  0.08893062901191248
  0.09939539739676516  0.10952257281362257  0.11980615627825558  0.13030469885489807
  0.14131267638400688  0.15253016327956567  0.16398295433224697  0.17519486073659585
  0.18607819432217801  0.19711754782024526  0.20822052284113762  0.21911624030555837
  0.22976464789667889  0.24052364714734414  0.25157830380082669  0.26268218377615227
  0.27355146839229405  0.28425457776646990  0.29492643643457922  0.30567590054555815
  0.31628071494165433  0.32665788484975133  0.33713479867655166  0.34794827118988353
  0.35882080987251197  0.36947301289958884  0.37989205348004129  0.39028400516242850
  0.40047577032889825  0.41021700362917274  0.41981577843909595  0.42965900620161296
  0.43976285828112971  0.45011375944420640  0.46051366019998341  0.47111672647208303
  0.48169140594846566  0.49220475329100638  0.50287808780363585  0.51396284037340045
  0.52507968854701281  0.53579476338627008  0.54616752230041721  0.55628594127960562
  0.56616253538594752  0.57569059999420091  0.58542600751281937  0.59557073364725865
  0.60613125650577304  0.61678310139315606  0.62736095379289425  0.63768471141943261
  0.64796725988031378  0.65836218986322259  0.66891351397062648  0.67922716066800581
  0.68926512889428182  0.69927828553303095  0.70908678171997663  0.71906664861965175
  0.72895407235093101  0.73891964467056570  0.74876055151093235  0.75870046814883385
  0.76895053657443946  0.77925794453710429  0.78941145461585938  0.79964563492622986
  0.80981976823369917  0.82006682367178707  0.83032476821263179  0.84063826683434240
  0.85083897773202988  0.86098044696263998  0.87124929626604874  0.88165239981423593
  0.89205483149367593  0.90230997480853004  0.91233587892333978  0.92210944247825410
  0.93156385906226680  0.94081355153191415  0.95011860901835565  0.95928076545330498
  0.96829081747477508  0.97675841191557478  0.98466038707723147  1.00000000000000000
  0.00242248311135173  0.01419860832875473  0.02722359142851042  0.04006395781753050
  0.05256737333526940  0.06458175951303519  0.07603691777730219  0.08698867583602515
  0.09773325396759494  0.10867973195185386  0.11960727967790875  0.13065148498308110
  0.14134253153966722  0.15188574250208828  0.16219874258464614  0.17259754930466642
  0.18301554136204640  0.19350802262172381  0.20390622743855566  0.21470949109359322
  0.22577398022954032  0.23686877054006114  0.24770714796206245  0.25798438135191992
  0.26835231343799915  0.27856349380926254  0.28918404464059000  0.30002718208119872
  0.31094464590984466  0.32190953655067783  0.33276922394937575  0.34366770361673959
  0.35456704897551006  0.36518439645694167  0.37604369439019075  0.38725936786542459
  0.39826557997473772  0.40879972549921023  0.41886121673395160  0.42879897161049857
  0.43859481217869761  0.44837324896503755  0.45851598041224589  0.46913793898105022
  0.47999933892890312  0.49048848967693431  0.50085056094089997  0.51127493713492700
  0.52174206015137570  0.53237804141358303  0.54288922840802334  0.55375466504160542
  0.56462015038113345  0.57572373764506846  0.58690343228371955  0.59850668842090859
  0.60999828337661743  0.62082609485174212  0.63110111722363660  0.64140335049246955
  0.65204140270144573  0.66282668505065145  0.67347333779892415  0.68395069716928081
  0.69436741467751706  0.70480118673121339  0.71525177097735004  0.72568963292164035
  0.73585750590630972  0.74591160660725186  0.75576209499620717  0.76557383785225375
  0.77552415267009311  0.78585748558451840  0.79655014708136551  0.80719690330527505
  0.81776463212464923  0.82837180056423010  0.83913250902912084  0.84985612935956278
  0.86042908651378602  0.87080018548201410  0.88113709609368396  0.89146878876895186
  0.90154549217587077  0.91134404104965439  0.92077538499366440  0.93016314312138237
  0.93945992407319179  0.94853470498452752  0.95766005147208921  0.96664471688403497
  0.97579030745531792  0.98446152849403956  0.99285656946448009  1.00000000000000000
  0.00000317073534979  0.00000390452200889  0.00000425014417844  0.00000446388159234
  0.00000474070462287  0.00000504737548550  0.00000534982404507  0.00000565712973365
  0.00000599185141557  0.00000635341513331  0.00000673964290094  0.00000714504208800
  0.00000755409180794  0.00000798673358009  0.00000844877634209  0.00000892545420982
  0.00000941660213485  0.00000992495976234  0.00001046501551905  0.00001103994684099
  0.00001163911370013  0.00001224638827170  0.00001287866698008  0.00001355002001125
  0.00001423071513645  0.00001498430486524  0.00001575266640421  0.00001655339270728
  0.00001739794352761  0.00001828126465824  0.00001921007780699  0.00002019790010367
  0.00002122085977010  0.00002225101974783  0.00002331930628141  0.00002445222590838
  0.00002565178429401  0.00002696353209485  0.00002839012172699  0.00002985480127883
  0.00003137395313492  0.00003298150975139  0.00003464055674351  0.00003632496544148
  0.00003821843227387  0.00004012027320313  0.00004226257347784  0.00004455944358098
  0.00004698572859758  0.00004956717820503  0.00005232894786032  0.00005529143304131
  0.00005855684809981  0.00006204248502741  0.00006586427531271  0.00007007406366419
  0.00007484362749948  0.00008015954241584  0.00008603387856757  0.00009255846641067
  0.00009971490325564  0.00010742136829925  0.00011531936691152  0.00012410590610673
  0.00013423793631457  0.00014612111218925  0.00016007049249806  0.00017514016710947
  0.00019227064614601  0.00021187541172699  0.00023501607995651  0.00026174282297787
  0.00029181172552674  0.00032615589140795  0.00036606985137310  0.00041176282771850
  0.00046422783443598  0.00052158257779699  0.00058912451008199  0.00067277670579586
  0.00077314399365684  0.00088524677804632  0.00101701345244970  0.00118422520668957
  0.00141375765207736  0.00172112748467268  0.00209428240120896  0.00253134216258728
  0.00304863784970871  0.00366259853900693  0.00455025483116615  0.00564328841026199
  0.00696450449169237  0.00839429977808649  0.01356067520062089  1.00000000000000000
  0.00000225668516859  0.00000487025571887  0.00000649294072249  0.00000812796725543
  0.00000994812993023  0.00001192903487480  0.00001397327840510  0.00001604229851256
  0.00001823336830827  0.00002059212850817  0.00002335179528922  0.00002640536079639
  0.00002994990800008  0.00003395255192122  0.00003853847512137  0.00004403725500154
  0.00005049120110486  0.00005798913696049  0.00006646938077706  0.00007580135041879
  0.00008571126752693  0.00009603123883737  0.00010683082137512  0.00011808109923504
  0.00012996703015623  0.00014254901439993  0.00015564733795291  0.00016934671771050
  0.00018358962251588  0.00019828575641644  0.00021379428533906  0.00022981985649984
  0.00024656443225309  0.00026415197979247  0.00028271736252512  0.00030232592196844
  0.00032332375030056  0.00034650308145747  0.00037124708168982  0.00039619800993761
  0.00042239200081811  0.00045044387815298  0.00048194227534421  0.00051525681481480
  0.00055041358310049  0.00058442972128929  0.00062066433018701  0.00065956004368207
  0.00069949392697829  0.00074088023560131  0.00078259902278401  0.00082898846305671
  0.00087782592781031  0.00093123994554194  0.00098783784743252  0.00104656768057173
  0.00110385088347517  0.00116440764261850  0.00122862890104177  0.00129175786134755
  0.00135066324743672  0.00140657698206323  0.00146400630383438  0.00153053588324016
  0.00160532324453756  0.00168986034285529  0.00178007095888282  0.00185898546539862
  0.00194034465353381  0.00205501284596446  0.00219062444578169  0.00233863764586904
  0.00246622382669581  0.00256107682546811  0.00265368799088695  0.00274363816731969
  0.00282835196261827  0.00290897581881909  0.00304011577466778  0.00317947233464805
  0.00330613144732008  0.00342330261724508  0.00352808952451876  0.00362329557150723
  0.00372596543205853  0.00384462646320314  0.00395354184452866  0.00405543648029036
  0.00415665658818069  0.00437542354248681  0.00464377231711131  0.00512328473443454
  0.00595007621876600  0.00681824203541814  0.01390307876661720  1.00000000000000000
 -0.00320013472812762  0.01271288130378245  0.02580207785185351  0.03970460208817136
  0.05362775518200790  0.06714461283348090  0.07976647132965062  0.09197067303577071
  0.10427653603976592  0.11666289153970646  0.12908260910979280  0.14138823297179207
  0.15369512239978828  0.16600184689547012  0.17865364263140732  0.19089838058348885
  0.20327006089418972  0.21554776466755693  0.22799889034132909  0.24051524196148039
  0.25177575460237195  0.26249369982479004  0.27303633748864548  0.28426869595420023
  0.29560752000382817  0.30697678829256608  0.31847698355520759  0.33017556931142933
  0.34136119661492920  0.35216444629001986  0.36272698230372102  0.37325067409348878
  0.38393034696641593  0.39481169603000010  0.40585606537101027  0.41669591967741398
  0.42744972506898377  0.43814390188662850  0.44887748753304008  0.45945728794998575
  0.46986031335579825  0.48007913239200251  0.49023100011852166  0.50037853799954668
  0.51052984010818714  0.52049163757787753  0.53038646431269310  0.54037126236861277
  0.55046696088061986  0.56050552437454781  0.57020357490393414  0.57970332423363125
  0.58910026707400576  0.59867824660456692  0.60815885153914606  0.61754847671352997
  0.62696560976652571  0.63656736236067013  0.64644880268842819  0.65640472816751982
  0.66633741592410933  0.67598407976154140  0.68569819002352828  0.69529919124719908
  0.70509132605873737  0.71484969414459987  0.72468042710517511  0.73459477768806181
  0.74420670569210701  0.75372000704253350  0.76315179020798596  0.77280337534014887
  0.78264555490536747  0.79265864803947828  0.80268304827919468  0.81226890252455886
  0.82169592299333827  0.83096305319666686  0.84000148112400708  0.84912490433668542
  0.85850118351116966  0.86849928354011030  0.87847397050834231  0.88848788824064573
  0.89779291887710566  0.90710526713247019  0.91606385482488972  0.92553686192335993
  0.93550708277051065  0.94491234984517036  0.95433355344341286  0.96354983228288160
  0.97295455426118427  0.98195956970288478  0.99090757868277546  1.00000000000000000
 -0.00243554522201115  0.00990312677347046  0.02048662376389634  0.03193304650877883
  0.04305524725863519  0.05418517610175486  0.06539979241980844  0.07661406430540041
  0.08801801753829178  0.09867999381623631  0.10958051833536615  0.12023592548378009
  0.13082044282538030  0.14113832187193376  0.15199248332645479  0.16320098663068677
  0.17380573750745565  0.18388408592216660  0.19420042576731503  0.20483879815727885
  0.21535452018546797  0.22589807160798692  0.23665973587889758  0.24755259598999646
  0.25794345809757191  0.26824263490284056  0.27857838324614848  0.28921605897824559
  0.30002093517636957  0.31063840145433774  0.32072984819958134  0.33075205300325305
  0.34105310999124772  0.35181562108941505  0.36247677052675381  0.37309804326541496
  0.38373610733279018  0.39437728385452397  0.40471718620214986  0.41495506895312817
  0.42507994801420546  0.43546651748206749  0.44599402108198810  0.45640837229063264
  0.46703026139727194  0.47777342623045088  0.48909606946962653  0.49961968774292653
  0.50951301907869173  0.51914545517781141  0.52911067241907073  0.53925414348787115
  0.54951923603218189  0.55997350338411955  0.57070476453286823  0.58164741840336542
  0.59245658319340433  0.60306300428789605  0.61379514996308659  0.62443252671669136
  0.63480159777425371  0.64502998084441587  0.65525341764860656  0.66602088193573883
  0.67686980422154941  0.68770836680513325  0.69818973451119837  0.70859804995740183
  0.71888546150161525  0.72908862941650043  0.73897398412123039  0.74869594960692021
  0.75843926321839772  0.76850562337354600  0.77903795302663614  0.78974412077885525
  0.80069531146582051  0.81157122141065308  0.82252756192984033  0.83331868365078476
  0.84387429207567333  0.85392899091750862  0.86398623855056444  0.87408471277461164
  0.88472818661345554  0.89537822323186567  0.90563451804243500  0.91581587591870706
  0.92595468247752133  0.93656322940616255  0.94764756494875524  0.95846003477754538
  0.96889522066913836  0.97902680103634687  0.98931580452635781  1.00000000000000000
 -0.00287017565008226  0.01220826235726193  0.02449516849923931  0.03757474415369188
  0.05030552024523712  0.06300753475115110  0.07592114925367136  0.08923853853324022
  0.10214541488630771  0.11464652057271257  0.12691727676460129  0.13891397416558482
  0.15098239501652561  0.16319581227547855  0.17583470156955250  0.18839449689181667
  0.20069523090789776  0.21287680876516546  0.22474598356251987  0.23583985550018183
  0.24658438499340979  0.25699691676351433  0.26757140929516215  0.27790077484317149
  0.28830504881401819  0.29849428137005729  0.30870743416825880  0.31902181267366775
  0.32988231400180190  0.34093579796184098  0.35214669032103313  0.36313867284292062
  0.37388694229457536  0.38479118149308600  0.39573652724321307  0.40646471813957813
  0.41681781607225099  0.42680703446722629  0.43690499338714489  0.44716149016409623
  0.45760470636367923  0.46818664093607931  0.47869524362693788  0.48921675566555739
  0.49945059775033346  0.50962459627319023  0.51967686395809864  0.52969253397334870
  0.53957345070270679  0.54913584896872158  0.55848640635815083  0.56796298465525785
  0.57754493954833142  0.58720885845324888  0.59698293673935821  0.60658160056375077
  0.61622015003238917  0.62592325436399288  0.63567732428962775  0.64562159121074947
  0.65565507150655733  0.66581915466333186  0.67599913348560237  0.68605335350545715
  0.69617111622898897  0.70628324263100106  0.71643995734600052  0.72680804290343703
  0.73730200335017948  0.74778255113207048  0.75792258278771885  0.76805162868846677
  0.77792201692472696  0.78779447525259239  0.79758140221224738  0.80753320786358984
  0.81759821024579238  0.82762763776738579  0.83757061275840505  0.84740024168188210
  0.85724516091310865  0.86682305612507859  0.87634875273561796  0.88591209739783106
  0.89554292061468532  0.90523438954173130  0.91478426602337248  0.92455714955299662
  0.93440725114536938  0.94391563791188582  0.95295409058864788  0.96196751976439254
  0.97119637066334585  0.98060908058040475  0.99034001951076389  1.00000000000000000
 -0.00207401196795702  0.00858683874542209  0.01792648124177202  0.02861782599696265
  0.03945014246929732  0.05017563384382112  0.06127343315643978  0.07226902171791268
  0.08346504015890899  0.09426604872108245  0.10475319963399199  0.11520376580623444
  0.12589485910192344  0.13673853142699388  0.14772728416005110  0.15871781826940359
  0.16978274412332936  0.18060531853172199  0.19093890069589570  0.20087448093154295
  0.21078738587999685  0.22105566995036877  0.23193249961207513  0.24288431145740189
  0.25353609028268120  0.26355121096371587  0.27329208135317812  0.28336826423967409
  0.29366202248282725  0.30405532067658281  0.31436355204308253  0.32483048442131579
  0.33545144089315465  0.34595040291377493  0.35653438628004824  0.36704792388841617
  0.37746363793659926  0.38776689847494072  0.39810571847854515  0.40848216956397987
  0.41897705005143793  0.42937648356093461  0.43999579330809735  0.45063273690499495
  0.46130148740441290  0.47178392794949048  0.48219514881759429  0.49258264115409350
  0.50289698478457556  0.51330728764316513  0.52399299700235269  0.53512694769030467
  0.54639229762015695  0.55727587693403102  0.56802517781038564  0.57870787947657010
  0.58927578977637551  0.59962418329728517  0.61011934065067153  0.62103875411455112
  0.63199271471781182  0.64274921297933163  0.65329711735490537  0.66375895182106948
  0.67398548492744059  0.68450763262417069  0.69509682917726401  0.70593590291658637
  0.71657920255328678  0.72702848938365849  0.73743175410541140  0.74778754673861625
  0.75817397279220100  0.76856164630589241  0.77886434428570128  0.78966594924774103
  0.80039495144079087  0.81136810934502390  0.82219615645141875  0.83284206987032872
  0.84348709641964492  0.85442069311931235  0.86567490856906504  0.87641153351666512
  0.88667092728572128  0.89692708686381595  0.90759720763372398  0.91765787273887778
  0.92796329005827682  0.93820449002087203  0.94906686537044105  0.95946349446432688
  0.96938234130079681  0.97969830646990319  0.98970728909509631  1.00000000000000000
 -0.00217509992757700  0.00853318847309988  0.01762481343391354  0.02743818949133604
  0.03750745228978328  0.04816245240740192  0.05870691994188411  0.06947098642105341
  0.08013008732015348  0.09084607312220015  0.10149402533113831  0.11218709432737139
  0.12251699669767814  0.13253077880123348  0.14238041011840369  0.15250638345901063
  0.16284134033391667  0.17284551210764779  0.18286966152487724  0.19334850128794057
  0.20416300556523095  0.21489132919955342  0.22539367939311553  0.23594294369352189
  0.24648199523961126  0.25691009843092844  0.26725618166256071  0.27797191781176450
  0.28899347627183553  0.30023602673395128  0.31148177994394294  0.32299846325830556
  0.33398083697286601  0.34410819034117973  0.35406826375490774  0.36447604944817419
  0.37572795550124632  0.38669660435364833  0.39719552732884689  0.40761024128933021
  0.41834201390625736  0.42922467063715980  0.44012188893111992  0.45082733495044441
  0.46150242157856974  0.47227265187240602  0.48318710941707277  0.49423359973323189
  0.50509039236375208  0.51587086532407522  0.52643164197624603  0.53710037903349228
  0.54774545485090997  0.55821164021487579  0.56858308126426227  0.57907869636433584
  0.58992703296899751  0.60073849204960006  0.61143620561487111  0.62153228281643391
  0.63107421820604326  0.64054974334284331  0.65055695633420252  0.66153992641315684
  0.67213736730010354  0.68241055653021376  0.69285520974921644  0.70382761199628951
  0.71486578075741536  0.72551745251140165  0.73630960243598309  0.74687851612104528
  0.75730334063365901  0.76753246420701449  0.77771054723951083  0.78795582668854081
  0.79812727575254805  0.80862035103027707  0.81924158205396758  0.83016081331727765
  0.84120024616487277  0.85208115098789061  0.86260614754609055  0.87265282162779545
  0.88269714963194756  0.89298848912411011  0.90353037779016743  0.91355967293738616
  0.92359637344807843  0.93412219887447390  0.94507913164187674  0.95564801574029667
  0.96610401875183693  0.97708771406196326  0.98850897815900041  1.00000000000000000
  0.00006519527255293  0.00023197945306434  0.00040305523442978  0.00055636438618833
  0.00067595718043585  0.00076635861846119  0.00085699313794047  0.00094642664319654
  0.00103428904219063  0.00112401192550239  0.00121401598996502  0.00130278021994520
  0.00139002019738135  0.00147517872197459  0.00156100076487577  0.00164775611453339
  0.00173574646196341  0.00182562284090966  0.00191728266905736  0.00201104255866052
  0.00210632094359326  0.00220324628449068  0.00230368951600135  0.00240812478317103
  0.00250645969433874  0.00259813390145185  0.00268597743519989  0.00277443745797649
  0.00286040242613360  0.00294683319844842  0.00303640629349784  0.00312764833131939
  0.00322031527340385  0.00331952805800978  0.00341039204090585  0.00349488060989669
  0.00357712588347425  0.00366029117011678  0.00375262664181205  0.00384854834979467
  0.00393498279911118  0.00402356308713209  0.00411248720882564  0.00419731840386212
  0.00428081879276010  0.00437290210784759  0.00446769760355287  0.00456236316828803
  0.00462438582858662  0.00468960003215176  0.00476339245286126  0.00484043519094972
  0.00492323711721494  0.00501676686481221  0.00512506730653637  0.00526489968289456
  0.00540512278297741  0.00555706150701560  0.00571966855385073  0.00587951408901872
  0.00603324814681947  0.00617894345976627  0.00632081104098339  0.00646847561914721
  0.00662378536816980  0.00683651834241688  0.00699697576734065  0.00711659446060202
  0.00721317855605150  0.00730702814372920  0.00740367915829178  0.00750941372640310
  0.00763664564208720  0.00783056059131435  0.00803876658015261  0.00823325573224171
  0.00849686113205914  0.00889199583244204  0.00914195571277467  0.00929279771193130
  0.00939077317963560  0.00954484375974700  0.00972270689701338  0.00988166836608280
  0.01029669360152738  0.01062228206674814  0.01079682318411088  0.01106798231952331
  0.01147120668335376  0.01300774990942770  0.01513660364624573  0.01692646455806517
  0.01819259335404573  0.01884315764033181  0.02594585639312225  1.00000000000000000
 -0.00203719076695691  0.00820361659213923  0.01773723065089584  0.02793236670810362
  0.03834758742763444  0.04815554834947722  0.05779532712836267  0.06727197997059911
  0.07709746919008277  0.08725673916463393  0.09775830456919495  0.10808663132934491
  0.11835910047266965  0.12871107871849369  0.13914198010941103  0.14958791433124774
  0.15993542733092819  0.17084187186591021  0.18182396300963458  0.19261525171473892
  0.20306703844968810  0.21364950575314345  0.22456612914780702  0.23562858978516990
  0.24657905667697982  0.25752889532724749  0.26860174618233140  0.27987093286466563
  0.29075358091826686  0.30142752518286192  0.31241670755531181  0.32323994110539833
  0.33419004725285067  0.34452764629712013  0.35464344440391549  0.36473440263676643
  0.37508986383793647  0.38580655225422750  0.39659224033053564  0.40708816109379059
  0.41751678915402890  0.42792353415915080  0.43827220000836342  0.44864125566413704
  0.45920412371999814  0.46971814541154167  0.48056814939281517  0.49103614626107439
  0.50168335231159933  0.51209177840790610  0.52250179699130883  0.53248727747315094
  0.54245451894136698  0.55229464781025950  0.56236668513604748  0.57290974271169526
  0.58359619597765144  0.59433310479222468  0.60479648469445024  0.61519046190444593
  0.62574587838517359  0.63694005596737091  0.64849539768166087  0.66036204707524138
  0.67153669897162094  0.68277365269022827  0.69411194193148140  0.70597169059121667
  0.71758852572776077  0.72853698624613838  0.73953343265748028  0.75075115253273750
  0.76203462394171884  0.77306117218343851  0.78399563428146046  0.79521725581338021
  0.80671305731570508  0.81793049470406254  0.82882956337337210  0.83937970239064330
  0.84913032669764488  0.85874004370372781  0.86788395135447194  0.87756419729704715
  0.88793031700903002  0.89831550024313689  0.90823745176058279  0.91795321697933785
  0.92790928512631698  0.93814347032442158  0.94823492865670878  0.95826511606601217
  0.96811601548088422  0.97863304842645915  0.98918354389672603  1.00000000000000000
  0.46488607264998993  0.53780277396476261  0.58322746805184233  0.58982304887244186
  0.59975295776375537  0.60923489071566594  0.61810366776928904  0.62700216256283858
  0.63547884644179586  0.64323160282977099  0.65054932999503812  0.65740874124449344
  0.66393640865084735  0.67014885815268677  0.67618805123590064  0.68212693021071846
  0.68797452887380617  0.69370734028832848  0.69930542211660074  0.70465268636967426
  0.70979769733547726  0.71479811533004034  0.71974309892658495  0.72455858299114428
  0.72925570427807962  0.73382988049797904  0.73845455975056085  0.74300007307147631
  0.74745278716705332  0.75182370760865214  0.75617769232020238  0.76050433063401934
  0.76482231516447874  0.76904027237151418  0.77309403030504875  0.77705068909562469
  0.78093558267461360  0.78478307072785880  0.78865966099027196  0.79246935202020952
  0.79627517784738755  0.80003397759618278  0.80383507398912846  0.80763672749728299
  0.81141777070660648  0.81509257241114363  0.81865638000253460  0.82211073508294008
  0.82553407006492052  0.82891892057864791  0.83223408278758026  0.83548373718439983
  0.83859666562544977  0.84165183991091519  0.84462683921273807  0.84752527413571610
  0.85035258879785547  0.85321731065508988  0.85621060908160973  0.85926898193893031
  0.86238555688768204  0.86555768343756501  0.86873586810281411  0.87193948169775182
  0.87516799322494376  0.87839126257682154  0.88152789046198265  0.88459308283320270
  0.88765897231996960  0.89076625754745631  0.89395511280574136  0.89720949981115095
  0.90058381963204626  0.90401133269125256  0.90748844254119909  0.91099635947626234
  0.91446111775755201  0.91789490714842970  0.92141003374527253  0.92501131544611170
  0.92866650066418266  0.93227296501367141  0.93593567511173048  0.93970351618328873
  0.94350394463621379  0.94725097297214567  0.95099628001794001  0.95483783692363000
  0.95898263755597224  0.96331925969415788  0.96788564860340154  0.97256268238527388
  0.97739334260849497  0.98280443296734143  0.98992189079566284  1.00000000000000000
  0.04547719068264579  0.18236182171178889  0.21819745655969558  0.24297673815520074
  0.26169652287072981  0.27775705883793056  0.29152200872239303  0.30381978550648592
  0.31535982753121461  0.32631619918339599  0.33698424361539780  0.34716891418205414
  0.35664038185983221  0.36558516583843242  0.37433425672188148  0.38295759800993467
  0.39163654696431083  0.40016644433402754  0.40843308975905623  0.41619543797130759
  0.42360745995640731  0.43089754263876417  0.43825331462109512  0.44539402734753752
  0.45214453174897395  0.45851595427046943  0.46470144670424646  0.47090166190356386
  0.47721250919541219  0.48343702759315427  0.48972628179795574  0.49603186063633231
  0.50243699602464631  0.50858130926675760  0.51452654652524132  0.52026432658079724
  0.52617212301635796  0.53195103252624776  0.53780690321914482  0.54361730937634412
  0.54950309437034284  0.55531405886223217  0.56107836052163129  0.56670873035676339
  0.57228271642967077  0.57780083480110411  0.58314900226358568  0.58842014340580895
  0.59354797713296292  0.59865821590597135  0.60383290102404996  0.60896143764505062
  0.61401709310854358  0.61907548867263551  0.62419544935950055  0.62930448614594969
  0.63428705723393364  0.63918418701487334  0.64395450064297399  0.64881915679627999
  0.65370321818935129  0.65858224414868072  0.66344113877143818  0.66833881158094510
  0.67319143181152796  0.67803404013803703  0.68268638645986590  0.68737605926540613
  0.69204381632669187  0.69667233382941363  0.70138947805353014  0.70615743822426669
  0.71102535166077130  0.71606440328793275  0.72125266539517074  0.72655662963309819
  0.73194944712243182  0.73737866513229255  0.74271500969632309  0.74783965068226976
  0.75308860287011758  0.75843393582793084  0.76390298546824709  0.76948662435147053
  0.77538948965690169  0.78126834080808716  0.78754204849824050  0.79392794735552341
  0.80044160133181819  0.80703724286313749  0.81345416099667245  0.82062613873879342
  0.82846362978822208  0.83821675248775718  0.85607569091707181  1.00000000000000000
   5.7083981456945490E-009  -1.0000000000000000     
 F F F F F F F F F F F F F F F F F F F F F F F F F F F F F F F F F F F F F F F F F F F F F F F F F F F F F F F F F F F F F F F F F F F F F F F F F F F F F F F F F F F F F F F F F F F F F F F F F F F F F F F F F F F F F F F F F F F F F F F F F F F F F F F F F F F F F F F F F F F F F F F F F F F F F F F F F F F F F F F F F F F F F F F F F F F F F F F F F F F F F F F F F F F F F F F F F F F F F F F F F F F F F F F F F F F F F F F F F F F F F F F F F F F F F F F F F F F F F F F F F F F F F F F F F F F F F F F F
  <DiscreteSampler_grid>
  grouped_processes
  1 # 1 for a reference and 2 for a running grid.
  10 # Attribute 'min_bin_probing_points' of the grid.
  1 # Attribute 'grid_mode' of the grid. 1=='default',2=='initialization'
  0.0000000000000000 # Attribute 'small_contrib_threshold' of the grid.
  0.5000000000000000 # Attribute 'damping_power' of the grid.
 # binID   n_entries weight   weight_sqr   abs_weight
    19   10   5.128740897844697E-001   9.558285201399865E-001   5.128740897844697E-001
    20   10   5.128740897844694E-001   9.558285201399853E-001   5.128740897844694E-001
    22   10   1.025748179568939E+000   3.823314080559946E+000   1.025748179568939E+000
    23   10   1.025748179568939E+000   3.823314080559941E+000   1.025748179568939E+000
    25   10   1.054825858688968E+000   4.038983947008712E+000   1.054825858688968E+000
    26   10   1.054825858688967E+000   4.038983947008708E+000   1.054825858688967E+000
    28   10   2.109651717377936E+000   1.615593578803485E+001   2.109651717377936E+000
    29   10   2.109651717377934E+000   1.615593578803483E+001   2.109651717377934E+000
    34   10   5.128740897844697E-001   9.558285201399865E-001   5.128740897844697E-001
    35   10   5.128740897844691E-001   9.558285201399848E-001   5.128740897844691E-001
    37   10   1.025748179568939E+000   3.823314080559946E+000   1.025748179568939E+000
    38   10   1.025748179568938E+000   3.823314080559939E+000   1.025748179568938E+000
    40   10   1.054825858688968E+000   4.038983947008714E+000   1.054825858688968E+000
    41   10   1.054825858688967E+000   4.038983947008708E+000   1.054825858688967E+000
    43   10   2.109651717377937E+000   1.615593578803486E+001   2.109651717377937E+000
    44   10   2.109651717377934E+000   1.615593578803483E+001   2.109651717377934E+000
  </DiscreteSampler_grid>
