  0.00000205660555152  0.00000214954326444  0.00000220639891500  0.00000225416970116
  0.00000229774116860  0.00000234185463986  0.00000240043944942  0.00000246947971716
  0.00000253699621892  0.00000258893276506  0.00000263934147906  0.00000269436997491
  0.00000275442765493  0.00000282185564077  0.00000289598523204  0.00000297334031231
  0.00000305055179721  0.00000312966368667  0.00000319912602980  0.00000327167323319
  0.00000335922010976  0.00000345120208223  0.00000354663260021  0.00000365370764693
  0.00000377295942581  0.00000389655960690  0.00000402164094120  0.00000414885881895
  0.00000427069547797  0.00000441008988060  0.00000456191771181  0.00000471410437660
  0.00000485355604506  0.00000496939785912  0.00000510245622729  0.00000524797733163
  0.00000540534393984  0.00000558630825905  0.00000579658815509  0.00000598702643061
  0.00000615880327005  0.00000632336097368  0.00000649028417208  0.00000665754652213
  0.00000683626073623  0.00000703433056446  0.00000725825224972  0.00000748212973181
  0.00000769930283736  0.00000791149581180  0.00000812958852134  0.00000835263146862
  0.00000858050203465  0.00000882329631979  0.00000907235072155  0.00000934970117965
  0.00000969196586722  0.00001009358720514  0.00001051494768194  0.00001093005006450
  0.00001133049885721  0.00001171033289206  0.00001209815087759  0.00001247782531714
  0.00001292397776228  0.00001340102663068  0.00001383341778172  0.00001426271004366
  0.00001477217894510  0.00001539140703160  0.00001615867539037  0.00001707854284864
  0.00001807864384593  0.00001909817007282  0.00002041103297077  0.00002200066910319
  0.00002383349925850  0.00002565257255754  0.00002753476241055  0.00002964656957780
  0.00003196195236033  0.00003465778252048  0.00003822133756794  0.00004259966721755
  0.00004806998686283  0.00005502772066262  0.00006409874274236  0.00007702475883823
  0.00009392634680396  0.00011915496581181  0.00016256122376529  0.00024546152737075
  0.00043051831990257  0.00102116246065923  0.32579417133739264  1.00000000000000000
  0.00001408401081324  0.00001439809227550  0.00001471055125191  0.00001509019088894
  0.00001560067897217  0.00001604266728126  0.00001654258468392  0.00001700110164772
  0.00001741363502693  0.00001782755606707  0.00001825545401861  0.00001869793700134
  0.00001922804145598  0.00001976744210887  0.00002025612951771  0.00002073227138533
  0.00002119379150566  0.00002167102817416  0.00002218929191869  0.00002273759688761
  0.00002331505169120  0.00002400991860764  0.00002476064420141  0.00002551482029266
  0.00002624517592954  0.00002693497798851  0.00002760644015054  0.00002827900926982
  0.00002893675594714  0.00002967654068955  0.00003051891372112  0.00003149297043852
  0.00003251493996891  0.00003363423525097  0.00003477842192027  0.00003590526179626
  0.00003703726079002  0.00003825268011844  0.00003958980919890  0.00004095957511914
  0.00004245142536951  0.00004410035594869  0.00004600431559936  0.00004816702495699
  0.00005034685800103  0.00005291069716534  0.00005565468727479  0.00005858497620323
  0.00006178326136108  0.00006512732392359  0.00006850976618384  0.00007217976808084
  0.00007590228116589  0.00007983603278645  0.00008417426156290  0.00008850543327747
  0.00009353563221884  0.00009905827042277  0.00010546080537487  0.00011314797836912
  0.00012228687091573  0.00013031967456960  0.00013837638408144  0.00014678014441169
  0.00015589200301376  0.00016668427163162  0.00018046093977266  0.00019473251759950
  0.00021390647005881  0.00023706573133469  0.00026412425768912  0.00029170300703534
  0.00032013116662698  0.00035061062415933  0.00038591599113096  0.00043717910387946
  0.00050096043803990  0.00058062480675358  0.00068684181942184  0.00082640934039559
  0.00102805357997494  0.00125417832528799  0.00151117494870482  0.00184607432175848
  0.00232894144067343  0.00301321569003604  0.00405600992256853  0.00512594077901822
  0.00608033713280895  0.00751687885087936  0.01030027117043025  0.01390847683605254
  0.02099287084415859  0.03135618772371934  0.35561777105992204  1.00000000000000000
  0.00138149448997798  0.02606266016385886  0.04439183719072895  0.05897331681331879
  0.07020597040203871  0.08108698173373037  0.09234333712440317  0.10235614285694626
  0.11135675100227209  0.12038593207619749  0.12997053886398532  0.13993939897615365
  0.15032371594087729  0.16074195492640808  0.16942944447988426  0.17606620479274027
  0.18264686191951066  0.18931005838085938  0.19607945763079479  0.20334912247619927
  0.21085516246610697  0.21810438871599852  0.22438815728053269  0.23095859450358455
  0.24019566413675267  0.25027106493762846  0.25973591239364652  0.26925193035943423
  0.27916157480932591  0.28649446492941755  0.29558404146818718  0.30568401013191454
  0.31600216810294540  0.32612870086832052  0.33617760705000888  0.34659584052982118
  0.35701217293647775  0.36753294759140698  0.37813445374106303  0.38856555407211751
  0.40011165083523892  0.41241258180249257  0.42341813827698671  0.43446670380329999
  0.44401860193406933  0.45424160675071018  0.46371122623546940  0.47391344020732196
  0.48440990046469151  0.49485181588450278  0.50556471630538324  0.51666644698726039
  0.52756920856772971  0.53842066645263231  0.54887793781562766  0.55945974486865335
  0.57044068223061495  0.58157748661802500  0.59330403818198252  0.60603117630284564
  0.61953182535402862  0.63154636108945972  0.64302964207168767  0.65387162175713232
  0.66421465690741832  0.67462991788751225  0.68656935630399873  0.69653978831283736
  0.70661847794001409  0.71624757752977219  0.72716839687614609  0.73836032084181769
  0.74883413299661505  0.75916560341979311  0.76976659748368736  0.78073889279156228
  0.79220311487241712  0.80529463290789316  0.81807508390349504  0.83176584613357885
  0.84410017941492665  0.85680693502415917  0.86873679812839710  0.87977429160229936
  0.89015303383810318  0.90107508369168532  0.91303971250146321  0.92379313709370525
  0.93300635196269766  0.94188069605970726  0.95061251945074243  0.95912045561419856
  0.96749462808612030  0.97598612433244625  0.98625237117196674  1.00000000000000000
  0.00000691328010684  0.00000848709184326  0.00001007865910312  0.00001163620768788
  0.00001289249899740  0.00001432305885033  0.00001610471717069  0.00001866631600300
  0.00002170478209242  0.00002533759908644  0.00003047633090512  0.00003658445617183
  0.00004242707416164  0.00004838891903170  0.00005570054902308  0.00006505089273393
  0.00007777226399605  0.00009075402773524  0.00010494696109653  0.00012086717978700
  0.00013807037971092  0.00015531040171266  0.00017249453069932  0.00018848238695882
  0.00020534457737522  0.00022389871735070  0.00024764990132412  0.00027411039201283
  0.00030225487905706  0.00033267275813399  0.00036554646027729  0.00039854211483234
  0.00042925043021481  0.00045829690420123  0.00048785347683223  0.00052116143907789
  0.00055456011309335  0.00058824574022167  0.00062502839012990  0.00066468255245014
  0.00072967238371939  0.00080495610297593  0.00088941566030350  0.00096108848766308
  0.00101989369043743  0.00107327798885764  0.00112493822311539  0.00118197601623881
  0.00124385624107416  0.00128993486816337  0.00133758281466218  0.00138612078543413
  0.00143420008345868  0.00148263253766080  0.00153072670907261  0.00158473334911257
  0.00164943713461830  0.00171765282207082  0.00178822136772591  0.00186246938501601
  0.00196283755019134  0.00206954472693835  0.00217419069928489  0.00230316701852249
  0.00244802563588841  0.00261173313183227  0.00275282916042231  0.00292377472732899
  0.00310628103396679  0.00330187336358213  0.00351836512418343  0.00374445307474284
  0.00396521467477746  0.00418562920597017  0.00439094409143649  0.00459149432830645
  0.00478903034877267  0.00498357721526024  0.00515226322596823  0.00535924695228049
  0.00560876332745029  0.00586975834041592  0.00628865160358472  0.00668096579781236
  0.00704786646472691  0.00739684431252347  0.00804931180893321  0.00998265544591496
  0.01376194945742867  0.01527271420787886  0.01650719708478222  0.01820124427113197
  0.02063971531491151  0.02724812464646922  0.06298537575377343  1.00000000000000000
 -0.00252460615353638  0.00875760847870933  0.01821223598362063  0.02646988373435675
  0.03429597084213272  0.04129909918926471  0.04681721919951327  0.05208157861816521
  0.05745463488272647  0.06248538920376034  0.06776261420546582  0.07333176922713011
  0.07857348654176861  0.08424826357973815  0.09020053194620142  0.09563251848349293
  0.10123795609346693  0.10835971538880336  0.11686836390796151  0.12500605166880430
  0.13211732812657465  0.13922019712103759  0.14763631078249786  0.15693607128870266
  0.16570682398716546  0.17444832653579270  0.18399272704142505  0.19467247823094661
  0.20598365451705816  0.21699255027600325  0.22838598401513058  0.24100376814867702
  0.25419972960528464  0.26594681657877584  0.27621997972571938  0.28601873434249891
  0.29701808239774152  0.30890256089694668  0.32140012439492605  0.33372310075236317
  0.34661816308037324  0.35941599503912097  0.37175647494176634  0.38572795159267054
  0.40116523068364579  0.41618408182785815  0.43088015980686822  0.44474705401737302
  0.45737182630160189  0.46997445541560939  0.48239683028402092  0.49508180284143966
  0.50931942779324413  0.52174945592540034  0.53168917648268821  0.54103126891287889
  0.55077507313628238  0.56193441635868280  0.57449283462868361  0.58608079699949289
  0.59756349541495279  0.61086949677587565  0.62572289738698061  0.64025857438077427
  0.65317956275121802  0.66505983008522707  0.67723913468053731  0.68996656290145386
  0.70564933636703908  0.71905689382219817  0.73118153645061146  0.74305049502676301
  0.75569330199183515  0.76935513266160538  0.78351559620926636  0.79766958017788547
  0.81133793069524685  0.82428353300953150  0.83674746598505378  0.84899366083857630
  0.86075590835164206  0.87264781567589966  0.88351992998071516  0.89469842996761839
  0.90520543117421781  0.91428169940348714  0.92232473820467142  0.93001217349562515
  0.93801203741861361  0.94692822341285932  0.95674043744307069  0.96625024917584945
  0.97591378416638253  0.98462514689309233  0.99265291949793033  1.00000000000000000
 -0.00074221107503915  0.00528080625442627  0.01117190904779120  0.01726895009541595
  0.02325182694375125  0.03034114728434346  0.03737214753995610  0.04446773375267182
  0.05262599779354080  0.06138573756822362  0.07310931907659869  0.08604305528290708
  0.09802985711276052  0.10946952713377281  0.12107098099176888  0.13264472901599994
  0.14399580448040147  0.15461223656584983  0.16498495612863739  0.17581293062599901
  0.18758066534264339  0.20074954636524098  0.21426871187790275  0.22676071109053675
  0.23757779447597860  0.24787041743230301  0.25865106450326009  0.26827918741730011
  0.27682745244533130  0.28530341037779039  0.29517954781312922  0.30608033812494795
  0.31570093685706141  0.32418249065312438  0.33307570417284771  0.34142185843517869
  0.34772973904246318  0.35408372567762364  0.36041292399569785  0.36791235841782272
  0.37875398672341887  0.39087588867850775  0.40115214362449919  0.41047797102406264
  0.42061136715998132  0.43111347297437691  0.44105360013562123  0.45098102581488858
  0.46127199562969423  0.47245461685040968  0.48338310982794852  0.49421615310451611
  0.50449660555148490  0.51578468471938355  0.52831316912537984  0.54177661428776969
  0.55531027409541378  0.56715585500583932  0.57837684819110802  0.59062094350057359
  0.60280270802379732  0.61466243705747903  0.62622985272987863  0.63780188399764148
  0.64920049398800894  0.65962291109299542  0.67036181888677659  0.68078462470857160
  0.69222007393669538  0.70314581514321561  0.71379537370145074  0.72492521200744697
  0.73714413407151125  0.75044311805852526  0.76310870828658273  0.77417412619287029
  0.78406330303081884  0.79485490767132461  0.80680395159687879  0.81958820859582993
  0.83234449597657978  0.84506564548643881  0.85675158525652229  0.86805414866829589
  0.87931375319052940  0.89103782363700323  0.90305135736816866  0.91297646709449576
  0.92231341895290442  0.93143960746580690  0.94155022440003611  0.95300512656691883
  0.96466480307524605  0.97616130857238437  0.98795014779868728  1.00000000000000000
 -0.00200950443038648  0.00811322640914870  0.01547477969251604  0.02310643390961898
  0.03133427693248501  0.04083345763583674  0.05389089245017976  0.07027922456020627
  0.08257338585156553  0.09290469657572911  0.10229439863514571  0.11156404786353873
  0.12042376326286275  0.12755863053903360  0.13281009354681883  0.13850062666200511
  0.14472950525063982  0.15221065777863282  0.15938564259085330  0.16672073449975261
  0.17459187315029095  0.18175691347465348  0.18957980978329939  0.20151067181064619
  0.21259303813911337  0.22291050934890480  0.23363242796574787  0.24743928345914346
  0.26074895142199883  0.27348024467053139  0.28642840438519146  0.30065100048457771
  0.31401783695500884  0.32993675709387621  0.34252223491781453  0.35623297867199177
  0.37038370029488277  0.38341763078985175  0.39579328805197500  0.40982545461202285
  0.42236332959778516  0.43416799879587770  0.44724673732014303  0.46131100886501047
  0.47547964725382519  0.48929614086258089  0.50305855698384927  0.51546371759613696
  0.52743556690713267  0.53935127618051093  0.55146277645327868  0.56417111521893504
  0.57717080720152281  0.59092108956988676  0.60608269133604753  0.62107956988303026
  0.63538802797695770  0.64951169279536480  0.66415789893953481  0.67659401742346625
  0.68843299630728638  0.70008641616014711  0.71280357663935967  0.72506278658542689
  0.73616751961684956  0.74725357040683538  0.75778609500890770  0.76832469296854855
  0.77900316974906558  0.78937072015409859  0.79998231001767905  0.81080563556127683
  0.82099591090673218  0.83073428383496772  0.84004309171132052  0.84856513338526518
  0.85579992442704733  0.86332572093699944  0.87132442032002366  0.88022228324270424
  0.89086616739347457  0.90052128026814082  0.90912581613595445  0.91763903540999214
  0.92646532281645622  0.93612519347721912  0.94293695127608135  0.94932548407058082
  0.95595644791609369  0.96276416870406589  0.97050398511074210  0.97772841578669201
  0.98408089913425345  0.98972443446553537  0.99487570632778943  1.00000000000000000
 -0.00185472206004681  0.00700161127429681  0.01534779228798482  0.02469894323479524
  0.03659207731311233  0.05052556365031424  0.06442942786019666  0.07750163013512690
  0.09038332848593092  0.10302959744776571  0.11418713975383993  0.12438224418630055
  0.13412300071786901  0.14362958880424803  0.15290781634934317  0.16205214522620101
  0.17197618155548472  0.18083493017329236  0.19079495752094847  0.20032282181407390
  0.21005610024107166  0.22126728152625799  0.23185512604567107  0.24239794620326932
  0.25304851531326400  0.26319886299436601  0.27425397435287591  0.28510259381102893
  0.29645751912104551  0.30804419589210419  0.32043911690510340  0.33270247180737256
  0.34486464265162475  0.35689419925749655  0.36928169609550149  0.38124603647737570
  0.39269019596656768  0.40290451220573797  0.41206363324595868  0.42052909589292858
  0.42808120868722349  0.43549142742224944  0.44324635694702819  0.45364362672808572
  0.46558278243612533  0.47824442586954879  0.49008316659413154  0.50173716221947240
  0.51275733856479544  0.52169953755980925  0.53079180751305133  0.53968059885146347
  0.54725821253111873  0.55857163895344120  0.56985167355605948  0.58187179219154206
  0.59294023748066482  0.60381312491033790  0.61683154664495665  0.63057786970213692
  0.64157753913979476  0.64958927577519787  0.65544321889045265  0.66203673329057522
  0.66924633562959590  0.67702499743516942  0.68481086584848072  0.69242028575268999
  0.69994742823526579  0.70821079918148011  0.72212799008890705  0.73685476684732387
  0.74859404594185697  0.75813058145787926  0.76710201929408639  0.77648781293855795
  0.78567241260911791  0.79427527080409233  0.80335006452547453  0.81412169700506032
  0.82698938733201433  0.84081199955214314  0.85410983431243626  0.86492082461029907
  0.87637114476532429  0.88743662654836075  0.89857182211426601  0.90970126074960622
  0.92079043629834223  0.93280797677612337  0.94517879187776754  0.95721826969404478
  0.96902158491500889  0.98069454577512583  0.99046322884721194  1.00000000000000000
 -0.00473632278977974  0.02650253333711304  0.05172309936256134  0.07565507225935984
  0.09678804268965321  0.11639632505967563  0.13699309066291301  0.15633836178012339
  0.17266081153978305  0.18690058116630520  0.20249360775222919  0.21913419021058633
  0.23708904692478025  0.25432345468723305  0.27077187065619340  0.28505443139258263
  0.29957991506336090  0.31266436477964127  0.32171994195563025  0.32965881572934663
  0.33797668860081526  0.34690522973367660  0.35422365309439513  0.36066728149702848
  0.36808371348671975  0.37646238831851486  0.38837430960453911  0.40086832282514129
  0.41364051527316109  0.42535933436915035  0.43510262016184592  0.44532473729062988
  0.45628692165626888  0.46729762109756062  0.48098069864180620  0.49514681203324618
  0.50798973330142305  0.52006601452174728  0.53258052689631297  0.54550754955941083
  0.55795318605045108  0.56969210329124342  0.58080078262030410  0.59125658386365443
  0.60152878176293734  0.61169617890349370  0.62210609394041205  0.63368368892695681
  0.64510289886188465  0.65562627537847140  0.66493836163320452  0.67301666564572371
  0.68026312066231487  0.68763855462618573  0.69530797506651620  0.70332248103490747
  0.71268690782408428  0.72274702952571379  0.73197440992278628  0.73994365177738719
  0.74772843300387626  0.75476758215154416  0.76204787638890681  0.76926028444188532
  0.77692057119238411  0.78478666063304903  0.79283284148098920  0.80060801128240555
  0.80830161923036836  0.81559633610501359  0.82302406907863646  0.83080692828837543
  0.83896619900310798  0.84781616434027507  0.85727281243537434  0.86655543647085198
  0.87529800313879280  0.88358271497045959  0.89116502904274020  0.89791534334425471
  0.90387023614669260  0.90952410449820242  0.91537911636081015  0.92163007193948465
  0.92784035737771375  0.93386862103251933  0.93996539030344628  0.94595078035785296
  0.95195668050610094  0.95788797483613997  0.96396790660687437  0.97038955186172260
  0.97729967120876127  0.98459813273071162  0.99241418798650438  1.00000000000000000
 -0.00217222252583719  0.01014516988615592  0.02087889042757635  0.03239068002099982
  0.04101580702397987  0.05001164826588480  0.05908938573237804  0.06875919212816245
  0.08006125097436430  0.09310245650305786  0.10533206747948148  0.11319153344360899
  0.12047120778366439  0.12752946362788939  0.13445346367136055  0.14124980985857977
  0.14808744443394628  0.15479683941835798  0.16050960181799048  0.16640627483337228
  0.17398059177837372  0.18491588323470187  0.19502158799526681  0.20516509157536020
  0.21466598715285654  0.22362558921073691  0.23455874261300394  0.24494581865707646
  0.25630003446791932  0.26862741902667686  0.28078144214521850  0.29298432172061700
  0.30519491617939365  0.31721900583591350  0.32874579089913120  0.33895056190723022
  0.34791261646397159  0.35841519906342723  0.37067186487831066  0.38089512462665698
  0.38980876133552073  0.39920877838491264  0.41069005924638741  0.42021166075927474
  0.42953201742974995  0.43798522638809001  0.44767676723351613  0.45680596959560615
  0.46568202285032589  0.47495638105334981  0.48474833596057976  0.49509908516522133
  0.50577133359223736  0.51649842447185290  0.52815352943837679  0.54121726912681867
  0.55681140876351476  0.57232945213791431  0.58836039405505169  0.60288938236611100
  0.61586830577863427  0.62776501029527465  0.63981139671995457  0.65207973947430797
  0.66530868775986551  0.67689134968977593  0.68730409730388509  0.69668284669332159
  0.70637938988228299  0.71587564797453396  0.72426895498448196  0.73349010687794014
  0.74551153878584708  0.75760830893983722  0.76912177070110010  0.77986281625464315
  0.79081735556096444  0.80303408318781444  0.81505454816903855  0.82593805769650319
  0.83702477308227408  0.84825801265941836  0.86031787299899776  0.87295270583651285
  0.88499067080322924  0.89700043186404821  0.90841855723583786  0.91962816071345088
  0.92909460703930513  0.93850105812460261  0.94771809971861010  0.95838661983719053
  0.96933097664881207  0.97980137015977309  0.98941120831593943  1.00000000000000000
 -0.00248324682305970  0.01104297931713890  0.02242143105389252  0.03220999338118806
  0.04200499319718480  0.05195368852282434  0.06255846852614139  0.07331673325958007
  0.08455270845220571  0.09671564463207286  0.10995133285278076  0.12261119148397190
  0.13432278820604973  0.14539706496860663  0.15584424442981068  0.16590554359316156
  0.17560805746219699  0.18575677885489864  0.19736035215257894  0.20957125243452099
  0.22201071108440451  0.23486170415151830  0.24806709979000352  0.26026195121771656
  0.27291377351935725  0.28666592618492093  0.29718388972211851  0.30677973758572175
  0.31537625303307659  0.32278950072282653  0.33047088137174718  0.33838171606772333
  0.34695687710944700  0.35705946827815610  0.36885296666741813  0.38009121017980813
  0.38991545158080709  0.39899127743453400  0.40828621047451236  0.41870476711528115
  0.43158193111474041  0.44257421738406877  0.45158974857003065  0.45918396398928774
  0.46664477179446084  0.47463919083342970  0.48351322453215173  0.49343904116751142
  0.50397732208700619  0.51476287414214494  0.52423397034466468  0.53095156775668528
  0.53813449686036918  0.54574495998643835  0.55354111979355569  0.55938577347989693
  0.56462391051869332  0.56981596784719524  0.57617389410710806  0.58306545866804316
  0.59185312906778553  0.60179331819566351  0.61220637146514911  0.62380626162191177
  0.63698726194212352  0.65070575795346730  0.66292399931900503  0.67433370315650509
  0.68548588775671115  0.69784829063202802  0.71001860470537159  0.72240322928437206
  0.73449372176069772  0.74745653552356883  0.76157973917479882  0.77490046473083740
  0.78652087500217049  0.79803557405856362  0.80971789540521033  0.82107479138499118
  0.83181584068907799  0.84355777897419371  0.85609620221934590  0.86786964760204677
  0.88001529115517430  0.89179650353692730  0.90496465153853278  0.91790172633959743
  0.92982096201478637  0.94085186561008638  0.95150329830347979  0.96062137020178484
  0.97005043131391344  0.97955737570564683  0.98930823313403138  1.00000000000000000
  0.44642076345934129  0.54515528286460124  0.57055786019847821  0.59152771964461359
  0.61178408871284817  0.62623027618013638  0.63839962801611161  0.65215441472094582
  0.66403678248234110  0.67569010437155197  0.68654628220836034  0.69735251792796660
  0.70886607400518709  0.71924634928932396  0.72854743772441144  0.73615879038530296
  0.74386755251746395  0.75129995211854184  0.75973117838897908  0.76775425470919212
  0.77367251376019164  0.77822111389185045  0.78282348797171497  0.78769083176615762
  0.79274892467138591  0.79793734109336789  0.80257539216368590  0.80695487202073390
  0.81121749387299347  0.81527323805036567  0.81923537006697067  0.82300492034043737
  0.82660087041220842  0.83068709279064301  0.83549883786556089  0.84021003419887641
  0.84484093316088282  0.84941408671465868  0.85417972168990586  0.85887045535422624
  0.86308593526847033  0.86707405710589436  0.87101994171308617  0.87496045835211678
  0.87907564593897558  0.88328070190789609  0.88733025715834180  0.89091679068383878
  0.89434751938459256  0.89754590163613457  0.90064253863973776  0.90364566517453548
  0.90664525671285523  0.90973839880362450  0.91293320286906321  0.91615313228401296
  0.91924440421872478  0.92216618245896187  0.92482593588237860  0.92729046806473980
  0.92967601336008676  0.93206954930519992  0.93467545769277727  0.93711743922856061
  0.93920776719841970  0.94117986601854242  0.94315697803077114  0.94514256183278555
  0.94713843009152032  0.94910325567859644  0.95118563499291120  0.95360572505214114
  0.95600800205902048  0.95788116130116274  0.95977160631296565  0.96162949921364571
  0.96342981244948467  0.96545182857181200  0.96747058319866974  0.96932997806396604
  0.97100907049852547  0.97257230879440326  0.97410648699568136  0.97576417401030513
  0.97765351265934541  0.97957627426619509  0.98161242100613877  0.98361837626308923
  0.98552969896331721  0.98725605930672189  0.98885078309729602  0.99052015724962650
  0.99238655467287584  0.99465425274053232  0.99722137602586258  1.00000000000000000
 -0.02337861758605336  0.16615558734531616  0.21676485826214295  0.24432968076428507
  0.26409915104091175  0.28292418292230415  0.30166724941764178  0.32041220106967977
  0.33782940779315940  0.35361022404330872  0.36801918056445254  0.38032025404727193
  0.39142477409148702  0.40143022789022281  0.41187469285290412  0.42216102888741841
  0.43264086463381746  0.44362415930513427  0.45427435192407911  0.46462206535794154
  0.47353987294398958  0.48263368534739204  0.49151216288450672  0.50051004973973745
  0.50936503508815179  0.51777771315167553  0.52536972622628531  0.53199890944982364
  0.53850482611744199  0.54513313381474326  0.55279918546682139  0.56057854094058490
  0.56646862969816425  0.57132903880015196  0.57566487054352244  0.57950892223011496
  0.58328444523500778  0.58723455180066764  0.59150667474927354  0.59554719626065866
  0.59940906578081876  0.60278304598683297  0.60662054324097880  0.61079687375725789
  0.61587526552844341  0.62090461063024338  0.62580371267667700  0.63118426790511439
  0.63678351975641290  0.64261336362077637  0.64810377181179368  0.65337808489988347
  0.65878444219013321  0.66427647128835943  0.66978660275389412  0.67519742955289752
  0.68040700401642662  0.68540988848451811  0.69030878357067815  0.69515349525425085
  0.69999171852067554  0.70483152632978063  0.70974849643142257  0.71500573138811985
  0.71913455008580929  0.72325602732306127  0.72719658755027683  0.73102222120864313
  0.73492525183985102  0.73945161289981087  0.74414781616760239  0.74921825110431428
  0.75541899648090804  0.76190055788206357  0.76805054663487293  0.77411613384821343
  0.78029336171690655  0.78686356666628265  0.79307385616913517  0.79927006612633578
  0.80572380184985848  0.81239765635911820  0.82070258135060892  0.82887224184839847
  0.83642352767043726  0.84276913430353773  0.84883701603746720  0.85543752567215181
  0.86295148747194561  0.87062449645684770  0.87728000214479307  0.88322288414840344
  0.88934836290475594  0.90302492263765721  0.97944331138251728  1.00000000000000000
   6.4092662467825555E-006  -1.0000000000000000     
 F F F F F F F F F F F F F F F F F F F F F F F F F F F F F F F F F F F F F F F F F F F F F F F F F F F F F F F F F F F F F F F F F F F F F F F F F F F F F F F F F F F F F F F F F F F F F F F F F F F F F F F F F F F F F F F F F F F F F F F F F F F F F F F F F F F F F F F F F F F F F F F F F F F F F F F F F F F F F F F F F F F F F F F F F F F F F F F F F F F F F F F F F F F F F F F F F F F F F F F F F F F F F F F F F F F F F F F F F F F F F F F F F F F F F F F F F F F F F F F F F F F F F F F F F F F F F F F F
  <DiscreteSampler_grid>
  grouped_processes
  1 # 1 for a reference and 2 for a running grid.
  10 # Attribute 'min_bin_probing_points' of the grid.
  1 # Attribute 'grid_mode' of the grid. 1=='default',2=='initialization'
  0.0000000000000000 # Attribute 'small_contrib_threshold' of the grid.
  0.5000000000000000 # Attribute 'damping_power' of the grid.
 # binID   n_entries weight   weight_sqr   abs_weight
    10   10   3.703432107332598E-001   6.429229159182868E-001   3.703432107332598E-001
    11   10   3.703432107332594E-001   6.429229159182863E-001   3.703432107332594E-001
    16   10   3.703432107332598E-001   6.429229159182871E-001   3.703432107332598E-001
    17   10   3.703432107332597E-001   6.429229159182871E-001   3.703432107332597E-001
    22   10   3.703432107332599E-001   6.429229159182871E-001   3.703432107332599E-001
    23   10   3.703432107332595E-001   6.429229159182865E-001   3.703432107332595E-001
  </DiscreteSampler_grid>
