  0.00232075444095143  0.01529848368171552  0.02743771153210945  0.03897938704045684
  0.05036543905574863  0.06209678260865165  0.07361070207982895  0.08456095086794720
  0.09505347514016975  0.10559863001311243  0.11608700715559443  0.12664612969624639
  0.13702572363903859  0.14735126879472901  0.15763602914165634  0.16804853738486816
  0.17870479175439211  0.18936587150355177  0.20002146440013069  0.21079439320794341
  0.22177454836233465  0.23275505174489888  0.24356536155733696  0.25418695422540671
  0.26480103057793197  0.27563670100230636  0.28668179426525436  0.29756779981031090
  0.30798117902446825  0.31831899712972689  0.32878835134597223  0.33930674568302799
  0.34967843762628098  0.36006357845016723  0.37059588222779738  0.38136999548580258
  0.39234498054146200  0.40344714376886731  0.41451173930362628  0.42550723433001669
  0.43667205527079561  0.44810685749199847  0.45938537256405315  0.47013398336207979
  0.48088531057241202  0.49158824886431673  0.50231240071652850  0.51301264727893170
  0.52371882670955328  0.53442582690588503  0.54509374034079716  0.55587107136579972
  0.56666594257221492  0.57728202468975154  0.58764472682307756  0.59805118924074463
  0.60835377962072978  0.61862489870960613  0.62895559681432089  0.63925434640895284
  0.64959144153435222  0.66007474884726947  0.67062120285118920  0.68128281538441893
  0.69174464988904427  0.70199292790697898  0.71216737011668207  0.72252978803922507
  0.73319474583688560  0.74390179698717962  0.75459394054590134  0.76544428123484065
  0.77623592893276527  0.78678939083922894  0.79735425545873884  0.80808719442559485
  0.81883442611569823  0.82948989996666977  0.83968469821780767  0.84990066852449431
  0.86034293822053143  0.87088464282386979  0.88166345140793478  0.89238800970356524
  0.90297077748043464  0.91355322526371874  0.92378820074978096  0.93368355688427329
  0.94336668254108458  0.95281582122874664  0.96216509446166909  0.97146333421165554
  0.97953264134184570  0.98654975217954588  0.99232606377230814  1.00000000000000000
  0.00279996287212048  0.01488959359654277  0.02799733555257247  0.04053385471486880
  0.05241683584380886  0.06405817938288172  0.07537251204897955  0.08686228855966749
  0.09801526959891113  0.10927654515070699  0.12032109504756182  0.13145215623898798
  0.14255980375025515  0.15359979042612903  0.16500538230053741  0.17651268911035181
  0.18778477409953701  0.19888388911783783  0.20909242374674403  0.21929992095880615
  0.22936139735432032  0.23964956622347267  0.25021420689568419  0.26062727941759462
  0.27103393397939829  0.28145842319543707  0.29206503897304648  0.30296658939608295
  0.31382348844018193  0.32443587835547516  0.33487491572840866  0.34524294030433272
  0.35554511659848720  0.36596494305266924  0.37658830236712498  0.38651592777457561
  0.39557759818621557  0.40471033688801827  0.41429643153130663  0.42527911840689242
  0.43627119376542217  0.44727783064690008  0.45837850049744028  0.46940590832561119
  0.48018878431154405  0.49097478855832305  0.50181632408458399  0.51272477546220441
  0.52360901244068248  0.53423465156438565  0.54458423518319699  0.55473112767008681
  0.56486433435558447  0.57563619897513552  0.58632883748430387  0.59718688837320977
  0.60764117748364088  0.61823647135921189  0.62879882616954152  0.63935743156675506
  0.65005420358160226  0.66070718760598945  0.67146096680327416  0.68222136217052143
  0.69285433422771170  0.70311786601861659  0.71360906472002117  0.72406192611929954
  0.73447651088875243  0.74427732238210265  0.75427644982563502  0.76491360138040676
  0.77603915648291499  0.78708691694927113  0.79798946403863935  0.80823679558693606
  0.81853097390386742  0.82911171399434647  0.83935897735683551  0.84899392894092029
  0.85846547562017983  0.86764252647884144  0.87753102483300138  0.88729107887219028
  0.89695168444537565  0.90742696596799988  0.91788232194610442  0.92843823551228755
  0.93920641945688910  0.94986960950216170  0.95985471040562054  0.96866137756171977
  0.97755350794012164  0.98592156978907552  0.99231632025407124  1.00000000000000000
  0.00008355348692517  0.00023014334553565  0.00028988911354633  0.00033369642146959
  0.00037421775357437  0.00041387614451268  0.00045327658196366  0.00049258756302861
  0.00053210719854935  0.00057143108927123  0.00061046450725709  0.00064933465655582
  0.00068983124381504  0.00073242945016130  0.00077640193293110  0.00082247418709577
  0.00087055901789199  0.00091902051977565  0.00096791325025659  0.00101654603142894
  0.00106689152151059  0.00112000423864574  0.00117549299475697  0.00123362675289614
  0.00129450805227910  0.00135686327156307  0.00141908904132718  0.00148119474945902
  0.00154607426563301  0.00161514962836098  0.00168737882198465  0.00176236046425058
  0.00183929573123263  0.00191759497010860  0.00199923458796800  0.00208525272916777
  0.00217230515177962  0.00226371643632706  0.00234822571950485  0.00244355329940730
  0.00254151944133668  0.00264572576683122  0.00275106931443468  0.00285347076457684
  0.00295582111182364  0.00306384859033491  0.00318379224933354  0.00331823273096433
  0.00344757185340282  0.00357559171915683  0.00370574476198911  0.00386092608829652
  0.00402277796217520  0.00418897915308752  0.00434905169663946  0.00449830946875461
  0.00465482366918357  0.00480770298646732  0.00496802737607658  0.00517778499184417
  0.00548799430567596  0.00583851761602116  0.00615399127801281  0.00645921021340699
  0.00675548902575883  0.00705010334047331  0.00736130704758819  0.00771999407611264
  0.00817828636898830  0.00869397661128421  0.00916212781831587  0.00960074183658334
  0.01006265796975271  0.01048115462649370  0.01089389282264156  0.01132155394230262
  0.01171543710222832  0.01218529070643412  0.01267284495217545  0.01315163037183860
  0.01355396889528902  0.01399207997354159  0.01455531930591355  0.01526371200598768
  0.01612670278485686  0.01717699951117011  0.01848905999156275  0.01950534662776328
  0.01991151944404591  0.02042625857925257  0.02092322741041639  0.02660063424713888
  0.03630566766117078  0.04914679081820413  0.06072038912537267  1.00000000000000000
  0.00000235309128646  0.00000331060236896  0.00000392078035712  0.00000442394606461
  0.00000494038439903  0.00000546376521620  0.00000599504991786  0.00000655624433341
  0.00000714394544759  0.00000775472141292  0.00000839738210075  0.00000905314000540
  0.00000970356750682  0.00001035147619241  0.00001103782054880  0.00001175164160930
  0.00001248058471667  0.00001324937316760  0.00001404221573236  0.00001489481702243
  0.00001579812444837  0.00001671720838499  0.00001765138721757  0.00001862034366952
  0.00001965859355433  0.00002072820384042  0.00002185935585544  0.00002304515956809
  0.00002427126113552  0.00002554824805348  0.00002688396290458  0.00002827656823678
  0.00002972276675836  0.00003120723125471  0.00003272369822242  0.00003429179297277
  0.00003595035967807  0.00003776111999040  0.00003970954048255  0.00004176566299557
  0.00004391022446379  0.00004613937073167  0.00004851196130488  0.00005105782409973
  0.00005374912198342  0.00005663267711561  0.00005970635246086  0.00006311744878262
  0.00006683455626519  0.00007080143522611  0.00007510691745043  0.00007980900421910
  0.00008484880513861  0.00009027663487318  0.00009629595512910  0.00010303650494967
  0.00011055041208268  0.00011901866247926  0.00012849742251788  0.00013910235690262
  0.00015124744482326  0.00016522294395770  0.00018116768064413  0.00019911544904241
  0.00021953231970074  0.00024282862234614  0.00026833623165405  0.00029669192608423
  0.00032854301436090  0.00036584549817082  0.00040753855566842  0.00044970602844067
  0.00049538948024983  0.00054864940247142  0.00062147532179357  0.00071011715692413
  0.00081874529372374  0.00094582570308200  0.00109538922317452  0.00126642628059331
  0.00146817465255122  0.00171714772153039  0.00201827626509234  0.00237657412921679
  0.00281019846342256  0.00331713785831488  0.00393875726601452  0.00477433662620930
  0.00601270845939995  0.00736027873720824  0.00863693291393519  0.01013683034116794
  0.01218612110467772  0.03269814892921979  0.19428130834837642  1.00000000000000000
 -0.00254364867794028  0.01031064898621894  0.02114156354900244  0.03294580409653401
  0.04496150374956494  0.05729888868704901  0.06961391026503704  0.08185016027135240
  0.09418415011908550  0.10640442801165718  0.11852667887518120  0.13062412573004092
  0.14273158100277522  0.15487926465985810  0.16710161461819162  0.17950204877818701
  0.19202667259148457  0.20433959300806215  0.21619729682915895  0.22770103092648672
  0.23908542529149626  0.25048434102247019  0.26176583432134110  0.27308741362822109
  0.28439888206946440  0.29557029342473784  0.30699216520758282  0.31876079426741066
  0.33068308676593960  0.34232665408430391  0.35390613666411147  0.36560206431321407
  0.37718997017875500  0.38843496017710433  0.39960479383779512  0.41093502178781727
  0.42242893983123847  0.43376709849787337  0.44509618239480087  0.45636043285205791
  0.46761944063495425  0.47890472878146678  0.49028162081581644  0.50164091082439732
  0.51238621948695962  0.52295671573369829  0.53322664879092241  0.54382163007306816
  0.55436770404631031  0.56492903276997675  0.57582694027444847  0.58643875852469618
  0.59713405971920130  0.60775322111065344  0.61862375349408083  0.62933021081181706
  0.63978266102211212  0.64991210917765863  0.65990126679746419  0.66997686355124775
  0.67987694755169492  0.68982087247901647  0.69956667808913042  0.70931291320908896
  0.71934100015379132  0.72952798585783962  0.73948197467274202  0.74910626186458129
  0.75860933440703282  0.76831950969848772  0.77834863133857835  0.78851880555346265
  0.79863841218141562  0.80865036043790939  0.81846720891938562  0.82767203121099275
  0.83596042588625530  0.84394869305347608  0.85209015515397624  0.86063457857531478
  0.86964699635760201  0.87825108350481773  0.88694428109199275  0.89642748602743982
  0.90594051694955136  0.91516316953967647  0.92338094139023874  0.93105473256174298
  0.93913762414966651  0.94722151608605143  0.95651074855215157  0.96524753281887232
  0.97397359946904372  0.98226021284682363  0.99155438174050237  1.00000000000000000
 -0.00245066667330916  0.00924077577103676  0.01935565706573412  0.02986274524740991
  0.04060479686478662  0.05181342903900633  0.06307054060662537  0.07398851572716723
  0.08465190159286010  0.09534101827238450  0.10642060966835165  0.11707537387237869
  0.12778199344239419  0.13860487999158294  0.14935749009961583  0.16024824461654957
  0.17122400399051299  0.18245211977487288  0.19348480490355671  0.20444996811049801
  0.21528943801697739  0.22610205120731347  0.23689833165265145  0.24764332742997452
  0.25839491112510510  0.26915634487592355  0.27961254287537979  0.28991455793212345
  0.29995219709616383  0.30884216635989520  0.31800153105409035  0.32713275816998599
  0.33688639152402289  0.34695205187251810  0.35715758511224077  0.36697688682432961
  0.37667574166165030  0.38635360010593484  0.39605810066737596  0.40685883989683630
  0.41742464111655730  0.42809388339939686  0.43872411344000534  0.44931371841167650
  0.46013552581412442  0.47087236193390419  0.48168670425699539  0.49254295725864267
  0.50377481347733177  0.51483418382358115  0.52539881719127324  0.53555075108037753
  0.54594966557291635  0.55692691861771793  0.56843864322414051  0.57973269175642661
  0.59077453132021374  0.60139760543139853  0.61177402199234177  0.62191120944477141
  0.63202540437973043  0.64224670472231249  0.65274205193710244  0.66338982102577249
  0.67430220653104977  0.68514188806657605  0.69538269848629319  0.70560737502921755
  0.71613682991351302  0.72682484460930874  0.73703513010576960  0.74725506200954395
  0.75796148508066929  0.76891812306791851  0.77950151539479151  0.79011010808266147
  0.80105850091089248  0.81188029877385015  0.82241651204296440  0.83260664936214246
  0.84263170491033001  0.85271077647312665  0.86302469145935667  0.87339966538916780
  0.88389455911691273  0.89405232365950116  0.90426456458346072  0.91480877291686435
  0.92518079597069847  0.93579247553906186  0.94608311114952681  0.95688983171517317
  0.96753577891899145  0.97834174311800981  0.98916327035225926  1.00000000000000000
 -0.00939483256896937  0.04408965590901524  0.08368120734499193  0.11723496946334777
  0.14640376052104317  0.17291744525967645  0.19670769927973047  0.21842172728819853
  0.23902921759099363  0.25902113024770052  0.27780181335816534  0.29500079864335993
  0.31115004559725512  0.32693181151023437  0.34243838583500791  0.35762664255331372
  0.37232151650459738  0.38627847959653039  0.40027841461950964  0.41405861711273495
  0.42693239268584049  0.43921063455758352  0.45123695126932445  0.46332796604689847
  0.47468304086923535  0.48600616649096912  0.49710239554365321  0.50814510082188857
  0.51887464889294854  0.52949476668535578  0.53988741457437495  0.55002955577012203
  0.55997121493390212  0.56992843546607508  0.57963142238281162  0.58948321467335596
  0.59909685194285422  0.60857794951918986  0.61746401986897326  0.62658763162271547
  0.63463142835815956  0.64260111640769790  0.65031153208204717  0.65808322775895534
  0.66632738516534140  0.67452765573854923  0.68258927565759087  0.69033944997276520
  0.69794112498807881  0.70563518512876433  0.71321706465967893  0.72024289534352670
  0.72714267666131593  0.73396580506533360  0.74122458939204239  0.74863151361254920
  0.75563266089579251  0.76229891828655039  0.76896807378100329  0.77575830316588923
  0.78291646348690969  0.79013152223141403  0.79714728836495063  0.80398649873779204
  0.81083659208449343  0.81782650206133156  0.82501747705848805  0.83219205146537523
  0.83908439332158158  0.84572412923600793  0.85237037220213097  0.85877991695466216
  0.86498308443684790  0.87120401935555469  0.87752873638639517  0.88394326811168344
  0.89029458332761024  0.89652148028483181  0.90262541373992033  0.90871205181966475
  0.91488808396827370  0.92105987315443516  0.92708550121561228  0.93294401769407787
  0.93875036117837962  0.94464299107690874  0.95057196755031814  0.95631297672479576
  0.96182437889824324  0.96718879891770448  0.97259393610518974  0.97812780208899130
  0.98376089542708833  0.98936609707149681  0.99478646321357234  1.00000000000000000
 -0.00230641470534120  0.00896964459722403  0.01969077582605755  0.02994090251315358
  0.04123793928856839  0.05172777953859408  0.06231082430922293  0.07265788507428095
  0.08280787943810186  0.09287636194233435  0.10301484503338026  0.11396668947917113
  0.12531318616372442  0.13617189722788275  0.14687692642257316  0.15765541623349746
  0.16852712718553597  0.17907017844529824  0.18963677308579591  0.20050833945491020
  0.21158139545567869  0.22278523760760127  0.23378646020735269  0.24466870105189192
  0.25538564606922359  0.26617230658329483  0.27700744014948125  0.28785954562245109
  0.29881639323122966  0.30993846963156280  0.32079361660493699  0.33158185597858847
  0.34232375915201030  0.35321084887628929  0.36384061909129684  0.37455154126089929
  0.38523615616439033  0.39590737772716661  0.40660801181595313  0.41739998992390476
  0.42804774580704291  0.43858634613000591  0.44921354246470840  0.46007081879776368
  0.47087936230104060  0.48123745714717958  0.49138350152915133  0.50148412748406723
  0.51143403701388812  0.52139433931623280  0.53137323292661864  0.54158722383166746
  0.55211538682571559  0.56275812635418387  0.57353212166779588  0.58405520177087877
  0.59433305843086115  0.60496774271559006  0.61568846919883413  0.62658023512035388
  0.63725864272756261  0.64791921939554087  0.65866681221436019  0.66947803184102650
  0.68016520564152017  0.69100609688922965  0.70173494911779200  0.71196664913005048
  0.72077680791943233  0.72944410953916639  0.73798021044853623  0.74808385261436128
  0.75868262791968077  0.76956839504759444  0.78006124894175843  0.79071034234664572
  0.80082369883120974  0.81112419194991592  0.82160261756678132  0.83238844881018692
  0.84369865875660754  0.85478268881573638  0.86556938393339933  0.87627980025510077
  0.88664655014581539  0.89692348437803437  0.90674824982742408  0.91680427194448166
  0.92722371359262112  0.93789758535449186  0.94815154959621661  0.95797996782565176
  0.96789787928933424  0.97758732926036418  0.98882116001700382  1.00000000000000000
 -0.00020806043742781  0.00073637079658449  0.00229285317573074  0.00397938213969844
  0.00564070466091740  0.00730838107210477  0.00905464080121375  0.01088454210346658
  0.01280982781614741  0.01484575991173080  0.01687494574751286  0.01880332480520289
  0.02082819993885899  0.02296883751875513  0.02531225516992345  0.02800541894694293
  0.03087029560009694  0.03394653241270949  0.03706293927756248  0.04025373807443217
  0.04387179519195800  0.04770545310483777  0.05163133061753170  0.05565213395485733
  0.05979963318500724  0.06412915979645503  0.06866341072799449  0.07337772773242419
  0.07829417945347110  0.08350266878127985  0.08906911275514626  0.09489748301240246
  0.10092040688297622  0.10727934253000276  0.11404769749025410  0.12106998417991775
  0.12854188714959969  0.13651101032787161  0.14503007221731770  0.15404627765584411
  0.16349926480731947  0.17353572603249903  0.18434791394387945  0.19587035552078561
  0.20800300962971011  0.22088999797151260  0.23475703558421293  0.24976143646473309
  0.26586565182343130  0.28335659547109687  0.30209857410938129  0.32244054709078446
  0.34449463473251085  0.36838028627205061  0.39427345402602970  0.42220451315652469
  0.45156934389457343  0.48342593315859583  0.51794159504835657  0.55420211484003068
  0.59088185046040653  0.62647636816893548  0.66025661190421059  0.69201406932009857
  0.72047119892551914  0.74627203792102759  0.76915848645406770  0.78950588646793285
  0.80754739568681844  0.82388134022506387  0.83884647572459958  0.85239267307579825
  0.86476463949347049  0.87625864855548341  0.88677349756377388  0.89667450458208608
  0.90596342016624332  0.91471192739844731  0.92262872507282745  0.92992092730308817
  0.93674314552026849  0.94300372460634896  0.94874570828065874  0.95416849526609615
  0.95922922793293164  0.96394260948076604  0.96838019073106751  0.97263001519083359
  0.97669499470230314  0.98056596718918942  0.98423133412559849  0.98768226930152259
  0.99094849713127664  0.99407551134223604  0.99708332937563338  1.00000000000000000
 -0.00225600823209050  0.00906099209657122  0.01877321348423194  0.02932656119199741
  0.03999425696793140  0.05006739430128730  0.06045136392128171  0.07073712903735008
  0.08057634089135003  0.09050958978576165  0.10060615972341001  0.11121069184622588
  0.12198919591640579  0.13292049295125000  0.14365786539058578  0.15393649724538355
  0.16391089347666821  0.17386944739988391  0.18401156814669434  0.19448090451717950
  0.20528545498157685  0.21637324851030662  0.22768934581898451  0.23874903499095948
  0.24955236024587182  0.26023736117821727  0.27073299471399742  0.28115332948714900
  0.29141748571102316  0.30181309422006186  0.31255155334754486  0.32324774171663623
  0.33392744828780074  0.34443370532118012  0.35480836500102836  0.36525117402787866
  0.37559449705480624  0.38600692138853920  0.39621097287853280  0.40611168045397511
  0.41631137568917864  0.42669120766852392  0.43691439130766119  0.44690245916885091
  0.45714226283019033  0.46788337225501536  0.47889368177776043  0.48891208356847704
  0.49849092514278615  0.50798597889547592  0.51765139722868880  0.52822132003046829
  0.53870774900715646  0.54916869242960809  0.55998007115544468  0.57105193918059505
  0.58188910177565878  0.59279519341217257  0.60373107184988739  0.61486269076347655
  0.62577002424169692  0.63647526688612266  0.64712025201760404  0.65794015756739643
  0.66887051371652340  0.67972273883001322  0.69078755097211197  0.70186401182639002
  0.71268417650066462  0.72330127413540324  0.73411956851619009  0.74531486527129720
  0.75655186190912604  0.76760287312096520  0.77860541728771149  0.78916627395144512
  0.79923826894481242  0.80919352362059271  0.81919828389707927  0.82940482802067672
  0.83963809900398279  0.84994853572804296  0.86051572552053879  0.87130725298410439
  0.88244254313741188  0.89344502232728096  0.90456125828099321  0.91554418109509894
  0.92698535918123259  0.93798222060510561  0.94782557244188603  0.95786985818187775
  0.96721007369926992  0.97831362183087134  0.98908040839683564  1.00000000000000000
 -0.00256498300988444  0.00980111681567335  0.02051550974124937  0.03157569885146487
  0.04263643996716521  0.05308691418533222  0.06377059243198376  0.07424119723911501
  0.08329291543639697  0.09238488156334931  0.10150573875595313  0.11155550447664242
  0.12248941759916769  0.13296887867538199  0.14307039928017540  0.15308660660904766
  0.16299304745205523  0.17342420870049405  0.18432576117094041  0.19531651785980855
  0.20633830450469798  0.21720814431818927  0.22810901490419350  0.23876416442182430
  0.24917825068898600  0.25931220731672533  0.26969401872475618  0.28034283192661130
  0.29106193719418649  0.30175926405219500  0.31266663787517462  0.32367965353604805
  0.33464510895953342  0.34526444629502612  0.35596414086323863  0.36699646940862585
  0.37753983106585426  0.38762172922988575  0.39758745414209012  0.40753724291788973
  0.41773851288765429  0.42799084145829053  0.43849100266640295  0.44915321733401958
  0.45957031417273969  0.47011383444901678  0.48101371136406446  0.49230059757939232
  0.50357894179335561  0.51459611316792830  0.52537159491049013  0.53616888610029256
  0.54711077890577675  0.55781728973353295  0.56798535799814753  0.57759078320899526
  0.58734496524981561  0.59743654512061728  0.60810905654690683  0.61878480876656505
  0.62947095768789718  0.63991644931038405  0.65023282900962576  0.66068514933163147
  0.67080604697092328  0.68098810934826937  0.69139234834702012  0.70191805489915327
  0.71259553680801413  0.72230134907586852  0.73210145689406159  0.74221539796505254
  0.75237599231238128  0.76285836787456629  0.77345842552178468  0.78413919771462282
  0.79472538103528900  0.80550893400591062  0.81655416868612485  0.82767912858745762
  0.83862669186710559  0.84896378416309037  0.85914133502130230  0.86904812581297708
  0.87889338866163524  0.88882206646839912  0.89910963679974432  0.91003256380882214
  0.92103578859791224  0.93225263765588195  0.94342098039050359  0.95477181808698919
  0.96605581399928886  0.97748609792658270  0.98856010561720098  1.00000000000000000
  0.50623795468790778  0.58907050754249379  0.62574009313640433  0.65570437672666726
  0.67525201466833829  0.69000222672668787  0.70214800740825911  0.71266468118582127
  0.72189717809469189  0.73012058537775149  0.73746647231884721  0.74441158038669020
  0.75109466961028648  0.75712093053351393  0.76274757504162316  0.76810704718355749
  0.77342233103438152  0.77843709702730568  0.78331603375470693  0.78805844580814632
  0.79261651751944517  0.79695002326350795  0.80115185999783434  0.80533710164622940
  0.80945043877916067  0.81347777786197784  0.81737518532801667  0.82119936130949955
  0.82495931565342251  0.82865256902571671  0.83225350147616539  0.83571476770055142
  0.83908083404439948  0.84242804856285880  0.84576415853254738  0.84905983815639274
  0.85228658074319408  0.85537474792585932  0.85827951302299443  0.86121894420020917
  0.86413521067658261  0.86699181195816333  0.86981683267569820  0.87257883050846841
  0.87532300087798109  0.87801774221714002  0.88063808759360562  0.88331799047324833
  0.88591673505637347  0.88853234687802263  0.89111473828198318  0.89365569164848768
  0.89618105520070901  0.89868129327264079  0.90113541157897326  0.90357822373191199
  0.90599406771675139  0.90843327823430087  0.91082833562920462  0.91321140369082954
  0.91562408227968661  0.91805522384421778  0.92046307694004192  0.92286532248261688
  0.92526754669452072  0.92764750542662078  0.92998443817053511  0.93227654580792729
  0.93454817601657081  0.93679836032763231  0.93898997063230771  0.94114625360192639
  0.94330422418037230  0.94547180540020992  0.94768681108472541  0.94990443091159937
  0.95211785973974650  0.95433963788934950  0.95656606956363976  0.95880862037942760
  0.96111378355891997  0.96346748474707022  0.96573538412699012  0.96802006386015149
  0.97031395282783972  0.97265320369115082  0.97500108932021889  0.97734218546052509
  0.97972274420887806  0.98220355347574184  0.98483474323479581  0.98763613898951275
  0.99052639982115287  0.99336676539684077  0.99639130774113904  1.00000000000000000
 -0.02333948832091725  0.18832363238098360  0.23694135361675386  0.26853329718897312
  0.29145094372930080  0.31074474457243445  0.32762722493759500  0.34290014578121170
  0.35661919303838147  0.36942679263372624  0.38109594456598661  0.39205868792698378
  0.40230073396182336  0.41223705910232422  0.42178167706756864  0.43070156598757198
  0.43917974749862515  0.44743327864707261  0.45538270660721258  0.46303023356406237
  0.47057472641597453  0.47800494362898727  0.48524801352641517  0.49222927059104482
  0.49899560532587123  0.50564508640904404  0.51221681065403635  0.51874811401433774
  0.52514454690329493  0.53141476896585882  0.53760373476586854  0.54360855024575927
  0.54940215692838434  0.55506425451748620  0.56064270215521483  0.56612824203783496
  0.57156709022822794  0.57695977749363436  0.58221413147399037  0.58740658801064749
  0.59250795628299968  0.59766012202980379  0.60287449402158855  0.60800124213365847
  0.61305051703474578  0.61800701224795196  0.62288137699752433  0.62774048003926219
  0.63259140310833695  0.63737933639518374  0.64213119553726150  0.64692389472193312
  0.65183329314463567  0.65687999711957290  0.66167848696958986  0.66607659804610064
  0.67047049786554036  0.67489422497869622  0.67956157057730526  0.68446661470509673
  0.68926128939055331  0.69408182573715083  0.69891460076200929  0.70368057198531353
  0.70838008199987113  0.71307967812782591  0.71776796996596337  0.72247808978247052
  0.72720772491640995  0.73191643281043783  0.73659082000753995  0.74116494804304045
  0.74572157746864887  0.75038049477006519  0.75523592431225040  0.76003867891963062
  0.76499595259121866  0.76978910229759845  0.77473852354300243  0.77961118266807183
  0.78465727370901273  0.78972514175813646  0.79480001054918958  0.79990023476036098
  0.80519822590613477  0.81050045576104124  0.81583667280523153  0.82156161480628820
  0.82796392068154656  0.83538246991904197  0.84372526756059363  0.85291126670799033
  0.86413471269490783  0.88187418081009294  0.91768295153705259  1.00000000000000000
   4.9656471762559241E-009  -1.0000000000000000     
 F F F F F F F F F F F F F F F F F F F F F F F F F F F F F F F F F F F F F F F F F F F F F F F F F F F F F F F F F F F F F F F F F F F F F F F F F F F F F F F F F F F F F F F F F F F F F F F F F F F F F F F F F F F F F F F F F F F F F F F F F F F F F F F F F F F F F F F F F F F F F F F F F F F F F F F F F F F F F F F F F F F F F F F F F F F F F F F F F F F F F F F F F F F F F F F F F F F F F F F F F F F F F F F F F F F F F F F F F F F F F F F F F F F F F F F F F F F F F F F F F F F F F F F F F F F F F F F F
  <DiscreteSampler_grid>
  grouped_processes
  1 # 1 for a reference and 2 for a running grid.
  10 # Attribute 'min_bin_probing_points' of the grid.
  1 # Attribute 'grid_mode' of the grid. 1=='default',2=='initialization'
  0.0000000000000000 # Attribute 'small_contrib_threshold' of the grid.
  0.5000000000000000 # Attribute 'damping_power' of the grid.
 # binID   n_entries weight   weight_sqr   abs_weight
    13   10   1.973197556323003E-001   9.568758313052766E-002   1.973197556323003E-001
    14   10   1.973197556322997E-001   9.568758313052714E-002   1.973197556322997E-001
    16   10   1.973197556323003E-001   9.568758313052766E-002   1.973197556323003E-001
    17   10   1.973197556322997E-001   9.568758313052714E-002   1.973197556322997E-001
  </DiscreteSampler_grid>
