  0.00000210275515408  0.00000212884741985  0.00000217403723205  0.00000222314036907
  0.00000227433205848  0.00000232843661959  0.00000239026777926  0.00000246140173455
  0.00000253032236180  0.00000259536940934  0.00000265925327199  0.00000272084546435
  0.00000278426999968  0.00000286183933369  0.00000294556933937  0.00000302719350089
  0.00000310949512929  0.00000320867356959  0.00000331759873473  0.00000343301390185
  0.00000355210872202  0.00000367365881864  0.00000380019973392  0.00000393223856461
  0.00000407103005250  0.00000420705694405  0.00000434840351378  0.00000449684522668
  0.00000465193035882  0.00000481381402704  0.00000498087263173  0.00000515041082632
  0.00000532220416725  0.00000549766709326  0.00000567093650930  0.00000585114715695
  0.00000604369361173  0.00000624587962502  0.00000645368994765  0.00000666747081471
  0.00000689560081828  0.00000713827136665  0.00000740075468002  0.00000766147061889
  0.00000793794620877  0.00000823945766563  0.00000856194158897  0.00000889336091490
  0.00000923712729831  0.00000960509518682  0.00000999473174579  0.00001039732446146
  0.00001083081035554  0.00001130365100912  0.00001180956479487  0.00001233462376569
  0.00001290782591456  0.00001360619384386  0.00001429033558193  0.00001510964744270
  0.00001604642045498  0.00001703103274310  0.00001814548976913  0.00001935937492610
  0.00002070533209667  0.00002224865051453  0.00002398010629057  0.00002588958243158
  0.00002801446062039  0.00003044909824652  0.00003324347063779  0.00003636855452992
  0.00003986518269834  0.00004386733499393  0.00004870204442269  0.00005462898664723
  0.00006149768002331  0.00006943222325967  0.00007834362515097  0.00008919501503115
  0.00010104172552927  0.00011532822682886  0.00013405370263577  0.00016040226610190
  0.00018950265467854  0.00022787825580509  0.00028410028745120  0.00037219372045136
  0.00050495840767295  0.00072075372637079  0.00114477385785773  0.00178680217228602
  0.00312562414569916  0.00626365631177823  0.07779894969392252  1.00000000000000000
  0.00038885596498546  0.02869992248620052  0.04776429509085568  0.06196731602619573
  0.07418876040046318  0.08565661670204595  0.09684521477493797  0.10747932141595203
  0.11770655470888329  0.12800729442397255  0.13887806123521124  0.14982096504414325
  0.16060881409622726  0.17144999478401807  0.18229432080802491  0.19237411537498272
  0.20210569980944890  0.21189702696954546  0.22159437151323444  0.23087954247304179
  0.24046913384706989  0.25011362052775543  0.25980688981370925  0.26962890308869569
  0.27974647091221666  0.29053044281002510  0.30172712564326104  0.31335812935895385
  0.32507785197582650  0.33709591794214550  0.34879606279524844  0.35978985223001381
  0.36989705879772944  0.37984607457149644  0.38957003788299671  0.39895278514656168
  0.40799099296849195  0.41758759084568536  0.42761483713930881  0.43777167394450345
  0.44746067774069592  0.45716977572824130  0.46690180282413751  0.47695797382217076
  0.48728855022596240  0.49798659684024082  0.50914702737564632  0.52012440392337700
  0.53087703994193358  0.54213047301834938  0.55350337963750895  0.56485654988500233
  0.57554641270331741  0.58616674198948993  0.59656066646827144  0.60754867614258956
  0.61803018593825110  0.62874602707881344  0.63882440686965103  0.64870330452813951
  0.65837413026647351  0.66813930222890883  0.67829384599773579  0.68836883061243104
  0.69800260269584014  0.70788447245767505  0.71763047100469490  0.72809789470346409
  0.73881889720348448  0.74963294146800497  0.76019828746137563  0.77041588920759407
  0.78017645800631963  0.78975952219758550  0.79895749284570483  0.80804919734515357
  0.81697629028779339  0.82580055673976738  0.83466315515773426  0.84384465599479774
  0.85345562485112780  0.86353728173023425  0.87371371439472290  0.88364272668631427
  0.89357948465173942  0.90353152329981035  0.91339207048686399  0.92306438241032041
  0.93305851706745768  0.94305665018273444  0.95313763732406898  0.96301479703169957
  0.97268976507613247  0.98218170530243010  0.99126352620289460  1.00000000000000000
  0.00000426522987765  0.00000503808342096  0.00000591577289501  0.00000684504481512
  0.00000779485695447  0.00000874462073156  0.00000973329130463  0.00001078971747718
  0.00001188844540665  0.00001312076499531  0.00001451483254752  0.00001599624754116
  0.00001762371711412  0.00001939532206594  0.00002139846526935  0.00002371525550107
  0.00002630355410782  0.00002907780272819  0.00003210248281106  0.00003520471083370
  0.00003861130693606  0.00004237207612212  0.00004639210366877  0.00005069347045130
  0.00005549014833116  0.00006072551905572  0.00006621123108302  0.00007186346909583
  0.00007762830907299  0.00008368978338074  0.00008995200412228  0.00009647673079750
  0.00010357872163594  0.00011115713686884  0.00011902276884761  0.00012764751767805
  0.00013728991913180  0.00014731255000268  0.00015820027277228  0.00016920555376468
  0.00018126435781273  0.00019312401770950  0.00020576326020037  0.00021914012209001
  0.00023342205028735  0.00024818118322332  0.00026351714337623  0.00027914151674991
  0.00029711728848863  0.00031530483818393  0.00033669492660694  0.00035854865161716
  0.00038200990228008  0.00040701155252507  0.00043347721939777  0.00046116385722127
  0.00048915386507770  0.00051836491263897  0.00054941913479103  0.00058814800333120
  0.00063160777976497  0.00067792922643537  0.00072769636350048  0.00077484991310732
  0.00082683691162905  0.00087982147211303  0.00093232448449972  0.00099046665413520
  0.00105033905047665  0.00111424827357719  0.00118152253109246  0.00125325893709557
  0.00133179021445704  0.00142725839700538  0.00154392048479280  0.00169563405128373
  0.00186236424008643  0.00202421304750664  0.00218722321986661  0.00235010326334415
  0.00250390176565230  0.00262091175665519  0.00272130299497875  0.00290684050923746
  0.00309734323426606  0.00330162346001931  0.00350174236079841  0.00388474217236898
  0.00447734719065356  0.00543047946921642  0.00654276376728262  0.00751885652842854
  0.00837128736373598  0.00985582305197259  0.04566203063550599  1.00000000000000000
 -0.00141554896055022  0.00743651974974897  0.01495890347269444  0.02211476641651546
  0.02904581927274077  0.03577703227056985  0.04279553675723723  0.04994965490910420
  0.05736877735502617  0.06504944037964996  0.07332479427628863  0.08165662173540167
  0.09012944867431563  0.09837974781270500  0.10671222286782234  0.11571817719330839
  0.12539457301772305  0.13529755278711236  0.14528049774088622  0.15552535148890778
  0.16636110859546888  0.17757995847615229  0.18881091160445551  0.20014572789232010
  0.21260979276029518  0.22549155304946791  0.23817660892274639  0.25071139847192475
  0.26320089135197183  0.27553835337869498  0.28779719290202738  0.30046475914778831
  0.31324987759403317  0.32561151145301037  0.33798441816165203  0.35093768042308754
  0.36438671401991635  0.37785420094074018  0.39199570290899649  0.40571221116280981
  0.41949055357858911  0.43249099858892565  0.44578435965304969  0.45927661845424617
  0.47469367109687111  0.48878427366215937  0.50206266624832752  0.51588062088973174
  0.53126377158079241  0.54700093391864946  0.56282137175176139  0.57829247757901847
  0.59247961218813616  0.60539141098836124  0.61773788219395787  0.62991975914137577
  0.64194922544105792  0.65366599467776876  0.66516019043795394  0.67681518140166441
  0.68854718211791388  0.69974032094030314  0.71088723898492501  0.72212713718824573
  0.73387299814080620  0.74555757602921902  0.75714575640132398  0.76886091667174195
  0.77968305925177062  0.79009431482019432  0.79958988547194765  0.80885440853971302
  0.81804301598937712  0.82741747093045848  0.83721888151381807  0.84700722297358966
  0.85624940121029280  0.86483801226614321  0.87348455329283181  0.88175889645451211
  0.89010415889988392  0.89851000898592337  0.90691527172590480  0.91517935519969595
  0.92282323815869571  0.93067077659220820  0.93842007076908018  0.94591526953853666
  0.95303677016171573  0.95995484639644080  0.96643936157850030  0.97274621707464193
  0.97928154638075127  0.98603383056133354  0.99290810945178032  1.00000000000000000
 -0.00179054101539079  0.00754422494737810  0.01619640901972121  0.02670121909890737
  0.03739279558622406  0.04801826727169172  0.05906020241788579  0.06935928540922576
  0.07985330739579626  0.09029682487195417  0.10148163630543032  0.11278833368017058
  0.12389517861595940  0.13499920691996592  0.14573099248472748  0.15692488852075867
  0.16822888056860907  0.17915382858194950  0.19003993823970436  0.20047657575068473
  0.21049530066568781  0.22037160998496849  0.23031455312475516  0.23981865275719966
  0.24911463638885062  0.25850054211730245  0.26800392236851622  0.27768949769733392
  0.28757468079558390  0.29841900693071577  0.31017235951554245  0.32160779111066118
  0.33298050593366330  0.34422978209189892  0.35542477218527246  0.36705482162360192
  0.37883360376121261  0.39021184144801357  0.40058110465449998  0.41026396233815382
  0.41949298781523409  0.42891116964593251  0.43865159281849431  0.44900483599493218
  0.45992244733683252  0.47103463498365356  0.48199016628020880  0.49258884356939303
  0.50280598019130696  0.51280077853459849  0.52250279658164267  0.53208125049790267
  0.54160466547173836  0.55184117418276768  0.56225637891398872  0.57283990901392257
  0.58308987093307318  0.59412201202525172  0.60535834113578124  0.61587426979094140
  0.62564580796442226  0.63496508077516878  0.64430251256995530  0.65403241529869016
  0.66402901266077963  0.67484202687573702  0.68531905575181162  0.69532937564051867
  0.70497006396277140  0.71502593207028198  0.72623502879028046  0.73679041733996198
  0.74722109037271123  0.75763472896384787  0.76815059694689058  0.77835160460324027
  0.78889498808170255  0.80025633063133750  0.81194362791991237  0.82268096045039274
  0.83323573561640363  0.84511515915058122  0.85706362441060313  0.86887957978126318
  0.88012564585075459  0.89102796936136019  0.90175030706547399  0.91219138884763962
  0.92290710245681951  0.93408040222778976  0.94549574659301416  0.95695998691978401
  0.96818880978107125  0.97926104600762787  0.98971182975656202  1.00000000000000000
 -0.00557400199670662  0.04140053852413783  0.08089876171521657  0.11676129366659346
  0.14981681530973487  0.18115235879935998  0.20562007418192954  0.22618130509141871
  0.24593868268714936  0.26547307259199732  0.28451403573600531  0.30206020280581813
  0.32102598128071480  0.34015181896793395  0.35857214779700286  0.37476086213913778
  0.38979086269433050  0.40542387952610009  0.42045822593879134  0.43430749723823142
  0.44758976083545782  0.46067743845867243  0.47345665001877135  0.48637468964446257
  0.49926549739096299  0.51202951447838485  0.52425779108894821  0.53594902907838948
  0.54694944044722660  0.55727587497128239  0.56749015687078863  0.57786893762478397
  0.58832622580881333  0.59845115985975461  0.60789328762490413  0.61687825664748741
  0.62569339924031520  0.63466209936249418  0.64374337457598418  0.65256144549033035
  0.66058304165510340  0.66851326259114208  0.67683821071066907  0.68491670149261974
  0.69256449709073997  0.69996134161855683  0.70768925520918413  0.71576491394402075
  0.72360247570906033  0.73130377927116941  0.73888031094778928  0.74682525588434778
  0.75474187364008583  0.76236828160343140  0.76988285846888849  0.77673192368311905
  0.78399285431221111  0.79087764258375925  0.79731930862876588  0.80355122024890135
  0.80986334776478341  0.81605697380459730  0.82205717329572336  0.82807968893654660
  0.83417451869841586  0.84030611601029104  0.84642641902584947  0.85248336399738478
  0.85863861768295890  0.86478403655905478  0.87048585170315274  0.87624022188900674
  0.88201624262047440  0.88797571935317610  0.89392002763909095  0.89974410682966832
  0.90543308104567533  0.91140058403338131  0.91719407341780912  0.92247098303284381
  0.92756543083488108  0.93267102850485561  0.93776291432633807  0.94273024284732432
  0.94753327067332871  0.95237392145432853  0.95726697564364494  0.96211505439765033
  0.96683496635762489  0.97135305418479267  0.97591788663653001  0.98069911964153367
  0.98567518951441813  0.99062141043776697  0.99538584774482064  1.00000000000000000
 -0.00232387373179047  0.00998351642704632  0.02010666178244483  0.03000560609277416
  0.03985465883297272  0.04987553102691180  0.06036112759382820  0.07131028776974965
  0.08292566734878111  0.09530919548364014  0.10724232838945742  0.11839791895550168
  0.12932626227749139  0.14045527984802617  0.15168477589108173  0.16252317797296123
  0.17296540349410705  0.18306425998040071  0.19299532675953121  0.20328381802060635
  0.21465132454057406  0.22631543235046164  0.23716979588725284  0.24733935166688145
  0.25748982968825873  0.26737353577930334  0.27739712710530695  0.28805050343614097
  0.29982936271727606  0.31201935800492614  0.32252560367302952  0.33257429334049698
  0.34218879924270579  0.35287788982009061  0.36467410239277237  0.37572635170616825
  0.38601684334637781  0.39623313471168681  0.40777305925818191  0.41881987380747759
  0.42940684653265210  0.43991264246936784  0.45048351898067229  0.46112346952243383
  0.47099489047868642  0.48055374928074485  0.48906303348217067  0.49772673096263731
  0.50637755538134799  0.51513536619750422  0.52403839873487212  0.53332100345560352
  0.54296388433173259  0.55375349370408700  0.56479750045006460  0.57538598958075016
  0.58501988168936958  0.59415678808698957  0.60328338868723097  0.61297732232690971
  0.62311273661297206  0.63367857343370559  0.64472624049146154  0.65661825301351451
  0.66898661102261492  0.68116970172262037  0.69297092383359582  0.70457554710378711
  0.71556125902339429  0.72644651061394416  0.73742091251846842  0.74845524635387983
  0.75950909090089636  0.77049858816977912  0.78187570800036466  0.79352096875736455
  0.80545652731900563  0.81733235567769380  0.82864707833486795  0.83995540193542273
  0.85152833001162842  0.86226637476007928  0.87302491784354341  0.88261844406587686
  0.89244541751696993  0.90196751089878746  0.91092083373442889  0.91966642611663219
  0.92883501495618548  0.93864023589304313  0.94903255934093678  0.95883225559678653
  0.96837579062850299  0.97781487785073251  0.98847673122228275  1.00000000000000000
 -0.00199511896487067  0.00900527784678241  0.01780505791011945  0.02745396392189887
  0.03748312955665284  0.04795326075878668  0.05799951648808452  0.06758348486354589
  0.07794628230042733  0.08792470966108069  0.09776422488983312  0.10734564197255053
  0.11800431356332594  0.12956746345743267  0.14153640175199597  0.15291506473970473
  0.16355450631630500  0.17389213669893125  0.18447948265653766  0.19550326906597121
  0.20651600977153900  0.21806047270332787  0.22959225294532618  0.24055991891079848
  0.25110739598521270  0.26152126473548615  0.27154735787853840  0.28197028748218822
  0.29192440967042216  0.30257839607814319  0.31396103542917614  0.32604185358994309
  0.33720106188821386  0.34772757125995662  0.35774420884575525  0.36808865727410356
  0.37889807342111470  0.38873986658035620  0.39796298316072581  0.40712606690278780
  0.41722397088096908  0.42821909063241081  0.43858129832797127  0.44823381896920411
  0.45776290158416294  0.46734493142932571  0.47694871578722875  0.48694608962383890
  0.49691693681332061  0.50727792325070997  0.51816824602192957  0.52887528266025852
  0.53925021698414521  0.54866326931562059  0.55810760106284785  0.56763585660117488
  0.57757726449270586  0.58747450952021474  0.59750359825884225  0.60775587197827141
  0.61837506275990195  0.62993866660688813  0.64194597389047869  0.65359587591416690
  0.66453370107863130  0.67504840363140739  0.68559255167727795  0.69628245434178071
  0.70720326442222392  0.71908864501023617  0.73050462452475939  0.74220990666287290
  0.75342157101067275  0.76426626712293810  0.77486126010796685  0.78566538503646843
  0.79643607080154788  0.80689370610942968  0.81689322995732727  0.82688382460653742
  0.83699968229705146  0.84832567647696810  0.85964581999813339  0.87075016023038887
  0.88112225197373517  0.89134363843556419  0.90133497209292801  0.91151910352103793
  0.92214682450706231  0.93329655680625723  0.94446766058005949  0.95598847070769577
  0.96724541007800613  0.97855377149405698  0.98928353149620440  1.00000000000000000
  0.20891746933740979  0.49568815120566695  0.52892324766542265  0.54746550373712077
  0.56115654503274681  0.57241254493865024  0.58344074858299699  0.59382594271660238
  0.60307833794500088  0.61124596461391545  0.61877675480607319  0.62573369149310587
  0.63218976800054572  0.63853810239863096  0.64539045049447197  0.65245653902752332
  0.65949440955489746  0.66571931916412530  0.67146914721709305  0.67715156209692029
  0.68342437006998635  0.68959945500815956  0.69535210057487173  0.70061737930089274
  0.70581260993857287  0.71097310702713312  0.71573819734226229  0.72042129132983435
  0.72505843402276904  0.72966161812538710  0.73421725207174771  0.73839364175457856
  0.74246360690101132  0.74656894036633659  0.75068025031866226  0.75468450093168193
  0.75867046855367515  0.76269519589085488  0.76687823648990328  0.77095109623599545
  0.77494322249488801  0.77895019362258278  0.78319352158292221  0.78759016046661889
  0.79180360796094962  0.79579976233892646  0.79967254833104429  0.80342547671490738
  0.80709233785140078  0.81069166409603943  0.81444869647871276  0.81827711940155612
  0.82221126843258474  0.82620508511014712  0.83016084093177889  0.83416776169473561
  0.83816924214992639  0.84207809041915116  0.84587739591212252  0.84963415716859403
  0.85353985002598898  0.85743412698549104  0.86132397166719799  0.86524235156943607
  0.86919987292390077  0.87310453720370351  0.87697809181224839  0.88086592023496435
  0.88475642412546840  0.88862023750713193  0.89244755059631420  0.89622179674160674
  0.89993908360061037  0.90369690967416505  0.90750427292488556  0.91130339326385712
  0.91515053023494008  0.91911138778727042  0.92307379224782893  0.92713899043203896
  0.93132236515993227  0.93551376647100348  0.93951959995366696  0.94344085960295421
  0.94738637625033595  0.95148305257293830  0.95565522114813006  0.95996955983952159
  0.96448382845596625  0.96906145697829871  0.97367680670786505  0.97835852636616150
  0.98311494158971136  0.98805449761130781  0.99360999709376285  1.00000000000000000
  0.11757794598985907  0.19117147487128322  0.21972457721669955  0.24366752339778311
  0.26416082860498896  0.28188735968824191  0.29728784745439668  0.31149064925224779
  0.32466402821545109  0.33701817339708307  0.34806666824046306  0.35823718230056051
  0.36788566179480175  0.37770742453492517  0.38682065206929583  0.39553352832966615
  0.40362006100638498  0.41201328325282066  0.42041758790553074  0.42850510067114911
  0.43610070755871849  0.44328521284641004  0.45040799183981001  0.45775376021517017
  0.46511805936172618  0.47221199431571770  0.47913220630420911  0.48603146292330185
  0.49285883241238998  0.49973632082551234  0.50686537870553250  0.51433454927375222
  0.52171792627926428  0.52890031169922802  0.53564823737662348  0.54225911607795840
  0.54918452070669621  0.55601721877580323  0.56326400296168744  0.57018765233018254
  0.57711193160297236  0.58379028838106473  0.58998441586839567  0.59591725767730874
  0.60170226312566299  0.60747655618045571  0.61339311516428230  0.61947909890561415
  0.62553431367739654  0.63132685734129501  0.63695530465111094  0.64252759410756333
  0.64798061490744974  0.65350863124144698  0.65895374516026706  0.66420729928027900
  0.66940032736774779  0.67434215398658837  0.67969685388905599  0.68509206334549999
  0.69067381910852710  0.69637329055742581  0.70192813919692054  0.70737282125600731
  0.71264376000644991  0.71770500406585114  0.72278376975198477  0.72800685428643319
  0.73313068070934551  0.73817811080828866  0.74332102780814324  0.74815753717994538
  0.75291614764374637  0.75784488114667159  0.76280005046684474  0.76801842234937889
  0.77348183987489927  0.77856254273084180  0.78370744554724736  0.78881754654948355
  0.79385154446867068  0.79866226727761858  0.80329197586566503  0.80802138942257040
  0.81302437733516753  0.81830435588181516  0.82403759639440322  0.82988431792985884
  0.83659322355608035  0.84316435310288496  0.84970153056418085  0.86320623518854267
  0.87858328995389601  0.89055864809940211  0.90464021657329352  1.00000000000000000
   1.3104009638023018E-004  -1.0000000000000000     
 F F F F F F F F F F F F F F F F F F F F F F F F F F F F F F F F F F F F F F F F F F F F F F F F F F F F F F F F F F F F F F F F F F F F F F F F F F F F F F F F F F F F F F F F F F F F F F F F F F F F F F F F F F F F F F F F F F F F F F F F F F F F F F F F
  <DiscreteSampler_grid>
  grouped_processes
  1 # 1 for a reference and 2 for a running grid.
  10 # Attribute 'min_bin_probing_points' of the grid.
  1 # Attribute 'grid_mode' of the grid. 1=='default',2=='initialization'
  0.0000000000000000 # Attribute 'small_contrib_threshold' of the grid.
  0.5000000000000000 # Attribute 'damping_power' of the grid.
 # binID   n_entries weight   weight_sqr   abs_weight
    10   10   2.034211512480847E+003   1.528641920174779E+007   2.034211512480847E+003
    11   10   2.034211512480846E+003   1.528641920174777E+007   2.034211512480846E+003
  </DiscreteSampler_grid>
