  0.00000207191225943  0.00000219962175025  0.00000226757044636  0.00000233223294817
  0.00000240251743510  0.00000247705439853  0.00000255165792045  0.00000262575731155
  0.00000269982410826  0.00000278353289882  0.00000288246007709  0.00000297517523902
  0.00000306072589747  0.00000314659550110  0.00000323730651533  0.00000333554517573
  0.00000344416205205  0.00000356649761017  0.00000368530699516  0.00000379871066368
  0.00000394774867640  0.00000408752062777  0.00000422454581785  0.00000436438981653
  0.00000450813474669  0.00000465434100268  0.00000480791668444  0.00000495759088469
  0.00000511572359465  0.00000528547535853  0.00000546505904316  0.00000565963469941
  0.00000586199839511  0.00000607426304352  0.00000629579208036  0.00000652139488383
  0.00000674738230949  0.00000699022231366  0.00000726241443942  0.00000753045580734
  0.00000780496522888  0.00000809069495415  0.00000839107968645  0.00000869977621657
  0.00000902136275463  0.00000936072561150  0.00000977670026096  0.00001024238534515
  0.00001073602740705  0.00001127167847596  0.00001184247668746  0.00001243092869044
  0.00001305625399770  0.00001378286956485  0.00001452455882348  0.00001542720316410
  0.00001636685992481  0.00001736148198974  0.00001843053275582  0.00001954539150249
  0.00002074657935698  0.00002218312995021  0.00002375663280252  0.00002577685877488
  0.00002783691764653  0.00003008424385742  0.00003258497175665  0.00003556727191397
  0.00003911830205764  0.00004296764510743  0.00004753302454354  0.00005229082349054
  0.00005727379921051  0.00006326204631347  0.00007066336205661  0.00008082851289768
  0.00009084683484175  0.00010260550754150  0.00011545519501927  0.00013220375781489
  0.00015577135635584  0.00018413484484127  0.00021995861248859  0.00026361661577905
  0.00030704519482466  0.00035939678853054  0.00043069738171973  0.00057270892335571
  0.00079531279228875  0.00116995750216401  0.00188305886096129  0.00324845709632074
  0.00569628623423575  0.01197799650990721  0.09461053538500451  1.00000000000000000
  0.00233218187443833  0.01723801496176324  0.03276734703185839  0.04664210869068603
  0.05885165649440874  0.07014726392733904  0.08038184915796596  0.09072538592996075
  0.10178058862096573  0.11365261385705859  0.12600583175683774  0.13822251548740325
  0.14984269910564060  0.16070170880547446  0.17087259309357702  0.18086462471996359
  0.19158128872073760  0.20369319366551086  0.21607116803849749  0.22730606292706093
  0.23826366284697956  0.24914133862385998  0.26099306800169619  0.27387976114459051
  0.28791804607518723  0.30022723958817404  0.31056763153218797  0.31954915190639344
  0.32773585635831776  0.33607439391039318  0.34503396847185736  0.35454353675064620
  0.36421751061787833  0.37364982565361693  0.38414519396986940  0.39558934664124379
  0.40702652039436577  0.41817519907222483  0.42884065046157493  0.43896236703712915
  0.44856172605873523  0.45800579277901121  0.46737534990532970  0.47714672958352783
  0.48699982170448608  0.49666306949748906  0.50634618939839959  0.51633539172497278
  0.52669988997612927  0.53710343418514672  0.54746620458843531  0.55781644881371351
  0.56872535683255521  0.57989454842028743  0.59105590070621450  0.60278717048532149
  0.61383877681969168  0.62529227006994048  0.63683150141023759  0.64837434894071078
  0.65860501894696721  0.66905104654481340  0.68006208424015513  0.69157938295647448
  0.70158472891913515  0.71140671312591863  0.72063702459404089  0.73022018697214974
  0.74086230969440836  0.75161888791815512  0.76276463030151731  0.77376115798611134
  0.78435170096459117  0.79502951826953050  0.80643244767227773  0.81792234298592348
  0.82884478213933432  0.83946588599964411  0.85008906294543762  0.86091182219066731
  0.87125870715953724  0.88096833172152733  0.88981932300565991  0.89852201432714462
  0.90768506874440724  0.91753056310232151  0.92749335961028789  0.93737619964995922
  0.94700826901560775  0.95733475292482240  0.96726785110447677  0.97489452823267397
  0.98145797622709430  0.98728306490832529  0.99166992525993558  1.00000000000000000
  0.00000288130848727  0.00000302842835251  0.00000310097094387  0.00000318921656623
  0.00000329510206628  0.00000340283914563  0.00000351226712474  0.00000362067424328
  0.00000373736536267  0.00000390590611270  0.00000409609412560  0.00000429912616258
  0.00000451432210544  0.00000473600649588  0.00000496769031297  0.00000525615691277
  0.00000557779424824  0.00000590458403521  0.00000625253954803  0.00000663441465696
  0.00000702685706800  0.00000746916810830  0.00000793438577998  0.00000841218884327
  0.00000891567108535  0.00000946762985404  0.00001005014094377  0.00001065564049423
  0.00001128253283118  0.00001191587808881  0.00001254514361846  0.00001318496411937
  0.00001384244004765  0.00001452159747834  0.00001530704561107  0.00001612791306281
  0.00001695292855577  0.00001781042795872  0.00001871303672179  0.00001963756520249
  0.00002064261795651  0.00002178263200162  0.00002293381320296  0.00002411527809758
  0.00002534383841180  0.00002666299256185  0.00002815831287849  0.00002981076203133
  0.00003139099183409  0.00003313707575096  0.00003507482262129  0.00003719899783035
  0.00003972051278303  0.00004272390172452  0.00004610354342248  0.00004980264314164
  0.00005385987075247  0.00005823694090853  0.00006290743552598  0.00006782645541564
  0.00007325582130307  0.00007935461784966  0.00008622159016653  0.00009405732525434
  0.00010268788261399  0.00011266301427672  0.00012390311402006  0.00013592125897516
  0.00015002277192253  0.00016458277932613  0.00017735951009810  0.00019070805577257
  0.00020563033035763  0.00022326082251123  0.00025030533802523  0.00028793960397443
  0.00032926339580521  0.00036929504144434  0.00040691829168222  0.00044960282153874
  0.00050348812666918  0.00056685632219788  0.00064991059930928  0.00074602015548029
  0.00084474777997616  0.00096920849849121  0.00113560906849239  0.00131554464779016
  0.00155104271542598  0.00182150881557398  0.00217214125685525  0.00268540969485694
  0.00333191692384177  0.00577043509572783  0.24254969793071279  1.00000000000000000
  0.00000651380652427  0.00000742475448335  0.00000834093567231  0.00000918443986028
  0.00001005097257016  0.00001100988092338  0.00001209037039032  0.00001335238533286
  0.00001468009594184  0.00001604909167460  0.00001737781987907  0.00001875666034436
  0.00002025914933002  0.00002218728223079  0.00002448275893297  0.00002684688750021
  0.00002932167931358  0.00003197487395292  0.00003486970645998  0.00003819315543088
  0.00004216033157080  0.00004697705723138  0.00005226576652358  0.00005776025820156
  0.00006340742222384  0.00006910364924339  0.00007538040575511  0.00008226036584311
  0.00008940751794845  0.00009706034831415  0.00010516283951361  0.00011393237239550
  0.00012416453921893  0.00013652609521097  0.00015035617235234  0.00016456886456995
  0.00017909682120959  0.00019487605573818  0.00021151440102755  0.00022911637819381
  0.00024719617186342  0.00026765205580295  0.00028871235521080  0.00031306871358336
  0.00034133212689586  0.00037333978268911  0.00040394960649495  0.00043540990964756
  0.00046902293837367  0.00050522189297907  0.00054371180604709  0.00058501845001902
  0.00063671548319167  0.00070368344979164  0.00077980285325332  0.00084230436658685
  0.00090432148250971  0.00096646395972241  0.00102766493179015  0.00110415653083424
  0.00119084092590547  0.00128335957577324  0.00138444124518028  0.00148783132644691
  0.00159721644212913  0.00171006650823104  0.00181842940122419  0.00191333811985483
  0.00200377856911088  0.00209438725574475  0.00222804123049399  0.00239251643793579
  0.00256387824011664  0.00272536253755688  0.00296548502517310  0.00325392350383927
  0.00356082256169369  0.00394203656478328  0.00436463172260967  0.00480958452573265
  0.00509761157541981  0.00543779265393592  0.00597952410307471  0.00663802712302224
  0.00742856341343568  0.00821640478720241  0.00901207011775425  0.00990989478312566
  0.01081772124496697  0.01217930675175790  0.01461994498715686  0.01706058322255581
  0.01889480811126202  0.02047580781712384  0.42807701289557265  1.00000000000000000
 -0.00068027599890293  0.01107613547612512  0.01811387637184482  0.02489050711790161
  0.03217216113512305  0.03945311419107634  0.04669451648659601  0.05333083238098562
  0.06162153170428096  0.06982578644925999  0.07872987730877823  0.08708194590280893
  0.09528650277199027  0.10257820394999856  0.11013812402599603  0.11821080325397509
  0.12666077069169382  0.13508843401375661  0.14320423684649977  0.15194986451391138
  0.16124964636771486  0.17259433514725134  0.18509340143165787  0.19674239397494961
  0.20818495081156280  0.21934575129698347  0.23082738753815463  0.24188794523237336
  0.25386835516656320  0.26536678877126513  0.27732239276231541  0.28967649050689614
  0.30233643441005120  0.31396553772473651  0.32443887497209611  0.33499219415591891
  0.34670224586643150  0.35770908494885412  0.37027223697084988  0.38376897350407091
  0.39822222302688598  0.41237041768945459  0.42724321994460285  0.44205453401254724
  0.45633445095089492  0.47069473415051610  0.48490323867026941  0.49808262444972590
  0.51074358017266541  0.52268591676276965  0.53478191750012949  0.54798132308927427
  0.56211680772129036  0.57510726968427250  0.58807389953229539  0.60216392807733954
  0.61742543645711601  0.63238696642490366  0.64618151784126154  0.65994779923988278
  0.67318561931185006  0.68589383519282110  0.69855346178815081  0.71079710418949693
  0.72220249317675289  0.73285141766939965  0.74325099629984870  0.75338498498939277
  0.76377456600012217  0.77473658580811400  0.78633367553063949  0.79741599126810048
  0.80803381483352310  0.81798102945243412  0.82733707924194955  0.83699990204628105
  0.84589341325806844  0.85567269572010418  0.86619010897911586  0.87690837188016402
  0.88812614128886258  0.89827351702931846  0.90700727392579572  0.91482652178222845
  0.92218908764913687  0.92925381823896147  0.93677468916421491  0.94372166997370199
  0.95122054566097369  0.95856792025118220  0.96575320332427261  0.97306820133027772
  0.98031072676752595  0.98722772568826822  0.99371853154080414  1.00000000000000000
 -0.00200545016624891  0.00885357883070842  0.01927626633105090  0.02968413958458573
  0.04062568644088814  0.05152560164307251  0.06228750234821034  0.07278617723700546
  0.08316670428314123  0.09321677847925595  0.10278537274231171  0.11220789682421968
  0.12178823533824244  0.13211128154111182  0.14347175022910463  0.15461703776565294
  0.16445330428899241  0.17388269525002586  0.18305633718419814  0.19331653913355287
  0.20495303896775804  0.21602721284196591  0.22710256622713923  0.23799744468688244
  0.24892258974769932  0.26028689858810944  0.27243933661340741  0.28509535900321253
  0.29700137716675223  0.30876492341359330  0.31999371109131003  0.33149265837192088
  0.34240703151129936  0.35371854228942590  0.36486799312109819  0.37585345822082816
  0.38609325419320506  0.39646879714966338  0.40640127892502331  0.41573515522713272
  0.42472680089098985  0.43355126288960699  0.44292024884252523  0.45341008804511190
  0.46494042332699537  0.47707019318290622  0.48974667400653144  0.50234686075771751
  0.51410055340344862  0.52427548215267661  0.53339451431786533  0.54264116033454035
  0.55234600676415690  0.56453621870452786  0.57694993747799617  0.58956197417006906
  0.60189933217561165  0.61373274564705738  0.62485668217478096  0.63458621609193011
  0.64405129044391696  0.65208036469726316  0.66001577451348292  0.66802905672903512
  0.67672887230184453  0.68597233888457620  0.69442272030644148  0.70287672286573255
  0.71241118871761855  0.72325920016248824  0.73495851736935214  0.74673837883487570
  0.75835399673066872  0.76964091591590866  0.78053829662762442  0.79047952375943475
  0.79896325064387941  0.80683219706320397  0.81480453909116934  0.82366892686477200
  0.83318079736413775  0.84324224503848588  0.85211754467589418  0.86072681719176936
  0.86948691342224782  0.87904456965984024  0.88937209826279151  0.89963109657954266
  0.90993085575842692  0.92156748635254326  0.93470723155642210  0.94889067823924733
  0.96229483151809025  0.97507232827868251  0.98737198469925269  1.00000000000000000
 -0.00607094162163859  0.03344192398676979  0.06437876237110499  0.09471450051870267
  0.12530530672904416  0.15215404956344702  0.17612162877760321  0.19819280267738640
  0.21967105867061695  0.24058782719965977  0.26090747069411951  0.28164278373138041
  0.30135401912198573  0.31921802585934533  0.33447327871771526  0.34960089765083247
  0.36483035645679707  0.38027395926206442  0.39444656787440940  0.40727002139899293
  0.42049952125077528  0.43513518788893241  0.44839122395944592  0.45905655338539519
  0.46994931003473872  0.48121112884523282  0.49359331897047848  0.50633360954253570
  0.51902927546606981  0.53093331588336934  0.54156039236004083  0.55155274929320319
  0.56150903148503084  0.57177959599483841  0.58166107680881762  0.59038673196190872
  0.59876361802320666  0.60718109110315022  0.61597731349070473  0.62528876987881910
  0.63456054804518514  0.64364468971470501  0.65180311505491451  0.65930672281648994
  0.66695034699343947  0.67530566608908038  0.68321810906091895  0.69120269647348354
  0.69957527748839965  0.70778826064278255  0.71626376959118343  0.72511018160465945
  0.73250277180909595  0.74038510204719110  0.74809980281977850  0.75537510858586698
  0.76290559680392522  0.76998176619570324  0.77686277746555987  0.78383315753458116
  0.79058480378637197  0.79756490367343180  0.80478900481774918  0.81273749078633062
  0.82072135887963316  0.82887071515107569  0.83632066547450323  0.84318499855807316
  0.84982489066433176  0.85663079989730395  0.86378313896050885  0.87090291172012024
  0.87762826980521147  0.88383627348951299  0.88983028412214871  0.89572414514184018
  0.90140588337494776  0.90713601832441360  0.91283370548453968  0.91845555929668621
  0.92398126419166071  0.92984133623580356  0.93536944569868641  0.94060341801929215
  0.94545784041136194  0.95010604847616420  0.95491621728714315  0.96012269992325239
  0.96565840430110872  0.97121650279576222  0.97644961117627660  0.98134897337368021
  0.98610831765820117  0.99075288664448480  0.99523382013815020  1.00000000000000000
 -0.00362338428580864  0.01380546530799213  0.02804990542938375  0.04028508954450185
  0.05107198138598953  0.06103760605905096  0.07129937529151255  0.08208154943641061
  0.09298084970267212  0.10378670182469978  0.11471664162290970  0.12624558003449932
  0.13786097834158395  0.14874238286999864  0.15955201660908924  0.17071567748724858
  0.18200436969665534  0.19241767636815932  0.20232579909749873  0.21279072823633893
  0.22382177503092007  0.23502401319565036  0.24598961333281330  0.25672444506023073
  0.26741889391171730  0.27861901955258972  0.28851448808453645  0.29767314297248115
  0.30638868120043128  0.31580343343588196  0.32652836440836108  0.33782882136404846
  0.34972010822679289  0.36181883992705088  0.37369026462697025  0.38418298791482336
  0.39384470132417337  0.40315091295794453  0.41230959542278106  0.42178676044909791
  0.43089812849983311  0.44070853808189686  0.44993870047499251  0.45923028436976127
  0.46891965233858768  0.47873549365486540  0.48834937460526506  0.49773383933658599
  0.50714831265499871  0.51670481498020160  0.52689821179076357  0.53718828234983385
  0.54720492658289355  0.55681717332512803  0.56665814063341302  0.57622375986807428
  0.58717776773304742  0.59789588595924614  0.60874626745963656  0.61947811792197105
  0.62986374522987643  0.64011914267807746  0.65085126744634725  0.66241498868602289
  0.67432431605953125  0.68461758502715131  0.69490108740903289  0.70527361558215229
  0.71738549055070400  0.72899929166235078  0.73960034872723091  0.74920145453104303
  0.75876985007508702  0.76832715629658066  0.77809026732450426  0.78861773220729658
  0.79954632656842317  0.81086552247098265  0.82102548657543395  0.83113180770299688
  0.84116481866005810  0.85104399824946864  0.86056071101560827  0.86960180516333463
  0.87941813965175386  0.88990788947887578  0.90080725823496877  0.91273722889761810
  0.92431801497543231  0.93597312365145857  0.94678206630241213  0.95745052221120730
  0.96877550276019697  0.97926943602686056  0.98987183273819845  1.00000000000000000
 -0.00251284766477134  0.01000114432835583  0.02069865596037998  0.03046405693764789
  0.04041553936866889  0.05064818517454492  0.06119509001209131  0.07172987494939149
  0.08215006880548786  0.09345720245244429  0.10457026843256673  0.11529541634138543
  0.12574351846645110  0.13575480710055668  0.14630808502402362  0.15791495855778331
  0.16906421550002124  0.17976366750008713  0.18901032219430333  0.19938894848833721
  0.20916500255539092  0.21807748582225789  0.22700770095548750  0.23619517223219302
  0.24643156252621362  0.25664355796700988  0.26483935645424617  0.27335288090498733
  0.28254993960605712  0.29334810976389747  0.30409916644682300  0.31484823370969378
  0.32555550261624461  0.33632420198631635  0.34665145581790208  0.35690386930011997
  0.36714452557761973  0.37770961768164757  0.38868627410198753  0.39996133102609166
  0.41089801276200555  0.42135027303931549  0.43176668881671570  0.44241728954964060
  0.45309713647535793  0.46368805819090736  0.47455525940449939  0.48484089463726249
  0.49357812427054282  0.50137946336745209  0.50913306125928570  0.51741689686125203
  0.52764518008016681  0.53547879078364025  0.54340248809416647  0.55306352146877968
  0.56340780888669562  0.57382739884716694  0.58353284779605818  0.59271701668145249
  0.60238430331273007  0.61394228818396923  0.62671136628667590  0.63850624744379925
  0.64958346507136921  0.66021613722179773  0.66980810304752336  0.67911596199252688
  0.68913418309550600  0.70005566760118620  0.71147971779541797  0.72265772741324341
  0.73364104182920842  0.74454668995329798  0.75549872882150082  0.76638992475707679
  0.77727905923541774  0.78988776954900108  0.80463329095491964  0.81895008599007657
  0.83210085848789972  0.84374881367127508  0.85511170103595924  0.86649938284406935
  0.87775270910538183  0.88874264316686424  0.89945937471017512  0.90999642453765561
  0.92053564035268276  0.93125356154308603  0.94196786457680792  0.95266293787093648
  0.96363350579062079  0.97465062554081106  0.98705775213366764  1.00000000000000000
 -0.00012013720382708  0.00053145530206001  0.00089879980059885  0.00115815608653067
  0.00141457898115479  0.00167322090502303  0.00192927631434321  0.00217581333973598
  0.00242501183238173  0.00267111291724639  0.00291121334718821  0.00314664627178599
  0.00338497462301613  0.00363037530340901  0.00385510657119649  0.00407636299912535
  0.00429647226137344  0.00449431125145912  0.00468793235519498  0.00487599635498600
  0.00505379390349988  0.00524358917751645  0.00544363877012069  0.00566133080839579
  0.00597015441518448  0.00632930942123718  0.00654105026073021  0.00673016323034244
  0.00691151658156591  0.00711239327766840  0.00731502657195275  0.00749606198041216
  0.00766956603798446  0.00783633483799033  0.00795760607138205  0.00805810649095983
  0.00816459390035402  0.00827646988567839  0.00840947009996941  0.00857091278662643
  0.00874976231398775  0.00898848015554028  0.00919178608945205  0.00941280857622359
  0.00966214852547899  0.00991879017370923  0.01016473002599385  0.01037090384384173
  0.01059873229378398  0.01087087788930645  0.01123444399226948  0.01190128387483800
  0.01258001913345597  0.01318976026528839  0.01379480521395688  0.01439059013324668
  0.01507612212844859  0.01585344938710807  0.01642653175979696  0.01698079117156675
  0.01762254345794510  0.01827864423563015  0.01887649540665709  0.01923961848295024
  0.01939390185732530  0.01954818523170036  0.01971072689586658  0.01995967068189984
  0.02020861446793311  0.02045755825396637  0.02064233343048936  0.02080175980879882
  0.02096118618710829  0.02112061256541775  0.02137094703939984  0.02168629001434225
  0.02200161301895525  0.02231680451782982  0.02263199601670439  0.02432322089524688
  0.02555183366868118  0.02604363745738230  0.02653571389344150  0.02842735485236645
  0.03597986617877897  0.04083605105725288  0.04147411776721914  0.04174660054350942
  0.04197296844435736  0.04254333476233206  0.04349109302115047  0.04413290750574479
  0.04467776966089293  0.04528492430720286  0.39012317377587269  1.00000000000000000
 -0.00243488732886332  0.01078937926279840  0.02173067039645090  0.03301853010762371
  0.04439646677527757  0.05546339477772565  0.06649611301055354  0.07736637297385966
  0.08822598976204575  0.09915176858076394  0.11020324763240286  0.12197164484386361
  0.13413647640241941  0.14582349649137807  0.15709896865978876  0.16761036680225272
  0.17755781926259034  0.18745982144033052  0.19701369009178896  0.20811771805773369
  0.21929331918064668  0.23116877413260359  0.24304471297388708  0.25454903979972160
  0.26546118770568289  0.27675589883426599  0.28859865762427367  0.30030817265868798
  0.31164362420234065  0.32230873647779279  0.33242969228875291  0.34153875270428707
  0.35061786927517113  0.36013012739160943  0.37054136778563129  0.38194672044465500
  0.39192965547370162  0.40224181368085826  0.41251725186706856  0.42296067016188121
  0.43386970780277317  0.44440958061335573  0.45448393096058703  0.46478282580396874
  0.47503597252199581  0.48595527912713482  0.49747243721675194  0.50716756327293400
  0.51715717572653463  0.52622656946481117  0.53590834494753126  0.54559846555216374
  0.55452385509426916  0.56382897570188739  0.57321194970282696  0.58263855866405156
  0.59230406427087001  0.60237515086240201  0.61423022098755620  0.62773046884642703
  0.64109328453438252  0.65246124933977578  0.66188398626003253  0.67132264487499427
  0.68105350912264218  0.69172629261096619  0.70228119582412885  0.71292162420706817
  0.72364299235638663  0.73561260612611201  0.74741399768448780  0.75902973348065117
  0.76924931625345028  0.77915144549165316  0.78930707181280568  0.79925782343481067
  0.80995295219116026  0.82049221573231435  0.83090583924676353  0.84127817520383752
  0.85202152072470094  0.86240070715642181  0.87175110836508352  0.88165078076179515
  0.89147788379209625  0.90071650234467471  0.90944475308383022  0.91835631071648260
  0.92841899719293397  0.93898473206911304  0.94825038922722782  0.95791151929862117
  0.96817693879975120  0.97887368337685077  0.98963024434604185  1.00000000000000000
  0.50349845631171875  0.54453487308364468  0.55480079790711967  0.56257004746608585
  0.57035064183251016  0.57842838674462493  0.58671886947303187  0.59684534380738419
  0.60496469335940328  0.61403199240672834  0.62319187227725037  0.63147570221441973
  0.63863977350579682  0.64535452921402947  0.65224035686465698  0.65821409789466934
  0.66430546422424941  0.66991845478130196  0.67651205225900646  0.68242491447560061
  0.68905823718338721  0.69675672107702347  0.70451065626431264  0.71154406756447941
  0.71888259144936906  0.72628430620797313  0.73317975442468186  0.73904918785630713
  0.74469604367363873  0.75005467575939455  0.75531639425252439  0.76016261374486926
  0.76482205080365961  0.76961108793369226  0.77435412603981546  0.77949814864246636
  0.78451347933816085  0.78950222338424769  0.79445607908963567  0.79982704264149507
  0.80575500072399608  0.81129821816409053  0.81645836178239040  0.82124620161514750
  0.82598696544432759  0.83066580230781750  0.83515119181812836  0.83949758396450591
  0.84365000724329664  0.84775491516719748  0.85186684265356605  0.85609789484745946
  0.86011508119484259  0.86399981560929306  0.86781089212033280  0.87159639695031343
  0.87560848725614315  0.87970790962012102  0.88357849390530940  0.88727851907153810
  0.89083176392981978  0.89436060873053469  0.89790538436068745  0.90150940770217514
  0.90511661628522233  0.90866876059303325  0.91218130284233134  0.91560131456374194
  0.91894304004003657  0.92202599043321154  0.92488946994080135  0.92775707939676033
  0.93053057484637991  0.93327722058745255  0.93630686113733097  0.93912937583102496
  0.94191955759212120  0.94482063387087278  0.94779683041823715  0.95082654055422022
  0.95391482048587006  0.95700419635873968  0.96008677752726745  0.96328836062213574
  0.96641520821387228  0.96959785119088249  0.97283671913364289  0.97615964489378693
  0.97946345511583954  0.98263460840434158  0.98564011284776287  0.98849041653502967
  0.99136206196077437  0.99426760147737292  0.99707463873530400  1.00000000000000000
 -0.00565741757808557  0.19366183164231091  0.22876124066414186  0.25585227245633785
  0.27876670646486729  0.29923110828654215  0.31628134828437549  0.33110179838551451
  0.34521578365570743  0.35891592385888549  0.37203359653149121  0.38496855281336301
  0.39734545246885994  0.40865681461262365  0.41909407580274138  0.42847453901114563
  0.43745408535064401  0.44650402956388119  0.45598227584771711  0.46523473731939574
  0.47352813947051353  0.48153611703137511  0.48907320526007297  0.49664618214070488
  0.50394506285319762  0.51110800613601570  0.51854820635762533  0.52614085149696144
  0.53346837430778393  0.54050761221847776  0.54733102013881785  0.55391619626261146
  0.56064722060407657  0.56683708410395595  0.57335117403047409  0.58004072753047042
  0.58684349720018747  0.59354203870861177  0.60002576080089831  0.60659004731434629
  0.61315317164928518  0.61937263207567927  0.62539217661139079  0.63141322705671954
  0.63762756351154770  0.64436071030411934  0.65071997568307627  0.65623063727745135
  0.66155592003943253  0.66689270393587885  0.67237992331669927  0.67809190764744010
  0.68396567821430310  0.68931662478162525  0.69466504354137115  0.69999102172000405
  0.70512634247161876  0.71019666064706133  0.71532639831095712  0.72040645666425107
  0.72565585682429923  0.73107168563036873  0.73602987839970313  0.74060571773859740
  0.74521243321207986  0.74981942232541576  0.75503050576167996  0.76060450841112726
  0.76613437897007997  0.77170710628744965  0.77725419865737511  0.78279992752184990
  0.78803581515776833  0.79298567665416908  0.79777967186265919  0.80274810585971301
  0.80862432205826962  0.81590919519960481  0.82420700491812826  0.83150992855600725
  0.83748133460336005  0.84242704511175892  0.84724492836259802  0.85259774582960612
  0.85810936565690732  0.86343985270951762  0.86997969349407400  0.87397045749775326
  0.87753036905673876  0.88085395506299569  0.88340231006399961  0.88588528086803187
  0.88890340640171417  0.89230346328729937  0.91131773855976739  1.00000000000000000
   5.2524150380136673E-006  -1.0000000000000000     
 F F F F F F F F F F F F F F F F F F F F F F F F F F F F F F F F F F F F F F F F F F F F F F F F F F F F F F F F F F F F F F F F F F F F F F F F F F F F F F F F F F F F F F F F F F F F F F F F F F F F F F F F F F F F F F F F F F F F F F F F F F F F F F F F F F F F F F F F F F F F F F F F F F F F F F F F F F F F F F F F F F F F F F F F F F F F F F F F F F F F F F F F F F F F F F F F F F F F F F F F F F F F F F F F F F F F F F F F F F F F F F F F F F F F F F F F F F F F F F F F F F F F F F F F F F F F F F F F
  <DiscreteSampler_grid>
  grouped_processes
  1 # 1 for a reference and 2 for a running grid.
  10 # Attribute 'min_bin_probing_points' of the grid.
  1 # Attribute 'grid_mode' of the grid. 1=='default',2=='initialization'
  0.0000000000000000 # Attribute 'small_contrib_threshold' of the grid.
  0.5000000000000000 # Attribute 'damping_power' of the grid.
 # binID   n_entries weight   weight_sqr   abs_weight
    10   10   7.055291699580674E+001   3.802179148774844E+004   7.055291699580674E+001
    11   10   7.055291699580644E+001   3.802179148774808E+004   7.055291699580644E+001
  </DiscreteSampler_grid>
