  0.00253600123995269  0.01628324131839307  0.03058258526932381  0.04411300089923678
  0.05578099928563442  0.06794666439754644  0.08037184339666031  0.09273415484246389
  0.10323438610857918  0.11339711902054611  0.12335858166272481  0.13336391586032459
  0.14324733570463224  0.15345806127992900  0.16366551873139398  0.17366669533142623
  0.18383228371298233  0.19491955807985070  0.20678799789013308  0.21855729880196259
  0.23005116342237997  0.24177983844249959  0.25388801092902719  0.26549439828396709
  0.27634240986603759  0.28705655633700139  0.29775920518645915  0.30869305647212836
  0.31863930344145919  0.32798722279428205  0.33773092299213681  0.34794992898887134
  0.35863493829610982  0.36922467711128693  0.38043767361549957  0.39199779494942744
  0.40368231903756940  0.41548995162102087  0.42794787753398150  0.44031169049174756
  0.45263233681868797  0.46279678972268901  0.47211874918481794  0.48160141708553789
  0.49171831919802739  0.50403640464552180  0.51683078339202038  0.52828381866282326
  0.53885119720814445  0.54922054781068474  0.56017454574967318  0.57138286114083137
  0.58200132029725493  0.59214016768111810  0.60212497974291879  0.61248630117842340
  0.62320143236725922  0.63358396111425297  0.64379834445651662  0.65398385683790128
  0.66417571649251295  0.67430036884312905  0.68408781469323177  0.69465325739462214
  0.70460708110242076  0.71445528668119751  0.72410852290042760  0.73428481094963749
  0.74400596899448923  0.75457887095260223  0.76534301773688429  0.77704709314778397
  0.78830970272975465  0.79970516029108740  0.81086929962586851  0.82145505992205647
  0.83154565201362962  0.84109599444850502  0.85061631007472938  0.86002722590651481
  0.86948298565320503  0.87919383034142295  0.88883389484392761  0.89835901243164074
  0.90787630353457471  0.91710977651819747  0.92609742805813411  0.93524403956873858
  0.94501556720568647  0.95484469548737994  0.96371227024252004  0.97175697707335607
  0.97900758120670561  0.98594256268177627  0.99280572633703856  1.00000000000000000
  0.00000323135099561  0.00000341123839787  0.00000360365397948  0.00000381410979675
  0.00000404441476745  0.00000429006800333  0.00000453329161709  0.00000476939878674
  0.00000499297054516  0.00000521188358762  0.00000544012576417  0.00000569083292046
  0.00000595415244195  0.00000620747930639  0.00000645087338360  0.00000668713100758
  0.00000692236721393  0.00000716122618397  0.00000740667287042  0.00000765995414262
  0.00000792891235683  0.00000822362498837  0.00000853367984999  0.00000885688210670
  0.00000920433937118  0.00000957248142698  0.00000997636024707  0.00001040395222509
  0.00001086008381103  0.00001140308873902  0.00001195635726967  0.00001250264826068
  0.00001304518208275  0.00001360298361130  0.00001415589102568  0.00001468596067439
  0.00001523312238789  0.00001583003234603  0.00001645685820461  0.00001716525233972
  0.00001793835603377  0.00001873495631563  0.00001952526597258  0.00002035381586984
  0.00002128314232207  0.00002225493103875  0.00002333017755389  0.00002455851596484
  0.00002581439185126  0.00002719488351814  0.00002870928468137  0.00003032482991630
  0.00003200772313930  0.00003373186422185  0.00003551229177541  0.00003739902418391
  0.00003945105966868  0.00004163982146456  0.00004395149839801  0.00004648520048920
  0.00004929065929985  0.00005255226889631  0.00005611806423144  0.00005985487030615
  0.00006376448808790  0.00006808156018117  0.00007334441629484  0.00007948009336728
  0.00008609031166902  0.00009280869217705  0.00010012720864783  0.00010805370470001
  0.00011678616571601  0.00012724303954651  0.00013976428410032  0.00015538343435386
  0.00017284408943589  0.00019339005498891  0.00021860462201348  0.00024869763864999
  0.00028183771715555  0.00032232731246461  0.00037416710968084  0.00044156567253167
  0.00052388921669450  0.00062467181958781  0.00074545122156017  0.00087001596301084
  0.00101709568292688  0.00127721096473721  0.00166267312887623  0.00218732182597500
  0.00329744143402067  0.00546860507630730  0.02512250236745994  1.00000000000000000
  0.00000336694388396  0.00000341447634002  0.00000353836785925  0.00000367292413467
  0.00000381230365567  0.00000396952150838  0.00000414495370027  0.00000434434189833
  0.00000456290244755  0.00000478185725268  0.00000500431246697  0.00000523763602596
  0.00000547855685874  0.00000572390756330  0.00000600082778403  0.00000633431169646
  0.00000670176659844  0.00000707778573757  0.00000746389563562  0.00000785346323565
  0.00000824451548346  0.00000865672513124  0.00000908575768744  0.00000954521154093
  0.00001008461033272  0.00001062585104310  0.00001120727820240  0.00001180095538882
  0.00001240436718376  0.00001309978583544  0.00001387235688801  0.00001467233056725
  0.00001548348416308  0.00001629764770557  0.00001717170000264  0.00001813866300092
  0.00001916830311502  0.00002025850343113  0.00002151390212379  0.00002269297293411
  0.00002401217780123  0.00002534997750016  0.00002672235548522  0.00002835094151229
  0.00003013632654649  0.00003211566067114  0.00003433777142718  0.00003677813083324
  0.00003936531087039  0.00004211489804630  0.00004508814924155  0.00004812007224090
  0.00005156862348609  0.00005534737182841  0.00005997004758790  0.00006521444703362
  0.00007079762583019  0.00007655681442230  0.00008319619199270  0.00009061390304441
  0.00009868286498059  0.00010721568109098  0.00011779722748521  0.00012953188372260
  0.00014206703494385  0.00015497520939846  0.00016845369408402  0.00018413354251307
  0.00020060493857857  0.00021878358985373  0.00023957732014148  0.00026498720834293
  0.00029530616775393  0.00033258209395347  0.00037429634559096  0.00041738126923303
  0.00046342090959433  0.00051449327969418  0.00057206090713135  0.00063518333620075
  0.00070566957654879  0.00078243875409020  0.00086942084101045  0.00097372179052768
  0.00113007074861133  0.00129791072186741  0.00144695832709843  0.00159598497355097
  0.00175492574329063  0.00192558004759154  0.00214960053076039  0.00247970967029383
  0.00283367419544873  0.00324152152584934  0.04358168317067491  1.00000000000000000
  0.00000552150433664  0.00000607995843932  0.00000668514231288  0.00000727112008691
  0.00000791240557937  0.00000863420368253  0.00000929449026217  0.00000994205327284
  0.00001060273805564  0.00001138720635192  0.00001219263267146  0.00001300484253592
  0.00001391195790075  0.00001486988276301  0.00001594429074278  0.00001706234561238
  0.00001826574646524  0.00001954479649371  0.00002089207236220  0.00002228265558615
  0.00002368372283058  0.00002517919288069  0.00002673638448730  0.00002846625122738
  0.00003041433040990  0.00003256219362712  0.00003486045884568  0.00003731824497413
  0.00003992043900917  0.00004262394355526  0.00004550302251889  0.00004865786700543
  0.00005206388856211  0.00005561445100618  0.00005931640841199  0.00006340311530754
  0.00006780276469199  0.00007265989749515  0.00007809896579418  0.00008422089520848
  0.00009079375375594  0.00009773034930351  0.00010507815364397  0.00011342864051162
  0.00012203156805519  0.00013142015129795  0.00014047848204282  0.00014997943543376
  0.00015997709144691  0.00017136039112647  0.00018458502266581  0.00019942445460310
  0.00021466548825794  0.00023061500652914  0.00024693064527241  0.00026438946665160
  0.00028431735559817  0.00030676366362787  0.00032990688228518  0.00034935941767295
  0.00036744531020535  0.00038701307814169  0.00040849958240394  0.00043664404359428
  0.00046892416234266  0.00049975213532336  0.00052996452476222  0.00055942236612159
  0.00059669039187281  0.00064010685764134  0.00068390822905161  0.00073219672645007
  0.00078090567676979  0.00083426426931937  0.00090577779771269  0.00097997806741311
  0.00106439077899681  0.00113547772671175  0.00121235423153294  0.00129797640043604
  0.00139961899175623  0.00152738440556215  0.00167814377200452  0.00184888334505346
  0.00202267944234996  0.00219948224070700  0.00234556155271997  0.00251917066229162
  0.00270839522002468  0.00301528703591370  0.00348548802139549  0.00449553948622381
  0.00527053354491630  0.00588178484604332  0.02990634682085236  1.00000000000000000
 -0.00573899078324092  0.03792876942254901  0.07571466165189430  0.10911757254708576
  0.14022567222632509  0.16882757794167877  0.19324275636687560  0.21661643412714834
  0.23972283024946925  0.26303481702886411  0.28493943379309489  0.30511793710992036
  0.32342179462453302  0.34007581770649603  0.35495641343923306  0.36911867429688860
  0.38355573015966005  0.39771046557921169  0.41137300567316176  0.42506920074289151
  0.43837467489645193  0.45144430141419173  0.46373181073130271  0.47545400955319744
  0.48582832433248502  0.49600834285338413  0.50651175588263009  0.51752002948791820
  0.52837107053103849  0.53909821867024543  0.54945714229324394  0.55958791100234229
  0.56941586334886851  0.57889488183717941  0.58800353861850074  0.59678821470743415
  0.60579318799452053  0.61500772792266512  0.62354699071385122  0.63135418212437966
  0.63866854270190709  0.64583055918197130  0.65392364582464380  0.66199422304000644
  0.66961504736477184  0.67699789266104737  0.68428346141167129  0.69228789621821762
  0.70045371615036267  0.70845410269117748  0.71644865793617585  0.72361680853154575
  0.73060991723251356  0.73751531354240141  0.74465807482357871  0.75283113317306194
  0.76063463526348851  0.76843416765674555  0.77552241316631754  0.78254242427767218
  0.78976930239708654  0.79680742660775772  0.80354254872096609  0.80991158374329875
  0.81600098453124903  0.82226769126790022  0.82865128793579923  0.83504962938088712
  0.84143424382465448  0.84792687306486014  0.85440376091960335  0.86083194103808380
  0.86713914251299862  0.87325710698790693  0.87943515724843724  0.88545393546004747
  0.89121942172950752  0.89679486871415803  0.90252577501199749  0.90846635430555367
  0.91442811347444208  0.92023699862320030  0.92589464942285371  0.93143590561550260
  0.93704885222597956  0.94274121305928693  0.94841201758705918  0.95411267883220319
  0.95973359500506839  0.96529054602233455  0.97077221782932166  0.97629949345008793
  0.98207449817149339  0.98804073218551347  0.99407481425179001  1.00000000000000000
 -0.00242456438195594  0.01105218902041739  0.02168338994052250  0.03236096907314023
  0.04291898120899979  0.05361671122901698  0.06398549154086403  0.07394413845705712
  0.08417589364579250  0.09499980868747848  0.10597404996053829  0.11719163173880016
  0.12818389927383700  0.13895374907399638  0.14948821765485340  0.16019677134575583
  0.17100506694104670  0.18188430553913232  0.19245362141283401  0.20311477685455173
  0.21476766605064618  0.22700205893486439  0.23885542633640611  0.24983830369704149
  0.26044120812197619  0.27053503052876499  0.28020648296843731  0.29011305709046731
  0.30043639519779963  0.31148488189635426  0.32315023736541959  0.33453858450386914
  0.34495879833129806  0.35495410993271320  0.36533603857811625  0.37595080667505271
  0.38647929622371041  0.39659536013336255  0.40656068413240226  0.41632325655320568
  0.42601811471641443  0.43677508330766801  0.44817457737463617  0.45949259835197936
  0.47035711982656636  0.48138299174116728  0.49298215861996519  0.50456324055075230
  0.51653002513438051  0.52761822676095671  0.53810677713440358  0.54840001824843043
  0.55901476738028688  0.56974806435799152  0.58021727757344910  0.59095611768957679
  0.60173815670898201  0.61289453213566791  0.62382074649122565  0.63478249998389380
  0.64541481057858785  0.65573697622073690  0.66603967492023330  0.67666792091531303
  0.68778922857075975  0.69913997684465745  0.71012078775735832  0.72044778641063745
  0.73132009746455129  0.74267741935307929  0.75388406966050447  0.76431286154456834
  0.77359843096872416  0.78210989078910131  0.79043478548699830  0.79854141861422223
  0.80690835566649477  0.81596197185690733  0.82529117192372414  0.83501741812654495
  0.84442590632503600  0.85363414147353933  0.86284538019630586  0.87297780962001814
  0.88351998423386013  0.89462358326943447  0.90558160940284294  0.91621004639526982
  0.92615115533258752  0.93593564765721227  0.94612069888356198  0.95687200597264066
  0.96705916741919995  0.97697696637038678  0.98792428050186298  1.00000000000000000
 -0.00224424364640640  0.00934430512606336  0.01898495892791261  0.02907853789754208
  0.03930212408229717  0.05021757972731919  0.06127513489019049  0.07267139023832725
  0.08423286429847737  0.09595961963282726  0.10837426335007543  0.12058986679377746
  0.13176114121598673  0.14170085814998679  0.15171633257075806  0.16130589396446904
  0.17122914642125786  0.18117289967726438  0.19155132114319329  0.20298027416670616
  0.21414659599681843  0.22548859756034800  0.23578613129644960  0.24578561651008130
  0.25595202587710647  0.26671665618234153  0.27760546989242302  0.28861445913432265
  0.29912271773110694  0.30990098459876558  0.31971648372716316  0.32976660203774472
  0.33943878597213445  0.34926952295556546  0.35914597500992046  0.36959566012306949
  0.38041852028624462  0.39120595438161687  0.40275950495896373  0.41479754110305578
  0.42736478136024675  0.43978853521485040  0.45115075162906232  0.46198937400234436
  0.47203931681642991  0.48238037997962463  0.49295287213872735  0.50383787445095984
  0.51518122069342687  0.52645983913862504  0.53724304342620666  0.54732800162882000
  0.55684962790661607  0.56692229235772518  0.57697722156738251  0.58700594759471469
  0.59735518146025102  0.60802840572333294  0.61899004059150975  0.62904046061265062
  0.63967160234238352  0.65034200808845977  0.66269964633355849  0.67470690658782917
  0.68686239198844512  0.69792830131138783  0.70832294172410371  0.71831239885527276
  0.72866825648036326  0.73945193241260987  0.75017550998522986  0.76102853348952548
  0.77208989341438272  0.78313200708515096  0.79471104387958069  0.80639493951899510
  0.81783149676326516  0.82818631696450340  0.83796308373049777  0.84798999598453118
  0.85727049068690675  0.86725407673727706  0.87700566592458007  0.88691758669986376
  0.89653470745754382  0.90567718614405290  0.91491286267317906  0.92367230900514274
  0.93244496982117608  0.94210704147629898  0.95275113436762249  0.96268109282668801
  0.97173187931469907  0.98054567201039078  0.98999624223894012  1.00000000000000000
 -0.00006396085344568  0.00014427462742661  0.00041520774000281  0.00067378702531991
  0.00082037395429238  0.00096560369659126  0.00110804231641172  0.00124718993148662
  0.00138220778388972  0.00151583167104595  0.00164758526236469  0.00177505345319003
  0.00190058431058352  0.00202212761661392  0.00214568251856158  0.00227157816429227
  0.00240813839294599  0.00255077447221317  0.00270625425150735  0.00284939283564526
  0.00298099381051923  0.00309907173840906  0.00322233970619890  0.00334890981248336
  0.00348660168316603  0.00361995600635027  0.00374816125804087  0.00385535537452492
  0.00395337459691469  0.00405226295288877  0.00415169328143470  0.00425425894432074
  0.00435880727034307  0.00446977460868355  0.00457728353910449  0.00465967686854316
  0.00474272300346632  0.00483378729546860  0.00492463687483769  0.00501437749150058
  0.00512084421444023  0.00526667565932639  0.00541175673132296  0.00554896576130396
  0.00570330754354929  0.00587320505259250  0.00602599542473219  0.00616483619406222
  0.00630490549599148  0.00644507770945631  0.00659936432271671  0.00675442229035152
  0.00691905168791778  0.00708396908074789  0.00728893057432015  0.00749205259221656
  0.00769037767474650  0.00790711306880863  0.00813405769994908  0.00835163281812001
  0.00856828262340534  0.00877636264293017  0.00896743282013641  0.00913011942075927
  0.00927500803243631  0.00941861212758884  0.00955894917275598  0.00969928621792312
  0.00985198698194193  0.01001083147301311  0.01018653231067561  0.01038559147418764
  0.01057112980951448  0.01074104148399771  0.01090249515612412  0.01108127746209330
  0.01128373308625747  0.01160753921976682  0.01176973186073341  0.01193321491199180
  0.01218315128565308  0.01256330873265779  0.01403104550173398  0.01440644454323899
  0.01469257130844623  0.01525641784717856  0.01552560326244052  0.01576317385519123
  0.01631802731130713  0.02137583673236887  0.02476431205179800  0.02532491999516870
  0.02569248414687143  0.03598458414775594  0.09326534945137571  1.00000000000000000
 -0.00245784925457990  0.00922448588087340  0.01928570059545497  0.03006325303680800
  0.04148160759814010  0.05339887679225429  0.06465434520102958  0.07550594762216595
  0.08643741679073361  0.09747507899409591  0.10858909087182565  0.11916343748021001
  0.13006956696128555  0.14150804349160903  0.15297053850256659  0.16429789126460037
  0.17481971459065690  0.18494485401612337  0.19543479774482048  0.20653401600091273
  0.21816493241602627  0.22929954235427150  0.23999640559122054  0.25043450688544111
  0.26051147894653831  0.27044328362544590  0.28085925300055326  0.29245813874018467
  0.30446216854079405  0.31601820176422285  0.32722865474841717  0.33778185429652863
  0.34828708515355794  0.35858947569995031  0.36832406075068008  0.37795192419664786
  0.38772454234321602  0.39814243536591276  0.40842605287223172  0.41769327219821717
  0.42716606387578182  0.43626699723891643  0.44691569218813032  0.45730374752604497
  0.46799941259110156  0.47835294855642929  0.48865546771937962  0.49879758395185281
  0.50875917761858169  0.51847201714398672  0.52813658477556746  0.53747027043813067
  0.54713892104622408  0.55718739935948403  0.56802172680381346  0.57840744735592653
  0.58836761342967481  0.59831235164856844  0.60912735898070003  0.62117317362891822
  0.63360197566507881  0.64523129182735728  0.65628940014489523  0.66738698404108765
  0.67833700904457817  0.68864716974227103  0.69834172949778628  0.70749741941041822
  0.71707206036192872  0.72620570266352069  0.73690431521810196  0.74759125203870469
  0.75743974469640940  0.76712713706434443  0.77672340296493902  0.78712566824404651
  0.79890658205202103  0.81088731777710565  0.82210732343203541  0.83233102717746821
  0.84234325422558065  0.85247028610804298  0.86353011995577378  0.87457018715971235
  0.88523041994003904  0.89530485189056075  0.90536667548279159  0.91623593967127936
  0.92759025417131724  0.93983952347125277  0.95129117399288410  0.96192720498873330
  0.97179702937687884  0.98182617264183214  0.99097747334539055  1.00000000000000000
 -0.00006181613444126  0.00023297698190571  0.00046227337310950  0.00063599117709829
  0.00074049850019269  0.00084263554487727  0.00094221321803859  0.00103632129010647
  0.00112701246646912  0.00120730855822031  0.00128938101249243  0.00137394939177522
  0.00145868051075646  0.00154344218144799  0.00162734401913807  0.00171054962880116
  0.00179228169639068  0.00187123762163711  0.00194795649280356  0.00203017193426995
  0.00211508014991411  0.00220344478113161  0.00229310562145316  0.00238587460195412
  0.00246246111228344  0.00253045387240428  0.00260212214425707  0.00267851108669080
  0.00275916826587513  0.00285375198918425  0.00295052595596587  0.00308118125584940
  0.00318708847098776  0.00326692826364531  0.00334676805630286  0.00340409193354880
  0.00346057214913886  0.00351705236472892  0.00357368148958034  0.00363051173391216
  0.00368734197824399  0.00374417222257581  0.00381845727577640  0.00389479353495361
  0.00397836418356113  0.00415573760374395  0.00427157298813940  0.00436537655193728
  0.00443757407354623  0.00450797961402445  0.00457921095999015  0.00466879995283475
  0.00475324723476326  0.00484205442371267  0.00493701416560691  0.00501728845859014
  0.00511045633999930  0.00520763756927770  0.00540134641556019  0.00560360726372444
  0.00573684749805205  0.00579367974078177  0.00585999262940684  0.00594416214398354
  0.00603532366210292  0.00613831346602251  0.00623832420361560  0.00633393693896045
  0.00643014451508950  0.00652784937717471  0.00662556807293955  0.00672335686754910
  0.00682357024313546  0.00697486452511591  0.00713458517411879  0.00729696730067813
  0.00743863029869861  0.00760432131934940  0.00780366043829933  0.00799965631699263
  0.00856795042508096  0.00878840964498296  0.00896377138472233  0.00913322221954481
  0.00930385844661155  0.00949723152150297  0.00968178021448515  0.01014385732645420
  0.01027963509248877  0.01041541285852333  0.01055119062455790  0.01235766273962991
  0.01746252331729096  0.02469159358788213  0.03326810311132661  1.00000000000000000
 -0.00249765334008220  0.01044557056935985  0.02145957425435876  0.03385478461290017
  0.04588923227955927  0.05613162395870080  0.06510182580305840  0.07413926006402242
  0.08438726818876460  0.09529871124976165  0.10566549796491061  0.11615641297764820
  0.12721621108275755  0.13818005960255914  0.14912094321117911  0.16000071216803985
  0.17080925570490010  0.18144328832707171  0.19132305000958291  0.20083437903996132
  0.21027964850113803  0.22062230456101686  0.23264600934069404  0.24528431845656781
  0.25720625183198920  0.26900285099705523  0.28094161054533812  0.29282929999388879
  0.30415004783565963  0.31537924223211722  0.32643567672609525  0.33721982834455005
  0.34770033939777473  0.35779679484911703  0.36747899922630672  0.37675466664922419
  0.38589599514234985  0.39538858420847584  0.40489663076041299  0.41455981055798702
  0.42387138119363132  0.43369789063605785  0.44380379238908912  0.45365833875665357
  0.46260473255415197  0.47126439814063825  0.47965155866703973  0.48854081467765564
  0.49762990512866051  0.50680477817252545  0.51575819128465206  0.52437961805747779
  0.53266745020223716  0.54144775787878796  0.55117961082160871  0.56076938229768769
  0.57036317766495293  0.57991472294945401  0.59031790663613326  0.60087601476938812
  0.61138761334483049  0.62016128008690885  0.62878552260535414  0.63745094485246245
  0.64697170732741249  0.65953792790795862  0.67121290204354489  0.68349585320321615
  0.69562937772436884  0.70824930299955513  0.72012653496260670  0.73164011291769737
  0.74283617541609925  0.75424284595028301  0.76665085102943475  0.77821589928058088
  0.78930807906179568  0.80009759176152762  0.81095600557581071  0.82164942999413271
  0.83341707406010568  0.84477642257767849  0.85611653332621818  0.86618332874239257
  0.87706926315913003  0.88776892395264484  0.89835952305182132  0.90921722547624673
  0.92052036764110334  0.93073574199572606  0.94052721893545321  0.95077209673566621
  0.96207921175451994  0.97481788574307660  0.98730349002302931  1.00000000000000000
  0.41027951000075491  0.48479710597858278  0.53613481947313246  0.55787932774689408
  0.56074060178554908  0.56678291824292282  0.57448213190371455  0.58070768087502522
  0.58588443678961610  0.59047364822180526  0.59523169797891995  0.60101115579771935
  0.60718840392812945  0.61420161747311164  0.62183497918846342  0.62947833446898926
  0.63659335176733567  0.64311906067241664  0.64939637607305156  0.65552505828814944
  0.66185185583254269  0.66779700918270102  0.67357580022237351  0.67916470146080332
  0.68452341368911662  0.68962061966324961  0.69465837922529794  0.69961304099981980
  0.70465794142346672  0.71021232927983724  0.71590724115666593  0.72134972688457000
  0.72653620321327550  0.73169108675011496  0.73684914096656517  0.74173415672611609
  0.74641692234294765  0.75099482169990872  0.75553275389110064  0.76022532912829233
  0.76491288364840970  0.76954822288914815  0.77430127860125586  0.77898476349409373
  0.78374813972852098  0.78838791209320269  0.79327270328567978  0.79825085582585720
  0.80310842898395252  0.80786270346051692  0.81244840572612320  0.81708341337275936
  0.82170902528878720  0.82613858792860884  0.83056537004299358  0.83512473970367018
  0.83980735210298252  0.84471111841255475  0.84921816886423063  0.85393043104790423
  0.85857048127702706  0.86343190829164607  0.86842775363170510  0.87337345158785651
  0.87837409475265937  0.88337631208771628  0.88828719467300921  0.89288272422640025
  0.89687659773918793  0.90046819113082244  0.90397954484488519  0.90748480281246557
  0.91090815206754727  0.91439969634610174  0.91775105097653864  0.92117654273108196
  0.92459283762605027  0.92810604828857068  0.93168135758508630  0.93524535503924056
  0.93876947188958026  0.94236352283167157  0.94593886173932917  0.94941041982188679
  0.95286729576754381  0.95633055278617141  0.95997561562155764  0.96392790551319096
  0.96794523998909165  0.97201952561784055  0.97614151330639343  0.98046498746185684
  0.98506719914662044  0.98961053402291310  0.99456965890569615  1.00000000000000000
  0.02108901014761145  0.21463336278706893  0.24300909032241366  0.26196834782262035
  0.27832191070492401  0.29480337566870007  0.30916389161427571  0.32121028697644122
  0.33231090617063813  0.34273377217059137  0.35316124349667710  0.36311368930004306
  0.37200947409189317  0.37990050952600507  0.38749208354860315  0.39518881766768299
  0.40295727256813829  0.41070775575508384  0.41860225178844124  0.42656992403228799
  0.43388733577662320  0.44095041844608168  0.44800581660824362  0.45536271051995059
  0.46238309055306037  0.46900293274962707  0.47559735979467060  0.48254549562149612
  0.48981930751946323  0.49668482019803878  0.50288065108287539  0.50858112357590612
  0.51403651212173795  0.51984172328423339  0.52574188955947065  0.53181491935750091
  0.53770417160031680  0.54311418840217152  0.54827275309612500  0.55358765198866844
  0.55899805506844924  0.56436936879822885  0.56961962857689430  0.57465630680933644
  0.57972127929444073  0.58486799705506132  0.59016603880749707  0.59556326310632035
  0.60098737523663237  0.60638257337348855  0.61194181121074931  0.61755006416218505
  0.62306339781860087  0.62851577524029345  0.63381365994754346  0.63899863695368275
  0.64409827276500564  0.64912982036365008  0.65422518623810300  0.65933838561925029
  0.66475290538711351  0.67014240298016781  0.67474857677627231  0.67928193773921464
  0.68371021334419657  0.68807199806871100  0.69258483946078286  0.69715397354848929
  0.70180507471488063  0.70670267350650284  0.71194941210789664  0.71736334225576182
  0.72277277246389904  0.72846992489899531  0.73374045059575566  0.73894880235622817
  0.74422813021797396  0.74966715751890867  0.75530535747334648  0.76104249078542452
  0.76657806330264366  0.77184768705845697  0.77704142290830924  0.78229434810538900
  0.78757454135536253  0.79269368554247766  0.79782248427162406  0.80324658413772054
  0.80886658091928110  0.81605496325271221  0.82375309559111232  0.83388824718188603
  0.84849867548339042  0.87079352419560907  0.90475976825833127  1.00000000000000000
   4.7770366090258374E-006  -1.0000000000000000     
 F F F F F F F F F F F F F F F F F F F F F F F F F F F F F F F F F F F F F F F F F F F F F F F F F F F F F F F F F F F F F F F F F F F F F F F F F F F F F F F F F F F F F F F F F F F F F F F F F F F F F F F F F F F F F F F F F F F F F F F F F F F F F F F F F F F F F F F F F F F F F F F F F F F F F F F F F F F F F F F F F F F F F F F F F F F F F F F F F F F F F F F F F F F F F F F F F F F F F F F F F F F F F F F F F F F F F F F F F F F F F F F F F F F F F F F F F F F F F F F F F F F F F F F F F F F F F F F F
  <DiscreteSampler_grid>
  grouped_processes
  1 # 1 for a reference and 2 for a running grid.
  10 # Attribute 'min_bin_probing_points' of the grid.
  1 # Attribute 'grid_mode' of the grid. 1=='default',2=='initialization'
  0.0000000000000000 # Attribute 'small_contrib_threshold' of the grid.
  0.5000000000000000 # Attribute 'damping_power' of the grid.
 # binID   n_entries weight   weight_sqr   abs_weight
    10   10   1.000984845623198E+001   5.482081197599807E+002   1.000984845623198E+001
    11   10   1.000984845623198E+001   5.482081197599807E+002   1.000984845623198E+001
    16   10   1.000984845623198E+001   5.482081197599807E+002   1.000984845623198E+001
    17   10   1.000984845623198E+001   5.482081197599807E+002   1.000984845623198E+001
  </DiscreteSampler_grid>
