  0.00334723605100629  0.01309216508680327  0.02405607534391261  0.03479837870105737
  0.04524678197641149  0.05578305743215184  0.06708757497487920  0.07783517219694933
  0.08814390378132576  0.09800895278912192  0.10781210414483559  0.11752101643551321
  0.12721771624947478  0.13664416001800814  0.14619623758344671  0.15566950565629750
  0.16562145769133860  0.17618752813524366  0.18723399295536880  0.19825787137875356
  0.20872390683584177  0.21864103453443254  0.22845904134274342  0.23841098992854162
  0.24824224802541547  0.25803761243176920  0.26795160482407293  0.27847875516137532
  0.28996345996041906  0.30092919390319056  0.31178888003785410  0.32215818242934002
  0.33259503198756563  0.34294795704842690  0.35310066053535200  0.36371148259139829
  0.37444068061483360  0.38488004809199367  0.39529267517684580  0.40605030597168673
  0.41698550375585841  0.42783565263699802  0.43842484271388982  0.44879146321477237
  0.45886472267297368  0.46888625280135926  0.47930723283005328  0.49005061064647443
  0.50058626845913268  0.51099051863352762  0.52134894585233105  0.53185988767138037
  0.54221562733325579  0.55241374437816526  0.56275074299702776  0.57336304369511704
  0.58400516547966741  0.59449780245145778  0.60498367624909744  0.61543828007012824
  0.62591613267814983  0.63637351738868331  0.64682235843615299  0.65700259741134071
  0.66720876553471975  0.67770337388513457  0.68841568552176668  0.69934716050680301
  0.71007964056756101  0.72048882605222520  0.73080144237968536  0.74146437636657569
  0.75256962489084334  0.76371640124822893  0.77465955087254601  0.78568907628567641
  0.79636390711626137  0.80681196811826728  0.81725125194852777  0.82797171946804571
  0.83859935455943013  0.84915848394086868  0.85959652209442383  0.86991492824625505
  0.87991101512875669  0.88958751634941469  0.89973561919941381  0.91023727056660853
  0.92087251782529356  0.93131245026034748  0.94176915047291287  0.95269738649497460
  0.96398146382963779  0.97514611494380588  0.98699061459859716  1.00000000000000000
  0.00002382485095424  0.00004194323557853  0.00004653401668253  0.00005071210615491
  0.00005450836388177  0.00005795402955848  0.00006122763390795  0.00006442028842873
  0.00006753928745549  0.00007065643673734  0.00007376948479494  0.00007690165213047
  0.00008012091230704  0.00008341391935217  0.00008677707263313  0.00009007465805726
  0.00009352050403630  0.00009696426517829  0.00010045992237464  0.00010413509698753
  0.00010796141804341  0.00011180088280851  0.00011559575951067  0.00011956225314909
  0.00012364855343077  0.00012780877100186  0.00013219168245008  0.00013689099278433
  0.00014174910737511  0.00014660124396850  0.00015138741252901  0.00015660463913413
  0.00016188701114780  0.00016737788099528  0.00017305997458222  0.00017890279766983
  0.00018500350741151  0.00019082473659095  0.00019701216099442  0.00020358452145411
  0.00021047113018610  0.00021736246301581  0.00022424894708451  0.00023127380113428
  0.00023850008089344  0.00024617925162973  0.00025446072027929  0.00026401923365648
  0.00027360384004866  0.00028294024461103  0.00029235610283942  0.00030220436368264
  0.00031271658093987  0.00032404363240132  0.00033538879041999  0.00034753442534287
  0.00035939574958052  0.00037147134285033  0.00038456212995711  0.00039857721072987
  0.00041276193507820  0.00042764529003980  0.00044478131171586  0.00046430913474642
  0.00048426584130248  0.00050646383978390  0.00052932615198501  0.00055311520874638
  0.00057804276383373  0.00060350583349537  0.00062771338904244  0.00065463331264777
  0.00068427940259481  0.00071771505457515  0.00075146762583723  0.00078445323132061
  0.00081930508545215  0.00086199685232060  0.00091616571846258  0.00097743134174097
  0.00104160493704172  0.00110850579503032  0.00118351103409054  0.00128525382703046
  0.00142452061469039  0.00160705495558769  0.00175711792919822  0.00190721228280828
  0.00208650328523384  0.00229358744944818  0.00262291474215827  0.00321807503659028
  0.00392327965484835  0.00464513628188957  0.06477289920963172  1.00000000000000000
 -0.00163559729820232  0.01300776361923519  0.02463996097593730  0.03643192431920664
  0.04853024772872102  0.05999586675460322  0.07081730399577882  0.08164202749403089
  0.09267903408665965  0.10321594414618734  0.11335250847695709  0.12304212774114653
  0.13272643282704372  0.14285789724126213  0.15392928917820523  0.16560588382974259
  0.17682675528446182  0.18750766710787556  0.19781159142110896  0.20797888450911706
  0.21789434258258170  0.22757536265638018  0.23706646241827847  0.24667569099611958
  0.25671881098564081  0.26685313806262140  0.27694272680468546  0.28717368876720617
  0.29774102118833384  0.30854469276882335  0.31925630627312773  0.32990723586967718
  0.34034765224623598  0.35060824486191289  0.36104717519447332  0.37143535440522879
  0.38166485737133399  0.39177360843596692  0.40171402438281306  0.41160168605465419
  0.42156436117955476  0.43131094778398682  0.44123413753412549  0.45109652073312528
  0.46101699684983077  0.47076964002386956  0.48051220587707283  0.49079829850115936
  0.50128246215517069  0.51167506725263623  0.52213492824478747  0.53303434955639284
  0.54441913133345954  0.55580595570128410  0.56690302346311638  0.57793638810674608
  0.58866297776265364  0.59902926619899743  0.60899777305680625  0.61871482417792523
  0.62842525491729873  0.63816704911371103  0.64807551359576510  0.65817534273459988
  0.66827042176438323  0.67793735154789159  0.68740566601762976  0.69696215284790863
  0.70693105479353380  0.71725505426138536  0.72770660256006381  0.73847686562662596
  0.74949354244906052  0.76106082613459292  0.77295082366666346  0.78492585296433637
  0.79617856883205007  0.80637421269371767  0.81691307067414398  0.82746747918720087
  0.83810312207624715  0.84824055192085890  0.85856290272415614  0.86964174436966923
  0.88036809136796423  0.89148763432115508  0.90224138727061054  0.91328655139236203
  0.92368020723851296  0.93411623905288244  0.94471882636563365  0.95531026164398503
  0.96608639012601361  0.97686781182974602  0.98846387059129215  1.00000000000000000
 -0.00252519812373877  0.00976516151926280  0.02010039521898740  0.03034879479867143
  0.04078686599171131  0.05089446076479256  0.06135039879881673  0.07233859147683715
  0.08365150797937501  0.09364971779601282  0.10347700221789863  0.11339155121938435
  0.12431661139930254  0.13509283995751845  0.14508857838847541  0.15539950232250316
  0.16575040978231348  0.17602206588796623  0.18502517603906973  0.19454718810666424
  0.20421186516657103  0.21510050557373642  0.22571780018393139  0.23681246326691088
  0.24797013412658156  0.25947832974897517  0.27097404157150989  0.28238773554500357
  0.29348175566058110  0.30401707290894486  0.31423952811421846  0.32430207437758563
  0.33467046955776153  0.34478153052405119  0.35462246847120715  0.36476976051949073
  0.37546125272744357  0.38611734870686071  0.39618365746757833  0.40588684321354046
  0.41561200444291757  0.42515659415769064  0.43463642003001529  0.44403419842985503
  0.45352212594803315  0.46340509957871867  0.47360291634831508  0.48370164555089151
  0.49397606657844950  0.50422840236993838  0.51456186012078275  0.52479620468356147
  0.53497878185034553  0.54541477661080928  0.55567730869884979  0.56543009878308248
  0.57546043212327203  0.58568625897037496  0.59692212051170990  0.60813060886463599
  0.61926274955911220  0.63048073830995210  0.64217026065155802  0.65403107036660968
  0.66609563682743789  0.67783890289450222  0.68913705461752073  0.69971828103140532
  0.71041381736702691  0.72095610397867704  0.73121888540765678  0.74137152923784955
  0.75165984781249251  0.76251072854444957  0.77308855868860937  0.78371734245174107
  0.79363668752616412  0.80382211330661346  0.81409376796149402  0.82480728713245244
  0.83544903648582591  0.84646642656417925  0.85705774209055707  0.86780598483726357
  0.87820290270515822  0.88945967409212012  0.90081225247335206  0.91224945464123619
  0.92336677321866223  0.93436062323352631  0.94561686878590434  0.95681626202512104
  0.96769268074583170  0.97811839148419866  0.98895192396655052  1.00000000000000000
 -0.00173001224069934  0.00962600070534692  0.01938371150927390  0.02860170868587125
  0.03816794678526180  0.04797861222103443  0.05770502644687310  0.06721557306502624
  0.07659511492943800  0.08636598134690743  0.09635438020343101  0.10646945117567344
  0.11651200135059085  0.12645010613242877  0.13648751773774825  0.14666970267203783
  0.15694578557603150  0.16709641967122890  0.17728024496792974  0.18762729452787547
  0.19841998221312657  0.20953895683295437  0.22038599204244935  0.23101887630762349
  0.24154061585053416  0.25206839768346301  0.26298018099294540  0.27392741225881412
  0.28500414651569150  0.29568149685427353  0.30602176363255235  0.31630492643938996
  0.32673127940351232  0.33774571046202040  0.34901574129511059  0.36019264607477108
  0.37083104330261507  0.38145130885490058  0.39252403491471299  0.40413785572671296
  0.41640613017800016  0.42842233750519099  0.44004647222251136  0.45119960558602340
  0.46230331872420788  0.47345270744977308  0.48478411913329755  0.49620930948274694
  0.50737224977966766  0.51832268427361894  0.52950217159179036  0.54043965540919126
  0.55109719690021586  0.56195055647659808  0.57364492266911715  0.58535565033166148
  0.59681492276058989  0.60853404016331425  0.62086662814101101  0.63265060606116164
  0.64392597342276803  0.65504045931047594  0.66638766336604560  0.67779129838770114
  0.68940087718433807  0.70135658939148049  0.71328652030449891  0.72511183131084123
  0.73683708991216090  0.74840093915622330  0.75959893168704051  0.77031385421990473
  0.78077605236739245  0.79095290916204830  0.80056848332951325  0.80999596393516926
  0.81971252916262771  0.82992215226846522  0.84028823341594683  0.85031801145728625
  0.86015813207621317  0.86983907899059976  0.87953130787088996  0.88963613827069510
  0.89996842530485976  0.91001031784753594  0.91940749848753889  0.92808025188242882
  0.93664832620022498  0.94552687335346286  0.95451827193152639  0.96339928514477779
  0.97236664612582879  0.98155219575830177  0.99100796667629731  1.00000000000000000
 -0.00241689338479436  0.01003098801945788  0.02019338135760692  0.03076247833967996
  0.04111547249999341  0.05152004199365458  0.06229937258553519  0.07289666687382279
  0.08317266758627037  0.09256389858829145  0.10151922641242762  0.11068149212526483
  0.12057896946592120  0.13069573750064203  0.14086386717290586  0.15108900322428867
  0.16110419997751937  0.17080041283352101  0.18073789947564628  0.19094673544369217
  0.20202472373007746  0.21302944852139744  0.22378784646590699  0.23408445661338728
  0.24421679656305631  0.25457394610121481  0.26493642999187561  0.27530048429454673
  0.28550643453714164  0.29576705894326866  0.30619501372166646  0.31661878031137602
  0.32656953901949454  0.33641679646514067  0.34654394639696112  0.35704225610642837
  0.36752024719742477  0.37812546318348400  0.38860977478454106  0.39883684598133440
  0.40902658864127034  0.41988682758864859  0.43141767039339840  0.44226731842956685
  0.45292687447426999  0.46363610866755839  0.47445892048263733  0.48493990298622358
  0.49518916499676979  0.50560217653524997  0.51609417499630128  0.52659134641335159
  0.53697469202351034  0.54726267314996679  0.55743783259088442  0.56755702618306392
  0.57767478437322251  0.58775545050032141  0.59810020380866502  0.60887475414522740
  0.61992724571743607  0.63088670387364731  0.64177946284573284  0.65272042982748990
  0.66354342221875406  0.67421781198904018  0.68492730015583347  0.69583122682179965
  0.70705707997103584  0.71827682889223932  0.72934132332441093  0.74024536282303410
  0.75074155753132588  0.76095269261855503  0.77145093323088443  0.78216248451516646
  0.79334943813337178  0.80451682870829044  0.81590797249087976  0.82681053284005512
  0.83751230663512966  0.84817275397752845  0.85880664491588710  0.86930892792354786
  0.88018753580186382  0.89129448371325959  0.90224720182761209  0.91349723189376475
  0.92447749275577307  0.93561073091852731  0.94623857003107292  0.95671006496206612
  0.96741592705389678  0.97815677117838207  0.98906812196659299  1.00000000000000000
  0.00222965358257391  0.02070422942676240  0.03182114037438141  0.04170226345134991
  0.05142657168134509  0.06111899360581022  0.07079750900733198  0.08033505797737713
  0.08968940503474050  0.09907055583391879  0.10856700216123526  0.11827965350915780
  0.12853354938425687  0.13949315008616017  0.15027937578519315  0.16076131582697956
  0.17103069150864544  0.18150332025153321  0.19210707533607976  0.20250186864110487
  0.21272110714700934  0.22274882430140094  0.23288867018331480  0.24289431932036770
  0.25294830547540414  0.26354948065322081  0.27448608762548937  0.28536185219005838
  0.29620566989232405  0.30723555515465151  0.31813608958044087  0.32888807929090086
  0.33916151342624395  0.34961398868141852  0.35997900673566890  0.37051146477287616
  0.38095450494395222  0.39126433166124447  0.40133797472036847  0.41138516742364489
  0.42171611582221624  0.43226345418977857  0.44261527039361515  0.45276624611263000
  0.46301766758704854  0.47347946917038536  0.48397441778933814  0.49424077789186982
  0.50455585770930145  0.51541964767863724  0.52682608958613053  0.53792949525749723
  0.54845094037137010  0.55874938592860346  0.56939003505723973  0.58007329401552332
  0.59053470143381914  0.60091450321846318  0.61150203584652973  0.62254035927310936
  0.63373051527190483  0.64469339806670400  0.65553914983691275  0.66651121214535314
  0.67776809972491769  0.68891061862433545  0.69981999937025596  0.71059536535788170
  0.72110912755783263  0.73145511143331821  0.74181126779867834  0.75232779117038107
  0.76282985634930545  0.77317308313664890  0.78334895346807287  0.79354010746266479
  0.80389395720529522  0.81464138920009632  0.82562560744875968  0.83680545893049263
  0.84785060514484401  0.85863027228208999  0.86870819805056099  0.87848104662491455
  0.88830527481329047  0.89798636738496473  0.90738249186814901  0.91670870788384573
  0.92621630430573065  0.93556920467482585  0.94487216143382524  0.95447010784894493
  0.96452230380604254  0.97536628618009336  0.98667910457269270  1.00000000000000000
 -0.00193517037508576  0.00871946469112181  0.01881073493678004  0.02905381224129808
  0.03987884964870299  0.05057071706680774  0.06155873919579097  0.07261627156613107
  0.08351022119661634  0.09431591822056996  0.10484525269333715  0.11536257619286638
  0.12594706473393080  0.13647934026356240  0.14684638799434058  0.15674900270894457
  0.16651562180114382  0.17644738987757067  0.18665169747277632  0.19691125438896964
  0.20726406258749575  0.21786832168354575  0.22882531365456332  0.24012715151707870
  0.25163962965033593  0.26280580283540617  0.27337488868019749  0.28371742727344312
  0.29413019635947391  0.30456355718539135  0.31478772238147290  0.32488664523461325
  0.33536760100420970  0.34588543918251141  0.35621299657308170  0.36647224524665845
  0.37665048118770944  0.38655150711350528  0.39634516802465913  0.40647031486793106
  0.41700625078601367  0.42796457751551620  0.43912724014669752  0.45024257915133675
  0.46114440384776106  0.47191127164193686  0.48283093372828084  0.49395268120247732
  0.50530199094076589  0.51658614604851316  0.52804726952105219  0.53930926561572834
  0.55029243793752258  0.56100107419817835  0.57142169700888701  0.58165147330745393
  0.59192635468616128  0.60208555882027626  0.61256125793775451  0.62357238172933827
  0.63478772582092591  0.64588148063492767  0.65651218492499774  0.66734681639052218
  0.67798873379861280  0.68837733140352997  0.69845898536824313  0.70858587932015837
  0.71882979672725322  0.72878006204645962  0.73900565599844903  0.74922773177299240
  0.75992353462496753  0.77081076274771620  0.78118229603829326  0.79115303974469620
  0.80099459591425992  0.81101895475621222  0.82141881498893066  0.83205033264139616
  0.84240332625131775  0.85267990603797195  0.86287485654826823  0.87297261700285789
  0.88285353785405307  0.89234720963708714  0.90218908940474873  0.91227499892694475
  0.92287033602187774  0.93388281268396567  0.94480327975382783  0.95587625228050099
  0.96694068287217427  0.97795029460867722  0.98903313197933207  1.00000000000000000
  0.39614128767236761  0.46180211203627558  0.49997462935801829  0.50597207266438693
  0.51528507597948248  0.52464072953777596  0.53256653639508889  0.54050483714995967
  0.54750530033609557  0.55448436873870111  0.56151325166426236  0.56858003630057907
  0.57609131811697900  0.58383977410175769  0.59063664817094108  0.59708871342282577
  0.60359998021846450  0.61017312906705135  0.61651139724751214  0.62288852650004978
  0.62899865018444490  0.63498961051541436  0.64095987580260227  0.64697848119133428
  0.65284573615835284  0.65877941217366209  0.66479511818276893  0.67075415936536631
  0.67656626965124556  0.68231821713742291  0.68800223240138858  0.69362789797812729
  0.69918015625462737  0.70451116581481976  0.70961279173110858  0.71448970397021383
  0.71935842050808940  0.72429966868474516  0.72923917159385798  0.73402676636836395
  0.73882634251124257  0.74362317763596597  0.74831802858356000  0.75309943637365517
  0.75800149605447997  0.76305475036937298  0.76806707634373939  0.77293639527187008
  0.77762705314203850  0.78219716248734517  0.78672336116942876  0.79125967235259187
  0.79584895995046756  0.80047601069732977  0.80510757755443740  0.80967260894312842
  0.81409148016021937  0.81840289125237520  0.82259172825023463  0.82668411058372093
  0.83073775956535312  0.83477702335354786  0.83879366367162644  0.84282497877002471
  0.84692439906403150  0.85106392410484755  0.85528954043902206  0.85947645611114309
  0.86362828868246122  0.86776598098850910  0.87174124724395263  0.87573685263057544
  0.87971694242022691  0.88380484988723784  0.88791380440502277  0.89192295416992096
  0.89612197846839170  0.90023581056201207  0.90450598554715500  0.90867820722680381
  0.91295028044946114  0.91731163649500869  0.92196426791331010  0.92664750256605966
  0.93126037137670170  0.93595144194598656  0.94081992225352384  0.94581571415048638
  0.95078546303632361  0.95551511675845469  0.96073386764262048  0.96642326175211357
  0.97252808571074800  0.97951007154842418  0.98836799296219635  1.00000000000000000
 -0.01262056372572345  0.14208948124563608  0.16319494496714798  0.18015211670312511
  0.19521411756268037  0.20961945175653707  0.22276944993059380  0.23530291636009079
  0.24572068975220468  0.25525312134145012  0.26424056749102703  0.27307110073996255
  0.28166652014975152  0.29011054355905058  0.29826573534657769  0.30620163907336767
  0.31405718649344649  0.32175021561208844  0.32929439543721417  0.33654123000685404
  0.34356525293112666  0.35047161097324903  0.35718762494766354  0.36361693007960633
  0.36978040356701725  0.37575561553792403  0.38159050422442486  0.38742886691032469
  0.39333204021551260  0.39917405588586613  0.40488984675196521  0.41052955631536769
  0.41606845195353354  0.42157799242336330  0.42697540533909606  0.43239685617977508
  0.43788163467711644  0.44351423917427441  0.44916032903016201  0.45489932075586859
  0.46049232789067812  0.46585978951142587  0.47104688274100337  0.47612910741130715
  0.48118700782609075  0.48638137204472076  0.49155270294049341  0.49665950081790144
  0.50180305402076553  0.50693953005753378  0.51223263623037707  0.51773737539091469
  0.52327350996195010  0.52874508021258604  0.53419288005082111  0.53959989836481237
  0.54508898017711005  0.55044976918192734  0.55572953819896054  0.56085112252010960
  0.56604986555798242  0.57147742334809792  0.57722250676632136  0.58299455728964500
  0.58863646928851066  0.59428423891493176  0.60005133305763558  0.60591285755251556
  0.61184651355588748  0.61776684469323906  0.62357492463256992  0.62974262438791151
  0.63590900809926365  0.64204147068636774  0.64829398478174971  0.65474551660062985
  0.66134885348792760  0.66818478931029468  0.67530005802616766  0.68231930112755845
  0.68931015546260732  0.69668980478053677  0.70444672495303318  0.71247824929741999
  0.72064934493134924  0.72910042178554613  0.73833982923922792  0.74850629851743533
  0.75906898390770550  0.76960674248355798  0.78032989249119511  0.79169607956394861
  0.80407149738685646  0.81856580672403356  0.84183971379299671  1.00000000000000000
   7.5497241249233419E-006  -1.0000000000000000     
 F F F F F F F F F F F F F F F F F F F F F F F F F F F F F F F F F F F F F F F F F F F F F F F F F F F F F F F F F F F F F F F F F F F F F F F F F F F F F F F F F F F F F F F F F F F F F F F F F F F F F F F F F F F F F F F F F F F F F F F F F F F F F F F F
  <DiscreteSampler_grid>
  grouped_processes
  1 # 1 for a reference and 2 for a running grid.
  10 # Attribute 'min_bin_probing_points' of the grid.
  1 # Attribute 'grid_mode' of the grid. 1=='default',2=='initialization'
  0.0000000000000000 # Attribute 'small_contrib_threshold' of the grid.
  0.5000000000000000 # Attribute 'damping_power' of the grid.
 # binID   n_entries weight   weight_sqr   abs_weight
    10   10   4.047162752172475E+000   3.604686030318122E+001   4.047162752172475E+000
    16   10   5.233378191785599E+000   6.773893321361024E+001   5.233378191785599E+000
  </DiscreteSampler_grid>
