  0.00000214726555134  0.00000223759130672  0.00000234517217063  0.00000246554590046
  0.00000260894349112  0.00000275171439783  0.00000288199301175  0.00000300077124552
  0.00000311102130947  0.00000322309342399  0.00000333510826640  0.00000344494986189
  0.00000357328363243  0.00000371277764277  0.00000386179636508  0.00000401303178424
  0.00000415910331611  0.00000431108456931  0.00000444036996445  0.00000456143866814
  0.00000469163942495  0.00000481990452726  0.00000496420086810  0.00000512724186542
  0.00000529509461949  0.00000546427303484  0.00000563114220574  0.00000579305908272
  0.00000595995494483  0.00000613991047775  0.00000634158705255  0.00000654078762616
  0.00000674214213500  0.00000696376559827  0.00000723511254113  0.00000755763295042
  0.00000787406603278  0.00000819017414576  0.00000844837939027  0.00000871728240352
  0.00000899159501513  0.00000928382370649  0.00000963830292273  0.00001003257470313
  0.00001042306264740  0.00001081461348138  0.00001131848416410  0.00001185401073502
  0.00001244811775534  0.00001316874412404  0.00001396940285306  0.00001470497171896
  0.00001561900649882  0.00001657581759788  0.00001764838156290  0.00001888198673776
  0.00002020235172757  0.00002180897868909  0.00002353307818244  0.00002544478362738
  0.00002751633624061  0.00002978420457394  0.00003240491532775  0.00003488681658829
  0.00003767117103312  0.00004064607199690  0.00004407936939745  0.00004797127736192
  0.00005227646465538  0.00005726277359615  0.00006250786542004  0.00006823173933218
  0.00007416751185517  0.00008078157051962  0.00009087484277201  0.00010375251606858
  0.00011846182537506  0.00013754234437473  0.00016422672237158  0.00020009420560024
  0.00024439974599408  0.00030804890290898  0.00037518636342187  0.00044174499195447
  0.00053590678305216  0.00070806210521658  0.00095491598854682  0.00134065754844308
  0.00183040218430491  0.00272422310756355  0.00420863777595927  0.00601688621099716
  0.00867021288413300  0.01273061996885188  0.05274238330292924  1.00000000000000000
  0.00235362510749824  0.01653268138814018  0.03286062669050583  0.04722885560366961
  0.05885893557626293  0.06968065108406271  0.08067992869388978  0.09041500061626358
  0.09939867182510907  0.10899825239109108  0.11962356403081330  0.13088957062728473
  0.14148965385893655  0.15127198541759618  0.16123811497254190  0.17205341929964058
  0.18391811246118239  0.19723419693857625  0.20806614988894787  0.21806022730508176
  0.22744715986956454  0.23715930881472644  0.24784045041073771  0.25901658454556964
  0.27079460547741957  0.28173721094008913  0.29170264642102600  0.30269890661804655
  0.31383825248831709  0.32420793286624811  0.33455621605275782  0.34420063041288779
  0.35238797795863686  0.35972022350848953  0.36628354246726152  0.37361428910643879
  0.38210452127099481  0.39174414391685553  0.40069801433607177  0.40901640772031927
  0.41762968119698035  0.42690072480722485  0.43670749867402209  0.44617369947322338
  0.45431724473950935  0.46401866231902889  0.47523057603352531  0.48686412576693827
  0.49928340351344436  0.51088967157107712  0.52076366370805749  0.53098249428011013
  0.54064029267722469  0.55035078378289481  0.56150679105282320  0.57325264897827399
  0.58451175113588771  0.59520577508558425  0.60551379271395567  0.61515182658311829
  0.62439146084223462  0.63376097981918800  0.64455795862192466  0.65582490886201039
  0.66751451622044644  0.67876411388542535  0.68913724621856265  0.69877597504142042
  0.70864770157218804  0.71946028437070908  0.73094767358187362  0.74358161603856732
  0.75679650342463811  0.77051493712936325  0.78428400810170784  0.79702855453333266
  0.80927304617481455  0.81969050756468964  0.83036832127434568  0.84124784470825853
  0.85099598289070755  0.86023074561193225  0.86965396191050037  0.87830845125223966
  0.88771037593116819  0.89698135756812403  0.90788713558159073  0.91896626376211599
  0.93053944519001419  0.94291649849297532  0.95445948180812834  0.96534223193691238
  0.97496022322957254  0.98371459725609012  0.99201020355308311  1.00000000000000000
  0.00000686648713020  0.00000698661098150  0.00000710701644040  0.00000722789473258
  0.00000735130559406  0.00000748154956788  0.00000769372950448  0.00000800889920777
  0.00000840037730464  0.00000881777749402  0.00000933867116744  0.00000994087403503
  0.00001039655760078  0.00001079899307207  0.00001122193265956  0.00001168531971920
  0.00001217602774594  0.00001265509259218  0.00001317537598381  0.00001381171675947
  0.00001458773451265  0.00001535837745231  0.00001612110886417  0.00001700750559937
  0.00001803725112609  0.00001914197291447  0.00002023203504110  0.00002124845908974
  0.00002226304321905  0.00002336870944471  0.00002460540112722  0.00002609082779322
  0.00002761512472995  0.00002912327169951  0.00003046486024614  0.00003210706301481
  0.00003405808365089  0.00003629375305515  0.00003872343664802  0.00004130280438015
  0.00004413372073042  0.00004719945915355  0.00005039484386692  0.00005390744808836
  0.00005787293677045  0.00006224778933672  0.00006666009814327  0.00007163325500567
  0.00007741150617231  0.00008373840765569  0.00009056089405814  0.00009766329418317
  0.00010537470244891  0.00011415411465945  0.00012353649655798  0.00013276254450448
  0.00014264365372901  0.00015397474231915  0.00016905243695644  0.00018513664212660
  0.00020228697710157  0.00022233448810850  0.00024569413899342  0.00027116245703813
  0.00029928386853052  0.00032944998004174  0.00036126994868749  0.00039618169260553
  0.00043804606235564  0.00048656060669532  0.00054352077242827  0.00060751303373218
  0.00067341707972601  0.00074574739823369  0.00082260843719739  0.00091290643748261
  0.00100899079898259  0.00111666144672783  0.00123335137642625  0.00136057562490794
  0.00149207040488433  0.00161276736871880  0.00172410483641250  0.00185077121354618
  0.00199749891157139  0.00226946696139530  0.00272586848387516  0.00317277576703170
  0.00355537515891937  0.00403328750670981  0.00460425563091978  0.00631590944591345
  0.00971808947763532  0.01446370018836625  0.04272997373744081  1.00000000000000000
  0.00000591468125196  0.00000668489685878  0.00000731614552349  0.00000794327303931
  0.00000845819947691  0.00000894309518546  0.00000941097219769  0.00000994085844280
  0.00001057198558035  0.00001128311513206  0.00001210478309367  0.00001296218603539
  0.00001395334465077  0.00001517589035616  0.00001663599547898  0.00001799044347737
  0.00001928308941172  0.00002052717874522  0.00002186598230662  0.00002324300423385
  0.00002497920485156  0.00002684871545608  0.00002879665015682  0.00003081486433778
  0.00003305856593647  0.00003562902457146  0.00003838518681240  0.00004120157498830
  0.00004425217629525  0.00004748075986714  0.00005114915726127  0.00005532587843151
  0.00006001472350584  0.00006532573335451  0.00007097665215819  0.00007734213993665
  0.00008349349340729  0.00008942023944273  0.00009545191441846  0.00010200732964070
  0.00010965040692323  0.00011798478381086  0.00012661253546571  0.00013577291849646
  0.00014570688417181  0.00015679343496564  0.00016712976019460  0.00017677789216083
  0.00018699932432933  0.00019988105743277  0.00021350353913936  0.00022788718124639
  0.00024247093105854  0.00025750637781710  0.00027534081202645  0.00029359530113608
  0.00031224632473738  0.00033201934860576  0.00035366388787204  0.00037650728262243
  0.00040091600767923  0.00042790548584620  0.00045334020177078  0.00047832876245165
  0.00050222334871651  0.00052592729271471  0.00055056411469657  0.00057737380629066
  0.00060527877537187  0.00064412327773556  0.00070601317889523  0.00078130195080816
  0.00085597509651368  0.00092605560190939  0.00099816984832937  0.00107749296754676
  0.00114976229680235  0.00122781188496815  0.00135634182551216  0.00150491349397212
  0.00170842386101306  0.00194725135628222  0.00225556216951468  0.00253059598930230
  0.00272923666695453  0.00288633863109844  0.00305796631824081  0.00333242540472234
  0.00424668942108405  0.00496027638318137  0.00560248354350513  0.00633372593283427
  0.00717409995306709  0.00817700162462364  0.04588548433293071  1.00000000000000000
 -0.00216354642392511  0.00855891728898587  0.01710482907549221  0.02590180761964611
  0.03444849274956801  0.04129724113963985  0.04807566976321334  0.05434446499872427
  0.06085317027523682  0.06858806104049509  0.07692940349036968  0.08559379433263280
  0.09449868502978957  0.10340603218057060  0.11177181797209373  0.11950756890173278
  0.12723258521701453  0.13605686447172907  0.14618718259136343  0.15821366322401167
  0.17177158716745219  0.18328729586389775  0.19300965326460584  0.20182858443234433
  0.21028467200097350  0.21876079544470192  0.22713157829333802  0.23564006522106964
  0.24524293170155148  0.25608209757948225  0.26666955123630259  0.27654981370350307
  0.28708761299966773  0.29842247741216421  0.31144699168035850  0.32478479655457382
  0.33835142540239510  0.35241059647770995  0.36549901020817815  0.37806414481597972
  0.39014148703368406  0.40185076038739026  0.41314770939414802  0.42392770047459244
  0.43515270804680872  0.44741915789508940  0.46050462892827848  0.47299789371622930
  0.48477577617977413  0.49700717179632220  0.50941676733821273  0.52138944383783958
  0.53314313615297881  0.54398523903861717  0.55555598130472672  0.56620037481385654
  0.57766426429463091  0.58900580514134937  0.60136556356902804  0.61441348404217333
  0.62788713636345772  0.64087880600577762  0.65423885708392804  0.66684377917819759
  0.67845481445083411  0.68956310564805823  0.70086345229911740  0.71287272004114433
  0.72470556798688612  0.73668476932026195  0.74910945918333693  0.76145324457914865
  0.77559951974241137  0.78879541637436168  0.79996072806165108  0.81066161985154150
  0.81918255078778224  0.82743491898335175  0.83512584765693354  0.84307403204025555
  0.85139283116789377  0.85949400787049790  0.86640628667986452  0.87303059465985555
  0.88038406261630409  0.88828457730164034  0.89641463713472791  0.90669392168235552
  0.91768330091138317  0.92874348029953968  0.94057889839848485  0.95237053139750782
  0.96640839468097406  0.97888739914958156  0.98970282464266590  1.00000000000000000
 -0.00236396141727209  0.00636217854441044  0.01505707261894778  0.02454664196854223
  0.03553073309235079  0.04757231309036451  0.05875163021173027  0.06911633391791265
  0.08019516272912885  0.09227059128649236  0.10615454967321451  0.11900374615897184
  0.13001850861348513  0.14023940395081469  0.15002037476863248  0.16017438675522078
  0.17059369014388059  0.18111102612941241  0.19200324278143088  0.20289742970994226
  0.21315982306917683  0.22344182918566322  0.23448988797619377  0.24643139685919138
  0.25847216163241432  0.27070420966746322  0.28286744318105195  0.29483256758713078
  0.30703882564966950  0.31959570148766447  0.33213321571269222  0.34452291471089302
  0.35698625130543576  0.36979929423247360  0.38244218983122158  0.39468083202828241
  0.40663117063601606  0.41798445811357698  0.42836579596311358  0.43763870539046412
  0.44573606859902049  0.45381119599096026  0.46226255760275853  0.47176913782357049
  0.48223405861502766  0.49312084257942607  0.50432234849901336  0.51608870505422999
  0.52804209404502267  0.54012231231392127  0.55248958598488196  0.56361880329644443
  0.57126016037596572  0.57905542714216118  0.58844243684721320  0.59908678694296680
  0.60910391379121798  0.61856327413690182  0.62783327140714584  0.63790259109209568
  0.64740103994328346  0.65650968803283205  0.66533603137916841  0.67364071434775818
  0.68161895611015344  0.68990076618514307  0.69899504034706950  0.70854365729305746
  0.71835966715738164  0.72791957254989392  0.73800568338669681  0.74898392715939832
  0.76031999048657617  0.77252617071795293  0.78456323408334028  0.79653688247189147
  0.80930246213921819  0.82168594879349477  0.83402468324138690  0.84686213866137316
  0.86009251044400126  0.87244287248656971  0.88419656948638670  0.89503297197366627
  0.90486339970816188  0.91446675426205604  0.92282195058697447  0.93177858787033285
  0.94165774573173888  0.95258389170422564  0.96191815166907424  0.96861725591210923
  0.97475250932603763  0.98165081654322561  0.98868898809232209  1.00000000000000000
 -0.00147346160280710  0.01040768737145884  0.02058654081509742  0.02739701863450638
  0.03421837165350382  0.04075658416930754  0.04765621041781083  0.05567822263252541
  0.06452125677137255  0.07332225365334782  0.08186144613759212  0.08870956846632728
  0.09500710973118634  0.10128809183312837  0.10815665390492121  0.11563783358703958
  0.12355740923365174  0.13179330510003939  0.14057897801221231  0.15028332714028689
  0.16151601556144271  0.17259838742317274  0.18323148374607443  0.19297981979785106
  0.20222062790450354  0.21166231706234054  0.22185922735241032  0.23192311369003468
  0.24272536752762813  0.25386457456577310  0.26604004772522899  0.27742772744204652
  0.28756174559928843  0.29696860965517385  0.30578749190802434  0.31581129559290644
  0.32647348149821803  0.33764906715918919  0.34927393942000140  0.36130952829362234
  0.37432597775241472  0.38795559292367038  0.40098683895939458  0.41274398384879551
  0.42473622930440602  0.43626386113309684  0.44902112234181057  0.46144229900435424
  0.47495809343864320  0.48477003244268285  0.49258301273751709  0.49988936464090877
  0.50725026709859156  0.51568525089381645  0.52522151737449674  0.53438334430475054
  0.54362013663233444  0.55341460954627242  0.56385448860005216  0.57461427991161940
  0.58531562629863576  0.59586775908672518  0.60653768882970815  0.61763961536842360
  0.62729338382275679  0.63579925485037891  0.64443345201908897  0.65416225786136228
  0.66506485919358993  0.67618681973218020  0.68735339823379904  0.69918151970573272
  0.71149488316888843  0.72342333910405954  0.73433705966312190  0.74525486593227463
  0.75677373290418726  0.76773687241371724  0.77843179501566917  0.78949500461264999
  0.80255854975239349  0.81784619333000708  0.83190597819407197  0.84549181631152637
  0.85906072379882992  0.87230577687209743  0.88584631437957695  0.89920332144367865
  0.91341188264311490  0.92652755850298896  0.93940367414077963  0.95247409449238762
  0.96441717929867288  0.97635771927614257  0.98847002242826409  1.00000000000000000
 -0.00289769070924355  0.01157479732671365  0.02406481819594018  0.03621783754979491
  0.04931376631796686  0.06301046033933537  0.07578401313275053  0.08764248098416988
  0.09882259872935895  0.11115227900727633  0.12428318085771803  0.13535034068238136
  0.14491982857553976  0.15386375877294364  0.16214476626493091  0.17020148873767299
  0.17837375617308626  0.18759002653537471  0.19808817274246052  0.20864629941068430
  0.21815327865205578  0.22759029402435488  0.23716206580537896  0.24655577017430866
  0.25589995986131658  0.26513941678903852  0.27595875512050266  0.28773790041100333
  0.29829920777434371  0.30805538892373291  0.31885980346470288  0.33040204128481709
  0.34116824097848325  0.35135282956950264  0.36258057257679149  0.37430263952332077
  0.38559661836058012  0.39673228012885919  0.40816268376761883  0.42004022414601927
  0.43194333962648468  0.44316237103660361  0.45212175196011173  0.45933055610202783
  0.46597530693933092  0.47281622119998218  0.47927893924711817  0.48719574657364401
  0.49597210968319611  0.50591138992686069  0.51680069746286095  0.52884183440276511
  0.54076533521538361  0.55131070170359531  0.56031166336340299  0.56880574382166316
  0.57664201631103484  0.58528469673645955  0.59474825414908516  0.60483609728993215
  0.61598219958904110  0.62765126898889079  0.63869455918169415  0.65021242582963135
  0.66295186032656783  0.67682552045966926  0.69022365845054268  0.70213015842525628
  0.71349020084855663  0.72510236922968274  0.73620901584485554  0.74625896658295621
  0.75560824717288644  0.76447661114952636  0.77309473469338119  0.78257454981360230
  0.79250143276776008  0.80331056278803969  0.81470494648442382  0.82665415719231461
  0.83865873729578044  0.84997647317438851  0.86045430051060245  0.87070759541493781
  0.88097571680876308  0.89102229487622420  0.90143534017059312  0.91268286296610079
  0.92489620023203334  0.93578666282648948  0.94592847997906537  0.95557522833537634
  0.96577825350684532  0.97559487485946628  0.98713735446874684  1.00000000000000000
 -0.00269721996196040  0.01096696473069774  0.02126613065453466  0.03173450919624211
  0.04176917441336842  0.05239731297159335  0.06409078211560156  0.07654747143845558
  0.08838038928609498  0.09943842253213823  0.10978677607865532  0.11955841886571449
  0.12873269401403314  0.13807590744258433  0.14703014360295721  0.15608616501926997
  0.16563669356573812  0.17641065917021506  0.18733951538467858  0.19768429631821194
  0.20755449264826339  0.21675492639483615  0.22612424123560484  0.23596293568319179
  0.24672372204533105  0.25880967422059847  0.27120293906771914  0.28231864727478262
  0.29144588959335488  0.29961314994799132  0.30788017310079668  0.31789645068658551
  0.32971554834050026  0.34152956585930822  0.35304688126395978  0.36390990192543154
  0.37456369759926744  0.38469262455619668  0.39474064623809785  0.40510287044207044
  0.41614748686973674  0.42734661378691485  0.43836739490838306  0.44883382080501255
  0.45949674674134733  0.47018974718695800  0.48076252641372275  0.49165120391539430
  0.50215675559339579  0.51318338558277266  0.52445074822792115  0.53600746405660060
  0.54873219753600722  0.56122065500712803  0.57335255809674479  0.58485558997595144
  0.59588610800099506  0.60723353461541718  0.61919897273006619  0.63242526870170646
  0.64476555315296091  0.65511877711541200  0.66508631926869410  0.67483857559548721
  0.68437930592588114  0.69356658044143804  0.70193364565653082  0.71084675103254813
  0.72075793978446323  0.73243353073076811  0.74465366869438121  0.75662567488741961
  0.76781931831007777  0.77800679005126649  0.78747096554856355  0.79667541104174178
  0.80597481424672179  0.81587887292434136  0.82642592232451972  0.83786916538719602
  0.84892526275872449  0.85929187099665583  0.86943622271042764  0.87947981979564005
  0.89076108556057898  0.90333140921033339  0.91573638709296423  0.92750943984430179
  0.93858331511444903  0.94537411125567439  0.95328992204442597  0.96144051454893309
  0.97208894182436811  0.98228575324407030  0.99156373939410691  1.00000000000000000
 -0.00005997197677105  0.00016214678582927  0.00037560873933178  0.00054397319474936
  0.00068529286508256  0.00078105193078050  0.00088431158036809  0.00099044831248686
  0.00109653918410988  0.00120427060436723  0.00131120354769344  0.00141330424162023
  0.00151583949984444  0.00161867741797887  0.00172202019999279  0.00182662649724797
  0.00193393532744119  0.00204628439253904  0.00216164679480569  0.00227913223149213
  0.00239814421115991  0.00251771209262643  0.00263266297166155  0.00274135767514437
  0.00284632728679453  0.00296441289544595  0.00307889247021751  0.00318743886093878
  0.00330432757762030  0.00342643400916646  0.00353632097491465  0.00364757961982264
  0.00376154604328186  0.00387628621829607  0.00399655612947539  0.00414785533621826
  0.00432320263373704  0.00451042500333331  0.00469661007214516  0.00489494089963218
  0.00511374797172623  0.00535002872417191  0.00559598114249841  0.00588080400286470
  0.00610588028712845  0.00630451044819872  0.00646098009991683  0.00659150205874542
  0.00672197915649917  0.00685243480258578  0.00705574277623612  0.00732800212662376
  0.00739170098792507  0.00743902127202562  0.00748634155612616  0.00753366184022670
  0.00758097157611289  0.00762819575945752  0.00767541994280214  0.00772264412614676
  0.00776986830949139  0.00781709326522150  0.00786432031230385  0.00791154735938621
  0.00795877440646856  0.00800600145355091  0.00813591007642472  0.00839762524688440
  0.00871359074047328  0.00910424072600484  0.00953807285474244  0.00973888866178907
  0.00995382315331400  0.01023348039639306  0.01053412956523631  0.01065829933185788
  0.01078171739159695  0.01091832537193926  0.01116594203361571  0.01153404879840059
  0.01200626341555329  0.01244463164318272  0.01288908228654684  0.01356095530056454
  0.01438018942760583  0.01470320182231144  0.01493343733277654  0.01509233986038794
  0.01525028105377287  0.01588001900418298  0.01672039391455005  0.01733781444062422
  0.01904169325711680  0.03135467078738807  0.24970140729019938  1.00000000000000000
 -0.00086811199147004  0.00362556031940221  0.00811186719004643  0.01313055980818646
  0.01893360066539867  0.02528591695459530  0.03159642501802881  0.03766548326545658
  0.04452450633931831  0.05252963886934530  0.06051804506000907  0.07050935431358844
  0.08072371083542140  0.09109777478074982  0.10115355509058181  0.11073310861817494
  0.12015584733515962  0.12964544530991196  0.13929541438765966  0.14915283442404323
  0.15927729268606414  0.16951820001211057  0.17979427261233094  0.19060682774607343
  0.20213263847754495  0.21317531289260380  0.22374067830187658  0.23518682401560173
  0.24700968901175641  0.25863041318516672  0.26960860500261696  0.27951387785725101
  0.28891868675541299  0.29930329635923886  0.31139633513052284  0.32405752432188983
  0.33701604275894059  0.35021844749858361  0.36355645670178705  0.37628123328807239
  0.38792847300505012  0.39836750205266847  0.40826533360068418  0.41924645948766043
  0.43166063419740819  0.44639960053625860  0.46303942062448455  0.47934730888655591
  0.49517948302204612  0.50642341550671066  0.51664220702218011  0.52636522395349272
  0.53609842152675147  0.54644434739088255  0.55661198688672731  0.56861820033964461
  0.58220155652472816  0.59689314607851873  0.60963574058693393  0.61838643042937902
  0.62795442374769439  0.63767696387268336  0.65088014812545136  0.66392035989424403
  0.67663985295755158  0.68852527192395130  0.70059440355468916  0.71161121008241690
  0.72425893840281075  0.73645743789414897  0.74822320579157053  0.75979037421860529
  0.77215218339752123  0.78507258861199680  0.79730209340412594  0.80787179352344507
  0.81785321312404968  0.82692939506729568  0.83604781166001219  0.84578435125900231
  0.85642978910201373  0.86882836269490471  0.88115766243774019  0.89118771486659509
  0.90066725715330798  0.90967203408633512  0.91909899195388012  0.92960806753694980
  0.94045784115024622  0.95044403699077162  0.95975205654941653  0.96838695163959054
  0.97653210252614653  0.98447714445644152  0.99233408057810024  1.00000000000000000
  0.53246316009092165  0.57790098544966362  0.58947050761205499  0.59846992865710780
  0.60474313609830910  0.60998878234452980  0.61559899734205314  0.62167487591494397
  0.62782385720464107  0.63420546275305634  0.64106296460197254  0.64670096662645193
  0.65183921207354922  0.65739581371846623  0.66392919424507491  0.67048491116913134
  0.67677164595338524  0.68285360247409055  0.68864031001456638  0.69444960106813736
  0.69993718438569141  0.70529984644419474  0.71040233222406712  0.71604488536407451
  0.72135526956520080  0.72646684743354428  0.73164056498418106  0.73719583753940465
  0.74321254873514331  0.74873487785099235  0.75389442042856314  0.75874128627940052
  0.76394141258264592  0.76867937256230401  0.77331378586878197  0.77789033722371015
  0.78231920919222775  0.78694679223988961  0.79187260834978768  0.79715374570994590
  0.80262555121307899  0.80778955246058670  0.81261986727109381  0.81714076577448147
  0.82151225374036574  0.82593620569772741  0.83038224098740088  0.83462875824835336
  0.83860148324308037  0.84254265265068295  0.84660283694097371  0.85071159652987605
  0.85481283576312483  0.85901102095659665  0.86328321614964876  0.86750409740418144
  0.87155620852501603  0.87536717419299259  0.87894038188316925  0.88245380142248075
  0.88599006892701015  0.88957705084813710  0.89330972297825351  0.89712832598875714
  0.90095903957071444  0.90472920104104038  0.90834774807338992  0.91181737542466923
  0.91510755216233264  0.91821533402805178  0.92129806853595897  0.92455783797188418
  0.92790942089940187  0.93109933356286356  0.93415855136932280  0.93702545239964830
  0.93990563618011680  0.94279801307178868  0.94592258742737700  0.94923567930485109
  0.95263862436601998  0.95616098935245897  0.95934993644662292  0.96205497431045173
  0.96455786652866549  0.96711560014384201  0.96965371195663463  0.97235847211076576
  0.97534670747064989  0.97842680510354041  0.98153194904451102  0.98451888101563279
  0.98766736740548222  0.99091539911207815  0.99527703076794027  1.00000000000000000
 -0.00385606617385130  0.13158228154568724  0.14143465211102837  0.14895911969165224
  0.15377855885328295  0.15817042857307101  0.16287045474801970  0.16812601248026557
  0.17548369005560105  0.18173399023324363  0.18733964656176838  0.19198763240841768
  0.19592229354090063  0.19983693937779756  0.20390283033515061  0.20814347911591441
  0.21292185707501227  0.21798856403299047  0.22297496895967636  0.22790037449586617
  0.23266068753411226  0.23733082147370277  0.24203226705272279  0.24668202129500799
  0.25148776376526760  0.25680142916825555  0.26244443761230102  0.26794548974268628
  0.27235984373782818  0.27645395696290298  0.28044533358165313  0.28432673396545471
  0.28848550278129542  0.29312505396899108  0.29805638612975505  0.30320306044393158
  0.30852504291049310  0.31367573762049356  0.31844820408816538  0.32330179705343787
  0.32831085808807375  0.33348590127526484  0.33894977568055795  0.34499813180479794
  0.35104090093290091  0.35680797890438182  0.36259225808346263  0.36863375011366217
  0.37512018974362332  0.38149953738170594  0.38731547545390371  0.39299838393754072
  0.39873899222731657  0.40494599722318597  0.41135019072067547  0.41729401820128009
  0.42297491767289813  0.42863509261580834  0.43434053039518278  0.44059338360530276
  0.44723359058559281  0.45398372108682872  0.46078161927022537  0.46824523277654545
  0.47537303436862094  0.48254663688971505  0.48907094157427144  0.49560096071306026
  0.50215919030545875  0.50912279650584646  0.51669624561861860  0.52378060275747418
  0.53064881338530734  0.53787809154479083  0.54593837298395920  0.55327319897984384
  0.56063798664192699  0.56840959822669257  0.57679886868489616  0.58549147355547404
  0.59495515765641804  0.60539116128853221  0.61866640569519371  0.63129099431278779
  0.64350934990967290  0.65697374762714722  0.67168353235340583  0.68716119289345801
  0.70321392889025769  0.71865673157672827  0.73301064123999871  0.74768511033054130
  0.76640468226560454  0.78726132581114783  0.81720503099924102  1.00000000000000000
   1.8758737481191694E-005  -1.0000000000000000     
 F F F F F F F F F F F F F F F F F F F F F F F F F F F F F F F F F F F F F F F F F F F F F F F F F F F F F F F F F F F F F F F F F F F F F F F F F F F F F F F F F F F F F F F F F F F F F F F F F F F F F F F F F F F F F F F F F F F F F F F F F F F F F F F F F F F F F F F F F F F F F F F F F F F F F F F F F F F F F F F F F F F F F F F F F F F F F F F F F F F F F F F F F F F F F F F F F F F F F F F F F F F F F F F F F F F F F F F F F F F F F F F F F F F F F F F F F F F F F F F F F F F F F F F F F F F F F F F F
  <DiscreteSampler_grid>
  grouped_processes
  1 # 1 for a reference and 2 for a running grid.
  10 # Attribute 'min_bin_probing_points' of the grid.
  1 # Attribute 'grid_mode' of the grid. 1=='default',2=='initialization'
  0.0000000000000000 # Attribute 'small_contrib_threshold' of the grid.
  0.5000000000000000 # Attribute 'damping_power' of the grid.
 # binID   n_entries weight   weight_sqr   abs_weight
    13   10   7.248044115948564E-001   1.509875970392297E+000   7.248044115948564E-001
    14   10   7.248044115948529E-001   1.509875970392298E+000   7.248044115948529E-001
    16   10   1.134293799286248E+000   8.145261034755917E+000   1.134293799286248E+000
    17   10   1.134293799286249E+000   8.145261034755935E+000   1.134293799286249E+000
    22   10   7.248044115948564E-001   1.509875970392297E+000   7.248044115948564E-001
    23   10   7.248044115948526E-001   1.509875970392297E+000   7.248044115948526E-001
    25   10   1.134293799286248E+000   8.145261034755917E+000   1.134293799286248E+000
    26   10   1.134293799286249E+000   8.145261034755935E+000   1.134293799286249E+000
  </DiscreteSampler_grid>
