  0.00199036533449797  0.01743656016690764  0.03011888519237783  0.04113502472038106
  0.05145745664707297  0.06122198320988146  0.07173369702252588  0.08282486545998856
  0.09331674220068459  0.10394861361918761  0.11492945826467131  0.12550992037818270
  0.13459210282192891  0.14465606215702345  0.15693469199637994  0.16864480884620975
  0.17882029256915175  0.18857708321532651  0.19750700030080590  0.20570144410795307
  0.21245091539805389  0.21968893915174503  0.22640971647914895  0.23305309209926639
  0.24067026604359512  0.24994587000388876  0.26156592351201341  0.27442956996384416
  0.28718431096913544  0.29889503663281153  0.30836689471077522  0.31775034836167837
  0.32675491147002556  0.33692715416865110  0.34764873404409047  0.35707086576026503
  0.36561110076674885  0.37439846715875985  0.38308806039759141  0.39122084727462453
  0.39923046870215684  0.40713467379232299  0.41679143294268856  0.42798075110393330
  0.43803481870643435  0.44802713480931833  0.45926667928880827  0.47248278640670516
  0.48510638981421916  0.49632300809172125  0.50606362310653485  0.51579166742421090
  0.52492537147217466  0.53467056059319451  0.54373265700707885  0.55433355641450155
  0.56496182145074447  0.57858017749960744  0.59159052812260382  0.60566270343894513
  0.61946203962990254  0.63346254708837646  0.64631588250921901  0.65988816412699403
  0.67207122879521120  0.68239265788817927  0.69162462943859138  0.70095335743852294
  0.71154961443117182  0.72414922561270523  0.73827610899560547  0.74926468720847617
  0.75745985232489199  0.76610196457554547  0.77526549435658010  0.78335160889574518
  0.79616740915314455  0.80659576001453048  0.81611174934133168  0.82506663324049023
  0.83294527385362527  0.84283277034556503  0.85439394762832233  0.86637480724162685
  0.87643630196815081  0.88515324084399427  0.89375131960362908  0.90278073928168745
  0.91322565160480584  0.92357451466716667  0.93596775120909159  0.94938384916006913
  0.96356643431414557  0.97559464603909174  0.98774217212285242  1.00000000000000000
  0.00004030910049332  0.00006278149002046  0.00007551542616470  0.00008600349801938
  0.00009391609674797  0.00010163093722476  0.00010997405558591  0.00011830855826214
  0.00012672855752463  0.00013517911090456  0.00014359137390078  0.00015213684904234
  0.00015969745567550  0.00016692676650130  0.00017426252384212  0.00018221674348815
  0.00019130836104393  0.00020117746195225  0.00021147520449131  0.00022270827987244
  0.00023380793349125  0.00024451840884763  0.00025543857018179  0.00026613166217328
  0.00027639853225846  0.00028694253216419  0.00029745981164012  0.00030839650184566
  0.00031992794203753  0.00033221069239337  0.00034572642710183  0.00036245394878819
  0.00037900174147270  0.00039330933118708  0.00040698507880930  0.00042140019669617
  0.00043883986035139  0.00045623630224815  0.00047293261190471  0.00048873078471273
  0.00050575830761969  0.00052240037037871  0.00054034213786775  0.00056164396864785
  0.00058789159074782  0.00061230561619794  0.00063441251068395  0.00065619644572905
  0.00067761420596516  0.00069782853170516  0.00072080031277669  0.00074770095818923
  0.00077565700139709  0.00081542225680886  0.00085987696817528  0.00089944523381053
  0.00094108924677891  0.00098747189364708  0.00104089584598050  0.00109126197150622
  0.00113753732950842  0.00118781880101637  0.00124274930944480  0.00131081173325407
  0.00138697957937163  0.00145765821160948  0.00151409713202387  0.00156720865765626
  0.00161993570111370  0.00168089675939418  0.00176038102616565  0.00185528434866270
  0.00196083364801201  0.00209728383930895  0.00225015801144361  0.00242887034219229
  0.00260252205921936  0.00276396393261786  0.00293456784716135  0.00313021743468694
  0.00337417491210653  0.00365104192203260  0.00393224935402318  0.00423944480453607
  0.00444998163496075  0.00472808083526922  0.00519877140682129  0.00583514838471434
  0.00657195653612148  0.00742004699840718  0.00840706904605053  0.00933971405602374
  0.01003434713058401  0.04190031848791228  0.07933890075468331  1.00000000000000000
  0.00300227834808612  0.01605096105638167  0.03048311495526609  0.04331560482223303
  0.05548229142633245  0.06754512232514170  0.08013615614885858  0.09313910295401658
  0.10591846340334181  0.11867617746175876  0.13166210253058877  0.14451638009049117
  0.15690226344798011  0.16665728840186539  0.17486857921997748  0.18296123602911496
  0.19082018913927026  0.20043263802712635  0.21121056143145622  0.22238764997906160
  0.23424556410813557  0.24614731354537986  0.25715373840050537  0.26742559169199009
  0.27775568991407740  0.28853474958855169  0.29961395353850839  0.30959334501787450
  0.31868247682803225  0.32705605980854119  0.33521647687080253  0.34647141296849454
  0.35730229869740354  0.36835510242305347  0.37846299837152297  0.38784891474830430
  0.39794674086326404  0.40824329400610743  0.41980553598015474  0.43069621719835371
  0.44342882804753186  0.45644033057466304  0.46797672610230012  0.47991142523507541
  0.49166943906918437  0.50278527580036092  0.51253601306042640  0.52273951199943491
  0.53483425983422117  0.54652401344299251  0.55650271375350246  0.56506139647787301
  0.57378857823558638  0.58443265567034708  0.59367405067014645  0.60302928906604203
  0.61206276781974633  0.62172063847884085  0.63046078200708411  0.63850790765725984
  0.64671152706292589  0.65644111264632843  0.66890985668036362  0.68180362840489739
  0.69423148889211950  0.70546755839158892  0.71616646682091734  0.72567406188759709
  0.73514602720842137  0.74579143994053088  0.75701054589258654  0.76747683797166955
  0.77661852974361389  0.78496750034269069  0.79297877094226832  0.80010938591708958
  0.80664420735456344  0.81378503953271575  0.82249784218416067  0.83307283408112220
  0.84431864242593868  0.85537439424064965  0.86663036608479982  0.87800873165639104
  0.88907854329198266  0.89865341913204655  0.90889442332091452  0.91905953084320258
  0.92914955245048958  0.94381828352926000  0.95594980348671232  0.96848915282763026
  0.97892305545820535  0.98658471749701782  0.99350317232803387  1.00000000000000000
  0.00000944720915967  0.00001610114512657  0.00001770842440512  0.00001917987785240
  0.00002073666125391  0.00002230508764867  0.00002292688803747  0.00002354130067098
  0.00002371600345120  0.00002388982993363  0.00002427334695199  0.00002484473719361
  0.00002537095994999  0.00002578688973961  0.00002620363495455  0.00002662166571565
  0.00002705305245126  0.00002750042183423  0.00002804307257957  0.00002864837244164
  0.00002922289345307  0.00002967146196660  0.00003016668322120  0.00003070639942011
  0.00003128193735906  0.00003207989130510  0.00003284652797550  0.00003357579922503
  0.00003425058909514  0.00003476426473845  0.00003546318539125  0.00003626639422315
  0.00003730783095010  0.00003837137672824  0.00003965343309888  0.00004102070952837
  0.00004304503943615  0.00004505369639539  0.00004674188684953  0.00004827771368101
  0.00004987697880795  0.00005159256041462  0.00005375312183103  0.00005604712348517
  0.00005868320063379  0.00006159797301940  0.00006480698126380  0.00006846088450725
  0.00007267425942060  0.00007636059645349  0.00007998526740771  0.00008382966082336
  0.00008808983293490  0.00009335150195158  0.00009976772421532  0.00010694152155814
  0.00011514249118855  0.00012412434302124  0.00013376810318615  0.00014480303230875
  0.00015856195962413  0.00017280094808912  0.00018756388629140  0.00020332491455283
  0.00022410892547412  0.00025053063876121  0.00027817339282434  0.00030891038398198
  0.00034503191719407  0.00038789394035273  0.00043617945382988  0.00048699124466903
  0.00054767159597629  0.00062278549692987  0.00070444178869792  0.00079261559912872
  0.00088753189006748  0.00099640027450082  0.00112156870875686  0.00125751168150182
  0.00140029571189484  0.00156767972888160  0.00176507767003959  0.00197611039556214
  0.00214187568582542  0.00234263022178549  0.00258858754247237  0.00301414244707258
  0.00347088085399761  0.00417740530322720  0.00523400636185605  0.00646831732870024
  0.00804532462194748  0.01246033975874772  0.02599988514116386  1.00000000000000000
  0.00001038964069255  0.00001103181315984  0.00001169385554902  0.00001231752309290
  0.00001291880049736  0.00001353504021086  0.00001413387902013  0.00001474119305442
  0.00001535529182490  0.00001601916745106  0.00001659296300427  0.00001723520600480
  0.00001797218623137  0.00001858132256087  0.00001912474714865  0.00001964985252306
  0.00002012257251786  0.00002068378003011  0.00002160682536202  0.00002276891904598
  0.00002397593115799  0.00002537047533150  0.00002670062468544  0.00002808352715221
  0.00002982741396992  0.00003220194272731  0.00003481757384087  0.00003705289135012
  0.00003933363578041  0.00004167072387663  0.00004417947816855  0.00004686285691794
  0.00004953029263929  0.00005217056679102  0.00005491548143956  0.00005775360850414
  0.00006151358893309  0.00006615054973530  0.00007162092962254  0.00007695220228732
  0.00008229189294497  0.00008664045953021  0.00009212622471268  0.00009804595085579
  0.00010491185155712  0.00011323527460720  0.00012234278533828  0.00013140934065777
  0.00013974668352110  0.00014786294698660  0.00015665283436736  0.00016645574275726
  0.00017702088294870  0.00018803779843505  0.00019852198708948  0.00021052250287751
  0.00022495092271594  0.00024024141566605  0.00025609512042716  0.00027213839776422
  0.00028810404207070  0.00030767343953852  0.00033135010687914  0.00035972890253792
  0.00038788128600995  0.00041365186257686  0.00043796158711312  0.00046247614825928
  0.00049024490969271  0.00052214492701646  0.00056246228958345  0.00060480398645122
  0.00064874769904504  0.00069258316690991  0.00074425592976123  0.00080686303387508
  0.00087361387290979  0.00094889885596351  0.00103740581357450  0.00113223134013523
  0.00123034148488864  0.00133859824342914  0.00145586394555367  0.00159629365585768
  0.00177927016422608  0.00197585368353808  0.00220058704400847  0.00246164889650980
  0.00278046435304041  0.00318646190376635  0.00372281325890244  0.00445071510708560
  0.00528061010622688  0.00624782245737892  0.03557777676319806  1.00000000000000000
 -0.00227956161574188  0.00872296378916194  0.01949929546967016  0.02706484844993729
  0.03608523843713397  0.04461603848465948  0.05263072002398055  0.06108912475662671
  0.06808519679455276  0.07466502277331212  0.08179287948918348  0.08922681693389022
  0.09877968688151145  0.10743821295435306  0.11485641437622962  0.12291195656222553
  0.13244678716135766  0.14266471909426276  0.15350353804794034  0.16319059143154474
  0.17431744111905167  0.18377203808907888  0.19133984592330822  0.19739587347400331
  0.20340845564933094  0.20932560609610024  0.21644815617916674  0.22754441430405747
  0.23926395034937409  0.25199407554901992  0.26429624168640614  0.27548559398749289
  0.28720745138431714  0.29805940020607563  0.30881200473371856  0.31914224565347205
  0.32869355531834510  0.33841538390004233  0.34881314014099052  0.35817898574073420
  0.36706896630312369  0.37580681752169842  0.38516014769217988  0.39596858925663619
  0.40765019178292611  0.42030747969003918  0.43385829196549053  0.44738498562496626
  0.45996656747764864  0.47186547926099692  0.48231175620415040  0.49206626884436705
  0.50202609955230648  0.51257640518244096  0.52298843326263145  0.53303919257927246
  0.54445648207802522  0.55553625810543683  0.56635352501729652  0.57759320485563836
  0.58975447321172481  0.60228408963622337  0.61507936174235145  0.62859855880581972
  0.64249966100386136  0.65409040643002236  0.66287890575086339  0.67136532979501018
  0.68065451780113273  0.69154134616593754  0.70315930483405675  0.71433138013235142
  0.72569855157947849  0.73800963958684851  0.74979517687234654  0.76094939892596680
  0.77201415715581578  0.77939906940662673  0.78703083525197659  0.79498005941085037
  0.80321623398561304  0.81464923930344169  0.82659093434347719  0.83945023636408744
  0.85404662824490285  0.86721413546868242  0.87754997658943912  0.88788297324967858
  0.89776110474792847  0.90995607197196426  0.92234548704022568  0.93628576361739879
  0.95062185991711645  0.96661031370590689  0.98288948102369877  1.00000000000000000
 -0.00194137211338283  0.00952947792633057  0.01872286321661313  0.02680956758031350
  0.03627404045181416  0.04615726940659483  0.05806142224870981  0.07088084057762778
  0.08391842827830910  0.09252541159096572  0.09936802589600313  0.10598511177142630
  0.11330246827797498  0.12232469133046962  0.13279540340091534  0.14390157100486373
  0.15454821014890466  0.16556785145264483  0.17763632923648581  0.18980488856256708
  0.20112886104485875  0.21234598562582185  0.22238468776843795  0.23244166235854904
  0.24228703900170717  0.25196459114623987  0.26118774745820722  0.26951082546649580
  0.27672957438410900  0.28447500493864331  0.29380556083965281  0.30492767998718989
  0.31840509433518921  0.33120641432112502  0.34280979158498609  0.35339427735731560
  0.36294734885934798  0.37147408249737218  0.37945590256880679  0.38751996115486476
  0.39543859063236109  0.40553529907761154  0.41594394543091889  0.42759597642444658
  0.43841306487552634  0.44817765773386137  0.45756914085923123  0.46745734431398417
  0.47763841354618419  0.48782758077023725  0.49885819531266762  0.51112963122531485
  0.52398759414480656  0.53685984118428831  0.55022141137121716  0.56394062843973058
  0.57549045867869630  0.58751656813890718  0.59942598290384908  0.61207140973891938
  0.62574763312932691  0.64050071953608478  0.65388546038362860  0.66573207160645420
  0.67750089341196607  0.68793624153455057  0.69706386686982413  0.70646560906901101
  0.71714528178523695  0.72972540667219277  0.74166977475436457  0.75205830743329471
  0.76073410067269565  0.76891240790922788  0.77781232831770153  0.78874048408372055
  0.80057311165383360  0.81165413702586109  0.81914236897519266  0.82657451091820255
  0.83432010483515173  0.84178880071240814  0.85346467766753009  0.86396124128843377
  0.87575514263789866  0.88809785761734361  0.90015990128504186  0.91169811103493459
  0.92388366368402286  0.93395386044592299  0.94404303569162662  0.95356979932903085
  0.96399501872457261  0.97536378303699223  0.98690793891620088  1.00000000000000000
 -0.00050614659298551  0.00314372088389125  0.00747001269422702  0.01210764537118202
  0.01533961924660796  0.01995467157648047  0.02552559632857481  0.03122480994334847
  0.03795971308749190  0.04535486904448885  0.05257206727923732  0.06023841473385817
  0.06856412420326978  0.07734594827392861  0.08593459662096654  0.09397616417761746
  0.10145123012283190  0.10893089946140988  0.11694184682934405  0.12527552787626015
  0.13403342750443253  0.14093083138275420  0.14724823540435905  0.15360167029833210
  0.15982974051426499  0.16815193403743423  0.17655929734878517  0.18549362935695191
  0.19470034036780309  0.20447156241522210  0.21411312521596337  0.22266338902609081
  0.22963135064979101  0.23602842146597158  0.24365645693859347  0.25389793184893822
  0.26619016198291401  0.27874833675905625  0.29023250594174432  0.30028321429407973
  0.30935206719562514  0.31817534467106534  0.32748708148160466  0.33768311731960798
  0.34729857693879046  0.35652949270601236  0.36571892651057358  0.37804028241742715
  0.38995258854344778  0.40104182618086232  0.41147608021541704  0.42312026786065571
  0.43503670251291021  0.44724181927938528  0.45898579632800168  0.47069746412578606
  0.48216573134621049  0.49383365886828484  0.50477869464717406  0.51637503562977960
  0.52839984718980004  0.54200745586578558  0.55796211430236120  0.57233309112356012
  0.58538941274645717  0.59586941083212475  0.60578955262328271  0.61734294866165051
  0.62969138804001423  0.64253415045088225  0.65566684048048740  0.66760517419817456
  0.67881103054787217  0.69116341617819177  0.70485735360361423  0.71935645772387469
  0.73327574336090451  0.74483555538202983  0.75456361761401936  0.76406949853589123
  0.77403023265244741  0.78889457329883428  0.80706772731329912  0.82501139593623263
  0.84039189054178087  0.85627517192003677  0.87360022134579851  0.89374230188610893
  0.91011356155793732  0.92130411910774967  0.93169110281116174  0.94173339960524094
  0.95176286658892395  0.96605719859393513  0.98111293594702043  1.00000000000000000
 -0.00118276084707888  0.00625441196251860  0.01439590099582802  0.02291475827268137
  0.03134736164905077  0.04075262905998840  0.05002182617583989  0.05694025089212718
  0.06412109021548858  0.07273955746654072  0.08349993201276232  0.09553819647545089
  0.10818708944739631  0.11923893436134192  0.13026492960531474  0.14115609298888757
  0.15133638520723972  0.16035611373001568  0.16940402113979480  0.17931023060454176
  0.19005368214777524  0.20138977761647409  0.21152362105148581  0.22157450085490615
  0.23144084491157343  0.24029428633155980  0.25038817947525122  0.26273252710544387
  0.27395041977118378  0.28470769271677693  0.29487532247528925  0.30481632183310869
  0.31569431645099771  0.32859814997835302  0.34166551533633183  0.35499968224956724
  0.36696261493892018  0.37813908237648480  0.38981630338517836  0.39954887788625210
  0.40973982031355538  0.42028977369754039  0.43009143741033273  0.44203327661592956
  0.45306762163255182  0.46428968898921835  0.47631406722018632  0.48786911405495231
  0.49921486005345606  0.51002044712361838  0.52114914388138334  0.53035571648237212
  0.54063955548581921  0.55098663090737243  0.56246205449244713  0.57253216194036671
  0.58196239555849438  0.59199617055581477  0.60307660516302997  0.61411046535974068
  0.62493625492670613  0.63513226176417537  0.64540211976769113  0.65587192147764806
  0.66619889692823442  0.67764405480957102  0.69047279843916776  0.70408662505833086
  0.71523836513375783  0.72473446523346685  0.73339565672277607  0.74138687952855442
  0.75014064208310705  0.76107796377719816  0.77215190502208397  0.78258586032513089
  0.79103052239927329  0.79953425368393249  0.80850651271348506  0.81827169160381974
  0.82849806616489285  0.83881176318727957  0.84909705875252284  0.85974916719723116
  0.87021784560576421  0.88154582743600141  0.89451332191150534  0.90659877855646231
  0.91794795711370825  0.92785019562587256  0.93807052123392465  0.94902786594204414
  0.96104450803112795  0.97365827046367415  0.98696548758316638  1.00000000000000000
 -0.00538358217569389  0.02436220757961471  0.04682886911982835  0.06809650618531113
  0.08924014630142478  0.11024627201838284  0.12854132190147025  0.14509643414933474
  0.16235718309111086  0.17921220327920645  0.19575868626997672  0.21127731181197343
  0.22736092376750155  0.24202794571204669  0.25660417844017280  0.26957329831456001
  0.28277096904887133  0.29560152098308151  0.30526576395320476  0.31369477343640806
  0.32228138495127073  0.33058211647527797  0.34165404020583717  0.35268239398180301
  0.36442719357288195  0.37775672278935685  0.38916485736132994  0.40028253541270548
  0.41094044262495383  0.42313781422058322  0.43381507362022859  0.44469798540551231
  0.45729436120744971  0.47228149277750886  0.48597284448425748  0.49698750294787614
  0.50581691262439443  0.51461943576119906  0.52203261428298697  0.52839115613291154
  0.53486611417666274  0.54184536525601734  0.54909036897841157  0.55717383593032677
  0.56616746810440644  0.57479385085709378  0.58324339260210967  0.59296124669195782
  0.60113867051025194  0.61006511208410774  0.61841273016671805  0.62794243150685758
  0.63885739534219255  0.64996793248928697  0.66071068653185938  0.67146392374504715
  0.68241474556939796  0.69365622797899362  0.70498789136714746  0.71544271601754428
  0.72512608610729168  0.73441294447494110  0.74132935113205900  0.74818607294987038
  0.75452875903406957  0.76111188258726903  0.76980153252661487  0.77846627650462685
  0.78672339422891979  0.79476532668821198  0.80288489885027658  0.81173077348143896
  0.82142449612300783  0.83089514920888818  0.84002497474519910  0.84852373870954345
  0.85684540354631766  0.86477505986296066  0.87219101312149439  0.87906117947416185
  0.88475773236523925  0.89022546363363531  0.89583452600646862  0.90266582185768418
  0.91125541180104441  0.92061345651956117  0.93024744265834580  0.93931155797992250
  0.94840320004131717  0.95584240543314658  0.96294861751160798  0.96996117866311626
  0.97779091864709389  0.98580777298346067  0.99326884421215922  1.00000000000000000
 -0.00292281455875492  0.01221300864296735  0.02421928430136850  0.03478530639050322
  0.04423545091991501  0.05338137130361176  0.06186199061240280  0.07070869589111170
  0.08071162565220619  0.09183699817745997  0.10501566207381492  0.11806033001345044
  0.12872051306393889  0.13927785306335022  0.15028012381793321  0.16270873454997789
  0.17274360638735572  0.18127503065593889  0.18774104601375960  0.19636021920706714
  0.20459412012114900  0.21297338292518447  0.22106088370419613  0.22980492001480979
  0.23978659950950384  0.25076231182662062  0.25782693012942343  0.26471174835952127
  0.27175004517859075  0.28075222452837234  0.29093587940095905  0.30197865173204125
  0.31256940385018345  0.32199024505746549  0.33299970386847333  0.34242164958545940
  0.35216023105365835  0.36214268544384015  0.37296770411129321  0.38017170397689332
  0.38791445838222677  0.39635673239646085  0.40569309466430747  0.41936135794769991
  0.43278344182103051  0.44540417211217409  0.45600154663118853  0.46697365664739765
  0.47703824423544433  0.48800849268022406  0.49974396899588891  0.51162673944746295
  0.52256229450797975  0.53148473609572089  0.54034667324167474  0.54865864517626484
  0.55771689224305732  0.56795439258963754  0.57840224862016676  0.59041226367340238
  0.60287037850377301  0.61683630906463915  0.63076662152374363  0.64339322833021462
  0.65522906537382142  0.66671593398001361  0.67783742821150206  0.68960044254665787
  0.70162153882922140  0.71479883511274900  0.72737597441747881  0.73900822436389113
  0.75168422750564190  0.76537413470442750  0.77711445105757315  0.78632503293156042
  0.79446474084864616  0.80343932556021802  0.81421460550303049  0.82538111967691541
  0.83613027146232066  0.84602253252327020  0.85645080663698125  0.86697085419655839
  0.87747123681520167  0.88831548717987685  0.89935019204081856  0.91087982722933936
  0.92298235420788566  0.93530153096069979  0.94630204329610135  0.95652477244026624
  0.96729797251282379  0.97746135678947976  0.98862769358017755  1.00000000000000000
 -0.00245528353781176  0.01046644089493395  0.02242637971733477  0.03357660319730809
  0.04661867909998670  0.05840849410328648  0.06978694540693246  0.07946420887004775
  0.09008235328747902  0.10024422656990870  0.10987021071194833  0.11799510618498144
  0.12475504332216394  0.13156826719998324  0.14008733620929553  0.15182065256708363
  0.16457233142662175  0.17688672724662463  0.18937004997114334  0.20202517010643328
  0.21436883673007429  0.22618192674651633  0.23583989632408028  0.24500685179129608
  0.25442978583560977  0.26358868791761847  0.27657387644194786  0.28939314950169620
  0.30241247754303935  0.31480467960561742  0.32706845734821655  0.33991111258993761
  0.35124412031639057  0.36050927370642399  0.37080852794436336  0.38197969624496103
  0.39396455587539148  0.40634143524821220  0.41865825592586947  0.43022982917720565
  0.43926857499628530  0.44835746158085937  0.45497814529253894  0.46266307893173664
  0.47095485355128208  0.47841148338995454  0.48792839981273795  0.49862117233270359
  0.50984201932347717  0.52017467789391358  0.52912579668674209  0.53774144634466581
  0.54650968873847150  0.55622908987540054  0.56602815955471286  0.57526500490732269
  0.58458700202710467  0.59275323264769186  0.60003922380655805  0.60844511155827863
  0.61996983540301931  0.63378687696537039  0.64630066231373340  0.65864848184699831
  0.67058436645121888  0.68184441042685839  0.69221331034572386  0.70244725256412732
  0.71405676882570979  0.72612199090328755  0.73701675592487803  0.74785866439439730
  0.75921456984488855  0.77014636226839017  0.77937759826535158  0.78823038089268860
  0.79792744882170197  0.80925358470007491  0.82077794852871488  0.82920124289093533
  0.83639722787527371  0.84379750125522668  0.85175679440236018  0.86300360700147882
  0.87519087797939910  0.88667536414312198  0.89718372081840059  0.90777809371357820
  0.91936180125615219  0.93126377975494279  0.94314910069543034  0.95529637394427036
  0.96735618068040308  0.97853083635622229  0.98930300375531799  1.00000000000000000
 -0.00000837130421201  0.00008578163110517  0.00017251000092480  0.00024917686924542
  0.00031472769460207  0.00037661343413248  0.00043476249463068  0.00049201332383622
  0.00054309096342652  0.00059086216849761  0.00063431414364955  0.00068152055631143
  0.00073053338200685  0.00077964534525120  0.00082737936452178  0.00087565632959913
  0.00092437513246928  0.00097357664960051  0.00102341037186209  0.00107957864883969
  0.00113827654018418  0.00119961401662350  0.00126466535223297  0.00133000175492870
  0.00139496509625133  0.00145840631122826  0.00151986183748678  0.00158051921552929
  0.00164223018738828  0.00170782623563123  0.00177781452161407  0.00185288405797033
  0.00193044221037981  0.00200356887772791  0.00207998090863776  0.00214634054034211
  0.00221707899809984  0.00228707984865326  0.00235567993459619  0.00242233826010110
  0.00249283191272200  0.00257112632782022  0.00265386907468803  0.00274350150518826
  0.00283776259061248  0.00294023626487270  0.00304034980508106  0.00313835900806809
  0.00323309821154228  0.00331759417037934  0.00341330568223713  0.00350548072607227
  0.00359975469920465  0.00369421591966152  0.00381420755668183  0.00393451684643674
  0.00407946704573004  0.00426519098067412  0.00444363827907190  0.00459442389188346
  0.00474970554860035  0.00487554319703181  0.00500973322172115  0.00516165430567478
  0.00531178187274514  0.00549938872468377  0.00573136530242586  0.00601202081408075
  0.00619501520953603  0.00636704472925258  0.00654739947608951  0.00678788516058856
  0.00705190643345474  0.00736938970013425  0.00774510401268711  0.00812033758951326
  0.00848145918350813  0.00882974551771722  0.00921274048900079  0.00956856067015739
  0.00999158864060088  0.01044267699393297  0.01106491125061998  0.01163198958830792
  0.01213031330726968  0.01285876595587939  0.01366045768529906  0.01458962714522996
  0.01680054569658087  0.01847977570959335  0.02114394499847489  0.02249417050124559
  0.02657698285423664  0.02952094709933311  0.09034173959102365  1.00000000000000000
 -0.00173341629789965  0.00566725431145172  0.01251886045866334  0.01935677878344439
  0.02664751489427234  0.03446298426130369  0.04140921815306790  0.04875442417052385
  0.05633879754338432  0.06458611304307844  0.07167172844588758  0.07683084391971473
  0.08199234675816792  0.08802304820518106  0.09386297785902126  0.10167976619317233
  0.11039376500301518  0.11915586742179982  0.12834060270716011  0.13779504812500876
  0.14685627112595118  0.15551384695023573  0.16363823868070512  0.17160045200972940
  0.18009615389901429  0.18923342574986740  0.19966929438570771  0.21045463595220298
  0.22004477126464014  0.22809515511080145  0.23537980350746834  0.24422731501345110
  0.25434095530095668  0.26589042337783086  0.27817801074751058  0.29093027134611987
  0.30413829205429888  0.31789485018489394  0.33314269248507800  0.34922676487544047
  0.36489823460850923  0.37868746873070386  0.39290742703926584  0.40484431017375910
  0.41618503785248606  0.42790145543258479  0.44272235663985843  0.45842038475691504
  0.47532590669491337  0.49385705525406504  0.51368020838698369  0.53414656665163407
  0.55394860938867962  0.57198285254575931  0.58760536225557392  0.60332804846404064
  0.61801582680833689  0.63350906768978288  0.64692431504908365  0.65734000073555354
  0.66693994364534115  0.67730406169448476  0.68968046923278425  0.70523769182373097
  0.72021193801129990  0.73278285377770613  0.74414190178325268  0.75401537554916087
  0.76483141029738333  0.77527599700707561  0.78608254537748334  0.79594885639369806
  0.80541687823209729  0.81413401926443574  0.82239914126821612  0.83133369874903151
  0.84110360680114660  0.85058136335791701  0.85901846903045942  0.86760495023247319
  0.87716796012628018  0.88809007255424421  0.89897213581022906  0.90899989392119918
  0.91800794863879465  0.92654075356012744  0.93393743925730588  0.94141299504242681
  0.94893167351112961  0.95715148701301478  0.96447002462980203  0.97060762450085081
  0.97697063509018534  0.98379250324107703  0.99103327089410465  1.00000000000000000
  0.52963667298682449  0.69067968054078155  0.70908669341919550  0.72681113621626592
  0.74320510048778943  0.75791774538795731  0.77040663175749036  0.78142089114504532
  0.79039505098264839  0.79763233084366358  0.80439711328326791  0.81138973708058126
  0.81734877807188733  0.82321802823081724  0.82894489571944807  0.83453351094451389
  0.83905954199705290  0.84366485410501901  0.84816949435358624  0.85247214367662416
  0.85644105033452489  0.86013048403402781  0.86383907406527782  0.86750874862498917
  0.87113326613911402  0.87465296992910690  0.87781606971016068  0.88063697491226378
  0.88342933911768884  0.88650567169869177  0.88985850339343187  0.89321053191883781
  0.89637341779648205  0.89918986866454709  0.90159654260616173  0.90391087803057513
  0.90628814527454915  0.90875555878167158  0.91099798094665352  0.91299448659704896
  0.91503671369444650  0.91703248917165459  0.91934168852683773  0.92160408811676764
  0.92382627407687734  0.92609780697686683  0.92801831475096919  0.92990094507626087
  0.93164742970457493  0.93356315989101180  0.93566663476583123  0.93760175086188979
  0.93937462214468814  0.94100939028228103  0.94253548498708950  0.94403964610655977
  0.94561313099084077  0.94730773987016281  0.94922202749111528  0.95109167432398678
  0.95273095720931211  0.95421615705930851  0.95555867308358045  0.95682176620361425
  0.95822984355005325  0.95951643051599955  0.96103545516654010  0.96244643699401100
  0.96375406523129636  0.96507892349050828  0.96653813543845035  0.96806431828745776
  0.96940055909590483  0.97052067474358639  0.97157365535788298  0.97258497052472370
  0.97357342733841490  0.97459651723785834  0.97564964608080595  0.97672907092983652
  0.97780868708907553  0.97893481916806979  0.98016858447413713  0.98152611429432002
  0.98281905974908079  0.98417760091557183  0.98556430186120392  0.98680481075073878
  0.98794859486075359  0.98905796736184126  0.99020305818523124  0.99151678574807312
  0.99305838229574106  0.99487317021375032  0.99722303604845608  1.00000000000000000
  0.04705050356279167  0.15903977799703650  0.19221808923923100  0.21465966529038702
  0.23110475602978073  0.24339044274086430  0.25426779271459804  0.26347587253912352
  0.27103813331363258  0.27967314211666044  0.28791095502062408  0.29797397194263558
  0.30741357715143036  0.31652463859472957  0.32430202894755639  0.33095559432319521
  0.33687884279605096  0.34248490685813282  0.34860367270541087  0.35522510072153707
  0.36153797926544035  0.36714671166180812  0.37184743362694317  0.37652828284817069
  0.38073035966652863  0.38509649127624040  0.38968116296227251  0.39454583021178113
  0.40030053639153051  0.40605542358631358  0.41171928299417243  0.41753235126762422
  0.42307877978185304  0.42799689962000964  0.43228429546513525  0.43652911592973104
  0.44066503762485770  0.44477271088257286  0.44923090894014295  0.45406913851056530
  0.45903559730515514  0.46362577680270539  0.46785036254101808  0.47155181039150934
  0.47505459038104497  0.47885491874502423  0.48297521048242187  0.48796487029458280
  0.49366937327377819  0.49925033425041820  0.50375408659762633  0.50739697424712171
  0.51100148045792815  0.51443093647737492  0.51787867575539193  0.52192988864477274
  0.52590320766254017  0.53006841444702013  0.53444130712491056  0.53873796967875032
  0.54312786233873844  0.54754097194785023  0.55244200842566438  0.55721741191769514
  0.56234841508300726  0.56794157239713317  0.57346771287958409  0.57832681126833829
  0.58280021323579989  0.58755603428004732  0.59281234905437663  0.59810647221532587
  0.60311702913398579  0.60783529218699228  0.61242259506286290  0.61715362089871817
  0.62212334984061168  0.62744435401081977  0.63269863990220754  0.63955333435843542
  0.64667607190478027  0.65438179012107478  0.66241532330089936  0.67035685762351593
  0.67794823238361024  0.68578187435369697  0.69481917830358808  0.70584500828524110
  0.71791643023910756  0.73120383001490208  0.74521683103276637  0.75919044747910092
  0.77472406856825404  0.79768298162434192  0.83964614806194837  1.00000000000000000
   4.0945425122139887E-011  -1.0000000000000000     
 F F F F F F F F F F F F F F F F F F F F F F F F F F F F F F F F F F F F F F F F F F F F F F F F F F F F F F F F F F F F F F F F F F F F F F F F F F F F F F F F F F F F F F F F F F F F F F F F F F F F F F F F F F F F F F F F F F F F F F F F F F F F F F F F F F F F F F F F F F F F F F F F F F F F F F F F F F F F F F F F F F F F F F F F F F F F F F F F F F F F F F F F F F F F F F F F F F F F F F F F F F F F F F F F F F F F F F F F F F F F F F F F F F F F F F F F F F F F F F F F F F F F F F F F F F F F F F F F F F F F F F F F F F F F F F F F F F F F F F F F F F F F F F F F F F F F F F F F F F F F F F F F F F F F F F F F F F F F F F F F F F F F F F F F F F F F F F F F F F F F F F F F F F F F F F F F F F F F F F F F F F F F F F F F F F F F F F F F F F F F F F F F F F F F F F F F F F F F F F F F F F F F F F F F F F F F F F F F F F F F F F F F F F F F F F F F F F F F F F F F F F F F F F F F F F F F F F F F F F F F F F F F F F F F F F F F F F F F F F F F F F F F F F F F F F F F F F F F F F F F F F F F F F F F F F F F
  <DiscreteSampler_grid>
  grouped_processes
  1 # 1 for a reference and 2 for a running grid.
  10 # Attribute 'min_bin_probing_points' of the grid.
  1 # Attribute 'grid_mode' of the grid. 1=='default',2=='initialization'
  0.0000000000000000 # Attribute 'small_contrib_threshold' of the grid.
  0.5000000000000000 # Attribute 'damping_power' of the grid.
 # binID   n_entries weight   weight_sqr   abs_weight
    241   10   8.586306125468172E-006   4.132476657247636E-010   8.586306125468172E-006
    242   10   8.586306125468169E-006   4.132476657247639E-010   8.586306125468169E-006
    244   10   8.586306125468172E-006   4.132476657247636E-010   8.586306125468172E-006
    245   10   8.586306125468169E-006   4.132476657247639E-010   8.586306125468169E-006
    253   10   2.108183093431077E-005   3.243424209624748E-009   2.108183093431077E-005
    256   10   2.108183093431077E-005   3.243424209624748E-009   2.108183093431077E-005
    265   10   2.531192888318900E-005   3.814039879314126E-009   2.531192888318900E-005
    266   10   2.531192888318896E-005   3.814039879314113E-009   2.531192888318896E-005
    268   10   2.531192888318900E-005   3.814039879314126E-009   2.531192888318900E-005
    269   10   2.531192888318896E-005   3.814039879314113E-009   2.531192888318896E-005
  </DiscreteSampler_grid>
