  0.00377423420278581  0.01203758906057911  0.02120971469860571  0.03114950362137435
  0.04216414772902987  0.05414220779148276  0.06597116696634890  0.07682088495826640
  0.08861837747430698  0.09906798970745009  0.10866999078706364  0.11737162545542559
  0.12617435052604545  0.13562820846345194  0.14588803658808597  0.15703420299277934
  0.16910645333333216  0.18097672842413176  0.19147221597820951  0.20079553281142415
  0.20933544127969431  0.21753777593521850  0.22678583989361170  0.23719259311236385
  0.24746736306541239  0.25691535682265015  0.26534883895018185  0.27496094009626976
  0.28565110485109990  0.29747980125380530  0.30870270659126642  0.31907075280236963
  0.32956016377055908  0.34051638199337769  0.35245167233621832  0.36418564986254665
  0.37562033397459810  0.38678772826428831  0.39848001091339580  0.41154167133316583
  0.42518426084693817  0.43926415940002200  0.45249859522282232  0.46395375105328390
  0.47548810779987183  0.48603651438573281  0.49633540204893817  0.50701941933447003
  0.51845515661899455  0.53027207315802516  0.54172654311321100  0.55251701880041770
  0.56309701776233190  0.57261017863487096  0.58221874628276504  0.59176105077640406
  0.60139663381711184  0.61135777015008785  0.62124450366447659  0.63058731080594088
  0.63961041288669362  0.64865096440171155  0.65823612221127448  0.66832495447608398
  0.67746015423416306  0.68629669061111354  0.69529031522395301  0.70632988364988458
  0.71690082106868125  0.72551884086676943  0.73464596794678205  0.74371451246420306
  0.75371161593403369  0.76511387720100010  0.77697321540403408  0.79035029785808208
  0.80336787532724196  0.81563436631611708  0.82815333161743399  0.84035620899894470
  0.85242191260923339  0.86375886654921141  0.87408158146040249  0.88434003323923327
  0.89444434069272327  0.90513455853549751  0.91556142172072008  0.92628987693939091
  0.93657875071085073  0.94700042288112596  0.95621818393196023  0.96596333064806150
  0.97533868725395434  0.98403376928171937  0.99276201065164027  1.00000000000000000
  0.00343477381698464  0.01299158395465729  0.02450132992198266  0.03787190776535725
  0.05027163336017546  0.06172989416306178  0.07319292725739919  0.08555444069725325
  0.09691007529941799  0.10717988524230959  0.11715687960025106  0.12729541864224059
  0.13768893494844092  0.14786529310655758  0.15729825536705699  0.16681518000352943
  0.17637009079442700  0.18657434858574706  0.19765670526318041  0.20919631077341913
  0.22044680077534576  0.23187571475772856  0.24301218040313510  0.25403689958872827
  0.26390922009340329  0.27388614625695124  0.28381072508524774  0.29416677255881618
  0.30506685699049974  0.31585656557091235  0.32658155995760080  0.33735988904364650
  0.34889672296202950  0.36012052912287429  0.37092572104815130  0.38137651071134104
  0.39306157433336569  0.40527738287944615  0.41768170231308116  0.42959469646114801
  0.44078694576140531  0.45218127176653622  0.46495618343259942  0.47881389385986661
  0.49115686890788379  0.50081846459355617  0.50848559559548312  0.51528647526809046
  0.52203803837344309  0.52883575530518334  0.53586672163303772  0.54363367481422487
  0.55151793634020052  0.55954185451353811  0.56796190915795730  0.57699113657151946
  0.58660818719398788  0.59679849932835238  0.60763688080633116  0.61791958721951679
  0.62881126957682398  0.63961628717744123  0.64868849636510850  0.65712970793466652
  0.66599217804478517  0.67653942245583365  0.68681237265321071  0.69583638803385384
  0.70455185001703413  0.71394198038008372  0.72462617371692306  0.73649059881908208
  0.74810087887392518  0.75925382550015985  0.77061394249983139  0.78220142610708954
  0.79346223528159454  0.80393743852294675  0.81406957155271442  0.82454216569189165
  0.83543929251780724  0.84643035591703997  0.85738302358922380  0.86794006271009261
  0.87816843876146289  0.88847205499000204  0.89934018363106394  0.91118772935115822
  0.92255176840994302  0.93342301785314152  0.94404836085361232  0.95469350513289297
  0.96470436852224106  0.97474743454885349  0.98628463366347052  1.00000000000000000
  0.00013176257397768  0.00014309662998143  0.00015831426974727  0.00017146050018124
  0.00018269656002946  0.00019308076831142  0.00020158261250258  0.00020894296041537
  0.00021644601918826  0.00022392001824996  0.00023016669994279  0.00023651417437230
  0.00024267381161180  0.00024886002597618  0.00025540006598988  0.00026190693278767
  0.00026825327902186  0.00027445914220476  0.00028057029929792  0.00028684920249903
  0.00029312174108428  0.00029948098118860  0.00030589832351256  0.00031240745884540
  0.00031903456930147  0.00032569766383486  0.00033251225011843  0.00033940961095411
  0.00034664141262855  0.00035382682604457  0.00036125522218594  0.00036832831604811
  0.00037566732081177  0.00038279927835654  0.00039130765563689  0.00039971746158760
  0.00040793746575224  0.00041571862491652  0.00042345224474584  0.00043201283722559
  0.00044127107975611  0.00045101071162398  0.00046030262536089  0.00046953734203071
  0.00047899406264495  0.00048915949026551  0.00050150725679383  0.00051468038321088
  0.00052849523072316  0.00054216557091749  0.00055696639017893  0.00057268109043636
  0.00058895828649730  0.00060597549667756  0.00062357538280773  0.00064307378782354
  0.00066395888214692  0.00069030582292488  0.00071571992711585  0.00073870008120342
  0.00076099940102820  0.00078543170867720  0.00081176469598028  0.00083769760446180
  0.00086634932093976  0.00089812789272458  0.00093637095900386  0.00098682154838236
  0.00103791030285391  0.00108434783242461  0.00112997581249255  0.00117640174674825
  0.00123109992934282  0.00129174684131780  0.00135880305947860  0.00141963344211249
  0.00148486587380405  0.00156246331367859  0.00165652161351429  0.00174545723096148
  0.00183014265912017  0.00191909009783421  0.00201773788358871  0.00213624332195873
  0.00229335737892085  0.00246185180428062  0.00267723941757079  0.00295065276622052
  0.00341623333183188  0.00398490722392921  0.00468369935708554  0.00552899609814187
  0.00653951740348876  0.00835207272973839  0.02521271751471336  1.00000000000000000
  0.00017797546834792  0.00025973754516671  0.00031966356884101  0.00036616906866789
  0.00040922476269743  0.00045265701532372  0.00049490905129479  0.00053509329933722
  0.00057230900588468  0.00060702957778290  0.00064127518804146  0.00067553640181163
  0.00071007303016682  0.00074411724176046  0.00077965257229539  0.00081672737053504
  0.00085467880392748  0.00089250363602110  0.00092893871605689  0.00096631277887894
  0.00100661436671846  0.00104719786129910  0.00108880291590881  0.00112946229589246
  0.00117057885930089  0.00121300361408315  0.00125585246569749  0.00129791733150620
  0.00134337325704510  0.00139316862772762  0.00144376663828430  0.00149642113561878
  0.00155479570705090  0.00161660764558175  0.00167788393861955  0.00172410929346918
  0.00177247546333569  0.00182075611272763  0.00187159465118635  0.00192845909676566
  0.00198817256418283  0.00205122827821235  0.00211329074911769  0.00218156265064314
  0.00224325134652215  0.00230056341721516  0.00236927391357883  0.00245304653315827
  0.00254118428033873  0.00262993939514752  0.00272485531281273  0.00282750462418569
  0.00292272864927358  0.00302366581935324  0.00311627747162064  0.00320265758480790
  0.00328557905044562  0.00337206182083822  0.00346676084898137  0.00356999779002627
  0.00368656239343089  0.00380886838148297  0.00392781484299213  0.00406852180662570
  0.00426212277326827  0.00448047891792438  0.00468275622516327  0.00486173148851569
  0.00502651031377888  0.00517376535913407  0.00536074620129458  0.00556693109653381
  0.00578669178294457  0.00602387160191173  0.00627760074876085  0.00652117276007586
  0.00679303640096858  0.00698624714238468  0.00719032447788682  0.00740974556650975
  0.00769005557388147  0.00807718219332659  0.00845487451231853  0.00884124538323594
  0.00929829324891470  0.00992493724725548  0.01095062731470050  0.01244935425504862
  0.01345292561264572  0.01437948003149285  0.01558406042590557  0.01708079153830034
  0.01897639663420081  0.02145644528176541  0.08166440802073890  1.00000000000000000
  0.00000422486574118  0.00000458330395629  0.00000488749249859  0.00000517453813140
  0.00000548213934466  0.00000581816937142  0.00000622800879585  0.00000667457901820
  0.00000715964598021  0.00000766944505079  0.00000823331074524  0.00000882577138155
  0.00000943603656657  0.00001007338444237  0.00001076446452803  0.00001145779187531
  0.00001217816459545  0.00001290698525674  0.00001365379372621  0.00001442578785337
  0.00001521951630443  0.00001608803061074  0.00001697516261140  0.00001797132462000
  0.00001899629107629  0.00002007613379119  0.00002131842547091  0.00002264687808422
  0.00002407744106735  0.00002552886382768  0.00002710016350417  0.00002876241434045
  0.00003060617210189  0.00003268889367494  0.00003498096657527  0.00003741576286748
  0.00003982767316598  0.00004219845971852  0.00004466202539775  0.00004733712507517
  0.00005037004571616  0.00005372641862343  0.00005734294809393  0.00006158411521887
  0.00006595502265691  0.00007031043311015  0.00007473542190917  0.00007977536775370
  0.00008578086956547  0.00009271009518021  0.00010016246326213  0.00010839086551244
  0.00011730860935112  0.00012613837608102  0.00013522968462373  0.00014465491689754
  0.00015590514972212  0.00016667844942059  0.00017724839813707  0.00018828406546357
  0.00020042237407327  0.00021329082772148  0.00022699376798247  0.00024230319219737
  0.00026068661206667  0.00028506031684650  0.00030691817828964  0.00033052171374288
  0.00035627059861760  0.00038726116852166  0.00042328344612567  0.00045995884909256
  0.00050114223578756  0.00054901717681882  0.00059931433638708  0.00064679054862097
  0.00069386494503514  0.00075393457902807  0.00083638920888770  0.00095188729036989
  0.00108464958252755  0.00124498278891057  0.00145568171625755  0.00171561302187360
  0.00196317958894739  0.00217297440869221  0.00236655157797946  0.00254101299535378
  0.00270569081403767  0.00290355836348069  0.00330056534090417  0.00392552190561337
  0.00507069187625444  0.00718340568049140  0.14295173342424039  1.00000000000000000
 -0.00371964636292879  0.01509401108003439  0.03122861276893461  0.04840947865925241
  0.06183251249503566  0.07344731637806692  0.08384668555307702  0.09445213629529098
  0.10428729416715121  0.11385970366707264  0.12322060064910484  0.13245552385697434
  0.14166019862388965  0.14961049162900908  0.15777270099436647  0.16694789909971516
  0.17773579229021169  0.18989254965012856  0.20121330644726837  0.21209867094342719
  0.22319853465602854  0.23406266450318947  0.24463117615521882  0.25519402449336864
  0.26528064674130536  0.27532767639705413  0.28472558958824112  0.29403808242194412
  0.30312579147969027  0.31194504764143222  0.31938892507140271  0.32624608871636057
  0.33304752228983775  0.34024279641002975  0.34788439030619173  0.35594125679811039
  0.36257369054309829  0.36907665906552423  0.37563231573445649  0.38342133234097775
  0.39196091122121007  0.40105490586400566  0.41140498650214086  0.42278759419595169
  0.43518582479276602  0.44709251390048477  0.45823716932962766  0.46923256578890177
  0.48036644157992342  0.49227392354650540  0.50391154834100693  0.51478063857722167
  0.52517435971648430  0.53560459011836126  0.54631006437325891  0.55725660165014490
  0.56839469747934313  0.57961407608295068  0.59056476691877113  0.60139542713590821
  0.61241862693958882  0.62426425857171997  0.63612447777532999  0.64652287336179692
  0.65593186720977448  0.66551048015808723  0.67647349101026955  0.68813567117673502
  0.69925276013182114  0.71023241530926251  0.72108132277495929  0.73128329718687191
  0.74138434696387712  0.75123098829830770  0.76113180129768754  0.77041898555810684
  0.77913375929683659  0.78817585286689351  0.79792400259404017  0.80835376895683575
  0.81955548752342189  0.83185391733590930  0.84442825669856403  0.85608562568632018
  0.86589304762707797  0.87564502012475176  0.88574565044843556  0.89769246014352788
  0.91007918736921922  0.92222891232277426  0.93384462763163734  0.94664899702172323
  0.95966634661119954  0.97332420791452656  0.98652197673527575  1.00000000000000000
 -0.00248808256595096  0.00980335120163055  0.02003308410493508  0.03066055683742563
  0.04162028121465115  0.05429381044924695  0.06590143068163755  0.07658023650964893
  0.08653050271831195  0.09664285706956731  0.10654776481622150  0.11646257787872866
  0.12580436474605006  0.13568791344107786  0.14613553592678724  0.15685274599335466
  0.16728915212699730  0.17715281224183024  0.18672156462246944  0.19673672613232387
  0.20721726379075994  0.21753676589587745  0.22815193046758769  0.23868253437590073
  0.24848589436934679  0.25792484956989126  0.26750954179343267  0.27684208997957227
  0.28691744030834776  0.29735139469500294  0.30863264650229411  0.31968244443676413
  0.32978431597269120  0.33990921461030699  0.35032273109006995  0.36214674071516206
  0.37401009038433386  0.38517246516572978  0.39656635681672059  0.40869087557479794
  0.42124144789872364  0.43225991707847683  0.44186868163022947  0.45096808429140300
  0.46050844452066181  0.47263593687587541  0.48507484998182010  0.49784418598862235
  0.50912800837557892  0.52058930059120223  0.53079400334359650  0.54076816419670026
  0.55031231941819303  0.56073219255552709  0.57136272177604486  0.58261766843615392
  0.59422134264402315  0.60527047736590323  0.61610035269945462  0.62706125163517923
  0.63849827787980762  0.64803377127744100  0.65601063881649435  0.66435296795495602
  0.67257895995449968  0.68012586750555504  0.68766994634728618  0.69672684082389313
  0.70662826594890649  0.71932361955489466  0.73270737180053791  0.74411316603368571
  0.75482762390281211  0.76561120565387253  0.77631378678834739  0.78635961765773599
  0.79672157202768989  0.80826942676703162  0.82002565186489929  0.83227482012656184
  0.84456963835472820  0.85703435848489429  0.86842558892474653  0.87942608313770487
  0.88962668025168545  0.90015529748641021  0.91120276023845226  0.92263740397288718
  0.93297860680685463  0.94204456948973692  0.95090718337901059  0.96052141850618378
  0.97088318738878721  0.98061149316530527  0.99046460288708948  1.00000000000000000
 -0.00270562328317097  0.01125592737161174  0.02377147883601395  0.03617897285236028
  0.04843712831887195  0.06090502690086712  0.07468518089201423  0.08867500273461595
  0.10142172341166297  0.11255898020207704  0.12273107150544990  0.13311410532702048
  0.14312946399130394  0.15279172234241561  0.16186473269504134  0.17196790238824078
  0.18192127096416247  0.19150420358084408  0.20065886024351398  0.20933703602971934
  0.21861056124164718  0.22880101328048255  0.23934281779581934  0.24940155526012436
  0.25912737503354244  0.26852490605191282  0.27879462854903408  0.28906207654574584
  0.30018570484169355  0.31155476541402616  0.32334718993394851  0.33482464614025342
  0.34560925979579554  0.35635580663751848  0.36673846320961467  0.37626412392749786
  0.38536988339690731  0.39510836938404620  0.40473102754171070  0.41363530911115010
  0.42199813192788110  0.43093665209180626  0.44164168065089549  0.45205590686929953
  0.46168605478134855  0.47112112238244286  0.48073180058640497  0.49096843008831675
  0.50098896365171552  0.50945030599789476  0.51809675397568011  0.52688674113876122
  0.53515138045391974  0.54335179960096958  0.55160038184919991  0.56053898923330614
  0.57035319250101624  0.58041806097257687  0.58997493410005586  0.60035011390336801
  0.61121951250621509  0.62282250324121602  0.63402564120701266  0.64452118485822485
  0.65437419089445836  0.66444508225121590  0.67509334769941032  0.68594381216388600
  0.69667428254138541  0.70745473834617423  0.71838791181011674  0.72965777192125725
  0.74079491512207396  0.75207541802033295  0.76387815455975172  0.77677902752729022
  0.79006709956248300  0.80148293713973295  0.81192434907872135  0.82259070054636863
  0.83309418401040436  0.84335751149213445  0.85336441956500231  0.86281603941852436
  0.87307301061303433  0.88360051915728155  0.89500793583074389  0.90642830824304710
  0.91731158188291739  0.92855088499614724  0.94037476876853354  0.95294023726045973
  0.96458773961472777  0.97590704023976094  0.98780866545167811  1.00000000000000000
 -0.00287150938768814  0.00926758977315104  0.02005574600559445  0.03011796288529403
  0.04024252508942207  0.05052320790404767  0.06163112889796901  0.07377532373629639
  0.08569722137156831  0.09688909167526928  0.10762473076634893  0.11789126136203416
  0.12682469519958436  0.13523643447823241  0.14388743499455972  0.15297304694104485
  0.16326386928348940  0.17369892420662714  0.18562527925921454  0.19821557727279721
  0.21036114861820415  0.22094946315304118  0.23104883468330498  0.24130758021512672
  0.25228049428117527  0.26378925271265780  0.27584088554964481  0.28811314363400675
  0.29972711697815491  0.31050652416177166  0.32134154819021371  0.33272081742911103
  0.34346460022088982  0.35353471730603137  0.36299371864962748  0.37266833755562817
  0.38239669172162200  0.39192004923750695  0.40140522516204385  0.41113751712032748
  0.41952744859259200  0.42748371744335600  0.43549442981676151  0.44421910656799923
  0.45512801094000133  0.46753509611093674  0.48032582602553447  0.49310942141834319
  0.50525154869325828  0.51665559646036829  0.52727123320084279  0.53722900627668646
  0.54667261910131493  0.55638602309123775  0.56572243290430824  0.57567209450857415
  0.58472428701936452  0.59426892749540849  0.60473856967986217  0.61647131645955178
  0.62909223985139451  0.64115109552219918  0.65117957848058028  0.65924359556575896
  0.66783552513396838  0.67644169323963910  0.68541771541954000  0.69397216352197644
  0.70148376038972016  0.70954577966179000  0.72086766386941892  0.73302066968816271
  0.74487844140689485  0.75488108647287600  0.76454011141785183  0.77412835218691389
  0.78420638698647493  0.79422537574539376  0.80534817297935646  0.81704226615057418
  0.82922239636263018  0.83941138669747284  0.84975816586645847  0.86049870680760032
  0.87221443588646896  0.88462830444436236  0.89664943554310605  0.90847410676926499
  0.92014772923785904  0.93221756871065709  0.94421680234921923  0.95505560951424728
  0.96579386375572396  0.97690090568261245  0.98862020101521508  1.00000000000000000
 -0.00146906570487018  0.00419361791303444  0.01027508553956146  0.01586447250526188
  0.02116555604801889  0.02643673324939848  0.03184656258937671  0.03777700586156373
  0.04375086957932951  0.04919982466184253  0.05558630944050841  0.06222511160649812
  0.06892792632478464  0.07523003034159219  0.08112789473965473  0.08677412928720718
  0.09260184617258081  0.09839638470010802  0.10477035469749134  0.11241014940687515
  0.12004378342452128  0.12786942201630982  0.13628985852789069  0.14392924653931019
  0.15211051050150179  0.16077958899725084  0.17083849112501082  0.18256955685145640
  0.19325589300092899  0.20273130499418124  0.21233086826068187  0.22225619474636316
  0.23312874391795316  0.24349616505061000  0.25327973314988467  0.26283839401829684
  0.27303625961833983  0.28472638389826643  0.29518137697453911  0.30587453585856250
  0.31705330192569020  0.32924534920660398  0.34208730529260045  0.35449248011117879
  0.36684546277650421  0.37952789003746801  0.39151537202034381  0.40399661887803223
  0.41733387001209432  0.43092667572831794  0.44565629816958069  0.46210751875662698
  0.47712213496494521  0.49068623209859530  0.50366611934666283  0.51676266847233809
  0.53045073400598142  0.54417014904814365  0.55775079820240792  0.57181897198019060
  0.58586990779640635  0.59946322474953517  0.61287664900709593  0.62663142724484289
  0.63991861556765872  0.65308294883793250  0.66619263959527408  0.68060433820130717
  0.69507896408985992  0.70949465112021226  0.72463700736098158  0.73902887965787978
  0.75193306256297976  0.76401982822218417  0.77615739159259467  0.78833010951124260
  0.80077958252994730  0.81209632710215618  0.82375519388525398  0.83556235784489419
  0.84764543728962127  0.86007682304750066  0.87229603319949256  0.88439447832155504
  0.89542796486897802  0.90615044357126562  0.91669120440710183  0.92740178758225744
  0.93827957096254100  0.94878928172184551  0.95801042459965680  0.96661842636823392
  0.97492312078880627  0.98315249326858811  0.99166567040291598  1.00000000000000000
 -0.00244583797009499  0.01136521165318466  0.02186008370863545  0.03281378277344173
  0.04365116900936715  0.05506437782445150  0.06613395928252509  0.07773836487066831
  0.09004221064932674  0.10289648769214124  0.11595507005982503  0.12703231795165751
  0.13706355887843502  0.14673158130015015  0.15692345045011577  0.16798674995409479
  0.17909761119023737  0.19029570058329406  0.20179135585452052  0.21293497820913665
  0.22374718268865648  0.23423611058775834  0.24494234028231746  0.25490751498542136
  0.26454543360932087  0.27443600612136626  0.28561411807423176  0.29572971471447290
  0.30626297600210001  0.31654054767485662  0.32656964024155738  0.33731432271516365
  0.34808473460465683  0.35880298072937189  0.37010660598094125  0.38183712748019355
  0.39449447802308057  0.40628919492726895  0.41693897028171567  0.42664264554435477
  0.43571967992778410  0.44443222887104916  0.45358408491935448  0.46462393600406371
  0.47573291198373369  0.48567569343996914  0.49574785496770657  0.50643379008835454
  0.51908779337125666  0.53029426739653240  0.54096376355411746  0.55220036097007308
  0.56385075778744909  0.57560944417029558  0.58643128135965283  0.59559825292297353
  0.60391956288906423  0.61258574764440321  0.62250183581802310  0.63453695742864225
  0.64709451953698838  0.65862035556114429  0.66996271020676723  0.68079820789377554
  0.69093666540795051  0.70128257740236910  0.71139991935673963  0.72300713716420084
  0.73460120328044931  0.74598925523634163  0.75742139464416336  0.76846285558498328
  0.77895727223055522  0.78877754163067315  0.79788641182332409  0.80616694957244572
  0.81471777799107470  0.82334264828064896  0.83165113286556969  0.84030703499885373
  0.84785401631039925  0.85691400761683667  0.86823522729992020  0.87933847618253436
  0.88998135922833743  0.90041251949880352  0.91032141923721044  0.91973908838805862
  0.92865269136398321  0.93712987709844420  0.94584754209096578  0.95473538420184723
  0.96566990906705674  0.97692361003521166  0.98850289114436574  1.00000000000000000
  0.00038599241561335  0.00945635621439034  0.01890073129417136  0.02848138304571140
  0.03828681886979627  0.04803578249831998  0.05881700809161082  0.06921787705230269
  0.08055519360189053  0.09178637951406265  0.10207350490979283  0.11105490721139040
  0.11978285746597381  0.12964018373512864  0.13978038147653352  0.15026688676332847
  0.16113821768230685  0.17247696617245570  0.18252306757958897  0.19170928276699739
  0.20063526949294341  0.21065242225882011  0.22157319968500061  0.23333557003742952
  0.24479873973741345  0.25721719626028466  0.27003139989923347  0.28362310895305815
  0.29608520435007685  0.30753577720408226  0.31826109509442652  0.32904249608454339
  0.33995115150132471  0.35122085887117949  0.36387463408965925  0.37725158125442981
  0.39061920821038398  0.40261494649381213  0.41424554099273525  0.42507864322305289
  0.43612253369982379  0.44579640175293828  0.45608176629583175  0.46648483843492022
  0.47858962864082727  0.49130033055968186  0.50476164668538404  0.51803126699122370
  0.53109426761274814  0.54463902494180649  0.55834992304609710  0.57141175233144126
  0.58329385218776175  0.59476138223983632  0.60653346292051236  0.61854404502148808
  0.63028734814765119  0.64253293391199018  0.65289433385836704  0.66398332663988291
  0.67422640418360424  0.68496115187450834  0.69656090470207621  0.70902476867404884
  0.72149898674346602  0.73298728280321490  0.74400426638233952  0.75515168574579050
  0.76726608667167573  0.77908270942327940  0.78966333116051268  0.79933819807641060
  0.80836569315090379  0.81699533452880535  0.82604431572767378  0.83492455666463994
  0.84357455799989245  0.85228497132997760  0.86122446867932778  0.87094876127256005
  0.88050005595571323  0.88984673323573071  0.89811699364114017  0.90558493979979371
  0.91272638764481617  0.92060397577587694  0.92736584833017188  0.93498350103702688
  0.94215713121673206  0.94878358092639581  0.95524827080104624  0.96286394825467936
  0.97150919223431309  0.98091590896689929  0.98972909953593213  1.00000000000000000
 -0.00342120170313480  0.00885203799223507  0.01925013798573982  0.02843737193397004
  0.03772746929513206  0.04775476998565920  0.05898781424912152  0.07117906711673404
  0.08368341285450394  0.09541462101730548  0.10632349834456549  0.11686339850568191
  0.12726956960261282  0.13774036425994973  0.14849539840855142  0.15903201993482613
  0.16977608378063866  0.18008729169459747  0.18986782917300760  0.19940855598481419
  0.21013278833289883  0.22199400536322872  0.23333472203612157  0.24419721232128350
  0.25402058461957711  0.26357545275344613  0.27269924170056514  0.28237197663502950
  0.29297729413869122  0.30523523578967798  0.31717696249590188  0.32750252650149553
  0.33782214950441652  0.34915703687563171  0.36205246857244350  0.37588693481376606
  0.38964769209970740  0.40281336691732622  0.41430220458897593  0.42521590367690665
  0.43586137125643221  0.44693209592398414  0.45874501588570460  0.47108093676690965
  0.48368799732474554  0.49568261400838665  0.50713258083788881  0.51850206677983945
  0.53051889625193249  0.54194061238415148  0.55129277052406223  0.56010980232466345
  0.56864497847483653  0.57683166237678973  0.58520853554093455  0.59425978756193576
  0.60322163918844851  0.61337411327062319  0.62380764925831700  0.63416752534165977
  0.64417532604630579  0.65417219553149331  0.66354981010792480  0.67356440092603198
  0.68364139463867146  0.69387364867215251  0.70428897944467528  0.71474688360166871
  0.72596538407409605  0.73717499862215208  0.74796943444517316  0.75898339714006446
  0.77067574498748559  0.78206823253607571  0.79292418779088025  0.80361128160203188
  0.81491772324189593  0.82644574756944855  0.83714427655159951  0.84582886470577012
  0.85407656593897252  0.86235311691152516  0.87153720244831046  0.88165172641971312
  0.89118804351975278  0.90092104708116993  0.91072404346860358  0.92013866379949105
  0.92898279273001005  0.93716325958313185  0.94564234987864315  0.95573816864570382
  0.96789942639552407  0.97946539231074314  0.99004082264900173  1.00000000000000000
 -0.00282286503320694  0.00948275859864712  0.01998969286701333  0.03094777976921267
  0.04239987729924007  0.05375685428602922  0.06553696131719391  0.07675630005889222
  0.08697316991917663  0.09724117988049231  0.10748019633551494  0.11788521912528577
  0.12871698338330842  0.14031093479250886  0.15228045835585799  0.16230028529205048
  0.17252036440077340  0.18290127581215887  0.19477670432609992  0.20658674961362419
  0.21841036622343887  0.23025117560173558  0.24066925976705278  0.25102526384899104
  0.26174623986088758  0.27258901569157074  0.28287264251104260  0.29222908689834953
  0.30189674817907014  0.31242135640855784  0.32273238344538469  0.33390084416243937
  0.34402591067592397  0.35474300811927900  0.36583800945692407  0.37836535640979696
  0.39055743223136541  0.40107754922677918  0.41121955153147127  0.42092483455839569
  0.43087836636054477  0.44115926625924651  0.45186226968983145  0.46344777015455879
  0.47588194883987461  0.48782515377434343  0.49822636613383248  0.50753290939440354
  0.51681743779755829  0.52752925956650887  0.53852828239537398  0.54905610049530118
  0.55925663773799794  0.56967577984479401  0.57967149652540706  0.58917291025948537
  0.59880236893337957  0.60919080760054012  0.62039108811563737  0.63041241338612386
  0.63912414868124257  0.64760809612414938  0.65660429651545216  0.66794970458827518
  0.68016477482932125  0.69171879424384919  0.70170244104423940  0.71146145503283320
  0.72176167785265122  0.73206368005251965  0.74112201630252061  0.75018306295561787
  0.75900444726008254  0.76709096360002682  0.77501319825361492  0.78348789533947127
  0.79351414431586553  0.80554762964756754  0.81694577458924500  0.82763437843628840
  0.83931104657602273  0.85054481504764268  0.86153581199059359  0.87220545751932455
  0.88333612123362093  0.89532253041777776  0.90574218907047399  0.91614235316288362
  0.92666573459695489  0.93743456722375573  0.94848157816191525  0.95918386374137399
  0.96961603567894872  0.97973904189358629  0.99004737557852851  1.00000000000000000
  0.56978480047203639  0.64288636447369429  0.66804237586907056  0.68540610196775931
  0.70264142058572976  0.71904596818783606  0.73218979467438183  0.74452528114299976
  0.75452578564215800  0.76389048676002758  0.77251248831657116  0.78048663157123788
  0.78769703001701974  0.79368658865791952  0.79917953044201018  0.80509929046234863
  0.81079795646819353  0.81618181805783196  0.82106229656898899  0.82542159145741512
  0.82959062130163630  0.83372353301029056  0.83773883408609939  0.84148600176591759
  0.84520643033215814  0.84917603569964117  0.85316301637121417  0.85663720943147970
  0.85959132014504502  0.86241456400110506  0.86539735233711923  0.86862231820504821
  0.87170691591289629  0.87461090574330547  0.87740555642917251  0.87996925859660557
  0.88270053079435828  0.88527868039299618  0.88799468466700560  0.89068310228368319
  0.89334934366647933  0.89581487420322226  0.89813496875920706  0.90037684790861094
  0.90253027531825403  0.90469991244780879  0.90678333844350456  0.90879886175699554
  0.91082437312127340  0.91280595226027395  0.91488528189749430  0.91703118889259638
  0.91918955597179897  0.92139131875624380  0.92358322906745927  0.92575488123244853
  0.92788054396277675  0.92985780955505015  0.93182687416996601  0.93373424376097403
  0.93566387462465794  0.93744594740127030  0.93911931840451057  0.94075103771292135
  0.94243239736184004  0.94422230089855597  0.94582938667751359  0.94723215056191046
  0.94863024668358642  0.95003739014559541  0.95163312386672827  0.95323968786992641
  0.95482028938614294  0.95648866548882761  0.95806609819999844  0.95972007993680930
  0.96145723249135973  0.96320978787292932  0.96494853154060489  0.96660782033811210
  0.96834288400754476  0.97007035153841359  0.97172651400588628  0.97341194919003882
  0.97519268838733641  0.97688394429297032  0.97867132049744376  0.98048429038860796
  0.98232159200505009  0.98415792382101119  0.98597118039082399  0.98784161262082260
  0.98986253275760383  0.99234497220269346  0.99556660463061541  1.00000000000000000
  0.04353684428969787  0.13020640933153591  0.16012485095368034  0.18309573137654475
  0.20322804439508754  0.22025533778879902  0.23537096983697686  0.24903517603486133
  0.25984431864656343  0.26989440348403171  0.27964083940826179  0.28830877623226625
  0.29659790104781125  0.30415838605554796  0.31122644969143598  0.31833142996394359
  0.32554215043351653  0.33320900409253923  0.34033343848294545  0.34716608389427112
  0.35418074148856432  0.36114292691810024  0.36819151920034177  0.37498628426452280
  0.38115506461547871  0.38664112835767139  0.39182978182511013  0.39701464029431055
  0.40251376322580890  0.40864312681991122  0.41433570427653388  0.41958808352434074
  0.42452924879524723  0.42969960650093303  0.43528143093832034  0.44111147722557331
  0.44693903010804009  0.45224439249303622  0.45755392595118616  0.46275005563644706
  0.46771383821172813  0.47264438278139281  0.47742084024178111  0.48260274941678261
  0.48799300865417744  0.49354473347693206  0.49888980985818215  0.50402788985039471
  0.50913083999153774  0.51397157762061940  0.51894687449886967  0.52403297874454824
  0.52901375764525482  0.53427128565463100  0.53974146753340857  0.54532382218218611
  0.55084593976392038  0.55622093438101849  0.56142749443342765  0.56626245106141793
  0.57078085923351340  0.57538022442067405  0.58005984822923140  0.58501472998249804
  0.59011767923927361  0.59542876802073574  0.60100579489655392  0.60649275780516432
  0.61171034017335046  0.61670525758572370  0.62198222011395399  0.62817147237330540
  0.63515689913430773  0.64250117224128167  0.64955283945873421  0.65643769750576408
  0.66348237904197593  0.67053230735281577  0.67835224719351217  0.68625522461410204
  0.69368821952004456  0.70133846455339044  0.70888542171653779  0.71694836262774930
  0.72603265991608379  0.73531947130403541  0.74458411946073544  0.75443971688382139
  0.76480611147039246  0.77658194554743043  0.79018902033257721  0.80577419966981967
  0.82246733273798345  0.84183932735330302  0.87110916114655856  1.00000000000000000
   2.5739608894550275E-009  -1.0000000000000000     
 F F F F F F F F F F F F F F F F F F F F F F F F F F F F F F F F F F F F F F F F F F F F F F F F F F F F F F F F F F F F F F F F F F F F F F F F F F F F F F F F F F F F F F F F F F F F F F F F F F F F F F F F F F F F F F F F F F F F F F F F F F F F F F F F F F F F F F F F F F F F F F F F F F F F F F F F F F F F F F F F F F F F F F F F F F F F F F F F F F F F F F F F F F F F F F F F F F F F F F F F F F F F F F F F F F F F F F F F F F F F F F F F F F F F F F F F F F F F F F F F F F F F F F F F F F F F F F F F F F F F F F F F F F F F F F F F F F F F F F F F F F F F F F F F F F F F F F F F F F F F F F F F F F F F F F F F F F F F F F F F F F F F F F F F F F F F F F F F F F F F F F F F F F F F F F F F F F F F F F F F F F F F F F F F F F F F F F F F F F F F F F F F F F F F F F F F F F F F F F F F F F F F F F F F F F F F F F F F F F F F F F F F F F F F F F F F F F F F F F F F F F F F F F F F F F F F F F F F F F F F F F F F F F F F F F F F F F F F F F F F F F F F F F F F F F F F F F F F F F F F F F F F F F F F F F F F
  <DiscreteSampler_grid>
  grouped_processes
  1 # 1 for a reference and 2 for a running grid.
  10 # Attribute 'min_bin_probing_points' of the grid.
  1 # Attribute 'grid_mode' of the grid. 1=='default',2=='initialization'
  0.0000000000000000 # Attribute 'small_contrib_threshold' of the grid.
  0.5000000000000000 # Attribute 'damping_power' of the grid.
 # binID   n_entries weight   weight_sqr   abs_weight
    13   10   1.786625874468658E-007   7.321012578678437E-014   1.786625874468658E-007
    16   10   1.786625874468658E-007   7.321012578678437E-014   1.786625874468658E-007
    22   10   4.536532464976202E-007   5.113336896083301E-013   4.536532464976202E-007
    25   10   4.536532464976202E-007   5.113336896083301E-013   4.536532464976202E-007
  </DiscreteSampler_grid>
