  0.00302208841396475  0.01263241647268326  0.02401587787131692  0.03473928859732135
  0.04584940412996961  0.05678055702913706  0.06736093298005463  0.07756970968736143
  0.08790131451473238  0.09840666204298421  0.10875712144953353  0.11930016238922796
  0.13004289752957118  0.14134214249418386  0.15277338102948321  0.16400785849528007
  0.17502654223267233  0.18589609785708108  0.19660099482827662  0.20698620529588246
  0.21727556437458842  0.22777800650421443  0.23862436446939536  0.24950754212276760
  0.26024377528899989  0.27080644876375332  0.28117734402176497  0.29155407358835639
  0.30182872903190106  0.31209351292583942  0.32254510546181903  0.33324638565469911
  0.34392536697174958  0.35354883169423523  0.36281385612981615  0.37225305376259210
  0.38227339174627167  0.39289645874615781  0.40370481928837260  0.41459852884003362
  0.42550419928275046  0.43640525821278003  0.44745459903054696  0.45847114765441543
  0.46932570220637748  0.47982010698006489  0.49005154418783242  0.50009523976167458
  0.51006413413933549  0.51998996756306382  0.52952107625925893  0.53895163170579219
  0.54864193382120441  0.55899354300211956  0.56961119424192674  0.58012004663114047
  0.59037037668558312  0.60072639165745112  0.61118198797742718  0.62175388190387781
  0.63227209653159178  0.64282812837558945  0.65347281593377315  0.66431166750293580
  0.67508132327875237  0.68559459850336257  0.69620598663053890  0.70718786450533855
  0.71839675474607911  0.72958262251979689  0.74036388046772506  0.75077141896171740
  0.76134157246667578  0.77229964981383137  0.78330071513765243  0.79355844450498847
  0.80381872367334695  0.81429529030994430  0.82535693252819220  0.83670047672840220
  0.84774133630967619  0.85832077338131685  0.86853411821310211  0.87895767892102805
  0.88996202611033504  0.90138700473528088  0.91294392912634126  0.92377014255633927
  0.93341314114136487  0.94299218774366134  0.95285926398786447  0.96321158355167846
  0.97322664537576720  0.98274149180633352  0.99286707592884327  1.00000000000000000
  0.00002658438562449  0.00005794833123692  0.00007932491074884  0.00009418413523189
  0.00010703053782611  0.00011974062573645  0.00013194762051430  0.00014440936272324
  0.00015701873705044  0.00016991111003949  0.00018368136409648  0.00019816857510000
  0.00021273445553997  0.00022737195449571  0.00024230452456910  0.00025783995967558
  0.00027405747590154  0.00029116644006750  0.00030942405706103  0.00032888786024627
  0.00034940979985767  0.00037061649611768  0.00039210560407569  0.00041385076219264
  0.00043642629497114  0.00046023793118663  0.00048516192061972  0.00051220073134945
  0.00053921651313762  0.00056809325872234  0.00059774045450156  0.00062893860546387
  0.00066120991785605  0.00069403728327912  0.00072778275205456  0.00076330474890951
  0.00080113090353857  0.00084251887938182  0.00088362021247447  0.00092663095720086
  0.00097280504223246  0.00102187700358106  0.00107491955926569  0.00112846576045346
  0.00118362896372890  0.00124500637636993  0.00130807969819171  0.00137556133306695
  0.00144452454255812  0.00151556952031174  0.00159133967752358  0.00166852364123288
  0.00175186873022297  0.00184013590527746  0.00193407269011427  0.00203114878584011
  0.00212963075026577  0.00222893087824716  0.00233806513946516  0.00245423531046120
  0.00258551720404301  0.00272349526513506  0.00286210464756163  0.00300508426294892
  0.00315207992766913  0.00330598510192164  0.00345814952896466  0.00360349941646231
  0.00376793433465059  0.00395331747502669  0.00415807756360280  0.00438780069015106
  0.00463877028803647  0.00491082651964363  0.00519554667446274  0.00550775397659464
  0.00583022291839433  0.00618248221629462  0.00656648546643559  0.00699676011837273
  0.00743959179964174  0.00787504352336951  0.00831628136332962  0.00881541487279982
  0.00938176101131450  0.01000673240212011  0.01071834759198375  0.01158122298080406
  0.01260235960473122  0.01371701209060799  0.01496267659923936  0.01633950162673234
  0.01749224127409496  0.05847175409256432  0.11216466697782376  1.00000000000000000
  0.00249258355128198  0.01554492673407136  0.02956374044184627  0.04217946882486795
  0.05420480274763754  0.06565041887760494  0.07667067033821737  0.08723684879101067
  0.09743263236029451  0.10771508405716151  0.11830287494396520  0.12909336605321542
  0.13946815045401084  0.14954447312969121  0.15977988629429871  0.17047289493238996
  0.18154947609797015  0.19245625532649405  0.20334687650733577  0.21388839336413618
  0.22423971890872349  0.23420762834502085  0.24358240950228163  0.25314548189328906
  0.26281116214220407  0.27336065974103119  0.28395727684428407  0.29450370182176600
  0.30512686924479754  0.31604556473712553  0.32714293667580890  0.33846015616717412
  0.34938723878326106  0.36001280205521685  0.37046342060133375  0.38088738959488599
  0.39071835379903697  0.40058440953555025  0.41030440671587576  0.42101868551918503
  0.43207401976048149  0.44367195981009505  0.45544900653610976  0.46649034998801342
  0.47739203482549880  0.48739651323579197  0.49738979770065672  0.50646818143378591
  0.51591749003535670  0.52536418286171582  0.53555084891081273  0.54626494613561249
  0.55732854777029972  0.56803076412369347  0.57862856668416607  0.58893330258546894
  0.59942262628021148  0.60998777029683182  0.62022241765541863  0.63000144695407645
  0.63987093220550861  0.65028547273395376  0.66094685903870976  0.67078047363357629
  0.68065434211684928  0.69044974276396398  0.70128649109349095  0.71182069544916793
  0.72261932260584016  0.73321649534253897  0.74379217243079143  0.75451963892330243
  0.76471645696513746  0.77489060268899934  0.78474218564783327  0.79456087505396999
  0.80491016438597285  0.81522196958892323  0.82601111124882343  0.83649017746950982
  0.84718429869668044  0.85787089055208410  0.86856669804813902  0.87892373170701954
  0.88917782801532086  0.89936578227079633  0.90959424251874177  0.91989606768223242
  0.93008454646492433  0.94024968711713020  0.95025566057986321  0.96016790135460206
  0.97006294746012856  0.97961276211472614  0.98966768434131080  1.00000000000000000
  0.00000297991298228  0.00000320851887918  0.00000341085586802  0.00000349976837526
  0.00000355320643600  0.00000362767584348  0.00000372120450061  0.00000381771346846
  0.00000391275249352  0.00000401047627560  0.00000411873851824  0.00000425426025310
  0.00000439529240396  0.00000455038933085  0.00000471018564922  0.00000488247528914
  0.00000506843997226  0.00000526903236002  0.00000550882725445  0.00000576783972193
  0.00000603438594720  0.00000630670110027  0.00000659084487959  0.00000690456405022
  0.00000726362149634  0.00000765106490225  0.00000806367117660  0.00000851027062739
  0.00000898187209851  0.00000951256252795  0.00001009360618106  0.00001071222043415
  0.00001135108437239  0.00001203716697956  0.00001279503202118  0.00001361493260838
  0.00001453320114510  0.00001551043335345  0.00001649923840975  0.00001760197966596
  0.00001877644685500  0.00002004365335030  0.00002141313618030  0.00002284513460144
  0.00002434242506785  0.00002597412259341  0.00002779348828429  0.00002976799643816
  0.00003190711634392  0.00003430119529563  0.00003686152499942  0.00003970816442780
  0.00004268623286432  0.00004585451889837  0.00004929557154065  0.00005297986950067
  0.00005690015849660  0.00006113621406635  0.00006588854258492  0.00007114266850725
  0.00007725129008172  0.00008425126875865  0.00009199934202376  0.00010034959519945
  0.00010974572617456  0.00012000511864831  0.00013169443287447  0.00014452939934806
  0.00015922559237018  0.00017572666576994  0.00019432095137372  0.00021562719380796
  0.00023943008514798  0.00026714962368792  0.00029884130503339  0.00033461219036901
  0.00037741056789682  0.00043125553102675  0.00049485970333946  0.00056727513251505
  0.00065022740112126  0.00075232103443647  0.00088163089532949  0.00105033475017527
  0.00125239866628106  0.00147923902597465  0.00175065839592816  0.00213068450400134
  0.00270694388214023  0.00339309708431123  0.00440738496235006  0.00597243384381554
  0.00855036057541202  0.01528334292946301  0.17301696417559648  1.00000000000000000
  0.00000289037562097  0.00000435004921418  0.00000571087157377  0.00000714711092165
  0.00000867212455705  0.00001019777395352  0.00001206501349962  0.00001412579912000
  0.00001649276147400  0.00001939505745099  0.00002275553981231  0.00002658846633512
  0.00003094854049609  0.00003611365368978  0.00004214509744731  0.00004918704510588
  0.00005755025051388  0.00006781498624041  0.00008041796657021  0.00009511811103836
  0.00011196040629244  0.00013042436550743  0.00015057449425218  0.00017106864043840
  0.00019283251635594  0.00021588892099938  0.00024058557667932  0.00026696062586367
  0.00029475774447746  0.00032385194953280  0.00035504244713447  0.00038778694492925
  0.00042156294731252  0.00045683322497008  0.00049490375540306  0.00053458962530825
  0.00057674707415399  0.00062126859231344  0.00066778081942232  0.00071570735566431
  0.00076516410591062  0.00081771397004194  0.00087092887058753  0.00092926946825355
  0.00098996795111357  0.00105550007629980  0.00112761791275176  0.00120340307486815
  0.00128163091049026  0.00136413506919017  0.00145235954550090  0.00154496039466610
  0.00163899664687762  0.00173575273656194  0.00183535117956393  0.00193884777167455
  0.00204924495611105  0.00216437438424165  0.00228244933684293  0.00240241072842534
  0.00252182698922831  0.00264392023270127  0.00276791999839453  0.00289547704288032
  0.00303626369398018  0.00319833042755369  0.00337550726839644  0.00356375079079594
  0.00377173249601224  0.00399768799722221  0.00422985177101775  0.00445090097880323
  0.00467400261098264  0.00490702803172264  0.00520841178341025  0.00559053826614537
  0.00602203981700789  0.00645754736867599  0.00683509443560923  0.00714810737076496
  0.00744366097319966  0.00775406044435021  0.00814915399759500  0.00869139848295537
  0.00918567070389175  0.00967107473663463  0.01018664372216348  0.01076156241777918
  0.01150525621296754  0.01261051761547368  0.01387578860031024  0.01569874660342017
  0.01803127576820239  0.02188629637582309  0.11336773984198978  1.00000000000000000
 -0.00269832408799202  0.01097203341480163  0.02243592777210273  0.03374580294604601
  0.04502252355531000  0.05634614654241782  0.06826049767901719  0.08042164826858891
  0.09203876058782343  0.10356168886052142  0.11485472367286439  0.12628172339810126
  0.13766411221595728  0.14860593462676880  0.15932354541100796  0.16960770237468162
  0.18000822685312823  0.19027227614010433  0.20070879490866039  0.21151606092901473
  0.22203252323114012  0.23235665048129020  0.24229659779785218  0.25231999368613434
  0.26238508043115982  0.27248139998408621  0.28280653015421625  0.29273645933772491
  0.30227238873826201  0.31169884888323030  0.32124157940477482  0.33104492252213225
  0.34092049048506856  0.35082852357082456  0.36098550844118904  0.37148034617591247
  0.38180570566290384  0.39232528876564116  0.40281684310995863  0.41377890510388510
  0.42422201482685262  0.43453241198768228  0.44464866002957903  0.45517898971444681
  0.46578430198910403  0.47635916920494398  0.48628504479103341  0.49604272981711034
  0.50573480946105076  0.51560557282067654  0.52541066409644455  0.53505841085423500
  0.54496317104627245  0.55500521520262003  0.56551036717172110  0.57615563470036590
  0.58658158360960988  0.59653718480143747  0.60645745740890400  0.61663001093455061
  0.62665540360966443  0.63620855475293492  0.64549602435665876  0.65503823956492990
  0.66496258593701674  0.67514515925188134  0.68584943998080694  0.69691668637471171
  0.70797910924430929  0.71874685331136168  0.72916196475880735  0.73962965886747900
  0.75024557110487389  0.76121074852888981  0.77214880221051885  0.78279864196538462
  0.79293863256246722  0.80287276891644699  0.81278098583797098  0.82257753003426948
  0.83237065180439673  0.84239679693811986  0.85267079622711939  0.86326802607092712
  0.87429507125661543  0.88572254546887197  0.89705113055620389  0.90825698240963704
  0.91960174731188438  0.93113158860106571  0.94268687654447936  0.95451579320529301
  0.96684545139117561  0.97859844467158397  0.98947759670867996  1.00000000000000000
 -0.00204649099956320  0.00788295648356757  0.01718618224722432  0.02720417213213013
  0.03810000636915993  0.04879729420008279  0.05938530832928624  0.06957674178988352
  0.08007027074079083  0.09062856052337177  0.10141780293542858  0.11202723567535076
  0.12201178696907139  0.13172887014027709  0.14157501882335280  0.15164381104555422
  0.16152204104327236  0.17122734258772140  0.18085794708012434  0.19121857128046257
  0.20184291392564976  0.21246817252017786  0.22267790204425977  0.23286259016227526
  0.24318180812715445  0.25386302040318742  0.26452590546975108  0.27503592046912639
  0.28572720688142994  0.29666058785712823  0.30787498931199730  0.31872496371535641
  0.32945291416947381  0.34030055041343815  0.35127569619222937  0.36173565339302877
  0.37189077336888021  0.38175115912645469  0.39179738351160609  0.40192944416060755
  0.41219687365083008  0.42249212005837411  0.43255159972480844  0.44297797492533142
  0.45374398284366585  0.46467047186002508  0.47506781545034360  0.48535523069514752
  0.49533250925781680  0.50562678977482778  0.51601747985370183  0.52649418676010751
  0.53699385264532296  0.54758306163790815  0.55844038995728840  0.56939314717839540
  0.58018493169111984  0.59077041790587459  0.60110168918804030  0.61152147376288468
  0.62198606703946391  0.63245311097668477  0.64292968668089334  0.65332990343454622
  0.66405759960309496  0.67465316443152246  0.68528069093356092  0.69577025851392815
  0.70666257580087311  0.71800745222912177  0.72942910762805346  0.74064242251289703
  0.75172349473273092  0.76308158911509116  0.77407304799775467  0.78491595620481747
  0.79538561642923356  0.80624802247353833  0.81745699702835473  0.82807122773909869
  0.83887196236770067  0.84964673388655854  0.85997796822131922  0.87017677508854874
  0.88040932781923043  0.89131525637442588  0.90229148576845453  0.91264626560877193
  0.92306356701826575  0.93368000549223762  0.94466813655354664  0.95587406675837006
  0.96674382605057441  0.97780637908590395  0.98870550908644217  1.00000000000000000
 -0.00154051391346039  0.00676797149206193  0.01486426795856107  0.02285044559310035
  0.03110966642398321  0.03961447480168048  0.04801049374161206  0.05660725906124723
  0.06526161582249729  0.07349809905795883  0.08168773895073833  0.09002758929865064
  0.09880910820452454  0.10762151162487171  0.11639601059520155  0.12485721166467932
  0.13331823669653878  0.14161006726227179  0.15029673371458388  0.15932644924708711
  0.16876959825704443  0.17829436367422796  0.18757035340598657  0.19685647086865882
  0.20605115691639569  0.21537005721881849  0.22474493522065503  0.23398524846144178
  0.24313567494926772  0.25223618406665405  0.26157186249690245  0.27095834167887978
  0.28031940090069102  0.28990316294241564  0.29981310173320819  0.30994255681385247
  0.31950745264824165  0.32862920564337728  0.33778890320426286  0.34725223049643644
  0.35700176148687818  0.36682625845822203  0.37693814441725570  0.38708703470254757
  0.39728142263427135  0.40742483234024002  0.41782072501685880  0.42804897429239191
  0.43824089364065710  0.44844050641359151  0.45879135410132987  0.46925492097624005
  0.48014523998772218  0.49141965242913049  0.50240834439777216  0.51297108788242929
  0.52328243537880048  0.53377664552255477  0.54431245097075354  0.55493569193388204
  0.56561718579914211  0.57646998610446609  0.58753699114828395  0.59883688265782353
  0.61001082175481991  0.62124008121329499  0.63262965866336696  0.64399970520961614
  0.65542327788097077  0.66676699243710313  0.67852411815633384  0.69050789450476613
  0.70249378043093946  0.71468727627089834  0.72704123438458002  0.74121430111616249
  0.75394247005278336  0.76645718312565692  0.77794037134499472  0.79030603200115324
  0.80216800169171643  0.81477587148382080  0.82829960853866669  0.84152094361037955
  0.85458437170863366  0.86722377718623711  0.88007264614005187  0.89280206187626099
  0.90584435514456652  0.91923580057032028  0.93220853259754111  0.94614733153383257
  0.95965941805150912  0.97324257687459770  0.98608249583549490  1.00000000000000000
 -0.00240873674909642  0.00967405708820590  0.02086789070172593  0.03169353777193629
  0.04281540920969176  0.05357181776585229  0.06462980770534443  0.07535521904309013
  0.08599557653846351  0.09663755299725978  0.10730339608849596  0.11820992158027341
  0.12897862469093230  0.14001348910501527  0.15064567833161485  0.16121981123571150
  0.17174362741767824  0.18264631068449169  0.19368377413924054  0.20425540481781349
  0.21444789703526479  0.22459226670099308  0.23429763330416919  0.24470166179764560
  0.25497522851805077  0.26661392259515460  0.27763807222905423  0.28869577006098412
  0.29964475210356384  0.31080599531673214  0.32200905140127278  0.33303268153620857
  0.34362813847357881  0.35362115225133334  0.36390292611269265  0.37449279044398825
  0.38527570856470400  0.39625074278385319  0.40682497792443822  0.41709553592629200
  0.42684377519946060  0.43657087561370761  0.44672742207890614  0.45736843457925808
  0.46832948347009939  0.47906339697471695  0.48960021848347374  0.50017148784702403
  0.51086561345194148  0.52163162147491826  0.53229758255360848  0.54285995680974464
  0.55337911855986599  0.56390544845376545  0.57469701342431290  0.58551030917513269
  0.59609404189836102  0.60629587292859133  0.61622940160249162  0.62604023367338535
  0.63588942289383099  0.64576265462132709  0.65573538159249556  0.66570781445089366
  0.67567880000803626  0.68570079447436671  0.69576316281786510  0.70607782833503008
  0.71659799767914023  0.72707386953995468  0.73760262554815492  0.74834437779550145
  0.75948241844761066  0.77016184037566371  0.78055313570310503  0.79080086466296873
  0.80151615623212324  0.81240222399256312  0.82350920516044124  0.83433360252365030
  0.84484153845526644  0.85502790248223570  0.86522985317120005  0.87555199908612957
  0.88629641723238128  0.89691165057875843  0.90710355058447467  0.91706604306224226
  0.92698922102397641  0.93720829506678460  0.94776155453939970  0.95837208248734884
  0.96866644850793271  0.97871596177535491  0.98852928732867340  1.00000000000000000
 -0.00229033233575151  0.00874788454468610  0.01880205421320352  0.02858918658423314
  0.03854506398115998  0.04835656368401818  0.05814005881441089  0.06833738858325884
  0.07887470661847407  0.08976062459074852  0.10036130735465840  0.11077710055432231
  0.12092434082677639  0.13089246958486828  0.14085088879747817  0.15094174161308918
  0.16096841122110583  0.17091364770700876  0.18099621861035939  0.19136783813010161
  0.20188467774638302  0.21233960375544500  0.22277988926745093  0.23303279082977024
  0.24304683114302530  0.25296965024858298  0.26293972649443748  0.27300450800637310
  0.28284548760561401  0.29254592931946227  0.30232738657628644  0.31241004877937656
  0.32260579497864122  0.33278628762468265  0.34306187991000148  0.35345814082425592
  0.36391517292339826  0.37441975277660144  0.38511520541276884  0.39596711496510079
  0.40683496685606846  0.41779397776787319  0.42883044047998620  0.43977726787587601
  0.45041106710323148  0.46087355452281664  0.47145753415491476  0.48195499476384690
  0.49245026077508092  0.50292912642532572  0.51345155816811239  0.52421696735949719
  0.53489298826886389  0.54559271779043161  0.55593689437125260  0.56635730842391863
  0.57667122741709276  0.58664356824281738  0.59640761617254834  0.60631431599691188
  0.61674113656055396  0.62729647365183427  0.63753403083961602  0.64760779335232632
  0.65740586302672743  0.66725478498717228  0.67739294748868650  0.68794073788675780
  0.69876281002490148  0.70926266288250739  0.71966306974006200  0.73017638048299705
  0.74161935907652821  0.75331109035566923  0.76436967187729610  0.77496604897880450
  0.78472063948198190  0.79417567451416482  0.80374336434307225  0.81393695292406709
  0.82500449447969559  0.83589342314570414  0.84682132073604688  0.85770677212733959
  0.86899862235360403  0.88016145237472232  0.89162690622647123  0.90361337133628572
  0.91604970849408929  0.92773928557287944  0.93962158346442770  0.95104731843480705
  0.96270709826303680  0.97398720091509017  0.98649601007116183  1.00000000000000000
 -0.00236964224006391  0.00888290908379868  0.01886318879190604  0.02938752395429941
  0.03998120387475487  0.05110825133128215  0.06194801011800789  0.07289135903653832
  0.08363971084765835  0.09446587194006320  0.10506038206823827  0.11537823551568351
  0.12596379964917639  0.13632585528572319  0.14668889029650456  0.15693108318018792
  0.16745862724620492  0.17812381789905674  0.18852078551252399  0.19821503996390058
  0.20805519358199839  0.21816185663598128  0.22843625562612827  0.23888733301766699
  0.24901696315449420  0.25937856915861096  0.26941250178723675  0.27925908479840567
  0.28984775611677416  0.29994686210242394  0.31001279847859486  0.31954324840919418
  0.32955909532575040  0.34006756556227280  0.35083722699017839  0.36157508975028846
  0.37187122789237997  0.38239339873226075  0.39337130073580523  0.40467652314144481
  0.41576535038627122  0.42661755182815453  0.43734492146454623  0.44854077354405297
  0.45974945154166519  0.47091926756944730  0.48149191036525707  0.49169071832614747
  0.50204708900611195  0.51239462545860004  0.52278127289945731  0.53288540177404420
  0.54285234834775054  0.55290330696134760  0.56326235313996253  0.57420955258407402
  0.58579285077583143  0.59709173408183447  0.60802705876876417  0.61884370975010861
  0.62969892764814961  0.64034547783569606  0.65087074192057703  0.66163874466395911
  0.67264580096142867  0.68366430887620555  0.69453302431348574  0.70533503651835949
  0.71579283724949627  0.72594575858208932  0.73645246049375379  0.74738288346560999
  0.75834328639047954  0.76861970751912811  0.77876290968216821  0.78919570174255482
  0.79960928323259373  0.80990418184471491  0.82021277596054898  0.83073632702372313
  0.84152646181820545  0.85229066127902253  0.86264242981976780  0.87279983844420073
  0.88274131323636273  0.89293722865680736  0.90339973113157523  0.91410616052597438
  0.92516596480565505  0.93617444509895342  0.94685385453033843  0.95664446367499623
  0.96661969634604683  0.97675338679764989  0.98850121550616543  1.00000000000000000
 -0.00242910583960782  0.00947043864472633  0.01926559565969126  0.02984616246681004
  0.04077569517519224  0.05192436659369726  0.06277477648950058  0.07391453354982813
  0.08488486369125121  0.09527514485167876  0.10601143362830223  0.11664250217527665
  0.12788294119557286  0.13815142158630750  0.14853700708492457  0.15902474853214887
  0.16970977075388072  0.18051383667307108  0.19096933713739525  0.20141528794694136
  0.21151786270703260  0.22175297931073890  0.23201840988820965  0.24248762874003651
  0.25303863644609648  0.26388547880624347  0.27512555620570045  0.28643169340584107
  0.29790799662593492  0.30929575091932410  0.32036564895394831  0.33125218994145866
  0.34221113963747807  0.35318547387136312  0.36377828317021998  0.37426210056499060
  0.38480223124219892  0.39519952247249140  0.40512113230604491  0.41524217898228954
  0.42584966588691392  0.43699927239210729  0.44779867671526047  0.45821539605379469
  0.46844071819910627  0.47888564314396331  0.48952050805114805  0.50031916202965143
  0.51101219816629029  0.52175297193426429  0.53187193219293794  0.54216242400533510
  0.55213029408641878  0.56265532101472460  0.57328350672420514  0.58322966145101840
  0.59320086514474735  0.60296412150273260  0.61360403679512865  0.62467277804402632
  0.63609087716626123  0.64691995533314706  0.65680464597440424  0.66622602277983511
  0.67558397483471644  0.68521497565949052  0.69542718356710453  0.70610007986770862
  0.71718052813038946  0.72816689385335465  0.73888477676853270  0.74949583294760802
  0.76028781981411286  0.77120474909996672  0.78255122238644625  0.79369870692746203
  0.80433189083466750  0.81479668076376222  0.82506938800723439  0.83504851444331762
  0.84456818682955825  0.85397145665924334  0.86381405100842468  0.87446201231940368
  0.88550761039339199  0.89629829803654992  0.90624876243736463  0.91622511277857344
  0.92632040725309839  0.93681893422181495  0.94721827323945551  0.95803826399382641
  0.96892340120158271  0.97954601504695682  0.98957447520920272  1.00000000000000000
  0.00005359886041917  0.00051943389286461  0.00084704077583309  0.00111343348127271
  0.00136425045566585  0.00160870985683661  0.00184814080398821  0.00208524590407813
  0.00231814011523459  0.00254980905964644  0.00278084860139481  0.00301469032987734
  0.00325025395337065  0.00349440786562289  0.00374190407959360  0.00398491501897800
  0.00422356246221345  0.00446220755659647  0.00470438137939666  0.00495648746891336
  0.00520982593456017  0.00546762861567122  0.00572485843218652  0.00598113653633751
  0.00623873229747569  0.00650123286318037  0.00676841395022658  0.00703547839404943
  0.00730222896063815  0.00757625068676921  0.00784934934464262  0.00812373231812946
  0.00840337722599885  0.00866871625344830  0.00895239515782167  0.00925306834704122
  0.00956575145874481  0.00988410442248839  0.01021222138936337  0.01054503180166834
  0.01087270906010665  0.01120078387727575  0.01153244731954212  0.01185318706552336
  0.01215724562948711  0.01246099873272375  0.01275792439445187  0.01306236438333025
  0.01338301761754856  0.01367651506646498  0.01394321413637376  0.01421829751418277
  0.01448816630112294  0.01478305429220074  0.01507752519967099  0.01537252628934372
  0.01568024261886348  0.01605861210850319  0.01650176971940899  0.01701318654887833
  0.01743651686483720  0.01786345783304900  0.01826812383421028  0.01865679576640328
  0.01901394280046499  0.01938640623353118  0.01976269106207078  0.02020806833478635
  0.02074947985630561  0.02142883129957263  0.02222479824744132  0.02324848627420606
  0.02456729328919605  0.02565636735771618  0.02673196923595651  0.02787501673434584
  0.02875907725318390  0.02944686065455728  0.03011997409853725  0.03083636330252708
  0.03187045224367377  0.03273665033781769  0.03392252445219272  0.03457851903683146
  0.03574052193460748  0.03710278360932793  0.03924722748974419  0.04230225265596175
  0.04761864565902962  0.05479876958816758  0.06033144292405863  0.06462489611680028
  0.06917919566662488  0.07619704276644546  0.42326181578882710  1.00000000000000000
 -0.00242245945828035  0.00978230653400473  0.01925417717020046  0.02895440233767811
  0.03878096262155671  0.04916160748615974  0.05995993828427942  0.07006605858527508
  0.07933388258328126  0.08843829007489740  0.09770623201532391  0.10711531834231337
  0.11687667927481749  0.12666940739805804  0.13657758242516294  0.14625399185380178
  0.15592335329433590  0.16611957503134053  0.17677020611080635  0.18743149641694545
  0.19808842241882418  0.20849310716675634  0.21873024554473819  0.22907741145759422
  0.23970135565506603  0.25027863973242642  0.26053456367147876  0.27092500467935476
  0.28181755698446087  0.29322164140709267  0.30489261513784394  0.31661312809684311
  0.32809476126808229  0.33920974504366697  0.35022102281048911  0.36119225602587851
  0.37223601033853709  0.38315524609328883  0.39412778323483111  0.40486638632576705
  0.41537005949146377  0.42564945912453983  0.43606873711108884  0.44676946693323649
  0.45805375113215313  0.46924437452827911  0.47991079692086108  0.49037678952571229
  0.50109274342396581  0.51262369546377429  0.52429448343841245  0.53600293546482503
  0.54766860110435800  0.55920122928992511  0.57064081877621797  0.58205639451342117
  0.59376369913346894  0.60522838476856977  0.61627737611236466  0.62686615058342432
  0.63750357209517949  0.64810792218239055  0.65850839467838551  0.66863680635860367
  0.67862162857579356  0.68905540919902908  0.69984324201084669  0.71067104717106711
  0.72133774809750162  0.73150607105387055  0.74163370998857858  0.75208110580735943
  0.76266187229766913  0.77325190924312814  0.78340629192733291  0.79340814813372340
  0.80400141811529402  0.81490468038489294  0.82568770464514318  0.83622435939093909
  0.84642895766458492  0.85622333245666782  0.86593980259747183  0.87518098343623396
  0.88523882275114429  0.89561948541239333  0.90645076791367662  0.91717068793762935
  0.92758326560449589  0.93756975436116274  0.94763978440244900  0.95788305137508079
  0.96835858068063441  0.97910458195966499  0.98966416239299237  1.00000000000000000
  0.46131286350144918  0.61400562693077576  0.63904170247365744  0.66408741141729466
  0.68362693413921527  0.70058480411849933  0.71535522505042848  0.72802835574076830
  0.73923148794193305  0.74873665382769927  0.75733016049103219  0.76585099339509699
  0.77452178932137838  0.78262019404635785  0.79006318670135867  0.79670864804866948
  0.80308677302573539  0.80921400298091462  0.81482756765648034  0.82009194927632079
  0.82518207458887349  0.83011221434077853  0.83463306696838013  0.83856279065113948
  0.84210482457682712  0.84548780811545377  0.84874713462888352  0.85218397894649633
  0.85554678789296523  0.85889077860287399  0.86229175204614494  0.86562793995486353
  0.86884531759558603  0.87205347397524691  0.87518517098232440  0.87822606421836591
  0.88120956372899217  0.88416808089377397  0.88710975892256139  0.89002685012807903
  0.89292695590567794  0.89578359449138301  0.89854331835776879  0.90123965592823352
  0.90388961420607827  0.90649095717460471  0.90904846844023968  0.91155408587207409
  0.91397006137250048  0.91631239994786895  0.91861117160064587  0.92088410911617125
  0.92316715755926837  0.92539427961907539  0.92756284306908043  0.92972218304283150
  0.93185283499700688  0.93393375220134045  0.93594701822808146  0.93787902886017604
  0.93975006165436525  0.94163565325819487  0.94354919741419341  0.94549065295912271
  0.94738328145753026  0.94922787435336109  0.95104391781987296  0.95282726821638641
  0.95459270046612199  0.95635066051766804  0.95806976567808133  0.95971585017369998
  0.96131525792609462  0.96292970301240033  0.96454851266451513  0.96615305600605950
  0.96777537105024558  0.96938019999609326  0.97098405080745265  0.97253773622291573
  0.97405611833017969  0.97556064726823266  0.97705875637492423  0.97857766150870196
  0.98014714438489470  0.98174926404795138  0.98333732417477360  0.98490123663341378
  0.98647514834776295  0.98805525331909250  0.98967967542081525  0.99133960601836435
  0.99302436194821053  0.99484895931544548  0.99712683585395046  1.00000000000000000
 -0.00265764190125212  0.07833211217545166  0.10147649890125862  0.11498532726263037
  0.12617287702671867  0.13566700051690045  0.14425683576460793  0.15162641446044098
  0.15832898251323949  0.16488274612731346  0.17108479234261828  0.17693360604661279
  0.18265882047919227  0.18833570066953831  0.19392469501184390  0.19919508224926735
  0.20415417006828462  0.20884745583231554  0.21363886449142080  0.21838297392551145
  0.22313560706163429  0.22786547331679693  0.23255937869254587  0.23730705014409079
  0.24218553827718003  0.24691295728881346  0.25153896033790563  0.25614970716246166
  0.26071346393810502  0.26526461031999643  0.26978179138632857  0.27423882606546712
  0.27868376371722636  0.28307984797537666  0.28739499556203713  0.29169579419260933
  0.29614164921160180  0.30063880380343605  0.30519354257053349  0.30967879604240883
  0.31413786540322874  0.31850187980209366  0.32298458894642790  0.32752369365751577
  0.33204033394897903  0.33669357601307304  0.34130526684717472  0.34597550339082150
  0.35071641745889631  0.35542885431647514  0.36016849357918562  0.36493827256850359
  0.36979943198696885  0.37487361615586762  0.38014465056487962  0.38547111127674355
  0.39078175686710692  0.39622928810448477  0.40177326178317085  0.40742433817936435
  0.41306247499341353  0.41879083750643603  0.42466450523697358  0.43079361021458867
  0.43700768678895752  0.44328344601799052  0.44955110713938590  0.45589729223780934
  0.46225586269507074  0.46878014135882329  0.47542025319789383  0.48210144245230424
  0.48896096084252794  0.49619805908790349  0.50388591851044240  0.51202430841422075
  0.52056857711405891  0.52922192434617221  0.53821703949615796  0.54751802765546043
  0.55710844155864936  0.56697904133581256  0.57731095351810469  0.58881555153980802
  0.60068082486249330  0.61247334524315677  0.62439734684058823  0.63793815755230354
  0.65322682703708301  0.67016167145915373  0.68907164742352900  0.71094447042181141
  0.73669381864811223  0.76842618916328931  0.81639339453578774  1.00000000000000000
   4.7387924711577790E-009  -1.0000000000000000     
 F F F F F F F F F F F F F F F F F F F F F F F F F F F F F F F F F F F F F F F F F F F F F F F F F F F F F F F F F F F F F F F F F F F F F F F F F F F F F F F F F F F F F F F F F F F F F F F F F F F F F F F F F F F F F F F F F F F F F F F F F F F F F F F F F F F F F F F F F F F F F F F F F F F F F F F F F F F F F F F F F F F F F F F F F F F F F F F F F F F F F F F F F F F F F F F F F F F F F F F F F F F F F F F F F F F F F F F F F F F F F F F F F F F F F F F F F F F F F F F F F F F F F F F F F F F F F F F F F F F F F F F F F F F F F F F F F F F F F F F F F F F F F F F F F F F F F F F F F F F F F F F F F F F F F F F F F F F F F F F F F F F F F F F F F F F F F F F F F F F F F F F F F F F F F F F F F F F F F F F F F F F F F F F F F F F F F F F F F F F F F F F F F F F F F F F F F F F F F F F F F F F F F F F F F F F F F F F F F F F F F F F F F F F F F F F F F F F F F F F F F F F F F F F F F F F F F F F F F F F F F F F F F F F F F F F F F F F F F F F F F F F F F F F F F F F F F F F F F F F F F F F F F F F F F F F F
  <DiscreteSampler_grid>
  grouped_processes
  1 # 1 for a reference and 2 for a running grid.
  10 # Attribute 'min_bin_probing_points' of the grid.
  1 # Attribute 'grid_mode' of the grid. 1=='default',2=='initialization'
  0.0000000000000000 # Attribute 'small_contrib_threshold' of the grid.
  0.5000000000000000 # Attribute 'damping_power' of the grid.
 # binID   n_entries weight   weight_sqr   abs_weight
    19   10   7.245643311944506E-004   2.308516327388728E-006   7.245643311944506E-004
    20   10   7.245643311944527E-004   2.308516327388745E-006   7.245643311944527E-004
    22   10   7.245643311944506E-004   2.308516327388728E-006   7.245643311944506E-004
    23   10   7.245643311944527E-004   2.308516327388745E-006   7.245643311944527E-004
    25   10   3.516127022775658E-004   6.684624024518016E-007   3.516127022775658E-004
    26   10   3.516127022775656E-004   6.684624024518046E-007   3.516127022775656E-004
    28   10   3.516127022775658E-004   6.684624024518016E-007   3.516127022775658E-004
    29   10   3.516127022775656E-004   6.684624024518046E-007   3.516127022775656E-004
  </DiscreteSampler_grid>
