  0.00309843199733301  0.01399773453989531  0.02427393406272713  0.03461330961605379
  0.04553981399680182  0.05788044493379926  0.07028484810219998  0.08227741986165818
  0.09389276976060942  0.10492059971112749  0.11588487611470345  0.12634314556114534
  0.13629667382083840  0.14589604956280638  0.15541076496821477  0.16497549494509256
  0.17455550576944281  0.18425712292196456  0.19514288004341979  0.20620948503166206
  0.21713196542247717  0.22731925064642511  0.23792444844552774  0.24913518049181210
  0.25866526973105874  0.26802558268253190  0.27766452753036208  0.28664496962665303
  0.29587780500535854  0.30387274896684263  0.31167114376318406  0.31923863223607507
  0.32754848256905045  0.33678098670506251  0.34702954500008903  0.35711868442463379
  0.36718379663357736  0.37712522385283548  0.38634755651957453  0.39492622685748607
  0.40355481426036088  0.41323889095085647  0.42523640384201311  0.43688023297615736
  0.44870761672973924  0.45994667620617941  0.47189129907496408  0.48236139000850370
  0.49248015280395241  0.50208874536171599  0.51187613974341517  0.52213415933139273
  0.53220099995375669  0.54262649987551315  0.55283986507687011  0.56377700185486623
  0.57550267000198296  0.58837199289783793  0.60155222271299202  0.61382592115837675
  0.62493373719312140  0.63527332047244567  0.64505404188642845  0.65458352670597597
  0.66444532430870906  0.67477140927748558  0.68538002652842445  0.69534733886107791
  0.70575192487327065  0.71662699970863453  0.72738834759313509  0.73740168140470974
  0.74678010149666441  0.75572201862530608  0.76416754609065674  0.77266703843719331
  0.78223150236268513  0.79310369423348892  0.80442612261750668  0.81545719126495331
  0.82627939483072121  0.83708460541020746  0.84855196884504180  0.86102625603073335
  0.87414573798216255  0.88534733505488927  0.89545716895824923  0.90564630906115418
  0.91632164684592010  0.92855875189084480  0.94172911439332363  0.95388796175415003
  0.96475971732151244  0.97377945254418052  0.98429106390072674  1.00000000000000000
  0.00004609936883620  0.00005934734826768  0.00007103142711217  0.00008048945979506
  0.00008843487337609  0.00009583309816111  0.00010324568250067  0.00011063013666706
  0.00011808311831679  0.00012528212971475  0.00013216312531502  0.00013911299849001
  0.00014612632165876  0.00015360282487724  0.00016153444694165  0.00016963398280364
  0.00017781665983785  0.00018600077637593  0.00019425690880710  0.00020253957809344
  0.00021128896663432  0.00021921385941387  0.00022759100420171  0.00023667735065239
  0.00024672488242297  0.00025721797171856  0.00026785273675721  0.00027889200222807
  0.00029014524732214  0.00030166727335253  0.00031407899575409  0.00032655082002178
  0.00033911578520929  0.00035250560577177  0.00036627412477283  0.00038071012740236
  0.00039577479261493  0.00041045499175387  0.00042490283529410  0.00044215627591359
  0.00045908863284878  0.00047649705081522  0.00049338483519612  0.00051061162094006
  0.00052902548639308  0.00054901114784303  0.00057212173725121  0.00059992002170882
  0.00063052795794592  0.00066157681942816  0.00068832597852944  0.00071469546225593
  0.00074319874485336  0.00077717307606695  0.00081514811554925  0.00085914169135041
  0.00090264901321872  0.00094825189412470  0.00099593996803748  0.00104796931610757
  0.00110166151671844  0.00115601244510925  0.00121123926917000  0.00126502297263862
  0.00131688789348726  0.00136779845067103  0.00141737135889546  0.00147492356623126
  0.00153533599916412  0.00160009013180919  0.00166132370592005  0.00172784334099241
  0.00181795364865115  0.00193437466428810  0.00205063307175759  0.00216147618457972
  0.00228729331226316  0.00244075934505113  0.00259845954114140  0.00274960818154038
  0.00292578008083413  0.00316127371561182  0.00345276301362506  0.00383562145208905
  0.00421142219137037  0.00449858915392198  0.00479562023109161  0.00513787145216616
  0.00553688196607391  0.00606457931967503  0.00661641283492012  0.00732728838463333
  0.00807858546067776  0.00936061255152224  0.05370848001758714  1.00000000000000000
  0.00007873142894652  0.00011637539532184  0.00013176449640791  0.00014736162270237
  0.00016297430203098  0.00017863970925144  0.00019394283687192  0.00020891386531971
  0.00022388391502624  0.00023886963861149  0.00025433480001793  0.00027093590578128
  0.00028962552500392  0.00031064700647262  0.00033127046347496  0.00035404179445298
  0.00037636042066035  0.00040014717582024  0.00042497833258945  0.00045091336718048
  0.00047557703024638  0.00049907278351135  0.00052196485039789  0.00054737024304556
  0.00057540480834074  0.00060544652024248  0.00063768227483051  0.00067239223946730
  0.00070975640519405  0.00075167454022257  0.00079539541951895  0.00083805364720804
  0.00088082490434275  0.00092464085266327  0.00097258400739013  0.00102596548750490
  0.00108469183194000  0.00114547315107457  0.00120602528393074  0.00126810508273811
  0.00133188907421308  0.00140140502867863  0.00147592705543480  0.00155577474359777
  0.00164215427160497  0.00173443450178213  0.00182866101083959  0.00192842000390452
  0.00202633284038366  0.00211912603315808  0.00221852397508675  0.00232672430586028
  0.00244163627866578  0.00256899601338458  0.00270927087570544  0.00285029379714545
  0.00299538143357130  0.00315094896234449  0.00331524727775918  0.00351376989014109
  0.00372669704074640  0.00396982856605372  0.00419427059126922  0.00443938539417097
  0.00470324424049506  0.00493654441596064  0.00516577274025298  0.00540435980343410
  0.00568814149011382  0.00596781851520696  0.00625624865347643  0.00655048019913367
  0.00681341865747876  0.00719049490388625  0.00771009074249845  0.00835832343059127
  0.00913044823307818  0.00985804920416758  0.01066524425848291  0.01121620718957278
  0.01190604989821579  0.01255259666780428  0.01330379315910679  0.01415705850565167
  0.01512805919766953  0.01599831307639517  0.01666431893771710  0.01744612001741810
  0.01827331272341206  0.01916385001293332  0.02006463967720882  0.02391117918050987
  0.02613825711401082  0.02823835324957472  0.24887670146203203  1.00000000000000000
 -0.00001248295657750  0.03279167082788362  0.05157509423989845  0.06505119434099380
  0.07700154710241888  0.08768520818543613  0.09691688401150300  0.10649461017485978
  0.11680393646520894  0.12637016808470197  0.13531163055219581  0.14449090094049261
  0.15451853579305075  0.16516904670316007  0.17612398244938640  0.18717268070199189
  0.19775878569541902  0.20801665552211773  0.21837017311841378  0.22897963202411656
  0.23979404158461795  0.25024854819232339  0.26099514660859074  0.27118602406821718
  0.28093922607965854  0.28997669151408545  0.29934745956211994  0.30948103587950132
  0.32045316376349964  0.33149177152275355  0.34225293873508300  0.35268665451894504
  0.36309166101479279  0.37396608503804407  0.38561621289710452  0.39766414925414739
  0.40948234092976449  0.42137010338176811  0.43389936127215267  0.44720295724300907
  0.46071533017968486  0.47297415836637452  0.48355329780839124  0.49303549967743104
  0.50246315659088969  0.51274399082663380  0.52348501652067947  0.53391530224099326
  0.54322299415765640  0.55157667178815961  0.56025513053281317  0.57019077811314189
  0.58187421395209127  0.59201542297546583  0.60203759987731587  0.61219162365072000
  0.62295997564761896  0.63336271312477499  0.64394968991085877  0.65492580874032946
  0.66576919319491334  0.67611234887434091  0.68663186273332000  0.69684409021579952
  0.70743455094812047  0.71768502454644834  0.72931224210975609  0.74056103232477233
  0.75182959098683477  0.76176986672078395  0.77084315412623305  0.77995655697709654
  0.78900322715569304  0.79787596095358160  0.80677712558720083  0.81550977241487521
  0.82366112190286866  0.83142331404646852  0.83916205171678993  0.84714107718375120
  0.85472791899629541  0.86319074593832701  0.87249546063724037  0.88372163186016162
  0.89781003855061936  0.91039984840508925  0.92111860666728052  0.93097509160256242
  0.94058164684758416  0.95116426478742511  0.96095532850298682  0.96958866974390634
  0.97747771314028253  0.98554214916538674  0.99230420164986788  1.00000000000000000
  0.00000491441602949  0.00000660120146496  0.00000797712347263  0.00000880388236934
  0.00000917388310300  0.00000988959772480  0.00001089462803604  0.00001169868762312
  0.00001252077116729  0.00001348143354833  0.00001466657701017  0.00001564299005024
  0.00001670944806375  0.00001820687589909  0.00002001936118459  0.00002191581808295
  0.00002365549617377  0.00002543042480562  0.00002726396742960  0.00002941509820488
  0.00003196091837118  0.00003489520116857  0.00003869105503347  0.00004297256219609
  0.00004751081040959  0.00005273820895142  0.00005889809243870  0.00006611756565149
  0.00007455464498584  0.00008384391369154  0.00009521016007020  0.00011025121583596
  0.00012818829294181  0.00014646611049046  0.00016520396350179  0.00018598666801664
  0.00020770554001615  0.00022976290325151  0.00025363521164051  0.00027882586280062
  0.00030515409596692  0.00033301679025331  0.00036298087310250  0.00039443230600087
  0.00042688001557939  0.00046111657249779  0.00049542397364711  0.00052718929629712
  0.00055964424567175  0.00059492713448643  0.00063274876322529  0.00067259457976578
  0.00071477907622261  0.00076139191509348  0.00080792104449705  0.00085914365085937
  0.00091255227557397  0.00097283618759667  0.00103630853036714  0.00110476368140281
  0.00117411285459712  0.00124160662900957  0.00130841226621129  0.00137596880194443
  0.00144608718441485  0.00152330378863998  0.00160540715313317  0.00169183978155857
  0.00178408035102663  0.00187625394076933  0.00197669164337895  0.00209322450984317
  0.00221888122972883  0.00233324766028099  0.00247100283556850  0.00263333016663110
  0.00282003188033297  0.00305815434288694  0.00334265370797472  0.00373688139492509
  0.00414322983652896  0.00464316017918863  0.00500586560082328  0.00539767549190346
  0.00583349976112718  0.00621895707730897  0.00663945928691466  0.00712990976762045
  0.00771388689479623  0.00847740485534572  0.00908095826966455  0.01043373454119141
  0.01204126585834717  0.01503282117554619  0.10301548576635124  1.00000000000000000
 -0.00189973404498557  0.01055020724526626  0.02157281256508030  0.03316082822845479
  0.04423104842134283  0.05586803510947615  0.06874847740213687  0.08249038686974605
  0.09528033360594286  0.10717115054898088  0.11841272139597872  0.12938249211905839
  0.14065051280889018  0.15302802467872356  0.16544843753434332  0.17688449026072292
  0.18777409264842146  0.19754406217035939  0.20713308718434756  0.21656408036659472
  0.22610939545512085  0.23576756860712367  0.24505451418594976  0.25525561241145223
  0.26582668973524931  0.27664140367653167  0.28686650606533859  0.29833351061246421
  0.31006471172019240  0.32096813280809761  0.33022401890911196  0.33967068063169209
  0.34975014485751255  0.36097087102957853  0.37000059680228869  0.37907527905334315
  0.38837191337904720  0.39850427879826833  0.40842213859181553  0.41809380619637887
  0.42916929250148467  0.44013855616591568  0.45042498781572271  0.45929845774862016
  0.46806914665540678  0.47747953786903219  0.48922204480437825  0.49969887444294919
  0.50918547790015289  0.51789511080833905  0.52803456213216482  0.53654691277189515
  0.54557579732659855  0.55418326200620838  0.56282927281559048  0.57260681651962175
  0.58306214285763258  0.59470446766132845  0.60560316264516734  0.61502711629445883
  0.62391534185504149  0.63312506635273136  0.64313558355002409  0.65390697175929646
  0.66522200212295579  0.67703753583252213  0.68883537429323216  0.69935381379469219
  0.70997051048839643  0.72001109277283959  0.73070856409576102  0.74180156758655225
  0.75265833351066447  0.76469803525725799  0.77705639990455044  0.78945814966240224
  0.80123836913240520  0.81246404643797909  0.82358048336845857  0.83522326565592209
  0.84731987998450631  0.85691711203407550  0.86464180687361802  0.87299721347301229
  0.88290055333843809  0.89217479059294091  0.90168554735725204  0.91191711939247411
  0.92321580873257370  0.93393029223902002  0.94436251026995754  0.95517773265462380
  0.96626232767607045  0.97718838000001318  0.98876984043024674  1.00000000000000000
 -0.00236067566709653  0.01060843739154262  0.02134099555167934  0.03144470456842013
  0.04123920960452297  0.05090032958794059  0.06030533766292269  0.06981254316725097
  0.07929978781560083  0.08894712379871421  0.09973807412357534  0.11050435264960121
  0.12145749542927935  0.13152206984707637  0.14157821977881821  0.15172589577322373
  0.16356529867657946  0.17508496083338715  0.18609103801816892  0.19638502314098680
  0.20763020788839801  0.21880001125360202  0.22841294800448009  0.23768249466500654
  0.24720800282839125  0.25940995708091619  0.27006571280674296  0.27964370356150003
  0.28862791852497904  0.29866042318780955  0.31100812464297040  0.32465944218845350
  0.33796278267539570  0.35043113832590200  0.36122172077304598  0.37070332684683371
  0.37885099812065520  0.38699568653710642  0.39502454719779467  0.40402816277073034
  0.41292202441122411  0.42234262905881648  0.43223384556508293  0.44313765796056542
  0.45480748587174191  0.46630304058617605  0.47779450835369436  0.48881670351341427
  0.49932573276542663  0.50958628306262777  0.52004370363949870  0.53083710022739194
  0.54142343098483714  0.55206068551589904  0.56323391772738396  0.57395594798552663
  0.58429075927917362  0.59430271185649708  0.60588793973177668  0.61795230250731803
  0.62992958153647116  0.64042114670440309  0.65067431939319098  0.66071563899971641
  0.67097031540330609  0.68163572985622345  0.69342296761237254  0.70543622857412402
  0.71583153657422338  0.72480444998248339  0.73356988475552531  0.74272417178755323
  0.75237783683264003  0.76201954913431946  0.77251475298304484  0.78405325806399140
  0.79636670803693543  0.80832382900405497  0.82100235866146531  0.83418766377406961
  0.84674627127217672  0.85813036493338812  0.86830658301973485  0.87853306453297086
  0.88899628438410760  0.90040274970745848  0.91125405258718806  0.92162479054837720
  0.93106995050698604  0.94033209535444373  0.94947569660773579  0.95936550547778088
  0.96929482948703782  0.97925926116613171  0.98939512881867031  1.00000000000000000
 -0.00228870039611037  0.00740900860540332  0.01592163232231131  0.02351120546756638
  0.03079364241202248  0.03819296871387576  0.04545921615333988  0.05274973307193858
  0.05996319106048077  0.06708131580863479  0.07413691417134675  0.08194850485012517
  0.09005199920679831  0.09810955159645560  0.10614966734418950  0.11398775799444683
  0.12167952863780600  0.12945595271165306  0.13748193279901727  0.14615678809622637
  0.15541409910023041  0.16470905228148949  0.17384041020286278  0.18294350994912301
  0.19202857681154412  0.20058663624141684  0.20883846777374943  0.21760317562419043
  0.22708249061022057  0.23680644854277280  0.24598140373229510  0.25527913476126529
  0.26484718116300654  0.27509351162935070  0.28605426651958143  0.29671287867047602
  0.30656156890156133  0.31632804906297035  0.32645819994360048  0.33843093003143404
  0.35139920175474293  0.36383953740563219  0.37500463403991446  0.38533857256743703
  0.39553075263262610  0.40621973865113764  0.41690555553025493  0.42711002645242463
  0.43703712411649337  0.44702498298807891  0.45719895391643139  0.46730097595507164
  0.47774872635160703  0.48892733455307380  0.50122725431524162  0.51175191447655699
  0.52133957238437600  0.53048245788621207  0.54099905253751435  0.55330842369530098
  0.56690284358190157  0.58112200966743233  0.59571635608051698  0.60905918211369714
  0.62237654062952930  0.63478549312062327  0.64765285425503161  0.66000033534739189
  0.67303905381820694  0.68562370508649029  0.69918889707068566  0.71240566183804777
  0.72517276075529358  0.73731687946009639  0.74966987463175172  0.76302355135622513
  0.77737210982296612  0.79128122305296811  0.80462296584630022  0.81742053063758435
  0.82985136425456807  0.84254507946602797  0.85663702089608551  0.87157450116701018
  0.88573860553217765  0.89883561148754676  0.91080345610891889  0.92001526966433800
  0.92935422874051576  0.93869221003541414  0.94995262456162621  0.96003522369106931
  0.97158689361376938  0.98128118154448862  0.99035302782228640  1.00000000000000000
 -0.00224867109356360  0.01035085515419046  0.02056140667063915  0.03055347901690759
  0.03984408717960861  0.04926203867170063  0.05889193277984786  0.06929889963996182
  0.08002901651763383  0.09127541963770655  0.10229700853839725  0.11241066354195350
  0.12199800697952463  0.13185046828790634  0.14075347069674918  0.14908737274785466
  0.15770485530948697  0.16739034758804694  0.17834586920141532  0.18873119629809321
  0.19821861597111851  0.20759012246231562  0.21725940894777046  0.22806333284449146
  0.23959573630079778  0.25144550286623080  0.26184123564635686  0.27222713438153406
  0.28275300541098874  0.29409281263016224  0.30472609317298577  0.31533253124210409
  0.32614560134365350  0.33536971391836606  0.34478148117103297  0.35392207839261530
  0.36393752704126958  0.37498142973570797  0.38584912677963329  0.39692247904802352
  0.40735248593198164  0.41820770911456573  0.43042233014499742  0.44222976325674201
  0.45363650930013771  0.46442227257318480  0.47474596804303870  0.48416015812253804
  0.49365060592367399  0.50367606687394595  0.51364572300109856  0.52377815633092395
  0.53434038780166893  0.54605495234662238  0.55828088933092457  0.57019469469295958
  0.58198886319039922  0.59383642430186601  0.60578155783029153  0.61812999514284739
  0.63087344874923068  0.64226843477362972  0.65274144748174645  0.66320597544442428
  0.67348690261000632  0.68445488328878190  0.69555880765248168  0.70760278738909510
  0.72058338594139426  0.73317462527041732  0.74467711349222798  0.75549737386140536
  0.76559835671946275  0.77469159104899499  0.78326033178678900  0.79208572726617388
  0.80187057347151602  0.81159102684357842  0.82135457428204173  0.83097818517161726
  0.84139406558915752  0.85197823132152284  0.86321693670568889  0.87486435735938783
  0.88508326940801851  0.89506873304725576  0.90451632002940852  0.91431285387358863
  0.92458947318390816  0.93600145143374602  0.94821395902789030  0.95999521332700222
  0.97065775390082909  0.98072165568021874  0.99026956465035842  1.00000000000000000
 -0.00093241776951325  0.00963161042614728  0.02031757337833893  0.03330076942303591
  0.04730034187216398  0.06251915670234155  0.07792559480232332  0.09067381710611533
  0.10187448619725138  0.11298152012604847  0.12469229466134601  0.13627060264615742
  0.14652066691884538  0.15731564431973669  0.16654618439533819  0.17681432377851522
  0.18681937716439323  0.19712307031612819  0.20818623473622222  0.21883433189567117
  0.22953581951356705  0.24089863997081767  0.25141593436939014  0.26168439097527357
  0.27148531496070255  0.28150764209265938  0.29057920167535423  0.29865970456951768
  0.30650660337877811  0.31487427831026277  0.32366852173487187  0.33217411371596245
  0.34011583441895871  0.34833611920090007  0.35767139864370356  0.36847502158544160
  0.37992385283169128  0.38997498564790539  0.39932002192873933  0.40853429920314610
  0.41792316738203045  0.42742974066570699  0.43671844994915970  0.44545866568897335
  0.45460288286705380  0.46430477627670963  0.47433537587248648  0.48432176805114946
  0.49410540665255126  0.50376466294725919  0.51330926127041177  0.52241826585062812
  0.53169102005806756  0.54168899534043391  0.55174628387636826  0.56138112254167172
  0.57117427510557939  0.58081067284727572  0.59097387719077776  0.60173066759195826
  0.61294029691324947  0.62469595338871664  0.63685201664518409  0.64893228450537810
  0.66086950322001747  0.67236846585268928  0.68365139175440248  0.69392221786064479
  0.70325828546622970  0.71333920640743975  0.72422970366360995  0.73482333293128443
  0.74563113051363816  0.75621257464700031  0.76685354095373515  0.77734299349810021
  0.78723144602604700  0.79761966464641243  0.80952974942830491  0.82051034189907657
  0.82988418615601656  0.83945829629194801  0.85078383479514763  0.86415699928685408
  0.87630420911154749  0.88671212252868825  0.89607078284296182  0.90507817421548176
  0.91411456158582016  0.92384959917917298  0.93468935483266280  0.94800030773480937
  0.96391130964395444  0.97776535121327235  0.98937340504493065  1.00000000000000000
 -0.00270279266304889  0.01062687101781557  0.02227429569799026  0.03391847735776913
  0.04519048458263699  0.05644402025936152  0.06775601318402003  0.07922336146598720
  0.08991006257742576  0.10028403696347106  0.11064064512552259  0.12131473299307279
  0.13186329786882381  0.14221322324014327  0.15286902718939566  0.16276716349447254
  0.17273557074838303  0.18266871990338737  0.19398948901333687  0.20633811292720081
  0.21872332300436323  0.23046232902952365  0.24078611040321857  0.25106780469734280
  0.25981733555967862  0.26951549778782757  0.28014272893415137  0.29075559781692895
  0.30105247168250726  0.31126282326286436  0.32331452703053942  0.33515475439293063
  0.34545193870516405  0.35480062155042041  0.36446721423632161  0.37530554859973569
  0.38764553084367798  0.39928131869377559  0.40955928261045610  0.41931829245979257
  0.42950085770891283  0.44099913463713591  0.45246688423712722  0.46300775992768634
  0.47297144166431260  0.48302343097598804  0.49327956789107835  0.50351277495173896
  0.51367014188334648  0.52433399737243513  0.53522705970601525  0.54579728773146974
  0.55671643161307482  0.56654025883494963  0.57684371902570086  0.58729471710308501
  0.59856503017776563  0.60980351903689212  0.62045699420579015  0.63078837173607660
  0.64106745590440295  0.65096582275797077  0.66007444903752943  0.66895216421150849
  0.67822221861131538  0.68767192960200574  0.69763856490013543  0.70839052039974737
  0.71961567863674392  0.73056737620316070  0.74004731159748016  0.74940451980591183
  0.75805208076068564  0.76691527914012136  0.77663175541577956  0.78677912013669893
  0.79732026642886267  0.80832556906601494  0.81987663697631874  0.83228754797838767
  0.84335531298374811  0.85328041149285361  0.86280548826955317  0.87197581272478963
  0.88177784462445008  0.89295189052694524  0.90456794686450026  0.91581560409343976
  0.92598046664450973  0.93627546565824904  0.94704990637230446  0.95769400965831974
  0.96766068270324823  0.97710852956265959  0.98785211304710174  1.00000000000000000
 -0.00177855379493488  0.00786007034444305  0.01634721317185843  0.02396233412249971
  0.03102042228660342  0.03842797960338645  0.04679792748496654  0.05663233285903653
  0.06622368156086161  0.07449793731358317  0.08261445660897479  0.09076708465486234
  0.09880266028367511  0.10675457846519282  0.11462954019443700  0.12339116660958528
  0.13206422176280669  0.14022314502784361  0.14844761462679598  0.15591750212339947
  0.16408939907330161  0.17289506708725716  0.18268032978742277  0.19265939057736212
  0.20213824537750930  0.21147597531119844  0.22038021827348234  0.22973044437917756
  0.23916281227175032  0.24914676164901614  0.25893021338747102  0.26822683444385359
  0.27728458372351583  0.28633168555875549  0.29526644789682671  0.30416950132202919
  0.31365830533883904  0.32279416181782150  0.33209573519931140  0.34195814784150613
  0.35211055341808528  0.36282637054610156  0.37382271675195383  0.38590899524633820
  0.39777928693481240  0.40900043977573169  0.41979367101920739  0.43079734223983790
  0.44254725121957333  0.45419013320325130  0.46554800877707692  0.47687219137564441
  0.48937584728845568  0.50121854251017117  0.51246204593105371  0.52319007461377287
  0.53456454901636474  0.54610925916181763  0.55687380124440122  0.56854984790036767
  0.58130559597000964  0.59447410165896086  0.60841771200649764  0.62241849714660846
  0.63621315943173229  0.64830677875562093  0.66004546156023047  0.67079651634147752
  0.68101241640337318  0.69209515907225239  0.70352886881533216  0.71524943625080017
  0.72604735563192224  0.73656984510438051  0.74677707736196208  0.75765925935558454
  0.76838583920881232  0.78008178770991987  0.79131037633020118  0.80326563351906088
  0.81506353923486086  0.82774700221733688  0.84076769406230178  0.85587086386418698
  0.86951129140104599  0.88095626309971109  0.89135164455488125  0.90207261529840310
  0.91370262193874274  0.92711336025965474  0.94107755052496944  0.95351627710315678
  0.96585227019321873  0.97743076038987764  0.98929482293308102  1.00000000000000000
 -0.00187101533956704  0.00999014228768547  0.02015189680635867  0.03020452582624683
  0.04133223095656412  0.05233429615132645  0.06342448169953178  0.07444407397020052
  0.08597542828244208  0.09769298606394172  0.11082158476608825  0.12439954743473775
  0.13800878068309927  0.14925113407269874  0.16019050481242980  0.16990584707493328
  0.18048299169283430  0.18984787915600035  0.19835443310561585  0.20670317956916459
  0.21509974048916330  0.22375166427810389  0.23215629530447249  0.24028100729180146
  0.24794518114563344  0.25634911575930175  0.26560168639436976  0.27518443914260521
  0.28487863127926683  0.29479412692361828  0.30706575941652320  0.31869288140783725
  0.33036515593376287  0.34244008495333916  0.35403616754023426  0.36461440904462383
  0.37410376882076085  0.38365945334473511  0.39333582191703070  0.40267289967120917
  0.41223502994965661  0.42233113298053243  0.43342750664194263  0.44563262011232446
  0.45755128933019418  0.46861404515794886  0.47880797615358989  0.48919935432630057
  0.49977027186505807  0.50964425382483325  0.51918570000373954  0.52870637285931121
  0.53770225110013425  0.54629897784965209  0.55509459624373148  0.56457971947355334
  0.57386302394760236  0.58350510606272199  0.59345558796103182  0.60414850428021760
  0.61501629295785842  0.62536094633898931  0.63496982113953615  0.64461253586578771
  0.65462316291338074  0.66435045138667370  0.67368627565939221  0.68277519703868339
  0.69207320658932425  0.70237759853365056  0.71291754108627448  0.72346500685053072
  0.73392087833236264  0.74418163145513594  0.75513606574638859  0.76687082054719358
  0.77804719516455711  0.78903255942059203  0.80020810221142491  0.81221736717166126
  0.82474817642459908  0.83679925030870084  0.84759818256349262  0.85802845950955653
  0.86871019107628855  0.87937038240541787  0.89011845706433201  0.90064982996048737
  0.91239344184325555  0.92482611552382810  0.93756593630914387  0.95078667558477115
  0.96286924744816582  0.97500819750203827  0.98697933773305890  1.00000000000000000
 -0.00254142410121366  0.01272684700156231  0.02504659920041814  0.03690775178228713
  0.04857745202943861  0.06041774510795485  0.07173815265614639  0.08238665291107619
  0.09221001876250963  0.10179615981083105  0.11033334130095775  0.11765194063941627
  0.12511503331133905  0.13306614696090996  0.14291423884132828  0.15363301140326846
  0.16395378419521184  0.17350552978353753  0.18309795045373659  0.19338289883786072
  0.20406958500202838  0.21425465939304558  0.22515967233233908  0.23531838816284090
  0.24445829720764339  0.25279213087521291  0.26139294897994164  0.27140985380436516
  0.28219259914670436  0.29403570377244131  0.30483610896460700  0.31678567432031213
  0.32701222715297396  0.33636692243275162  0.34591271595145889  0.35700547147538714
  0.36931578350803118  0.38138861118419393  0.39314681423024961  0.40537993898386032
  0.41709997330831317  0.42821090278999713  0.43898612481088300  0.44914052467567867
  0.45958030259907412  0.46983537262688868  0.48025931386545301  0.49070745750838712
  0.50155385350921577  0.51344027622384936  0.52486657435588058  0.53495624548699661
  0.54535653148800822  0.55703046064082917  0.56869632745698484  0.57958756524381916
  0.58874138789819919  0.59748766709202661  0.60695126142588818  0.61689373132531866
  0.62731109035710297  0.63746411218019483  0.64871555563480432  0.66136014071242144
  0.67384279445836759  0.68587271651900328  0.69730892504696884  0.70834145492849943
  0.71978741393122847  0.73174095310528120  0.74420834713693040  0.75579051324016100
  0.76685895302121554  0.77714913295882948  0.78707655410930855  0.79782810994326370
  0.80903577531812643  0.81965500038652961  0.82921831359732345  0.83774970165786500
  0.84547635939593713  0.85343607592920745  0.86239274536085830  0.87255859794199453
  0.88364740197406688  0.89514540338812887  0.90648009318003742  0.91744751652060197
  0.92842437517642085  0.93913418820618277  0.95045847204976353  0.96105556590922558
  0.97113154665045720  0.98090130731680880  0.99059719638835730  1.00000000000000000
  0.51374405264231937  0.63418388221408639  0.65814631748267993  0.67286784282925138
  0.68525624513965810  0.69591387143094308  0.70502219943618560  0.71421014178942965
  0.72374673902590558  0.73352089112786711  0.74176895696897460  0.74889721430752976
  0.75558120349212354  0.76215750286403638  0.76849532687295696  0.77444226586509035
  0.77989391271808595  0.78510793018181124  0.79013111357821075  0.79535013144657718
  0.80012958057117123  0.80500473032175335  0.80943777489316504  0.81360894475394396
  0.81761481012948856  0.82173994319554211  0.82585232386075835  0.83007431929908626
  0.83428370438757393  0.83865013495840857  0.84280744891388149  0.84686349624529145
  0.85107138990363229  0.85527078333907569  0.85944467306227124  0.86291692680528176
  0.86616394641455985  0.86915026250780369  0.87203241477299176  0.87485873399107406
  0.87758721674847995  0.88038531668940645  0.88366530981757996  0.88702661631141211
  0.89003074695531714  0.89294186889224625  0.89567082812421595  0.89834000982306728
  0.90101282721459042  0.90362951414531900  0.90610289702410485  0.90851429930738914
  0.91093438379669323  0.91353703128354657  0.91604773797759631  0.91847404202101712
  0.92094050862879195  0.92338012324827767  0.92566325662148330  0.92769529631475711
  0.92960754725675843  0.93147506540695191  0.93338332254685885  0.93539808810516933
  0.93747872324137504  0.93952895222309973  0.94148737477650024  0.94334003570913660
  0.94509620102360614  0.94689839454727909  0.94885691302087016  0.95098504598118405
  0.95319743886459507  0.95518681704445374  0.95694345671012770  0.95858980831606144
  0.96021440208869824  0.96192902181038942  0.96379736953020290  0.96584659538945361
  0.96791412202959681  0.96980939404974165  0.97164374805103759  0.97355411632311406
  0.97537485679467950  0.97734886356733641  0.97942008053041374  0.98148283156555594
  0.98357868160903661  0.98569521053083253  0.98774041924464728  0.98982115474181764
  0.99190286480433965  0.99413848730358967  0.99685498572777453  1.00000000000000000
  0.00084273587480327  0.07843335653617881  0.10465473787677705  0.11933102532830756
  0.12971763907299383  0.13806700951933970  0.14507654161974967  0.15067967804149313
  0.15476206929294939  0.15940455109134302  0.16376968635626887  0.17049047825491562
  0.17593289278048754  0.18111718827967480  0.18595352640953053  0.19057197559391259
  0.19515388642755302  0.19967007973784295  0.20448912296274993  0.20968282399959184
  0.21505279229764193  0.22013506529402307  0.22539505785447436  0.23101136700093966
  0.23681306368650795  0.24213799760321725  0.24702710080310114  0.25198026720724048
  0.25724000951784215  0.26243610202600609  0.26726623503559144  0.27164756528633616
  0.27589814176365218  0.28029966501379117  0.28480643134330830  0.28927781739443414
  0.29378587789479066  0.29845882490427095  0.30314575000273375  0.30780550208015278
  0.31275326849532981  0.31743661318043448  0.32205549156048474  0.32650546129106717
  0.33095731582900256  0.33559815189772785  0.34065513016267729  0.34615837925262061
  0.35156721298486149  0.35684392158505934  0.36201837388555380  0.36670924630355523
  0.37151863495323578  0.37647343040247488  0.38235603605480478  0.38828342600856636
  0.39429984354460623  0.40083253096355625  0.40768256838982192  0.41401178286399221
  0.42033548023196521  0.42677484490533263  0.43326590139241311  0.44040207275402005
  0.44789311592381797  0.45517993512402555  0.46290888281376213  0.46962647620119286
  0.47642823683318958  0.48315573633836018  0.49014672821617539  0.49762176869909841
  0.50543060422568598  0.51357688861965900  0.52164434868001408  0.52996705172758651
  0.53876649603777060  0.54824075299693042  0.55839753653216939  0.56888726610305118
  0.57929266477208097  0.59012533311759396  0.60149930114553740  0.61384230681488305
  0.62596212751499725  0.63937936362438252  0.65426164551998001  0.67010686464823421
  0.68508212692917236  0.70129101463581733  0.72047216490701438  0.74178124564702164
  0.76663404045963712  0.80142240688773669  0.85427777273759431  1.00000000000000000
   1.4264664318153800E-009  -1.0000000000000000     
 F F F F F F F F F F F F F F F F F F F F F F F F F F F F F F F F F F F F F F F F F F F F F F F F F F F F F F F F F F F F F F F F F F F F F F F F F F F F F F F F F F F F F F F F F F F F F F F F F F F F F F F F F F F F F F F F F F F F F F F F F F F F F F F F F F F F F F F F F F F F F F F F F F F F F F F F F F F F F F F F F F F F F F F F F F F F F F F F F F F F F F F F F F F F F F F F F F F F F F F F F F F F F F F F F F F F F F F F F F F F F F F F F F F F F F F F F F F F F F F F F F F F F F F F F F F F F F F F F F F F F F F F F F F F F F F F F F F F F F F F F F F F F F F F F F F F F F F F F F F F F F F F F F F F F F F F F F F F F F F F F F F F F F F F F F F F F F F F F F F F F F F F F F F F F F F F F F F F F F F F F F F F F F F F F F F F F F F F F F F F F F F F F F F F F F F F F F F F F F F F F F F F F F F F F F F F F F F F F F F F F F F F F F F F F F F F F F F F F F F F F F F F F F F F F F F F F F F F F F F F F F F F F F F F F F F F F F F F F F F F F F F F F F F F F F F F F F F F F F F F F F F F F F F F F F F F
  <DiscreteSampler_grid>
  grouped_processes
  1 # 1 for a reference and 2 for a running grid.
  10 # Attribute 'min_bin_probing_points' of the grid.
  1 # Attribute 'grid_mode' of the grid. 1=='default',2=='initialization'
  0.0000000000000000 # Attribute 'small_contrib_threshold' of the grid.
  0.5000000000000000 # Attribute 'damping_power' of the grid.
 # binID   n_entries weight   weight_sqr   abs_weight
    19   10   1.677114264455873E-006   1.358979883991822E-011   1.677114264455873E-006
    20   10   1.677114264456008E-006   1.358979883992123E-011   1.677114264456008E-006
    22   10   1.677114264455873E-006   1.358979883991822E-011   1.677114264455873E-006
    23   10   1.677114264456008E-006   1.358979883992123E-011   1.677114264456008E-006
    25   10   6.088121568819576E-007   1.319226816150043E-012   6.088121568819576E-007
    26   10   6.088121568819591E-007   1.319226816150050E-012   6.088121568819591E-007
    28   10   6.088121568819576E-007   1.319226816150043E-012   6.088121568819576E-007
    29   10   6.088121568819591E-007   1.319226816150050E-012   6.088121568819591E-007
  </DiscreteSampler_grid>
