  0.00000238611495057  0.00000249600852893  0.00000258858665626  0.00000267599962411
  0.00000275396908819  0.00000282537628150  0.00000290822266108  0.00000299298566467
  0.00000308054086767  0.00000316921473615  0.00000326162228772  0.00000335413843326
  0.00000344847145210  0.00000354531321976  0.00000364386225126  0.00000374704945959
  0.00000385601745052  0.00000396885750306  0.00000408250793906  0.00000419496649268
  0.00000430501622620  0.00000441681646613  0.00000453556806162  0.00000465572891876
  0.00000477651106329  0.00000490286671109  0.00000503697255189  0.00000517831034396
  0.00000532569349725  0.00000547818108661  0.00000563664365866  0.00000580187350574
  0.00000597630634517  0.00000615665349392  0.00000633535478821  0.00000651753549713
  0.00000670503309835  0.00000689979490437  0.00000710524017078  0.00000731758212126
  0.00000753791311183  0.00000776316566723  0.00000800331801384  0.00000826537507231
  0.00000853714908848  0.00000881252531356  0.00000909298867166  0.00000938658383230
  0.00000969894165757  0.00001003044385713  0.00001037821462799  0.00001074117347125
  0.00001113404174400  0.00001155463771960  0.00001197747629847  0.00001241099727030
  0.00001288274529051  0.00001338901119136  0.00001393047257429  0.00001454072664309
  0.00001523179167860  0.00001597424840535  0.00001678981321593  0.00001771130637048
  0.00001875070910299  0.00001992440900148  0.00002124068176787  0.00002267124523654
  0.00002424110552826  0.00002603462998726  0.00002800834896592  0.00003018955340053
  0.00003259593679290  0.00003529343354369  0.00003835037868319  0.00004196818285524
  0.00004634176270276  0.00005146246685806  0.00005749014889046  0.00006452693701472
  0.00007304675493477  0.00008351618138421  0.00009611848535297  0.00011189046372117
  0.00013460331979739  0.00016558441671410  0.00020826475433397  0.00027169204499082
  0.00035979230960788  0.00049873681565387  0.00075743219442940  0.00120467783718334
  0.00241389675481399  0.00696940352433214  0.81509830952855911  1.00000000000000000
  0.00218146752342611  0.01586141747804136  0.02824442376144690  0.04028429266461665
  0.05188968968434920  0.06404907498669829  0.07564888850107629  0.08672971238914079
  0.09741157969009406  0.10803529052156791  0.11885611067769197  0.12965915214500873
  0.14056846742130960  0.15147126929058921  0.16268499427241118  0.17416923353393726
  0.18599806166293434  0.19777448201230582  0.20943423294706234  0.22060171161738917
  0.23161114699992488  0.24253255348667049  0.25395152245968772  0.26448293479743940
  0.27452440759322100  0.28443803910632892  0.29458695637866500  0.30498749436583966
  0.31528045391152337  0.32522770432182380  0.33601380028610317  0.34662736941482847
  0.35752539305180570  0.36812620855947203  0.37901759621434794  0.38970339937606086
  0.40052642209001355  0.41127837451255544  0.42191299638524504  0.43207161232469427
  0.44194430113472477  0.45196508523572604  0.46239865835860222  0.47290229593319005
  0.48284298208228571  0.49265430082905048  0.50251109464373678  0.51288421060643474
  0.52364404033204270  0.53438474442217865  0.54520766488691397  0.55605528224990330
  0.56672119623671413  0.57708826467842811  0.58744326606281205  0.59827466081408642
  0.60931301919726255  0.62017293220615588  0.63083763678748672  0.64145381821328828
  0.65189278967779718  0.66199064210947201  0.67188371698936322  0.68163336378416672
  0.69110882046962974  0.69987723648813971  0.70874061399391419  0.71819076057578535
  0.72850124669726479  0.73894276227110123  0.74880028697777501  0.75841009968563688
  0.76807679878916257  0.77811951115505107  0.78833670456171900  0.79852721437520535
  0.80888740161410477  0.81944261781024352  0.82993418943947539  0.84020524502394978
  0.85028359723436231  0.86026564345787759  0.87026475578172702  0.88020502321236105
  0.89016495634695314  0.89998057254080588  0.90939822037502482  0.91884532252993301
  0.92847156985987767  0.93859139054032303  0.94868703012039934  0.95831726772533987
  0.96757178944179734  0.97625997911703044  0.98446029953918768  1.00000000000000000
 -0.00050506252472894  0.02708502531759460  0.04532954647443134  0.05781121268068483
  0.06932987358315593  0.08073471001047054  0.09214368263092065  0.10346581616983655
  0.11467333504623542  0.12553055948837816  0.13649927885911481  0.14750837870467171
  0.15874752031620346  0.16965828689027063  0.17955024300697747  0.18982005078193689
  0.20020464468334156  0.21110322272719148  0.22048376774828135  0.22998755595804596
  0.23905146153555584  0.24880183429645469  0.25915708213763150  0.27018865292163691
  0.28149342220321100  0.29225165898419464  0.30264080895284340  0.31307952736711081
  0.32365313809991958  0.33430276451068397  0.34485652428500962  0.35510322163526520
  0.36505738707909330  0.37553048387718319  0.38607836748124214  0.39668862230854163
  0.40685939005296090  0.41689855241016049  0.42727963095820737  0.43760936445905968
  0.44775180661717717  0.45809280894227533  0.46832104395636587  0.47823037743580604
  0.48788869654098199  0.49764827511901605  0.50763406779734821  0.51775919445835128
  0.52785099509887234  0.53852905442599708  0.54928247747654935  0.56000372382997265
  0.56991618230262719  0.57947655449880331  0.58956038365807328  0.60002933687135751
  0.61106693678887758  0.62125455386903927  0.63173630719267670  0.64211451753941784
  0.65263267077538423  0.66293288079829060  0.67333787472427076  0.68349643627075074
  0.69375070329992605  0.70418155672359861  0.71496205864395856  0.72587674216297782
  0.73633666582767276  0.74663245315538851  0.75678589455121292  0.76672242505319776
  0.77650382230886916  0.78638763942176360  0.79654687542476788  0.80708375497041462
  0.81754973059773306  0.82744200140673752  0.83691040006036888  0.84635457623362498
  0.85619772393287907  0.86647981059010026  0.87673873330842844  0.88672182392805199
  0.89633158895210008  0.90560401686078273  0.91515384501046115  0.92453944434854085
  0.93439599091111125  0.94391800496035028  0.95332153409851961  0.96257783121812046
  0.97180971379626502  0.98099636512914667  0.99034146224516828  1.00000000000000000
  0.00000952520197069  0.00000962473729458  0.00000976498003902  0.00000991473507989
  0.00001009217192825  0.00001030278127230  0.00001054602161290  0.00001078996697235
  0.00001102970630460  0.00001126633862624  0.00001151195054002  0.00001175614280249
  0.00001200929346298  0.00001225847307541  0.00001254038507092  0.00001284166365321
  0.00001316569069074  0.00001349034232220  0.00001380760028154  0.00001415968433321
  0.00001453555663696  0.00001493065947757  0.00001533666991438  0.00001574777181271
  0.00001618813992833  0.00001666716082441  0.00001718621032364  0.00001772430068426
  0.00001827369818558  0.00001880835829968  0.00001935038843250  0.00001988659732159
  0.00002045866445267  0.00002112663274253  0.00002187967173149  0.00002270437456819
  0.00002360855052966  0.00002455549428129  0.00002553227068136  0.00002655913861546
  0.00002766127174444  0.00002885863510383  0.00003013513751423  0.00003151758283282
  0.00003302918269979  0.00003470397818823  0.00003649295242270  0.00003850173807137
  0.00004055120365556  0.00004293102486210  0.00004562430485291  0.00004866150401845
  0.00005196576251882  0.00005566240934215  0.00005987971629560  0.00006491153817852
  0.00007099716946296  0.00007794354264185  0.00008559463598754  0.00009443688076033
  0.00010517730249241  0.00011813076026938  0.00013335186800629  0.00015132571241002
  0.00017222258023030  0.00019535367281640  0.00022048263667294  0.00024909256057581
  0.00028293178994497  0.00032155861363472  0.00036515584658967  0.00041236372859541
  0.00046550639357750  0.00052521162429164  0.00059293910331477  0.00067028801571993
  0.00075665806374631  0.00085138809597815  0.00095455060509515  0.00107241953366750
  0.00121013089174217  0.00136842281549330  0.00154751575273262  0.00175623568684698
  0.00199711159439352  0.00226792860919229  0.00260491460010121  0.00300366149890695
  0.00352990955694273  0.00429922676397814  0.00545841349463404  0.00703101703545463
  0.00990313967790735  0.01862219443153403  0.07648137785289007  1.00000000000000000
  0.00000758764939635  0.00001104125304164  0.00001279491860672  0.00001468518788655
  0.00001650723220654  0.00001838889400712  0.00002042846746369  0.00002256912601109
  0.00002469979277529  0.00002696641984818  0.00002944050083037  0.00003205280618534
  0.00003485023064045  0.00003797375439239  0.00004141449152237  0.00004520667761882
  0.00004940911253225  0.00005408628892990  0.00005925163377566  0.00006515206755982
  0.00007188578322626  0.00007968575505646  0.00008889268172098  0.00009950599464790
  0.00011100196693140  0.00012312532304566  0.00013601735708906  0.00014981111081774
  0.00016420707112584  0.00017887718713725  0.00019361395315055  0.00020821214873320
  0.00022295105991706  0.00023854098139994  0.00025524822596182  0.00027287594515822
  0.00029149865332233  0.00031146162763066  0.00033268044014126  0.00035460298540135
  0.00037744020981017  0.00040163897143313  0.00042742702385396  0.00045410415118417
  0.00048274106782811  0.00051302493858417  0.00054530933007531  0.00057781281232289
  0.00061127223833218  0.00064616410928350  0.00068376631237337  0.00072493843649898
  0.00076703265780015  0.00081179911927451  0.00086201455751352  0.00091690975730538
  0.00097552118301216  0.00103638161412093  0.00109987515019192  0.00116657433643448
  0.00123595641000995  0.00131031211610765  0.00139360533805237  0.00148637663769600
  0.00158497751797498  0.00168716052139582  0.00179446550649744  0.00190984636482850
  0.00204078492519326  0.00218486651900668  0.00232769642785156  0.00247150634157477
  0.00262033598974342  0.00278152904921611  0.00295616395799442  0.00314855967229756
  0.00335072363383601  0.00355352010201741  0.00376117395189300  0.00396928374138200
  0.00417981938651853  0.00440305795451618  0.00463454194310135  0.00491839758902199
  0.00523777158695358  0.00555329574072490  0.00581117213687530  0.00603621063108722
  0.00628274724160970  0.00649066902928736  0.00671487597805148  0.00696287143302595
  0.00720195160650344  0.00755990195255683  0.02396619280279739  1.00000000000000000
 -0.00223643466309434  0.00891438377832752  0.01859699884924966  0.02969259288658269
  0.04104388721050878  0.05329198248942930  0.06524000699437746  0.07814076799860936
  0.09100358447144404  0.10431810369445725  0.11739455329308779  0.13070324119008245
  0.14421062370546714  0.15801426994193415  0.17210600363926748  0.18607546624883953
  0.19971579420130059  0.21312576708142081  0.22649286494157830  0.23981980380591025
  0.25301660964550288  0.26623178737474884  0.27975100185467011  0.29329510540894188
  0.30673088283469963  0.32019010230989892  0.33363240575109393  0.34656187116940440
  0.35892028781038332  0.37152582308749665  0.38447738451099422  0.39774466863810576
  0.41100583261372980  0.42437957906393337  0.43779081127280911  0.45136977417389729
  0.46477145277383869  0.47798826089689006  0.49133293222635838  0.50471846984393787
  0.51754162146534821  0.52957465732409736  0.54111186503050468  0.55259844480613851
  0.56429989269837699  0.57611008029920607  0.58773941950262198  0.59924048025417731
  0.61093057575265786  0.62263856904184245  0.63413246879211116  0.64536476056926295
  0.65654316798046253  0.66737323999316422  0.67790478149415745  0.68836665282732024
  0.69902480609211548  0.70955561210243767  0.71972511306134768  0.72960104698155015
  0.73926947200160220  0.74907873861539187  0.75885005917976767  0.76826762152724071
  0.77709858992016023  0.78567900754216780  0.79454592615346598  0.80381096691266041
  0.81315182619532722  0.82219394251905986  0.83103073953498319  0.83980838916903833
  0.84831749515990185  0.85635097356002743  0.86385577014048176  0.87129031304742455
  0.87901405053456227  0.88685535375491775  0.89466708883373669  0.90222170753027986
  0.90938724305752494  0.91616168957098554  0.92254858955824359  0.92892866206708125
  0.93551209849439088  0.94230191421626575  0.94917222555794822  0.95547209448496184
  0.96117299441424697  0.96635932076278674  0.97145128498295563  0.97695451076191575
  0.98229055708628699  0.98785118797402094  0.99409443068074832  1.00000000000000000
 -0.00233720575066209  0.00922123759314913  0.01920841595742841  0.02920250168219175
  0.03962249352743805  0.04966902881187985  0.05993507725504579  0.07001771649728018
  0.08036543734679971  0.09111703669648233  0.10212454346352738  0.11333472255320098
  0.12444049928003037  0.13536704699231500  0.14616363989914366  0.15727848968449251
  0.16829777892285688  0.17922054728575357  0.19010312496699913  0.20076735033880752
  0.21193078705011481  0.22288112371800545  0.23352894339989644  0.24393461079094828
  0.25426221945082328  0.26484606299814434  0.27562143788498122  0.28683459881394141
  0.29750473333157540  0.30792660546188855  0.31799335558974723  0.32827653638100346
  0.33891992961394402  0.34995459438573456  0.36099157882492966  0.37136207785424341
  0.38167088027236318  0.39214034673667114  0.40252763106497053  0.41264761724779042
  0.42280780739267326  0.43323619694901605  0.44399667303350110  0.45442453982685393
  0.46489899401361490  0.47505414219430708  0.48521582316416467  0.49523562949409067
  0.50506015903492762  0.51526620967443337  0.52602122760674574  0.53703996890443184
  0.54758569918901245  0.55729759881634056  0.56746994954718233  0.57749672871124080
  0.58727186567849876  0.59696604154593746  0.60719014630609447  0.61815931197586971
  0.62912036401516302  0.63995215409021444  0.65067384519878335  0.66185724593063222
  0.67270393857425004  0.68339856473545835  0.69394222744732281  0.70442718510307245
  0.71498861230098421  0.72534238710273891  0.73576662853592301  0.74574961984499299
  0.75580115932401204  0.76598213063575504  0.77694700613973533  0.78752607054723855
  0.79855250761883079  0.80890696861390055  0.81993606512514161  0.83046373185492672
  0.84150327049306195  0.85227326919557034  0.86362922965827538  0.87488846148262578
  0.88610544148904424  0.89638298954636730  0.90689202277611425  0.91718811259125499
  0.92769397596562631  0.93862749614818608  0.94911294396771362  0.95941422642990670
  0.96939293520088932  0.97969792998894190  0.99000759508809133  1.00000000000000000
 -0.00180424588367201  0.00785119636002514  0.01606095961632585  0.02462134466559299
  0.03395207220071109  0.04372551631111914  0.05372279694372078  0.06386937021196465
  0.07406702531806023  0.08423486695850033  0.09432234796081609  0.10490417577483892
  0.11581679308156594  0.12693804719079790  0.13788947098028526  0.14891346438193684
  0.16025642232927981  0.17102895068530768  0.18164683099899220  0.19206234119402757
  0.20282961567140392  0.21376729484522342  0.22445041327528567  0.23496015308911108
  0.24516552432084518  0.25544933517309892  0.26531843575217023  0.27515194257955178
  0.28517433726265878  0.29520351196881373  0.30527731836462890  0.31572351757184169
  0.32674338832174282  0.33758596979855698  0.34765181151740721  0.35732872504673480
  0.36658611788448725  0.37490313291727279  0.38342017908193615  0.39183097160050512
  0.40098564792173824  0.41108138186746912  0.42154949964691452  0.43193289754323383
  0.44213705675847437  0.45232733965779826  0.46201939033895539  0.47172833771237183
  0.48163594951131761  0.49196536770244315  0.50265890141672753  0.51330783701109906
  0.52401471527424681  0.53452526311927973  0.54528589845475572  0.55604539725925506
  0.56709210586798819  0.57811569689053177  0.58859182438843738  0.59893910868712774
  0.60902717683898155  0.61961426402830533  0.63037362330171598  0.64123631529756708
  0.65215749074414742  0.66308194059617098  0.67346168490705838  0.68382849887695751
  0.69415371629585454  0.70500206732736437  0.71564276344015254  0.72643690335626954
  0.73729967012725273  0.74868057187552750  0.75998266830091432  0.77093006929986085
  0.78221020286215992  0.79339606820412389  0.80486949060676394  0.81647987818340106
  0.82796792131088792  0.83960610583854001  0.85146970705704905  0.86389856335676407
  0.87633295192502592  0.88831914036743131  0.90024376217742863  0.91196839479837544
  0.92298359504985816  0.93382305413494082  0.94445739789919625  0.95556891112409492
  0.96621534901091588  0.97717301502804810  0.98827324857589449  1.00000000000000000
 -0.00252766744016207  0.00912707019512071  0.01980419511720197  0.03061207380026341
  0.04191767819200004  0.05323784596349975  0.06420833021246056  0.07482985409135105
  0.08561342833664856  0.09646744364870564  0.10741328412559167  0.11861214460032010
  0.12966204804794923  0.14045287528904563  0.15091537066140634  0.16128439160105404
  0.17171932135955403  0.18219039260260525  0.19265442117801868  0.20314599223430058
  0.21370092728756673  0.22416493791200454  0.23459967183522593  0.24480872715946572
  0.25485731629933439  0.26485918618243626  0.27514244302053414  0.28573438702898901
  0.29667521767543409  0.30767955723118723  0.31841322429154678  0.32848980472879086
  0.33827978850203455  0.34800136992307495  0.35847959775900462  0.36906215504369189
  0.37933303947153835  0.38952157052783604  0.40014016703252658  0.41130152712462537
  0.42219865441377652  0.43268892108105228  0.44285748498054356  0.45311780047472283
  0.46329024179078804  0.47364392828240076  0.48434682612675606  0.49462451576825284
  0.50389450311994921  0.51306794615113194  0.52188780623519782  0.53281283582015593
  0.54341741523013476  0.55455223700813361  0.56521076389822433  0.57566604311304070
  0.58640521112568655  0.59738920373881932  0.60867974837334038  0.62028778455931899
  0.63180249328993465  0.64291151774097499  0.65319419629400077  0.66311868466406942
  0.67434935198328705  0.68506390784620985  0.69533942538915938  0.70542305628087043
  0.71553392763883306  0.72625764282869021  0.73651952171407042  0.74777279977765154
  0.75889854801286016  0.77003267091340066  0.78066459656590381  0.79102842831113496
  0.80154473511972801  0.81193315144082234  0.82256588508617057  0.83293657941457055
  0.84293559874621071  0.85309271089146932  0.86360828073213958  0.87473381114789728
  0.88571301085287935  0.89669089654315071  0.90750198941521198  0.91798530964891467
  0.92834357224148956  0.93844099786011304  0.94888402131936478  0.95916982208401202
  0.97006295697514366  0.98044183072687063  0.99047376317849489  1.00000000000000000
 -0.00254452029371958  0.00989092667866005  0.02054905888658573  0.03214595795900547
  0.04332652278584900  0.05469350757756174  0.06418629772598822  0.07391884408368884
  0.08374920894967001  0.09450617986608749  0.10588155940952895  0.11723718292453894
  0.12860924527266823  0.13984382655714539  0.15075733151606341  0.16147344207523398
  0.17221912374781689  0.18289972841129651  0.19328733900140993  0.20337450240542707
  0.21356706737293440  0.22396115459603835  0.23436581226367492  0.24459697930274171
  0.25474356699664596  0.26504681030840305  0.27546247418130054  0.28593388743480064
  0.29642933360302393  0.30676814603898789  0.31695453938521978  0.32704643947334577
  0.33718483952123945  0.34752138717860259  0.35763374451204516  0.36755490721419459
  0.37771270363577480  0.38787848273006736  0.39791177751174955  0.40785389560240548
  0.41800435610368319  0.42849297916460710  0.43872471260233614  0.44911691296580980
  0.45929382001964114  0.46923744072966789  0.47916123332821248  0.48851110135917108
  0.49823778400903640  0.50680345391418002  0.51562390307111983  0.52448770583375026
  0.53363809033735421  0.54300415856292750  0.55276801367054484  0.56305653624515661
  0.57327441768486576  0.58336467685240012  0.59336424020115353  0.60323373212837761
  0.61324251429528809  0.62312206199908360  0.63271059716119860  0.64226385681618015
  0.65155458833319158  0.66179885109606507  0.67233256822187415  0.68312770759390362
  0.69378707390925087  0.70470880000904412  0.71516804638915688  0.72529254991356462
  0.73541438113223023  0.74554997805519063  0.75609651348727214  0.76665296860321652
  0.77759575715538154  0.78850594088819959  0.79947656870067629  0.81060171100351730
  0.82176576099814891  0.83326290205179021  0.84520955724275215  0.85733682110090792
  0.86920343682109502  0.88061007355674714  0.89213446106752481  0.90396888490637628
  0.91602661432794585  0.92824883728385610  0.94039789384248640  0.95272020001073321
  0.96486782056049913  0.97676383885470819  0.98854253933197256  1.00000000000000000
 -0.00198415567421348  0.00825002414058900  0.01843884345334392  0.02900591867624513
  0.03981282495855747  0.05060751143593294  0.06116902712353190  0.07166031637372131
  0.08220889651051810  0.09289439741303281  0.10391023632645026  0.11444924444589222
  0.12463603704919599  0.13463422965708965  0.14464960726666756  0.15492628535260922
  0.16534699772367206  0.17629478099922979  0.18742594003090998  0.19857939590855597
  0.20950207564604015  0.22026220792930426  0.23096315963096650  0.24168023582085024
  0.25229644609461183  0.26267820821842330  0.27333637840160313  0.28407833160990908
  0.29507706662937078  0.30579515472390889  0.31684490460204795  0.32802713086808433
  0.33925610660828043  0.35043700865925720  0.36151584573566892  0.37233606477727255
  0.38341321141929063  0.39439682815332655  0.40537645421163471  0.41554004087554730
  0.42532090227388830  0.43513153115747327  0.44572048968119365  0.45654634221924412
  0.46712965812386009  0.47726913490978007  0.48749655335012687  0.49805427171585154
  0.50889007209076897  0.51956362952434154  0.53018924698446979  0.54073162928336560
  0.55140171118205494  0.56214628370322017  0.57267815456349480  0.58288385064659909
  0.59262044273820869  0.60223058987678513  0.61218996766804634  0.62258991739620839
  0.63317200891762992  0.64352410633891588  0.65400234695896087  0.66464037363930195
  0.67502208472463887  0.68505227763721388  0.69523037351504124  0.70497216711230648
  0.71522941556547115  0.72579663719919751  0.73683829527516509  0.74766332573808425
  0.75755745208906022  0.76759364063867808  0.77797345855040145  0.78896846249168417
  0.79941951922102006  0.80919452707445638  0.81891532140035539  0.82895293999669917
  0.83948910638744523  0.85035178942253231  0.86098659010535095  0.87147759676579983
  0.88166192685629996  0.89177439948705706  0.90220953232377366  0.91288205053048599
  0.92370565452435749  0.93449287813101356  0.94558791895396155  0.95626748094741654
  0.96717939372546269  0.97773283800363575  0.98885397028480970  1.00000000000000000
 -0.00238333923698609  0.00946363079448812  0.01911344389513773  0.02881530256069288
  0.03900253672875768  0.05009847409870690  0.06163949125988175  0.07263691191824138
  0.08340461756315255  0.09408626700078371  0.10511082095819828  0.11635699622509552
  0.12725002435572344  0.13770564802733840  0.14814507110437833  0.15889463936750420
  0.16988920422094445  0.18098397381361811  0.19228168547362232  0.20373514740211218
  0.21503263885662802  0.22613465509717412  0.23717468341380848  0.24786015770858663
  0.25872636042226171  0.26975893621066177  0.28056354040795445  0.29112320759510701
  0.30116548669183818  0.31089454592971699  0.32078367123365864  0.33082681521111451
  0.34097205967203870  0.34972051852835823  0.35825781981016025  0.36687740106988997
  0.37743820321157612  0.38825355271305584  0.39898526055106454  0.40937514991912421
  0.41973742165735595  0.43099283952642720  0.44192239564437580  0.45232399723750671
  0.46271468889382539  0.47347339096198787  0.48458929338649287  0.49580744356579337
  0.50688207396459417  0.51776430260800210  0.52815066810842948  0.53817188922972059
  0.54828576265002993  0.55850412216817635  0.56874968232774026  0.57894588208014108
  0.58923867880385117  0.59972811961315131  0.61009222678655428  0.62061112421483877
  0.63138722461579788  0.64227883048262158  0.65318192695479960  0.66388846711362270
  0.67458546639393802  0.68526952365873839  0.69595885987021244  0.70694698265940004
  0.71767609210035233  0.72824136347976043  0.73843765194199695  0.74856760941679812
  0.75911970914617666  0.76984283658487784  0.78062094697715112  0.79133324363375557
  0.80184693258050177  0.81221409445151260  0.82250004195238124  0.83277572249781862
  0.84293656609296519  0.85312070263438844  0.86352603856185883  0.87432770543211880
  0.88447056885648700  0.89419143510995069  0.90356745020138352  0.91382723290861134
  0.92451469144984266  0.93540696246808952  0.94625459560713476  0.95734279176932646
  0.96822818565339641  0.97923970741211019  0.98976375693953900  1.00000000000000000
  0.00003074788313046  0.00020866211158338  0.00036995341741174  0.00050697986258557
  0.00062113650784179  0.00071503966088380  0.00080138930513902  0.00088461779667625
  0.00096685144149673  0.00105028775971070  0.00113526282115522  0.00121971034851448
  0.00130141821969447  0.00138395638483961  0.00146731540097823  0.00155267101772165
  0.00164100884694547  0.00173144054366567  0.00182323793502386  0.00191637616707533
  0.00201068803862316  0.00210577480250978  0.00219878366415837  0.00228930507261125
  0.00238158069108449  0.00247659816494440  0.00257555203789349  0.00267850802146730
  0.00278322222623213  0.00288775351036793  0.00299187540121461  0.00309495516588608
  0.00320297853050682  0.00331583111863187  0.00343311946663753  0.00354939850832729
  0.00366627238517011  0.00378528994167682  0.00390685092351043  0.00403375348072088
  0.00416493437638333  0.00430063427164201  0.00443525296537718  0.00456755319485921
  0.00470413216983554  0.00484815773225499  0.00499853070410704  0.00515559689374861
  0.00531423389845489  0.00547089756855114  0.00562787214900019  0.00578749249842267
  0.00595828378377086  0.00614061537936631  0.00628990997987939  0.00639142939588693
  0.00649044010431768  0.00659424007061094  0.00669851069981385  0.00679875629901518
  0.00688904692397927  0.00704730033396697  0.00723059457452848  0.00742439849681193
  0.00761563339042035  0.00780962053221733  0.00802632001213257  0.00824918335209257
  0.00846876156848524  0.00868655493228053  0.00889806945743299  0.00912376167607696
  0.00937235804009367  0.00964809256381750  0.00996221793060065  0.01029270727264981
  0.01063311980827164  0.01098817361880922  0.01137556730505334  0.01181927096344116
  0.01231113824160077  0.01288542196550334  0.01363203864139871  0.01429632795957198
  0.01496580808270185  0.01589369823848302  0.01673801389167320  0.01771532789751967
  0.01892226779162275  0.02003762761229761  0.02102073576404478  0.02429078186604324
  0.02741761702783954  0.03082204904119122  0.05078214396393398  1.00000000000000000
 -0.00186629606602401  0.00691897527790666  0.01447939434871837  0.02159569791684359
  0.02891674038693358  0.03653347897106742  0.04463576046689420  0.05291280669751523
  0.06129461045215211  0.06999760242343847  0.07888388362413412  0.08793413148950756
  0.09713883563936002  0.10644111089977323  0.11580223167761904  0.12508559420580512
  0.13453927511530273  0.14450601122616233  0.15471695554300813  0.16480228020284751
  0.17462080237580455  0.18473718304318412  0.19523406466145779  0.20624259906095876
  0.21758569450202681  0.22892864117950362  0.24029903607167449  0.25180749949694375
  0.26331934230723658  0.27543392139333189  0.28775984851108555  0.30067203386894481
  0.31354146617941681  0.32622601170451487  0.33828734939176830  0.35018011750286104
  0.36223387730284479  0.37469832868321451  0.38719566985447090  0.39953497100444368
  0.41152154327997686  0.42325263386680911  0.43515446868368651  0.44744156711935662
  0.45942093963888414  0.47069911624457716  0.48151321531396074  0.49241061897744715
  0.50362971711336046  0.51438244624824181  0.52506159494836968  0.53607471752968061
  0.54748246698837655  0.55932224138283115  0.57101181500892073  0.58367605696335212
  0.59625617910643347  0.60920842095506167  0.62147325942974507  0.63346320942231993
  0.64506464886578241  0.65725780844060466  0.66894009673937760  0.68085942614199724
  0.69311511146083926  0.70564228458773071  0.71800240050067821  0.72999214375105859
  0.74171872236739911  0.75335519750966973  0.76500691358854289  0.77649798080629595
  0.78786347021957359  0.79927133044909149  0.81073175029975575  0.82208931144888420
  0.83302670737355244  0.84342730665238508  0.85336449349177956  0.86305037679284424
  0.87258170990508521  0.88193082838497028  0.89111654728298906  0.90011921942915818
  0.90885967066427220  0.91746862972294896  0.92613540237403136  0.93494324211583291
  0.94384008164703137  0.95229970483624904  0.96063107929151381  0.96857179551220773
  0.97668567004897988  0.98434761981701058  0.99226629615443096  1.00000000000000000
  0.29681392760128833  0.63196271526565373  0.66667590154221679  0.68652298986612514
  0.70217500373133290  0.71429512350450963  0.72428831551159734  0.73368622926875093
  0.74261249378262340  0.75085242026257826  0.75844427934638825  0.76549625758340467
  0.77204259513095153  0.77813270346720420  0.78401632833271173  0.78980113568505561
  0.79531783571400338  0.80033677191472852  0.80500861560028392  0.80953567983332564
  0.81387345590664906  0.81795557237507233  0.82188600821680768  0.82582357908004889
  0.82976969823387348  0.83365326940372508  0.83739103330253828  0.84096914351687291
  0.84440092592634197  0.84772783660283813  0.85100076223484933  0.85426223671507473
  0.85749886136454068  0.86068727616538365  0.86379170171703745  0.86679645331261501
  0.86966451314871562  0.87246028875387227  0.87520037410151286  0.87784225545470118
  0.88040570980725774  0.88294771979285724  0.88549980390092087  0.88815186849226779
  0.89087284120969590  0.89355952425417529  0.89613040602114358  0.89852884368736508
  0.90080185028740722  0.90305695106062955  0.90540491449225524  0.90774399772228298
  0.91006747793877152  0.91228812496026490  0.91451180302129120  0.91669772143625794
  0.91880899328784726  0.92078818567835596  0.92277083949425520  0.92477537436174650
  0.92673642869543327  0.92872302976791943  0.93066042697120888  0.93257657485370038
  0.93447062517865420  0.93637579857671216  0.93828277559701734  0.94017457781038760
  0.94215896880207395  0.94415930634277767  0.94613276493964005  0.94806126439618299
  0.94996979613069310  0.95190148657968909  0.95384689868804018  0.95582602702285346
  0.95780519235025130  0.95974841701286506  0.96164673446864746  0.96349150099180925
  0.96534044036360767  0.96718796387638561  0.96903432566604242  0.97102553188137630
  0.97293650232093987  0.97482893111842961  0.97679170739856924  0.97873986778783983
  0.98080221716894178  0.98295824446792768  0.98522608120300148  0.98768528787277499
  0.99032962211325548  0.99323357222384345  0.99647016779737785  1.00000000000000000
  0.04773949359018908  0.11428001512902831  0.13289128639369630  0.14473360340788310
  0.15568162136712679  0.16617831188520077  0.17653867654945263  0.18511091492197604
  0.19257761366175702  0.19892696607893917  0.20515680145886014  0.21123996894051258
  0.21744375107475003  0.22384959396615414  0.23025409238918909  0.23635737385962846
  0.24220988044391850  0.24784706133880216  0.25326046954344411  0.25846504274176690
  0.26370856676626220  0.26901101191498450  0.27418996790463240  0.27913806106481648
  0.28393214447822041  0.28866348307995537  0.29334062157677476  0.29805375213010826
  0.30286121419421375  0.30770302744910943  0.31255013791062342  0.31751639377959601
  0.32253202330480657  0.32754422378465892  0.33243564959561533  0.33715040622723325
  0.34198071909601685  0.34678642419841332  0.35155723723180510  0.35634895706781528
  0.36117499960867883  0.36611748791710913  0.37108538268094610  0.37601259520396574
  0.38090192113494159  0.38577197982174610  0.39057884992432290  0.39524740510692230
  0.39994099286514323  0.40472387549415134  0.40963499028849876  0.41474988065995427
  0.41983498975010780  0.42491054364046621  0.42995213747576755  0.43509836049984280
  0.44040740848900989  0.44584718947013208  0.45132672754898084  0.45694480451793013
  0.46253816238309486  0.46843347746222708  0.47431322072047744  0.48046562204617072
  0.48681119430507275  0.49319325636331712  0.49941315584190815  0.50551138270239682
  0.51180348680180077  0.51839858563689623  0.52519126697107499  0.53200325532879067
  0.53879666295509310  0.54592811131612640  0.55324982374567944  0.56073492260763635
  0.56849217025534327  0.57665639511353806  0.58547068541709624  0.59439695248400615
  0.60375968599440910  0.61329176983150080  0.62328819650727529  0.63375228923046667
  0.64491630620276064  0.65674399392933014  0.66919900907390273  0.68266331741979425
  0.69699201824851498  0.71283064644661009  0.72981031875522517  0.74930487386899880
  0.77183185153899669  0.79836148732158607  0.83967444815337533  1.00000000000000000
   1.5479511892959817E-010  -1.0000000000000000     
 F F F F F F F F F F F F F F F F F F F F F F F F F F F F F F F F F F F F F F F F F F F F F F F F F F F F F F F F F F F F F F F F F F F F F F F F F F F F F F F F F F F F F F F F F F F F F F F F F F F F F F F F F F F F F F F F F F F F F F F F F F F F F F F F F F F F F F F F F F F F F F F F F F F F F F F F F F F F F F F F F F F F F F F F F F F F F F F F F F F F F F F F F F F F F F F F F F F F F F F F F F F F F F F F F F F F F F F F F F F F F F F F F F F F F F F F F F F F F F F F F F F F F F F F F F F F F F F F F F F F F F F F F F F F F F F F F F F F F F F F F F F F F F F F F F F F F F F F F F F F F F F F F F F F F F F F F F F F F F F F F F F F F F F F F F F F F F F F F F F F F F F F F F F F F F F F F F F F F F F F F F F F F F F F F F F F F F F F F F F F F F F F F F F F F F F F F F F F F F F F F F F F F F F F F F F F F F F F F F F F F F F F F F F F F F F F F F F F F F F F F F F F F F F F F F F F F F F F F F F F F F F F F F F F F F F F F F F F F F F F F F F F F F F F F F F F F F F F F F F F F F F F F F F F F F F F
  <DiscreteSampler_grid>
  grouped_processes
  1 # 1 for a reference and 2 for a running grid.
  10 # Attribute 'min_bin_probing_points' of the grid.
  1 # Attribute 'grid_mode' of the grid. 1=='default',2=='initialization'
  0.0000000000000000 # Attribute 'small_contrib_threshold' of the grid.
  0.5000000000000000 # Attribute 'damping_power' of the grid.
 # binID   n_entries weight   weight_sqr   abs_weight
    31   10   4.522183707398577E-006   9.894642073074309E-011   4.522183707398577E-006
    32   10   4.522183707398598E-006   9.894642073074428E-011   4.522183707398598E-006
    34   10   9.044367414797154E-006   3.957856829229724E-010   9.044367414797154E-006
    35   10   9.044367414797195E-006   3.957856829229771E-010   9.044367414797195E-006
    37   10   9.516970230063556E-006   4.404912765445467E-010   9.516970230063556E-006
    38   10   9.516970230063601E-006   4.404912765445523E-010   9.516970230063601E-006
    40   10   1.903394046012711E-005   1.761965106178187E-009   1.903394046012711E-005
    41   10   1.903394046012720E-005   1.761965106178209E-009   1.903394046012720E-005
    43   10   3.251420701761874E-006   4.154584349532802E-011   3.251420701761874E-006
    44   10   3.251420701761883E-006   4.154584349532834E-011   3.251420701761883E-006
    46   10   6.502841403523748E-006   1.661833739813121E-010   6.502841403523748E-006
    47   10   6.502841403523766E-006   1.661833739813134E-010   6.502841403523766E-006
    49   10   6.701888966893004E-006   1.750752449849322E-010   6.701888966893004E-006
    50   10   6.701888966893020E-006   1.750752449849335E-010   6.701888966893020E-006
    52   10   1.340377793378601E-005   7.003009799397289E-010   1.340377793378601E-005
    53   10   1.340377793378604E-005   7.003009799397340E-010   1.340377793378604E-005
    58   10   4.522183707398577E-006   9.894642073074313E-011   4.522183707398577E-006
    59   10   4.522183707398597E-006   9.894642073074428E-011   4.522183707398597E-006
    61   10   9.044367414797154E-006   3.957856829229725E-010   9.044367414797154E-006
    62   10   9.044367414797193E-006   3.957856829229771E-010   9.044367414797193E-006
    64   10   9.516970230063559E-006   4.404912765445467E-010   9.516970230063559E-006
    65   10   9.516970230063601E-006   4.404912765445523E-010   9.516970230063601E-006
    67   10   1.903394046012712E-005   1.761965106178187E-009   1.903394046012712E-005
    68   10   1.903394046012720E-005   1.761965106178209E-009   1.903394046012720E-005
    70   10   3.251420701761874E-006   4.154584349532800E-011   3.251420701761874E-006
    71   10   3.251420701761883E-006   4.154584349532834E-011   3.251420701761883E-006
    73   10   6.502841403523748E-006   1.661833739813120E-010   6.502841403523748E-006
    74   10   6.502841403523766E-006   1.661833739813134E-010   6.502841403523766E-006
    76   10   6.701888966893004E-006   1.750752449849322E-010   6.701888966893004E-006
    77   10   6.701888966893020E-006   1.750752449849336E-010   6.701888966893020E-006
    79   10   1.340377793378601E-005   7.003009799397289E-010   1.340377793378601E-005
    80   10   1.340377793378604E-005   7.003009799397344E-010   1.340377793378604E-005
  </DiscreteSampler_grid>
