  0.00173922826421439  0.01843827735932321  0.03473800022347932  0.05214803057675011
  0.07077007579072532  0.08596629390077704  0.09646147587845358  0.10598461191085447
  0.11678529410539940  0.12741462191367148  0.13837140074724652  0.14885361113154330
  0.15891147595010105  0.16822055156695953  0.17728482253462574  0.18784102797485910
  0.19910154275748135  0.20927320825424012  0.21917223600261904  0.22781567177953546
  0.23514746883655346  0.24480780804247557  0.25312738991839490  0.26016282694065951
  0.26924391174782769  0.27843640057055025  0.28651301555430614  0.29418900117086094
  0.30214020880391534  0.31055324234558335  0.31870925233729441  0.32626311275904007
  0.33495543135895084  0.34384387292237328  0.35315318056189371  0.36200951236608286
  0.37067110174089635  0.37930376282840744  0.38873513646528579  0.39771851345972548
  0.40642153725718261  0.41462170060410747  0.42387294454963270  0.43428772441818392
  0.44377199279667429  0.45304141546946097  0.46298151499732365  0.47223215316571626
  0.48298271291535522  0.49311334544778423  0.50300662420589926  0.51427951795422977
  0.52579242099204926  0.53763520000993270  0.54922956550344693  0.56095703625616533
  0.57335327409890768  0.58607109002107172  0.59630405176067935  0.60660880370155135
  0.61690385348117294  0.62825799427931506  0.63844837096427609  0.64775020455863785
  0.65739766182271053  0.66714332153581279  0.67669927705111221  0.68628785336607756
  0.69626116928925408  0.70671202087497109  0.71719887471157240  0.72825685586724409
  0.73837819695593576  0.74838764056297102  0.76033408487172138  0.77360783860965276
  0.78599996529167238  0.79480140192478566  0.80506124778678922  0.81501652790184931
  0.82415528508112668  0.83464496648043596  0.84496954365642396  0.85484776046559507
  0.86409892894991081  0.87251239712055961  0.88174580440445660  0.89212111103071323
  0.90384922035157778  0.92030412951165064  0.93775469017762281  0.95377110736028547
  0.96537660876121811  0.97538437104489606  0.98596669350371813  1.00000000000000000
  0.00003142376705749  0.00006319158721831  0.00007696132825999  0.00008681890159116
  0.00009501657552646  0.00010219737954039  0.00010859869495256  0.00011474882194288
  0.00012131365957208  0.00012844810687312  0.00013541336055456  0.00014215937820562
  0.00014893307719757  0.00015639788323866  0.00016567132146409  0.00017453559390544
  0.00018322000682834  0.00019189730236279  0.00020101658583614  0.00021274324010417
  0.00022630551063748  0.00024001042768778  0.00025217761632285  0.00026383530467239
  0.00027543867913285  0.00028694674746017  0.00030035289094016  0.00031332800107044
  0.00032539364975790  0.00033945387532907  0.00035390950898046  0.00037130082762450
  0.00039387281963220  0.00042069068558532  0.00044636093348832  0.00047058433102985
  0.00049466133625583  0.00052061281617872  0.00054555415699033  0.00057098612841409
  0.00059535232996124  0.00061689985225451  0.00064210449547426  0.00066861513683825
  0.00069661652442994  0.00073191842555496  0.00076508185925004  0.00079822081787591
  0.00083444023269402  0.00087347652264872  0.00091587700751615  0.00096837638137732
  0.00103532704566788  0.00109776818484527  0.00116467165723708  0.00123906750389235
  0.00129701873419059  0.00134519745391275  0.00139440392358784  0.00144545812685793
  0.00152912362287514  0.00163451956973204  0.00172747069326041  0.00180309744039093
  0.00188310460400120  0.00196263312128091  0.00205364074504231  0.00213405125355279
  0.00218831252440958  0.00223586056326656  0.00228851966723197  0.00235786919510989
  0.00246797072018848  0.00263233039216112  0.00286037269067019  0.00318386785576612
  0.00356532464121431  0.00396430956363720  0.00440288182374757  0.00453719919181842
  0.00470299847122684  0.00490696559099072  0.00511004127598657  0.00531055334885352
  0.00553288457423090  0.00571727182581603  0.00586168192036980  0.00613689268357925
  0.00658833010747436  0.00694691387649600  0.00744008655704800  0.00814272033808945
  0.01005615195447264  0.01213550590963553  0.01589947242652343  1.00000000000000000
  0.00007014443714557  0.00014025651662187  0.00017781559825926  0.00020919795408254
  0.00023919667953691  0.00026992094781754  0.00030083827001926  0.00033257334623546
  0.00036360551087286  0.00039774059469116  0.00043567773049038  0.00047348720410186
  0.00050867083692461  0.00054321965864690  0.00058013260956678  0.00062796912155539
  0.00068163476191166  0.00073622899818678  0.00079539814428415  0.00085574928198427
  0.00091562369881848  0.00097458490677495  0.00103675385868059  0.00110192323003170
  0.00117072592263243  0.00124368617359910  0.00132041852301990  0.00139879354001627
  0.00147772999140960  0.00155921671926074  0.00164785103903892  0.00173269337265093
  0.00181259985573386  0.00188979657997617  0.00197454984531392  0.00207579808617725
  0.00218206132899481  0.00227661509370187  0.00237177364073913  0.00246427490796637
  0.00258864914618044  0.00272141853546318  0.00284790565173457  0.00296890536895485
  0.00310638303979164  0.00326707927934597  0.00344636627145607  0.00362553506901100
  0.00380368046786917  0.00398910975018693  0.00417922394666671  0.00435580878396479
  0.00455810795792215  0.00479632011869477  0.00499165122559515  0.00515804095529670
  0.00531138696827270  0.00546397208025364  0.00564274892121285  0.00589679259469874
  0.00622485540745967  0.00671629964391710  0.00708864223738978  0.00739899684922480
  0.00766663618101380  0.00792949489342531  0.00822459372886576  0.00853227255272516
  0.00891489219370318  0.00936801199949616  0.01008724316213946  0.01088650966181333
  0.01163364696545232  0.01210634781202042  0.01261791325540388  0.01336933626412517
  0.01431654649835771  0.01487687532957886  0.01560645456285807  0.01637678199721096
  0.01687252059947668  0.01795894805667143  0.01967263377491426  0.02064510754128202
  0.02107835841828309  0.02174170415498207  0.02258819764928442  0.02330420373146669
  0.02408509656349688  0.02490848775068891  0.02635264495376518  0.02790985076337081
  0.02972993812811712  0.03412349606471347  0.19805095734399630  1.00000000000000000
  0.00139776343480902  0.02724198697669410  0.04086884916420931  0.05359948517086675
  0.06677998436002235  0.08014254657524671  0.09210137690632376  0.10446293039119539
  0.11752125899974189  0.13179915033648648  0.14414677505874801  0.15436667826581368
  0.16454124077008944  0.17443593499753848  0.18484375707517575  0.19513514673649837
  0.20539075369078244  0.21660326611674732  0.22833982419262538  0.24139037557435622
  0.25386962895243909  0.26483027917344731  0.27461383779198023  0.28428395952625829
  0.29537046639292591  0.30560429797137972  0.31692917688086303  0.32939154352135197
  0.33969786808745939  0.35192269078930410  0.36215235353753800  0.37189991949708501
  0.38173861748657545  0.39203799454949190  0.40270754766822892  0.41290290291243748
  0.42225062324421175  0.43127436242548856  0.44179837374323544  0.45204615470145548
  0.46068406867850564  0.46877385197752303  0.47589741512418776  0.48233765912809001
  0.48847719019222302  0.49491741180374266  0.50247448604998823  0.51357331354003677
  0.52470079125495517  0.53418442544740119  0.54354912478143280  0.55406649099174510
  0.56530908756613374  0.57550893005782811  0.58483346723657936  0.59519509750861788
  0.60599539496106458  0.61746961884767093  0.62856508566042701  0.63886368934930904
  0.64966163864175785  0.65968371553935246  0.66822433606919107  0.67577551734251218
  0.68349273958427159  0.69245504034911942  0.70367248243337943  0.71476154331932540
  0.72588688206009577  0.73654749008049336  0.74701400999879564  0.75664358542844457
  0.76594242141378055  0.77552946227122199  0.78589885302101925  0.79695745743376079
  0.80819088779296455  0.82013093513417323  0.83250541432202974  0.84306699852650380
  0.85183397518888138  0.86034871414010639  0.86896539647737225  0.87830960263326530
  0.88805021381024662  0.89803508366298845  0.90915628925120162  0.92155366994448307
  0.93400451243122373  0.94566356377488503  0.95655897121551603  0.96889030970280032
  0.97747425000639310  0.98581924287485589  0.99217608399756507  1.00000000000000000
  0.00000578738865413  0.00000864606971308  0.00001097222473783  0.00001320729309232
  0.00001386712421893  0.00001452695534554  0.00001527630269144  0.00001608009321671
  0.00001739626699533  0.00001954284227949  0.00002191940737507  0.00002480709016941
  0.00002794799681835  0.00003079005337984  0.00003361967562583  0.00003657152287186
  0.00004025091837843  0.00004494288434733  0.00005018944196559  0.00005559029648019
  0.00006180351843952  0.00006904756490264  0.00007850882551211  0.00009136145954617
  0.00010688202430675  0.00012324721475800  0.00014140941752628  0.00016310465237862
  0.00018996063534147  0.00021606651467809  0.00024128754968948  0.00026753952285743
  0.00029688476674274  0.00032986527161474  0.00036392101390262  0.00039810020029499
  0.00043323154911597  0.00046442980007796  0.00049653956372368  0.00053008121924290
  0.00056646169729904  0.00060685329096599  0.00064862833293725  0.00069028198599721
  0.00073271854999386  0.00077903099289119  0.00083197753385031  0.00089182816992571
  0.00095880803435745  0.00102824592076193  0.00109350686702768  0.00115585410149917
  0.00121936063976666  0.00128779040367098  0.00136015447615615  0.00143416050268422
  0.00151043973142569  0.00158983316015830  0.00166749125395679  0.00176627577125840
  0.00186938389145022  0.00199511350275219  0.00212655408978586  0.00225684897193655
  0.00241185845638390  0.00256683461952682  0.00269816993899267  0.00287612511985827
  0.00304617814277203  0.00320335908821500  0.00336508974885694  0.00356252166638160
  0.00376378638941940  0.00396943207316973  0.00429687359563478  0.00462242833420724
  0.00493068444100668  0.00519442390108711  0.00544489511109073  0.00572867228501551
  0.00600782218725723  0.00618377613720962  0.00639291214534735  0.00662458947787306
  0.00686388177019110  0.00740117865214274  0.00915228726563184  0.01059480580142174
  0.01229254515406644  0.01423911203178733  0.01573256592949246  0.01797271985878171
  0.02291582532994694  0.02833488315958546  0.04298313014450671  1.00000000000000000
 -0.00250313295592055  0.01298817438423183  0.02384221247485324  0.03609567184914292
  0.04721430663180628  0.05820485596061651  0.06836302004249574  0.07798714402593045
  0.08645632114172730  0.09584225896642366  0.10715907431089444  0.12253311311332570
  0.13548770960309026  0.14623090957628901  0.15755637365537853  0.16980129516052125
  0.18388605125975593  0.20028476145461027  0.21671753893380902  0.22860040319385860
  0.23865780400708048  0.24842979356372713  0.25775540091489779  0.26946061923270587
  0.27891895402042749  0.28803051462985724  0.29611180712330570  0.30420996067822464
  0.31262695194392082  0.31917464896654291  0.32492397276772889  0.33152908946759907
  0.33833476139759117  0.34761720783759392  0.35507283017293173  0.36078105245795183
  0.36712369479354090  0.37426612446026192  0.38081926358214907  0.39255496976201737
  0.40558952588431180  0.41759576521360192  0.42761926366009706  0.43506392948767236
  0.44213661311907160  0.44935222589188195  0.45920635951494837  0.46874360527201736
  0.47783202694367488  0.48702875097072240  0.49724566027961253  0.51012824957370895
  0.52300375971944935  0.53516120849240523  0.54645349019561040  0.55713880018202189
  0.56805356138849661  0.57840093697794615  0.58785363246243594  0.59687286307884457
  0.60531278690606893  0.61442207867483967  0.62368896725241896  0.63213740036695876
  0.64211010937907964  0.65227094350223402  0.66282895490903482  0.67397958837214278
  0.68396010312521927  0.69623599810950143  0.70903359216983064  0.72103588228989524
  0.73215844217508108  0.74227507287775174  0.75293290709644678  0.76471997769441347
  0.77703844098734776  0.78922099213316477  0.80316703342862250  0.81621459422038778
  0.82865426355381877  0.84085675216041644  0.85120738277620300  0.86086345963503597
  0.87079718642423287  0.88634199788219548  0.90147139523975928  0.91350998683261342
  0.92344153718230726  0.93452975321921705  0.94687289938470987  0.95713611798638687
  0.96700359688746551  0.97662617365109128  0.98600859430856613  1.00000000000000000
 -0.00205808065474206  0.00926877840528381  0.01830337530679194  0.02680358404795654
  0.03543100761731974  0.04463336327057564  0.05527329667316722  0.06766409215614130
  0.08031484128007836  0.09276926054598360  0.10569782876219722  0.11885207665123930
  0.13348795112765366  0.14759075049055689  0.15978287424480772  0.17158083000473590
  0.18376258108911789  0.19699488883228686  0.21103275237975147  0.22475347372459745
  0.23688140388920439  0.24887036688679598  0.26050717775180676  0.27153425295351469
  0.28185705668823580  0.29158472292508231  0.30238338905369261  0.31290265225295560
  0.32311373677598321  0.33327049498013950  0.34251072098625068  0.35167288585204004
  0.36194122400260992  0.37468534435789513  0.38754174062462909  0.39896572972744304
  0.40845670819005386  0.41693162884677171  0.42602367168532512  0.43661167265909845
  0.44675371739902342  0.45626587857352857  0.46548665573695486  0.47595821813498884
  0.48740590512856463  0.50030267398143224  0.51153902535513607  0.52221444010715423
  0.53287901979250119  0.54221107243907118  0.55123064547522882  0.56128124497455989
  0.57451820379977447  0.58803070547423320  0.60129145163420250  0.61447695293422711
  0.62587580788208885  0.63426881339747709  0.64111949837551119  0.64778946771817836
  0.65551848294351589  0.66496448152063181  0.67690766648663026  0.69058765981679071
  0.70660901720326841  0.72193058927471099  0.73504458429466479  0.74672311656601942
  0.75799026168270578  0.76828705728124391  0.77863629499169074  0.78938687939633334
  0.80052108938032840  0.81011712664666635  0.81826059571329657  0.82621414944938598
  0.83489239067918142  0.84315216288811334  0.85058165695744659  0.85849654112888363
  0.86455204174815548  0.86944157140113776  0.87443619474415624  0.87984009038274025
  0.88536153392634731  0.89148346094569175  0.89901966926804056  0.90833414553816716
  0.92033774349112918  0.93343399958126361  0.94542699122069629  0.96011278557519397
  0.97396725088509617  0.98318924281954623  0.99228322892524590  1.00000000000000000
 -0.00298498483493153  0.01444320059129678  0.02737567962874109  0.03996061146779786
  0.05214144659611997  0.06398992357458566  0.07496317974041469  0.08846195131012273
  0.10022801413763086  0.11125922511493588  0.12164059565673686  0.13203439824412688
  0.14317978439712695  0.15540414995863747  0.16784816764221097  0.18005159154185157
  0.19420075604250162  0.21081138571127581  0.22691180801742375  0.23907688280069567
  0.24950564778862933  0.26042834795349551  0.27158601794003961  0.28332032763294995
  0.29348969528234709  0.30471798045966142  0.31557990502148042  0.32817922252457510
  0.34055351771481135  0.35142119595929988  0.36268859101707696  0.37439592243034858
  0.38515833521273862  0.39560627795882763  0.40823230612548650  0.42374283640838056
  0.43973139189693089  0.45277636871614590  0.46194676110037669  0.47003981661827732
  0.47921742658897493  0.48866604953424364  0.49908887185503936  0.50907877429028070
  0.52019120318888235  0.53078513456004606  0.54130840920985834  0.55166777387950738
  0.56383282467439122  0.57990092638921853  0.59482954421772294  0.60850611132257126
  0.62144412894583589  0.63325755782842796  0.64366890903284890  0.65249970405136593
  0.65892904110396133  0.66608151133416760  0.67358888048901477  0.68192116821158066
  0.69272691004722131  0.70268280830275731  0.70863641275920564  0.71487331839772972
  0.72115957757979365  0.72672829000212391  0.73358539202751194  0.74326717906333339
  0.75348581437178797  0.76160386963396987  0.76843082129420071  0.77537768474264834
  0.78230718764863427  0.79398325625524258  0.80694978792170946  0.82022486787557436
  0.83244844133281004  0.84209177123974410  0.85202531964330619  0.86150811655645410
  0.87046274830384118  0.87959897817500365  0.88818188058410275  0.89648239730569712
  0.90523148284311605  0.91392379003111723  0.92257676374331421  0.93133175176850325
  0.94058240417903205  0.95117270592240488  0.96152147352034900  0.96925929765387819
  0.97561470635262515  0.98180475204201723  0.98861668077011211  1.00000000000000000
 -0.00379227993094806  0.01922619251618930  0.03661382320762221  0.05207454057472775
  0.06337226149483539  0.07131852459148715  0.07982392125473990  0.08756587079825136
  0.09759127233395340  0.10815003360968864  0.11847589590096472  0.12825988764274732
  0.13781508605693107  0.14702171681602877  0.15610681664947798  0.16498101097207135
  0.17407271089052209  0.18278825835902868  0.19147909667313828  0.20114196003817439
  0.21156963889004682  0.22433098869172685  0.23754733660474478  0.24953420864008469
  0.25999776813829351  0.26831104208956502  0.27709290242318413  0.28624610189485045
  0.29484496239571045  0.30314997899575374  0.31112559558951319  0.31706584643775598
  0.32344602473559497  0.33119085123768333  0.34030237585364159  0.34974630596690326
  0.35978910894573940  0.37041086830294656  0.38078416060038539  0.39115604164900702
  0.40167245292124898  0.41166806750503337  0.42161858215969883  0.43152458614285116
  0.44379522953325040  0.45701778128956022  0.47166727629879751  0.48366945326948563
  0.49384251972114146  0.50314031087379119  0.51290542999505795  0.52434980930835740
  0.53544999772690172  0.54656305616587753  0.55493273288062150  0.56361303186200606
  0.57318365150228889  0.58437556559616533  0.59495831477711703  0.60643717295217603
  0.62096754697838386  0.63297230483346478  0.64331934589538686  0.65224058554733810
  0.66008073544781665  0.66842049178857976  0.67597251302178152  0.68393303855994125
  0.69279154121904363  0.70124050185799702  0.71026745440274786  0.71949113549855614
  0.72967962068169756  0.73844885110420189  0.74771897509732377  0.75830332795760302
  0.76988858685092554  0.78101403460777219  0.79145585957060494  0.80135782398186461
  0.81255395491531368  0.82334741481769713  0.83368919160396404  0.84263953756797516
  0.85257290374112038  0.86644653705184183  0.88223961652078609  0.89628075434782795
  0.91003109996979792  0.92227892632354769  0.93363673057722285  0.94478221433663379
  0.95623246413088270  0.96992708646881332  0.98509591262547880  1.00000000000000000
  0.00165795763237459  0.01170009421957615  0.02048520706137283  0.03102787106624378
  0.04244522599257470  0.05322394487400018  0.06531881516973209  0.07715104465482496
  0.08802800447198064  0.09833444054287883  0.10763203516763951  0.11695479800018670
  0.12537360564683303  0.13269582941176647  0.13979294408662080  0.14817235651844182
  0.15765750147993843  0.16530458472682186  0.17294455502819434  0.18070846668599719
  0.18961045402510776  0.20207033613011549  0.21499364815004487  0.22654432030595825
  0.23721412206018253  0.24691866888406705  0.25688230637935450  0.26629843392791852
  0.27661492782723340  0.28737974239914471  0.29782907532861375  0.30871670244952143
  0.32082307302336865  0.33460528483855373  0.34898357723210383  0.36320251538276560
  0.37644794948433813  0.38910180318683035  0.40100969849447066  0.41435372064094883
  0.42584087685975613  0.43621746337007766  0.44639414840765690  0.45898152831044114
  0.47381304880923075  0.48884103490009567  0.50216409483087487  0.51549785650453184
  0.52900918846443457  0.54174162979551888  0.55178212511635016  0.56082554972813481
  0.57082173911127865  0.58082042297337444  0.58874871450885657  0.59467998821242862
  0.60006695144134725  0.60676639741426963  0.61428963648933410  0.62319254523010403
  0.63532451894416297  0.64862295080090293  0.66193027671314120  0.67403335946689447
  0.68615963440919669  0.69910891965440036  0.71144348922777823  0.72256750109051759
  0.73304457214677843  0.74202240743696091  0.74860383426734345  0.75503633977034856
  0.76108008403106897  0.76682739681886170  0.77550695150500715  0.78365256045853737
  0.79262939975534186  0.80166503902957098  0.81176842572986119  0.82296785071097833
  0.83481709977450025  0.84983582823745152  0.86303316433358979  0.87527349197412130
  0.88573516089265902  0.89625631341545320  0.90565232916721505  0.91591887614948120
  0.92647563735739824  0.93677152944094522  0.94622300373482304  0.95483127291502234
  0.96387651038276467  0.97404211251919592  0.98596495931541295  1.00000000000000000
 -0.00396379269823882  0.01361704940599537  0.02600388583423371  0.03928155567597258
  0.05122493353665906  0.06246394498555789  0.08161986111263336  0.09999132845061606
  0.11536575976209062  0.12699452648428391  0.13827861508941572  0.14842647255132860
  0.15839298148324540  0.16718310650866655  0.17515135795089518  0.18303743422854116
  0.19124352686186918  0.20147756155182484  0.21085101387004634  0.22141318211779920
  0.23363775462469846  0.24930359173163397  0.26347456867349339  0.27805937062154906
  0.29196146788058913  0.30345011632070074  0.31323595790585401  0.32166871370466016
  0.33129379210612342  0.34132436836557312  0.35364077147148149  0.36741359370788867
  0.37954792603910981  0.39044176376282769  0.39955442135518149  0.40956548402757620
  0.41897814064980776  0.42862208906343591  0.43835531964180791  0.44870054397259507
  0.46075176611108914  0.47509669019779005  0.48829217686059428  0.49777740697540301
  0.50525731615376990  0.51238102177203881  0.52109300828785499  0.53002297859747527
  0.53909495046780898  0.55466335181248949  0.56760760465814120  0.57694789810410241
  0.58554585700644601  0.59381680068352227  0.60245204804756780  0.61010835601744418
  0.61848741102841220  0.62775870592844274  0.63750959989113121  0.64664950520549491
  0.65652293045320798  0.66835220078924784  0.68158452375944845  0.69580105375826651
  0.70990220989062136  0.72308446324831399  0.73569249752115184  0.74713645201161227
  0.75658797520743948  0.76413891654262200  0.77145678822729047  0.77890990614950906
  0.78686967721391610  0.79813531038541430  0.80868174704367202  0.81836564836615155
  0.82757663187598629  0.83643703553914073  0.84824756879472563  0.85960288196703127
  0.87050610552451502  0.88145929107817245  0.89251742145187218  0.90048650820702592
  0.90561092496453388  0.91079052910051439  0.91660646796400302  0.92462220949962737
  0.93318098948532380  0.94132483478461970  0.94885249741314548  0.95676363236614537
  0.96615343755049010  0.97762815719305751  0.98895385725610752  1.00000000000000000
 -0.00296229669852252  0.01606384847144155  0.02843384122468554  0.04136684664367055
  0.05488544943030500  0.07102068695485135  0.08588526348243154  0.09683333628597324
  0.10798528032028630  0.11945164092974767  0.13107175068639806  0.14329689007000826
  0.15813558123573040  0.17555868951749262  0.19315342158335697  0.20883489397830804
  0.22193038154704248  0.23432865519007470  0.24551282039094702  0.25593312393612028
  0.26480979315376246  0.27358842320806320  0.28300299170998028  0.29151807690984421
  0.29955444098106970  0.30657426095412255  0.31408947987485913  0.32352388191543963
  0.33550787442139440  0.34819204639090223  0.36108197993907110  0.37373532715620428
  0.38743677540219068  0.39840938636178619  0.40906738531210191  0.41944536701568069
  0.43141707703781823  0.44497661070399341  0.45775377252342558  0.47165682747645832
  0.48622008526922245  0.49974948346411774  0.51223570198443147  0.52430182352646471
  0.53634082187596366  0.54890124965105402  0.56070038385686893  0.57203388420019963
  0.58331115861731653  0.59312702270772100  0.60565493598194686  0.61922550452130831
  0.63130041818304639  0.63949252819385427  0.64650253198686003  0.65370182132480792
  0.66128215959316716  0.66992147739342611  0.68016353448041789  0.69047248008253714
  0.69994239370242928  0.70853184460884877  0.71643216660380904  0.72523894672728517
  0.73449310401435408  0.74480691565038548  0.75501777748807808  0.76544772627516999
  0.77457620743492550  0.78338198971087702  0.79218555961644332  0.80148275908372602
  0.81255698086941175  0.82296955602332211  0.83161616431772656  0.83991200103668295
  0.84871391999530155  0.85670287567827064  0.86516403128999175  0.87361171066960563
  0.88279631637390832  0.89144687095909281  0.89923938444801121  0.90907087461406655
  0.92010318985886486  0.93296283947538317  0.94362093299586747  0.95223298530954126
  0.95873481666551241  0.96417545483864509  0.96926509483612056  0.97435527786956777
  0.98060906608849918  0.98748333986717607  0.99359729162073052  1.00000000000000000
 -0.00147486473597130  0.00737313272606783  0.01585147113371625  0.02636764613756924
  0.04160660376087940  0.05890724702213104  0.07313484786105669  0.08456920444250846
  0.09320166093411759  0.10162799168192060  0.11011465918761042  0.11634789497452223
  0.12249823500070812  0.12889040406303631  0.13666226785000501  0.14610928412115912
  0.15928276555613452  0.17128384867332339  0.18275490457322702  0.19371666705323975
  0.20408877198141037  0.21512298317204201  0.22625503823042878  0.23715167708312970
  0.24886783732784198  0.26296815315219318  0.27972041573556733  0.29654512612581213
  0.31319184819778317  0.32786864056158249  0.34098420584159167  0.35157978472453860
  0.36233882213516705  0.37434883368163718  0.38817207167103523  0.39960874019399778
  0.40843449500016210  0.41741763933317749  0.42586230454467161  0.43398077831803550
  0.44190473092065852  0.44941384971037146  0.45886162569761563  0.47115384607872340
  0.48345533525695777  0.49504103042694264  0.50709704765058072  0.51774186760890206
  0.52749907291638687  0.53657492988538258  0.54654722181056770  0.55748876351150201
  0.56774672454309361  0.57704447239734458  0.58700396177107905  0.59661032062604757
  0.61186827500979291  0.62896843266053648  0.63817745796687397  0.64620078228585254
  0.65375811208223467  0.66280423742276184  0.67351758928169903  0.68133187938071715
  0.68871759641533326  0.69516171541778160  0.70252190025172068  0.70914747255044130
  0.71727820285326960  0.72708939629832248  0.73986757658046187  0.75284520871192484
  0.76372455379545456  0.77349558445444178  0.78469364653110174  0.79330452440173871
  0.80169170964323966  0.80930914466060577  0.81704035097395422  0.82586773086723597
  0.83505426931213922  0.84422506131321839  0.85346387273887991  0.86392886181173778
  0.87497458415777041  0.88483300730656800  0.89388684314459299  0.90277469982163128
  0.91240909506824219  0.92377713952300688  0.93692206955690893  0.95041256986017986
  0.96329652428993073  0.97570840909918988  0.98748706092011473  1.00000000000000000
 -0.00237314838118672  0.01110267540034902  0.02417248350953404  0.03651698411537525
  0.04873206484076468  0.05968910674987388  0.07053430041191289  0.08080799357785977
  0.08980671844673059  0.09789921760761787  0.10551200587457504  0.11279812206148106
  0.12067592957756329  0.12798923877540899  0.13582616946462880  0.14695631715952082
  0.16221100039193101  0.17743094231298320  0.19083792135385941  0.20654106657414573
  0.22041194768736722  0.23354223224027243  0.24547732897098001  0.25859738065314225
  0.26962602639318911  0.27972995434902681  0.28992858697103224  0.30178553044078771
  0.31465582668642222  0.32765725374572080  0.34175192840198526  0.35545262338825345
  0.36950489710452772  0.38350393692689272  0.39824180091309624  0.41481415036649483
  0.43074082688981086  0.44438197511258104  0.45672507181761451  0.46644350424813869
  0.47564226388988079  0.48518341042457985  0.49528498190933312  0.50525889581207295
  0.51459971511014735  0.52409554610577402  0.53491430391925721  0.54588287537941582
  0.55619065502335585  0.56627561503716561  0.57728233211209934  0.58912937947000488
  0.60228536430332369  0.61540971726463922  0.62713412956846792  0.63468926516979884
  0.64201056513832300  0.64955249734635800  0.65782113191339586  0.66681179418561842
  0.67521642750034283  0.68481871925322246  0.69499001506651925  0.70403999468678424
  0.71122272379967422  0.71780378829463054  0.72414886757514196  0.73198962281303825
  0.74537415515260175  0.75833800505929205  0.77096302487975665  0.78215578256410212
  0.79239212604417064  0.80046992209574552  0.80816808715018484  0.81608020301686524
  0.82564966788002248  0.83692662803178530  0.84917573252691247  0.86208440129079833
  0.87622441545813623  0.88948947833389624  0.89909014748600402  0.90635176529010486
  0.91259077935876676  0.91890154119295586  0.92524314790169171  0.93079338821503343
  0.93715774692890630  0.94515808839573490  0.95411509460319688  0.96282334720697327
  0.97102940792732373  0.97951995562461613  0.98944244206547582  1.00000000000000000
  0.51084317446640548  0.67832291499154562  0.69948755745195157  0.71649008763920174
  0.73653360602223783  0.75493304171197573  0.77033282432977912  0.78308330318506569
  0.79311266754978993  0.80074158952580110  0.80741543479592970  0.81306989922627038
  0.81805016573323774  0.82300479886734745  0.82829644996322849  0.83366260564473560
  0.83821892670323039  0.84251679145860392  0.84727232622582660  0.85256039715703580
  0.85699599941625837  0.86063773367141294  0.86422230550802304  0.86781290992169657
  0.87130361404426937  0.87473849609726806  0.87815199045220682  0.88113384935213246
  0.88382191246862662  0.88634890672293587  0.88882051204103441  0.89107420103679813
  0.89335655711766282  0.89580910351813892  0.89844479952183132  0.90158128702777651
  0.90445287482038317  0.90701922309024052  0.90947283269974954  0.91182168237590122
  0.91429507081004580  0.91702021817718482  0.91951097221205880  0.92195762395312486
  0.92429217311528888  0.92668483338057983  0.92888860682933838  0.93070519489815451
  0.93232891068092394  0.93389325758057906  0.93549202173580448  0.93737728132690512
  0.93950449876220199  0.94156038204083092  0.94347538688768562  0.94527812380321929
  0.94687694238211217  0.94836068833395382  0.94980746328129839  0.95132400552980667
  0.95296153299691633  0.95467193759691060  0.95649315626539422  0.95821891899492651
  0.95973599509078622  0.96118050855752402  0.96264353821434123  0.96410825159607516
  0.96556747811288146  0.96700212810759256  0.96837437383065716  0.96969921978813634
  0.97100542732540696  0.97235075488639244  0.97375518408084361  0.97502918154370133
  0.97628360607007891  0.97747712182251634  0.97862232176868058  0.97970628288408679
  0.98066616377810090  0.98164921103149660  0.98264140748340911  0.98364388052372598
  0.98474967654319556  0.98601132229842969  0.98747430445438411  0.98886945575400720
  0.99013006379214530  0.99131046453284677  0.99256508795221210  0.99374730908223319
  0.99482263677640292  0.99609187822554957  0.99781018838344104  1.00000000000000000
  0.02563908581720692  0.15855043741605676  0.19866210918531518  0.23233449986273089
  0.26188879549228794  0.28675970987115712  0.30472669594164692  0.32051401496923737
  0.33506817247026144  0.34960766575920993  0.36267839926977530  0.37423095572735754
  0.38327451728035572  0.39202567513045206  0.40159758562490683  0.41156215190294387
  0.42131046496767055  0.43005661716842902  0.43816834191172421  0.44589177570261196
  0.45463008570095409  0.46281134394780221  0.46926001805959883  0.47515693302398110
  0.48071369437743805  0.48625213747607404  0.49332753010353703  0.50031515935837501
  0.50658793976470251  0.51314910542556924  0.51996192292164523  0.52488953351509382
  0.52857015975450539  0.53186578365924997  0.53514647431752915  0.53879103644567672
  0.54331427294991030  0.54915575570673802  0.55503789648743751  0.56134898710865144
  0.56668191752798780  0.57162683501010758  0.57632195576036371  0.58125888385690216
  0.58646002691959764  0.59190871543999624  0.59754518201499551  0.60361366166053343
  0.61073759904445679  0.61806696350910362  0.62550013049152731  0.63152210557737276
  0.63670047036088839  0.64099175920943796  0.64485940078268911  0.64878780902420097
  0.65293631936624297  0.65705074823672205  0.66134648758344916  0.66576314783810353
  0.66999678552852404  0.67453148309149247  0.67910887153313659  0.68325479242359244
  0.68772087159299378  0.69208130172447246  0.69655927351675340  0.70198179206176337
  0.70793244531934707  0.71473762315509548  0.72117287752815562  0.72711309330951845
  0.73335081608962471  0.74064032970877458  0.74888676586926795  0.75534632317847317
  0.76040885301701899  0.76539965918435038  0.77020618118178241  0.77474961610057236
  0.77904972955855234  0.78291398342546503  0.78652201091499019  0.79031980643607413
  0.79399767404567545  0.79886116990225586  0.80322907405372712  0.80812322220669075
  0.81500639847014378  0.82655036158245776  0.83763377248224680  0.84871096821655767
  0.86154399570773954  0.87862534448610374  0.90210972887576424  1.00000000000000000
   1.0419889912215088E-010  -1.0000000000000000     
 F F F F F F F F F F F F F F F F F F F F F F F F F F F F F F F F F F F F F F F F F F F F F F F F F F F F F F F F F F F F F F F F F F F F F F F F F F F F F F F F F F F F F F F F F F F F F F F F F F F F F F F F F F F F F F F F F F F F F F F F F F F F F F F F F F F F F F F F F F F F F F F F F F F F F F F F F F F F F F F F F F F F F F F F F F F F F F F F F F F F F F F F F F F F F F F F F F F F F F F F F F F F F F F F F F F F F F F F F F F F F F F F F F F F F F F F F F F F F F F F F F F F F F F F F F F F F F F F F F F F F F F F F F F F F F F F F F F F F F F F F F F F F F F F F F F F F F F F F F F F F F F F F F F F F F F F F F F F F F F F F F F F F F F F F F F F F F F F F F F F F F F F F F F F F F F F F F F F F F F F F F F F F F F F F F F F F F F F F F F F F F F F F F F F F F F F F F F F F F F F F F F F F F F F F F F F F F F F F F F F F F F F F F F F F F F F F F F F F F F F F F F F F F F F F F F F F F F F F F F F F F F F F F F F F F F F F F F F F F F F F F F F F F F F F F F F F F F F F F F F F F F F F F F F F F F F
  <DiscreteSampler_grid>
  grouped_processes
  1 # 1 for a reference and 2 for a running grid.
  10 # Attribute 'min_bin_probing_points' of the grid.
  1 # Attribute 'grid_mode' of the grid. 1=='default',2=='initialization'
  0.0000000000000000 # Attribute 'small_contrib_threshold' of the grid.
  0.5000000000000000 # Attribute 'damping_power' of the grid.
 # binID   n_entries weight   weight_sqr   abs_weight
    187   10   9.867911332815885E-008   5.181436556840565E-014   9.867911332815885E-008
    188   10   9.867911332815858E-008   5.181436556840526E-014   9.867911332815858E-008
    190   10   9.867911332815885E-008   5.181436556840565E-014   9.867911332815885E-008
    191   10   9.867911332815858E-008   5.181436556840526E-014   9.867911332815858E-008
    193   10   1.085979431571612E-007   5.525567234821811E-014   1.085979431571612E-007
    194   10   1.085979431571614E-007   5.525567234821830E-014   1.085979431571614E-007
    196   10   1.085979431571612E-007   5.525567234821811E-014   1.085979431571612E-007
    197   10   1.085979431571614E-007   5.525567234821830E-014   1.085979431571614E-007
    199   10   4.821914952808409E-008   5.183657623084483E-015   4.821914952808409E-008
    200   10   4.821914952808400E-008   5.183657623084455E-015   4.821914952808400E-008
    202   10   4.821914952808409E-008   5.183657623084483E-015   4.821914952808409E-008
    203   10   4.821914952808400E-008   5.183657623084455E-015   4.821914952808400E-008
    205   10   1.109349755276138E-007   4.713754692215155E-014   1.109349755276138E-007
    206   10   1.109349755276138E-007   4.713754692215165E-014   1.109349755276138E-007
    208   10   1.109349755276138E-007   4.713754692215155E-014   1.109349755276138E-007
    209   10   1.109349755276138E-007   4.713754692215165E-014   1.109349755276138E-007
    322   10   9.924689777044808E-008   3.772468944283278E-014   9.924689777044808E-008
    323   10   9.924689777044780E-008   3.772468944283253E-014   9.924689777044780E-008
    325   10   9.924689777044808E-008   3.772468944283278E-014   9.924689777044808E-008
    326   10   9.924689777044780E-008   3.772468944283253E-014   9.924689777044780E-008
    328   10   4.576534308334398E-008   6.749851481854694E-015   4.576534308334398E-008
    329   10   4.576534308334393E-008   6.749851481854675E-015   4.576534308334393E-008
    331   10   4.576534308334398E-008   6.749851481854694E-015   4.576534308334398E-008
    332   10   4.576534308334393E-008   6.749851481854675E-015   4.576534308334393E-008
    334   10   9.986010264436729E-008   3.348479338336268E-014   9.986010264436729E-008
    335   10   9.986010264436718E-008   3.348479338336264E-014   9.986010264436718E-008
    337   10   9.986010264436729E-008   3.348479338336268E-014   9.986010264436729E-008
    338   10   9.986010264436718E-008   3.348479338336264E-014   9.986010264436718E-008
    340   10   1.403030156257433E-007   1.407820412610363E-013   1.403030156257433E-007
    341   10   1.403030156257432E-007   1.407820412610364E-013   1.403030156257432E-007
    343   10   1.403030156257433E-007   1.407820412610363E-013   1.403030156257433E-007
    344   10   1.403030156257432E-007   1.407820412610364E-013   1.403030156257432E-007
  </DiscreteSampler_grid>
