  0.00299665094817183  0.01333883029476629  0.02556606932113009  0.03713789052940157
  0.04758093677384222  0.05739615938030715  0.06702652640457554  0.07679477820706909
  0.08726404447082778  0.09809069256653241  0.10804554995703779  0.11773887819877786
  0.12808398246308172  0.14011588623645649  0.15272055159228218  0.16438270293359905
  0.17507565185261617  0.18528656939353849  0.19531652346236669  0.20661178942158187
  0.22034552269321539  0.23233528734974748  0.24340296655083229  0.25504129089025473
  0.26733455650355786  0.27875510037707352  0.28911538897055977  0.29899632427892503
  0.30903777824826312  0.31947168221605204  0.33010954192071340  0.34097803784754743
  0.35142727721682643  0.36171353550700081  0.37213915318937046  0.38274926422090139
  0.39354428373905903  0.40433270920789272  0.41533188530351900  0.42680115515015471
  0.43810728786521025  0.44850478671360694  0.45836174735876672  0.46834201880549153
  0.47848798921177199  0.48845852021221153  0.49840869147016265  0.50944140115914749
  0.52119348192756143  0.53309334957958243  0.54469207368305406  0.55656026648043100
  0.56798325269841232  0.57904815591332026  0.58851733248479654  0.59765384575914215
  0.60655156896803875  0.61626775514536669  0.62633050773428245  0.63766156916522898
  0.64673604970829679  0.65586605410755172  0.66438325507736429  0.67326450022706674
  0.68344421516899290  0.69346509554585023  0.70344882075802528  0.71304969744239000
  0.72287173464010246  0.73307418572587224  0.74395663359504394  0.75384253902391929
  0.76267258281030037  0.77178180819698550  0.78183989412160881  0.79400735005850631
  0.80541412697577530  0.81543916080421752  0.82514813933077624  0.83380886192257886
  0.84197820173302595  0.85077568809883941  0.86052984546732669  0.87175464852280049
  0.88263736090971245  0.89270705893200686  0.90302271157899261  0.91363483830099723
  0.92464311196419968  0.93343216974607324  0.94214818047631144  0.95122269911313229
  0.96171641502597549  0.97453889647499026  0.98692025853465337  1.00000000000000000
  0.00003312187182978  0.00004907087910820  0.00005639928598173  0.00006265130281240
  0.00006811003840546  0.00007358714064248  0.00007900099880372  0.00008431126873729
  0.00008928283686083  0.00009468050113071  0.00010046585117101  0.00010667662691283
  0.00011266600606121  0.00011888962398145  0.00012537058161176  0.00013212221437258
  0.00013884780082919  0.00014546244880740  0.00015244273472873  0.00015953807496294
  0.00016660067307316  0.00017381542889697  0.00018140954113383  0.00018966417972721
  0.00019815720281813  0.00020717672783638  0.00021621210660736  0.00022615277289921
  0.00023607039065520  0.00024628599860617  0.00025639797975211  0.00026765276137114
  0.00027938513474265  0.00029204554317554  0.00030533108959183  0.00031899323973140
  0.00033309784369303  0.00034830060340203  0.00036452785437567  0.00038146622326383
  0.00040065671565111  0.00041829747499210  0.00043949406734107  0.00046244941181431
  0.00048650686861360  0.00051369841603846  0.00053855114505799  0.00056412903184175
  0.00058750995550398  0.00061071737928953  0.00063463500724411  0.00066036871530762
  0.00068868189314094  0.00071849904676187  0.00074887313027612  0.00078075906805684
  0.00081389005161839  0.00085285220075645  0.00089335913327318  0.00093731392978734
  0.00098754792928149  0.00104114427788124  0.00109847214335968  0.00115493501527942
  0.00120711338505297  0.00126379772675467  0.00132217793902227  0.00140379569391474
  0.00149237212460350  0.00158836811702973  0.00170369025305959  0.00181545210428633
  0.00191821570127080  0.00202570666566966  0.00214536113592213  0.00230324248767042
  0.00250463553764200  0.00274729090478697  0.00303174018804490  0.00334799109211164
  0.00367727632467408  0.00403034246221301  0.00445390274987273  0.00485707066279949
  0.00536269351164727  0.00594159263827153  0.00675635917775966  0.00773001704396994
  0.00864865059028606  0.00930125970337655  0.01012695998922435  0.01092572204895519
  0.01357739129149205  0.02057325172543787  0.13966803883602111  1.00000000000000000
  0.00007632996576394  0.00008139655483596  0.00009006510819118  0.00009920384637456
  0.00010770299184195  0.00011490207986749  0.00012358079703271  0.00013273608706680
  0.00014285583710941  0.00015328616507263  0.00016351005271416  0.00017453039850316
  0.00018528067610062  0.00019684447237078  0.00020830689936439  0.00022110969580514
  0.00023486902656387  0.00024949417704737  0.00026487088193134  0.00028147763443950
  0.00029987602198914  0.00031990797988576  0.00034042961818989  0.00036123943023266
  0.00038358395744779  0.00040733336240567  0.00043186734041788  0.00045696515983476
  0.00048280111007763  0.00051031200237719  0.00053838403076327  0.00056956551490208
  0.00060300966346768  0.00063813759469564  0.00067373072481588  0.00070962529628943
  0.00074974714098823  0.00079233420639020  0.00084201287691257  0.00089084279695993
  0.00094485344982525  0.00100352668375489  0.00107087549262966  0.00114700225474586
  0.00122334125507071  0.00129258256227161  0.00135768710289880  0.00142454694465988
  0.00149207541034578  0.00156241223698179  0.00164012640770280  0.00172673896475883
  0.00182981700712030  0.00194197213828737  0.00205538581811103  0.00216778959455621
  0.00228386481600457  0.00240140305798512  0.00252836697947067  0.00266839835128370
  0.00281203425695599  0.00294614768851795  0.00309266279054592  0.00325154316557141
  0.00340584880630526  0.00356005198627012  0.00372067435953094  0.00390859690185222
  0.00413933264275041  0.00439243547953656  0.00465418401660729  0.00493683095194994
  0.00526229668149332  0.00567044876457390  0.00619323105931585  0.00680351233636519
  0.00748689141365127  0.00825054150641314  0.00907732991817459  0.01000927201939937
  0.01102850020760622  0.01205102961350707  0.01285153751238571  0.01376178086872705
  0.01475514900737289  0.01640361909714838  0.01776053177749150  0.01945944286343405
  0.02203756212522031  0.02698861687641754  0.03171396971177052  0.03623667853988473
  0.04032497550082658  0.04984924027867955  0.57615033936825677  1.00000000000000000
  0.00060787914734987  0.02847847403841493  0.04845600135015601  0.06401894673880613
  0.07758262128684543  0.09058031290193738  0.10333088143310488  0.11546070013296271
  0.12704397872906437  0.13800645782652002  0.14840779854179001  0.15882541404278808
  0.17014657916274933  0.18158528399089702  0.19263243850558887  0.20282723922119431
  0.21295886390383736  0.22363590334895680  0.23492330208208212  0.24598571384164047
  0.25661984979080871  0.26776210948862877  0.27845848075227458  0.28940826525417201
  0.29898762242037319  0.30865602890857097  0.31852947434331119  0.32847984821164916
  0.33920066119249459  0.35026658998128229  0.36191371394823102  0.37324531757904300
  0.38365431157050173  0.39291417813202617  0.40244637611733419  0.41200159552312632
  0.42247707931718798  0.43236511538960126  0.44146346232292877  0.45102434089707572
  0.45998522964587324  0.46911577731562537  0.47809760093397086  0.48763629021338689
  0.49753795181187266  0.50760169353953821  0.51648258130365154  0.52527210208025665
  0.53377861350889255  0.54399872022234275  0.55382245760869475  0.56312732189303305
  0.57244127029307956  0.58156628310229397  0.59090136382451031  0.60031969369274263
  0.60998094195595542  0.62031594280472424  0.63050924684565446  0.64037325126430278
  0.65004999314270906  0.65948798947093468  0.66919984254141751  0.67891290857273456
  0.68900628311320333  0.69920161354601063  0.70932004624290079  0.71937174514165114
  0.72940745943019913  0.73899880155567077  0.74885349037223925  0.75931920888087368
  0.76987520415763588  0.77988630484970267  0.78959481453257208  0.79934935276659747
  0.80987505581619113  0.81879126870882857  0.82836591709629204  0.83754227901595724
  0.84851917888333472  0.85810934136044448  0.86806424391554815  0.87812470926307551
  0.88902628731746891  0.89926750275276568  0.90923976951636243  0.91875338076420965
  0.92882481418872354  0.93854472854573978  0.94958893764385865  0.96062111770255254
  0.97116159596155849  0.98088620580626940  0.99019764081965678  1.00000000000000000
  0.00000581482932105  0.00000721921061150  0.00000871912587961  0.00001050705704427
  0.00001252287004139  0.00001506759874508  0.00001709188110825  0.00001870550357328
  0.00002016552977441  0.00002176417546510  0.00002347841168924  0.00002599058233613
  0.00002857552952883  0.00003117242790384  0.00003417773225265  0.00003744394691406
  0.00004085060963539  0.00004436667973522  0.00004839562221796  0.00005312093044264
  0.00005885846544076  0.00006607918688626  0.00007480474450604  0.00008465461581288
  0.00009644433637447  0.00011020393017262  0.00012589538939992  0.00014291810322150
  0.00016131350361856  0.00018013717682425  0.00019991880634638  0.00022048454825443
  0.00024252706844175  0.00026619839850934  0.00029099260684983  0.00031536868155336
  0.00034024208216193  0.00036546688338676  0.00039422996725974  0.00042398226281759
  0.00045456513724556  0.00048639489473308  0.00051962706793728  0.00055286947357637
  0.00058460543599099  0.00061545868336000  0.00064898064174231  0.00068359764215625
  0.00071939845669039  0.00075892573009488  0.00080322572561158  0.00084975567964992
  0.00089841042050825  0.00094707574761384  0.00099671417403461  0.00105228313752116
  0.00111440842726872  0.00118422409967070  0.00125905878185182  0.00133878761365398
  0.00142276614238935  0.00151009969846066  0.00160568005123512  0.00170563821416539
  0.00180499152746725  0.00190399857341393  0.00200621976838363  0.00212139221110808
  0.00225368944335600  0.00241466107317218  0.00259527606887222  0.00276935042296329
  0.00295943995033990  0.00311418378000950  0.00328113544164698  0.00346299604518462
  0.00366782067937163  0.00400037206985459  0.00445976718766196  0.00504070934946837
  0.00561554131253503  0.00610972079323451  0.00656704039042983  0.00701408967240169
  0.00738839008889243  0.00771976442160656  0.00806066815402956  0.00841018953119491
  0.00889778106873433  0.00951632039926700  0.01038378690938356  0.01185468382292226
  0.01360016219247885  0.01743258823987577  0.03755573367727553  1.00000000000000000
 -0.00202035928157261  0.00862142758735562  0.01924450180867571  0.03188085376360413
  0.04390257458489536  0.05497542233573795  0.06567196691761928  0.07687538135247152
  0.08902476196848740  0.10124865577276601  0.11268792469764263  0.12230013826208715
  0.13125267117383149  0.14054221288232110  0.15102607563549503  0.16362590318881906
  0.17557810151405057  0.18761332900751992  0.19850098285313722  0.20923413375208225
  0.21920843187561856  0.22947517008119822  0.23920278615624110  0.24820691708501941
  0.25657849418545858  0.26503054015349625  0.27463997284911562  0.28578661977820702
  0.29758067959075907  0.30905741237732576  0.32112547697496563  0.33345500880686879
  0.34564557993729073  0.35765991712522660  0.36924307367135922  0.38039100928335318
  0.39135262988869446  0.40336577950900054  0.41603630506340983  0.42831486363370119
  0.43928695113382743  0.44944677063246913  0.45967857288451452  0.47039318219135523
  0.48141272445256716  0.49242906896406380  0.50287820670120520  0.51436967510619180
  0.52613659987520922  0.53751875116516090  0.54805485730227799  0.55820171852172396
  0.56989921473789207  0.58144081136695713  0.59233834064232294  0.60268421264147409
  0.61355707303905793  0.62438499602161424  0.63493672241213439  0.64532530293507206
  0.65602003411363474  0.66566934072201533  0.67465369276148079  0.68322644624806017
  0.69205898127802257  0.70083989958315962  0.70974709281556969  0.71863713493244141
  0.72680398481516495  0.73523679830360367  0.74433204368179395  0.75459192997058355
  0.76676747893645192  0.77834754158033348  0.78929580976078328  0.79967266630702605
  0.80996694688852366  0.82006777027589128  0.83050483080764292  0.84085008543833673
  0.85065138182653754  0.86005417465260503  0.87001919703107944  0.88008035328439671
  0.88980326150255129  0.89991706879420807  0.91115991033295973  0.92230697013193319
  0.93335468924083664  0.94373495998013157  0.95396089110272164  0.96384813956418736
  0.97301812897187079  0.98259388965895289  0.99119270966258177  1.00000000000000000
 -0.00219955061221528  0.01061191906680614  0.02033601732217643  0.02887635379025930
  0.03727500311737050  0.04606115896730634  0.05584920179441714  0.06688717047389574
  0.07862358847323396  0.09092134161171700  0.10378256322359254  0.11687699116726062
  0.12906306276216112  0.14045431996680549  0.15132341020659598  0.16166981478308601
  0.17152365200794339  0.18105725575263223  0.19043994403814177  0.19948189485002882
  0.20890874866660775  0.21863228991349093  0.22936918648239638  0.24068462897225490
  0.25164745088608081  0.26218683140441729  0.27182815224826506  0.28171459401789389
  0.29236737205308022  0.30404372896912607  0.31612854147883834  0.32705521886092470
  0.33686628585823891  0.34582799009402793  0.35505512206854500  0.36439766070244972
  0.37448477218061504  0.38504351375871987  0.39620453624340968  0.40709361890378193
  0.41784646105306894  0.42893026948839008  0.44080245377916621  0.45362078228156660
  0.46487245886667822  0.47527623021656668  0.48562014980985835  0.49735201198711759
  0.50887714501127312  0.51987094700106129  0.53145806450675348  0.54303711169374858
  0.55438599424792023  0.56485070695547879  0.57500043587392802  0.58530249609639473
  0.59598808309859486  0.60614948425925808  0.61623772427842405  0.62674184925679055
  0.63809629139275126  0.64990672582593101  0.66050762841517696  0.67172497922412733
  0.68262082176481953  0.69240795872113514  0.70214423461908326  0.71164861144725278
  0.72035374887027348  0.72912749490856466  0.73776533992070814  0.74774508082414459
  0.75814825118806917  0.76790714578545571  0.77713286379297741  0.78661676814011661
  0.79639365236696724  0.80624081590025121  0.81618334329459929  0.82623832660587371
  0.83694682737968495  0.84798596265331183  0.85972003569122279  0.87134133436455152
  0.88352914352852896  0.89526855345848533  0.90671915762789634  0.91808474135080509
  0.92902348847900351  0.93999263631945773  0.95029021052188767  0.95993646935046284
  0.96940470513255506  0.97923670454069411  0.98966666581219453  1.00000000000000000
 -0.00108892469683041  0.00695665560028230  0.01405940283540908  0.02083628614190664
  0.02788293213312677  0.03529983551100663  0.04252062839932927  0.04991322498352523
  0.05783923476900967  0.06665895414986851  0.07602083356485910  0.08474956583821205
  0.09282019918440124  0.10076379967193420  0.10905293678491061  0.11808691497858141
  0.12743617538331736  0.13641491057713981  0.14514591990031625  0.15410932899847155
  0.16406968618830181  0.17431097458024000  0.18385388169320907  0.19278005195824802
  0.20143001924187745  0.21099092156969004  0.22050142212295734  0.23045242579306038
  0.24020662876285356  0.24933422093344845  0.25831409075617390  0.26709410708688108
  0.27678128422880077  0.28651071949227419  0.29624769813486956  0.30599679651916850
  0.31592186798944349  0.32571466768769053  0.33529951351837312  0.34437428943574760
  0.35335323212043485  0.36274531615959804  0.37300229444358679  0.38453064040092871
  0.39663977854989269  0.40834546725981730  0.41899189518721031  0.42845883092068304
  0.43814191423592291  0.44782621674537776  0.45869314170414999  0.46992392641553660
  0.48124986939584552  0.49150072677967688  0.50141191939637453  0.51130697764590427
  0.52241794393843899  0.53429738288400397  0.54680047524897624  0.56064314935631654
  0.57399221109537846  0.58545417990120063  0.59586022934046046  0.60647709820294105
  0.61819436519028426  0.63037140672019354  0.64287158379304343  0.65552448345557479
  0.66709993752574126  0.67870800768639283  0.69032289125470392  0.70216465243076231
  0.71385339158603212  0.72622521963891318  0.73841608141863402  0.74993049856488792
  0.76155250550069886  0.77343608948405895  0.78593592444666727  0.79733717889273370
  0.80790685045915001  0.82008942608145186  0.83130129068409975  0.84253640265101726
  0.85440095020329865  0.86821088664326307  0.88269970980588919  0.89583081130734754
  0.90884676763472405  0.92198485482028125  0.93558141533817418  0.94840327537972657
  0.96190671660648153  0.97402480278391157  0.98757199835352127  1.00000000000000000
 -0.00218750692950659  0.00957215906117760  0.01901628532603558  0.02969539368624594
  0.04128124182307020  0.05427382226527433  0.06808207969020799  0.08118865927156632
  0.09343964613528859  0.10375057443464143  0.11341505501276199  0.12300777070505832
  0.13289966706076214  0.14436797127858295  0.15676559434640136  0.16915464922662243
  0.18029919214581763  0.19085181074494384  0.20070353248589509  0.21089898561494375
  0.22097455428214707  0.23004599721567295  0.23867765208778635  0.24778322844572423
  0.25810068227783622  0.26933334169444234  0.28006359418667270  0.29055874517794489
  0.30092709004356993  0.31132900510158013  0.32161362081005640  0.33236316085852946
  0.34342467443429431  0.35534011080804417  0.36683956445733268  0.37694370017612377
  0.38644806371129820  0.39578112746044808  0.40578904830218010  0.41560579644683443
  0.42444467523567075  0.43303766868990295  0.44229934067307003  0.45252103805107519
  0.46315616794154085  0.47382283369816108  0.48496425002908672  0.49634309341922123
  0.50719320785029165  0.51739544522216041  0.52762671510083337  0.53850145894643309
  0.54963045581944081  0.56087494747684796  0.57258476095980126  0.58466841744361853
  0.59610666190955364  0.60616768418540379  0.61569876438906623  0.62579677779957521
  0.63555638756237376  0.64482074027390257  0.65367717814812976  0.66309169211197738
  0.67417501332756580  0.68556363243868934  0.69660759597611766  0.70741441311231468
  0.71842246733005544  0.72847397305362482  0.73784009854827060  0.74687998112667275
  0.75711429376938233  0.76779102654790243  0.77788766201208592  0.78825843185303923
  0.79948256434411191  0.81200126067121392  0.82356144852818358  0.83429859433870268
  0.84410942092608010  0.85440034710193768  0.86441472727413537  0.87485900215251311
  0.88516385423482458  0.89578395945223865  0.90532885308653777  0.91606502530107226
  0.92770256015812536  0.93932471490916902  0.94890403734909556  0.95783814146199719
  0.96693724010175086  0.97682793347061558  0.98810848973574605  1.00000000000000000
 -0.00222598285697425  0.01135736334809724  0.02297181033056297  0.03416446234332811
  0.04651608096971158  0.05958772700439000  0.07145304179139556  0.08258745065233922
  0.09395557132122076  0.10542055412575871  0.11659959829615456  0.12745068544865890
  0.13715312264096285  0.14686629898031678  0.15573157362203283  0.16491988503516639
  0.17454808462350030  0.18512441078051248  0.19616944918049231  0.20660645521328180
  0.21636627992942270  0.22639232914402027  0.23616620549950398  0.24628020746408499
  0.25658188412314259  0.26814012223132855  0.27995519146811398  0.29114744771627799
  0.30155099264878971  0.31223760677092388  0.32286849459000200  0.33312225294978259
  0.34237950574277587  0.35149904347425032  0.36029628610105524  0.36839007054710327
  0.37661292894377985  0.38480339218687171  0.39367862898816780  0.40256814795036683
  0.41248541740989075  0.42400435973015782  0.43558271934571602  0.44567786881321625
  0.45472336775069261  0.46384889695602582  0.47295046286930875  0.48261467507318973
  0.49262623584453663  0.50318234548502161  0.51375142247379857  0.52394890055775289
  0.53404085639302279  0.54438584826882908  0.55420259199397970  0.56340305332981255
  0.57239953317304182  0.58159414223835026  0.59155720274147061  0.60164237759788430
  0.61197323120287528  0.62251615806680705  0.63248195379713934  0.64173164681862049
  0.65079205657430683  0.65920624197074018  0.66791630001128854  0.67655500739611230
  0.68528499560269585  0.69477156877596880  0.70481155037861321  0.71495468602887668
  0.72492982878471213  0.73475050265927555  0.74452560399618151  0.75426523227506781
  0.76435010819639126  0.77433189693633520  0.78425055165380453  0.79451165501473564
  0.80524479281968708  0.81623380857372607  0.82708926173680519  0.83844238850076114
  0.85118339111550745  0.86430938592447415  0.87678881669796982  0.88905066785810449
  0.90151910388923040  0.91521876410594560  0.92994224119945812  0.94375277993347750
  0.95764756999151235  0.97017299131401569  0.98378800262181121  1.00000000000000000
 -0.00319994959643563  0.01133237754169140  0.02318490442261718  0.03481234722521147
  0.04677130751124308  0.05903309526228365  0.07136179694500432  0.08261786168947012
  0.09243876206488533  0.10164627285909641  0.11095166390994300  0.12108124925811367
  0.13194107612269687  0.14195454766212373  0.15128881695207766  0.16099183250703786
  0.17094087513757580  0.18390050467086413  0.19579275566110338  0.20607983049154277
  0.21581972825287671  0.22679764705654740  0.23694137175452476  0.24687508709650782
  0.25619855065144842  0.26633389228494531  0.27651072235812585  0.28704640149425287
  0.29743453534398456  0.30746359063044609  0.31761981688832347  0.32824250116581671
  0.33920731381246116  0.35040944668242008  0.36146799323727657  0.37224010622571507
  0.38322887933261457  0.39359185642419253  0.40418367339699879  0.41461587907579606
  0.42608662668791497  0.43816015485505155  0.45077835017901924  0.46382225243663255
  0.47602379249415572  0.48734354385154027  0.49776943073564661  0.50756048927432207
  0.51739847975104114  0.52634732675147577  0.53453539950898010  0.54319463098117027
  0.55232182155830245  0.56149680732206897  0.57078137880949575  0.58155274426630754
  0.59321467473099454  0.60418327607094857  0.61457101825789395  0.62507425911135894
  0.63476427453781004  0.64436737417783241  0.65445459716900278  0.66528235024184523
  0.67666809783042559  0.68735100037766073  0.69789864727616602  0.70833875461415818
  0.71795514863568943  0.72746623950125133  0.73694272326260146  0.74731040297025242
  0.75810670934776059  0.76854521314061797  0.77954025850462827  0.78897713870282460
  0.79811151972312189  0.80718666740852973  0.81757569521652651  0.82835937346214628
  0.83927158217655640  0.84963239947589408  0.86013812304574144  0.87121598033805980
  0.88254142170088745  0.89397758598845090  0.90530002014630806  0.91671641775295198
  0.92784717682258655  0.93843973718357743  0.94828101803997555  0.95797658639141514
  0.96823640013595680  0.97910038294227553  0.98971184154963854  1.00000000000000000
 -0.00149650704221046  0.00797078641108784  0.01557573185362643  0.02306583410024207
  0.03061802768022811  0.03836625947553764  0.04725033018777318  0.05735336688247013
  0.06678533291451541  0.07687091741707851  0.08698380206353176  0.09783181918180696
  0.10891043517718781  0.12084288676802886  0.13374388082552924  0.14757373916312549
  0.15992879114646588  0.17112083257275904  0.18179641594087698  0.19243947471531353
  0.20283457740890376  0.21336832899855773  0.22367531832878873  0.23454924575587607
  0.24587876362613145  0.25900055164322977  0.27059062515854670  0.28053657285040601
  0.29036782188884014  0.30105849664774686  0.31328591274169748  0.32541752881300179
  0.33670236947031396  0.34778421888348293  0.35968044316613756  0.37121631130283433
  0.38260590407690837  0.39378264402999252  0.40456411895902716  0.41479749745440347
  0.42421798280252815  0.43294721631528188  0.44244452463056538  0.45269251434020835
  0.46353571814626821  0.47488855788071538  0.48633708674136022  0.49785363420891310
  0.50921428636269295  0.51999487146276246  0.53032877022085312  0.54066694110326274
  0.55203672840327167  0.56374684260541075  0.57475568710064007  0.58498526399484740
  0.59499307020935466  0.60502162174823471  0.61542664801452085  0.62622403847224184
  0.63697079046790550  0.64806070641913116  0.65909019879473818  0.66963953594476600
  0.67937298461589302  0.68898027125531547  0.69829937429670452  0.70721086734356342
  0.71623494993605319  0.72516781041566125  0.73454282402944693  0.74400337723902776
  0.75343048946062319  0.76296014061259543  0.77256880017466878  0.78212575933193140
  0.79133305685918398  0.80074966476693132  0.81103061204617044  0.82228530430632862
  0.83291986124559192  0.84182551026834185  0.85021500630818880  0.85911686312332269
  0.86961131076791043  0.88118161690053953  0.89238352365068507  0.90366190200840468
  0.91488045536539009  0.92592401644017963  0.93723350940999350  0.94945823784166106
  0.96293558028562309  0.97614227264131537  0.98808907798064716  1.00000000000000000
 -0.00232665140779287  0.00991531984662948  0.02033915103871807  0.03111277219471225
  0.04174953314641017  0.05238638699661170  0.06344150046294345  0.07473572128582483
  0.08662771265717280  0.09740088578343409  0.10698889909816682  0.11643142381870103
  0.12597386295740495  0.13569261301073185  0.14551826793123851  0.15566748730517330
  0.16595635698765623  0.17665012406912300  0.18804044973526302  0.19920698888603541
  0.21120618924024595  0.22301889102303685  0.23430737712085400  0.24482014930099935
  0.25557599134968245  0.26682450391286944  0.27790902286582420  0.28822339882113296
  0.29819081298490052  0.30787235351919551  0.31801592886116442  0.32821552441349705
  0.33840660121585453  0.34799779020419330  0.35796039396147200  0.36804178854132380
  0.37857649130921672  0.38967385610598793  0.39989815742285273  0.40990166231782560
  0.41996875620146940  0.43144884130263006  0.44315043415808392  0.45368269543307982
  0.46323562981570143  0.47277933050986953  0.48271119025494752  0.49343099513318794
  0.50475430632493257  0.51607908429895788  0.52740594802071106  0.53826294319483015
  0.54859521961472490  0.55882430644901915  0.56931177481048245  0.57982003898710288
  0.58975016870467056  0.59932505443884365  0.60870964734755428  0.61826004534332979
  0.62828340461902799  0.63827045245791070  0.64819164325560785  0.65781323249175450
  0.66768100647245776  0.67747779173542355  0.68665266933195046  0.69644959155920005
  0.70709816236773404  0.71949405967100022  0.73112093743697093  0.74293590348041760
  0.75469254763750748  0.76587916897836605  0.77590933629273606  0.78512812697913748
  0.79467738348578376  0.80458997922844333  0.81465289396195306  0.82474357854230584
  0.83490050649076253  0.84586366975588234  0.85708291372213707  0.86779706169796100
  0.87843120829851096  0.88926756808264762  0.90056854952938159  0.91185185367457522
  0.92291490788676744  0.93292567812705018  0.94280977339617267  0.95259858513613016
  0.96286671806297175  0.97342575516925134  0.98630595583664837  1.00000000000000000
 -0.00267220894565197  0.01335746824263795  0.02504299912710347  0.03724139400908363
  0.04959411259965551  0.06125322023873361  0.07056659361678735  0.08030515923160951
  0.08931055934736050  0.10142627594826280  0.11331630110938165  0.12494370732928356
  0.13532526903255276  0.14464821961426827  0.15497116382599369  0.16602960438186307
  0.17861283285377003  0.19018923936780463  0.20008191954423180  0.20989870868244168
  0.21992997442488280  0.23113668519521349  0.24222984844768156  0.25276858797067681
  0.26275760839818718  0.27224549068949566  0.28181423519924853  0.29154902551782641
  0.30234857988332986  0.31322183371892687  0.32472368384631539  0.33619289102593758
  0.34819392127303594  0.36103598784068608  0.37377925733021006  0.38476007294100001
  0.39497774918017858  0.40427495484447623  0.41452781348707390  0.42442487286596836
  0.43466428575764054  0.44453833916272556  0.45466772661072341  0.46572540824592057
  0.47633327679725634  0.48568745133536040  0.49442587416746736  0.50409984349046644
  0.51432352330875597  0.52388024175719794  0.53348633025121384  0.54377795669375628
  0.55519154738777665  0.56680578197594511  0.57814310343707553  0.58971820172961231
  0.60120207678845849  0.61161134301563469  0.62148156810724842  0.63120015099465610
  0.64047999466549377  0.64978543403157452  0.65827981443028238  0.66784945422345043
  0.67815637339648549  0.68844451242285498  0.69927562098872664  0.71072869383035997
  0.72210319936643352  0.73375811760757315  0.74417438326238572  0.75561942727633935
  0.76586601110755737  0.77632134898824579  0.78646061489892305  0.79685460539315123
  0.80747190250577228  0.81695253302091253  0.82636059744162460  0.83519774912175293
  0.84460777066041803  0.85374350562424250  0.86214558739684821  0.87043017525416189
  0.87949922884549658  0.88872012173548864  0.89845698486564574  0.90871539710653693
  0.91832987337090055  0.92851343499701611  0.93842317815952003  0.94954734868950874
  0.96167635586826516  0.97382524854561470  0.98662047262053687  1.00000000000000000
  0.43054385586956151  0.59788001059406526  0.63192122925814032  0.64757880663736256
  0.66366265052267892  0.67731492160291451  0.68877696915790476  0.69885136617683929
  0.70750909393261552  0.71596847878992009  0.72503721665114507  0.73325400512066463
  0.74151747896809195  0.74930846746480650  0.75614393085294440  0.76234039318037483
  0.76829899291879955  0.77394296067217649  0.77909387702871236  0.78451487507271966
  0.79025191064297240  0.79651467357357997  0.80243877436937128  0.80807591757946251
  0.81335711731649774  0.81776380460986398  0.82157394754259161  0.82524302899611546
  0.82881075695188489  0.83266137427246201  0.83672988999880016  0.84072644297930776
  0.84458180275785588  0.84823152883449815  0.85174819562057547  0.85523195570332244
  0.85869952187632004  0.86199092222998808  0.86495057354392324  0.86761589488919211
  0.87010993927387914  0.87259936677533712  0.87521900060245128  0.87814015494533559
  0.88123663226919369  0.88428219718074985  0.88724275973819955  0.89001088569112563
  0.89262506051302626  0.89510538852600374  0.89748844972629604  0.89994734604334026
  0.90256881820107637  0.90528005498353936  0.90800117850176154  0.91069847712890595
  0.91340456760601119  0.91581313805839271  0.91821041798889924  0.92062269448185374
  0.92298934101167218  0.92523459255537188  0.92733541255814012  0.92915745947634798
  0.93101868062132209  0.93289082904946574  0.93477250353811303  0.93661135277427532
  0.93863405207442707  0.94071376825816344  0.94290824290013453  0.94522213483261752
  0.94757180632203064  0.94993323820511122  0.95224734938657474  0.95442723302670118
  0.95660651981723854  0.95867611814316189  0.96066860916866725  0.96264210804713912
  0.96471048509326807  0.96673652531646903  0.96865902439107332  0.97053508929803722
  0.97244770100243638  0.97447680208855914  0.97660520643963211  0.97892533670964410
  0.98125647142660921  0.98356332779835798  0.98590012923827708  0.98830136872052332
  0.99076857294829457  0.99361009129148603  0.99656891698773720  1.00000000000000000
  0.00865002229725916  0.10500195074292576  0.11767704017732100  0.13020635888574533
  0.13978195259265197  0.14847647654046112  0.15749020599659463  0.16655865363365122
  0.17557002164989499  0.18382955177776714  0.19104248840326349  0.19698585318288434
  0.20239669044531372  0.20741388511455217  0.21214079511346595  0.21707780107601304
  0.22212670855115116  0.22726724337658719  0.23257733813734269  0.23852301384340052
  0.24460019029152838  0.24998319592835100  0.25483304795990747  0.25932358416869294
  0.26369080550286111  0.26815417559799398  0.27272891059647453  0.27754106475737428
  0.28270578828970233  0.28812621268598915  0.29363050930369500  0.29891961668827932
  0.30380470844146790  0.30847575943293193  0.31301964771907864  0.31766949091441204
  0.32251023367383930  0.32751675186570989  0.33351828167290765  0.33928190806388075
  0.34467936298388180  0.34986327144509338  0.35494856815080011  0.35998689826028929
  0.36516247593438522  0.37065699507742356  0.37651091708224382  0.38258471065987237
  0.38842055018347543  0.39394341180361475  0.39933883653231489  0.40458826761946554
  0.41037655257254052  0.41656193422732929  0.42263757023287385  0.42867848386084795
  0.43485903685381860  0.44138267742217535  0.44826214489633814  0.45494019632646693
  0.46121541707778979  0.46733185880710459  0.47346191082348793  0.47970382325769223
  0.48593267225596554  0.49223348309462100  0.49883574977258344  0.50567169394628730
  0.51269879177666522  0.51995648317171650  0.52759851683926362  0.53596293385255178
  0.54482610680728560  0.55380693137098802  0.56286300050785165  0.57203380177842389
  0.58175774464444774  0.59189480950252016  0.60206763424318632  0.61189135712836829
  0.62128495151547347  0.63089655870093087  0.64061566335382181  0.65025450392597683
  0.66019627507256406  0.67138976289106600  0.68445354863924068  0.69894066541266930
  0.71576054973802072  0.73194302302400838  0.74749863208480194  0.76385653174962831
  0.78340628812618041  0.80951251759834919  0.84704493533050951  1.00000000000000000
   1.3540161247582383E-009  -1.0000000000000000     
 F F F F F F F F F F F F F F F F F F F F F F F F F F F F F F F F F F F F F F F F F F F F F F F F F F F F F F F F F F F F F F F F F F F F F F F F F F F F F F F F F F F F F F F F F F F F F F F F F F F F F F F F F F F F F F F F F F F F F F F F F F F F F F F F F F F F F F F F F F F F F F F F F F F F F F F F F F F F F F F F F F F F F F F F F F F F F F F F F F F F F F F F F F F F F F F F F F F F F F F F F F F F F F F F F F F F F F F F F F F F F F F F F F F F F F F F F F F F F F F F F F F F F F F F F F F F F F F F F F F F F F F F F F F F F F F F F F F F F F F F F F F F F F F F F F F F F F F F F F F F F F F F F F F F F F F F F F F F F F F F F F F F F F F F F F F F F F F F F F F F F F F F F F F F F F F F F F F F F F F F F F F F F F F F F F F F F F F F F F F F F F F F F F F F F F F F F F F F F F F F F F F F F F F F F F F F F F F F F F F F F F F F F F F F F F F F F F F F F F F F F F F F F F F F F F F F F F F F F F F F F F F F F F F F F F F F F F F F F F F F F F F F F F F F F F F F F F F F F F F F F F F F F F F F F F F F
  <DiscreteSampler_grid>
  grouped_processes
  1 # 1 for a reference and 2 for a running grid.
  10 # Attribute 'min_bin_probing_points' of the grid.
  1 # Attribute 'grid_mode' of the grid. 1=='default',2=='initialization'
  0.0000000000000000 # Attribute 'small_contrib_threshold' of the grid.
  0.5000000000000000 # Attribute 'damping_power' of the grid.
 # binID   n_entries weight   weight_sqr   abs_weight
    19   10   2.450095500740056E-006   2.627838337502717E-011   2.450095500740056E-006
    20   10   2.450095500740057E-006   2.627838337502719E-011   2.450095500740057E-006
    22   10   2.450095500740056E-006   2.627838337502717E-011   2.450095500740056E-006
    23   10   2.450095500740057E-006   2.627838337502719E-011   2.450095500740057E-006
    25   10   6.125874115779550E-006   1.941927121188192E-010   6.125874115779550E-006
    26   10   6.125874115779544E-006   1.941927121188186E-010   6.125874115779544E-006
    28   10   6.125874115779550E-006   1.941927121188192E-010   6.125874115779550E-006
    29   10   6.125874115779544E-006   1.941927121188186E-010   6.125874115779544E-006
  </DiscreteSampler_grid>
