  0.00000217700618689  0.00000218972122322  0.00000220062954924  0.00000223580532701
  0.00000227356913871  0.00000231094908462  0.00000236116958086  0.00000242239121484
  0.00000249203610749  0.00000256044969547  0.00000262430577193  0.00000268346091152
  0.00000273782889237  0.00000281275933510  0.00000289587576726  0.00000298466500956
  0.00000307611556830  0.00000315938005937  0.00000324442956373  0.00000333279959902
  0.00000343313741863  0.00000354142270460  0.00000364860929930  0.00000375714696097
  0.00000387019880012  0.00000398041449205  0.00000409063692497  0.00000420905469271
  0.00000433472152511  0.00000447294289536  0.00000462063409055  0.00000477304631775
  0.00000492217949888  0.00000505724214672  0.00000521134202874  0.00000537104369878
  0.00000552843225992  0.00000569686778108  0.00000587803417320  0.00000606740206618
  0.00000626230110619  0.00000644993298797  0.00000664366296170  0.00000684652091403
  0.00000707032863417  0.00000730568684102  0.00000754643976587  0.00000779183100608
  0.00000804639768873  0.00000834530956918  0.00000866490786665  0.00000897907891986
  0.00000928096032348  0.00000964644150670  0.00001006945502856  0.00001052204003742
  0.00001105745237742  0.00001165750769596  0.00001229549222325  0.00001298171524547
  0.00001364479645029  0.00001433866080341  0.00001510836665066  0.00001599271246763
  0.00001702241893682  0.00001821660099379  0.00001956642627913  0.00002098909363052
  0.00002260574769550  0.00002417283524147  0.00002578958620127  0.00002761617832220
  0.00002969214017452  0.00003196443574150  0.00003451397225309  0.00003775086216980
  0.00004210263479918  0.00004723038268573  0.00005303651714662  0.00006079132078064
  0.00007035524940528  0.00007913427810953  0.00008938624566397  0.00010351449357337
  0.00012505388598774  0.00015652364025350  0.00019875550100508  0.00024249766388876
  0.00028711091169293  0.00035975001664730  0.00049645242292231  0.00076508265372450
  0.00136329552838769  0.00358115951706660  0.12252276054842001  1.00000000000000000
  0.00420532597793759  0.01522011434183236  0.02402349782856342  0.03366361031889370
  0.04403935608477772  0.05530524960265376  0.06676965258471841  0.07800840054421959
  0.08956745275226201  0.10068144043883333  0.11057529090252967  0.11945227344353580
  0.12827235888445018  0.13752328874091244  0.14732054088614263  0.15814440217618503
  0.16881023028987197  0.17933036824647619  0.19035899774250262  0.20146207331721488
  0.21321113964324107  0.22441932070886406  0.23668523882566822  0.24978178162221620
  0.26199021291565849  0.27427561042173576  0.28629784103330863  0.29798779352243648
  0.30771479227080306  0.31852829007420358  0.32934370972570476  0.34078668862129186
  0.35021192819189029  0.35950260214639845  0.36894576978176680  0.37892307134805375
  0.38954939971257635  0.40096651698078056  0.41179035466352443  0.42290694539235568
  0.43328244029009821  0.44471698713622276  0.45568955675455136  0.46649186320717739
  0.47711916620231826  0.48762329192643972  0.49855134583427868  0.50999917656030647
  0.52123551506985200  0.53171650774035195  0.54069178820900810  0.55045578877875390
  0.56008206980850150  0.56906904198863217  0.57924149839269012  0.58893556516409196
  0.59926843377096939  0.61061142847159289  0.62202024980675252  0.63458986644567672
  0.64586033493917383  0.65652513612299490  0.66656724485744268  0.67680731551772788
  0.68717107948815070  0.69883386091096489  0.71089877455588313  0.72360918592710888
  0.73619969910568528  0.74746655908514126  0.75821281922955275  0.76879255368261334
  0.77918447917616573  0.78750851056681170  0.79548965517088321  0.80323335184121336
  0.81083268477194459  0.82112859268181249  0.83469578768433195  0.84901300904160459
  0.86146988403862745  0.87280885191424507  0.88431290390975192  0.89543286532664468
  0.90600516433612233  0.91621669155563923  0.92541117006240847  0.93365675633815215
  0.94137528198746312  0.94952596916867371  0.95885868051555112  0.96795127655994739
  0.97713073084584778  0.98506811990010101  0.99218469971142464  1.00000000000000000
  0.00000413037813336  0.00000658450615295  0.00000793385081367  0.00000860090822974
  0.00000942332703144  0.00001015328128662  0.00001076653612974  0.00001135120019974
  0.00001192236999003  0.00001244712866999  0.00001306318619479  0.00001388615206417
  0.00001494935938180  0.00001612739381292  0.00001737278211451  0.00001855997534339
  0.00001956250193588  0.00002051867111838  0.00002152494033234  0.00002270164412890
  0.00002403821056089  0.00002548764004435  0.00002704197924677  0.00002885732454066
  0.00003083685854091  0.00003311430995043  0.00003560768749626  0.00003814501716129
  0.00004077545146197  0.00004352740525850  0.00004642818681505  0.00004962528461774
  0.00005352498898613  0.00005779894668400  0.00006226486519746  0.00006679726867562
  0.00007157380758421  0.00007663201241245  0.00008294637089967  0.00008986648737081
  0.00009745423665678  0.00010496246273550  0.00011343552602286  0.00012231786098387
  0.00013248039605883  0.00014348385136981  0.00015621749768775  0.00017051253125910
  0.00018568803016001  0.00020245531568247  0.00022077628991598  0.00024002404555326
  0.00025811810922338  0.00027796873270549  0.00030134909332241  0.00032933823820170
  0.00035852161865647  0.00039173156673648  0.00042589970237794  0.00045670764139561
  0.00048301808790496  0.00050766146411342  0.00053340692104096  0.00056055268666563
  0.00058913809569470  0.00063362358507218  0.00070503111802095  0.00080337472804354
  0.00092385714112191  0.00107008492643535  0.00120047274052622  0.00131087511961738
  0.00141783972384659  0.00152561592311274  0.00166102598425425  0.00185217408992288
  0.00214230401573012  0.00243346083300610  0.00266754053978907  0.00287344330746833
  0.00309058525867678  0.00333255264691759  0.00349170549339508  0.00365441988270186
  0.00385958171441675  0.00439589203535429  0.00517084958536460  0.00586595971650330
  0.00634262520921323  0.00682482383706796  0.00736950513384722  0.00890440501260473
  0.01055916974292094  0.01275045154762102  0.04009440281317770  1.00000000000000000
  0.00000407895857833  0.00000618129634918  0.00000739731546376  0.00000819624984944
  0.00000895297600811  0.00000995130865931  0.00001111112740676  0.00001249925253979
  0.00001372172116705  0.00001517560089724  0.00001666726617324  0.00001825641244430
  0.00002019373711849  0.00002241352915235  0.00002488926021002  0.00002787637704997
  0.00003098031192413  0.00003444281903315  0.00003886806743273  0.00004442692862940
  0.00005058574489797  0.00005713706087381  0.00006418099098282  0.00007199337186763
  0.00007978063541715  0.00008767462429498  0.00009642319428309  0.00010632713918482
  0.00011666478100059  0.00012764959055687  0.00013970235726289  0.00015307093840858
  0.00016633908066999  0.00018245927875250  0.00019925134913311  0.00021795961773366
  0.00023706780589944  0.00025261722519692  0.00026861034104860  0.00028474792065079
  0.00030176930514958  0.00032660435823663  0.00035221518175400  0.00037573422947044
  0.00039789270439054  0.00042136773607490  0.00044410744461394  0.00046699545991167
  0.00049112119665632  0.00051940572284516  0.00055149623173374  0.00058568491365279
  0.00061780667435564  0.00065308115368870  0.00069530763828317  0.00074455117250718
  0.00080808134765233  0.00086800600110163  0.00093017776411367  0.00098857086751735
  0.00104071433570351  0.00109441776988477  0.00115057853279906  0.00120212879957198
  0.00127324390815066  0.00135570985943707  0.00145493342413978  0.00157562321282318
  0.00169606890519851  0.00181018777338295  0.00191596082210124  0.00202025775593503
  0.00214576864470416  0.00230159232436635  0.00246152620886234  0.00258614218073704
  0.00268986573949159  0.00280541769692268  0.00293258819672723  0.00305803422569984
  0.00317350234708811  0.00324614467889615  0.00333844268656100  0.00346443131440367
  0.00359562529829992  0.00403756848094207  0.00455976654708974  0.00504444517404572
  0.00541044523408154  0.00576576886088416  0.00611001687137286  0.00663237442113948
  0.00737283033820048  0.00990555014235312  0.05256506377687990  1.00000000000000000
 -0.00243494887637520  0.00758352199760013  0.01596718623263528  0.02347535334304986
  0.03049300998405866  0.03748234444183671  0.04491989316236162  0.05217695125855706
  0.05959829253414863  0.06781416978342646  0.07586381108265068  0.08428335475602196
  0.09249905210317966  0.10093221997897431  0.11006219794067033  0.11883732240352793
  0.12760269884737105  0.13581438494306258  0.14546577360216242  0.15538238591185935
  0.16563772690250431  0.17502529670963854  0.18429357618357409  0.19175337091493788
  0.19956307806232240  0.20697826166923242  0.21545430689667766  0.22622299728394737
  0.23783591540284713  0.24997786879416917  0.26338625494122653  0.27724078502358807
  0.29085050937320189  0.30425135598960773  0.31723018770388545  0.32989176635028350
  0.34305439771150670  0.35592018280739540  0.36825761172641319  0.38075117272579917
  0.39325861020450398  0.40595884673511429  0.41797643486025476  0.42992747579370494
  0.44182178448624154  0.45379053111470874  0.46684893289720908  0.48037725519829955
  0.49287345328110715  0.50415017804589501  0.51485400274594284  0.52640378537201327
  0.54012837412637360  0.55416169236724888  0.56707999759541838  0.57966755610933041
  0.59161065076432129  0.60336069705514794  0.61608035762192670  0.62988432906034997
  0.64339944496638468  0.65720437612975779  0.67097079251761094  0.68419064526068274
  0.69704414137172566  0.70979314659603143  0.72058861318574474  0.72992072997858837
  0.73918301473902992  0.74886807368383479  0.76046352284295415  0.77315043351611989
  0.78594001104695144  0.79844953641471661  0.81078935996311652  0.82299363409985804
  0.83414365872161433  0.84546428155507625  0.85598795217535784  0.86720321571412529
  0.87845904493581362  0.88831454479327276  0.89740978397707383  0.90529687194955577
  0.91422738952968585  0.92214482043501556  0.92977119291536314  0.93700430285947722
  0.94411892158746380  0.95186142429855713  0.95921392951886852  0.96669865564887536
  0.97475859284906941  0.98273153096922672  0.99134687152901246  1.00000000000000000
 -0.00234394909934915  0.01033688020700406  0.01971139483405818  0.02999077467614445
  0.03727131168660286  0.04499727476662153  0.05316982161676406  0.06231931465308695
  0.07502843319685018  0.08924128834009025  0.10208550048739942  0.11487020073920298
  0.12790079344234889  0.14144080478835952  0.15453975857490765  0.16669267558782438
  0.17795321630103661  0.18927733607125502  0.20039868634959754  0.21140955635599501
  0.22184375225628691  0.23216087343398598  0.24251570102951525  0.25261520045754732
  0.26253341497533328  0.27316339287449071  0.28558295528641969  0.29748062996295022
  0.30753296263252455  0.31672781479066631  0.32602629021436746  0.33620441251819383
  0.34730452504169640  0.35870145684470262  0.37117437239183820  0.38179896021723603
  0.39196012103275957  0.40205182747541313  0.41258111544319875  0.42405443497110429
  0.43527478256987545  0.44585506093160676  0.45543497571558750  0.46442306350345530
  0.47353342050842284  0.48381180243181454  0.49431728380125772  0.50536015953645086
  0.51665132115749046  0.52709652433613419  0.53683660318847226  0.54519146714877165
  0.55463096309215432  0.56425416211627955  0.57545986319261966  0.58613253548537947
  0.59727739939305324  0.60780871172582096  0.61858618768812978  0.62925505961435146
  0.64110009232829623  0.65348444742218159  0.66472206194130590  0.67455013966513777
  0.68409648655872779  0.69383519201377974  0.70527237792823927  0.71595925174315855
  0.72535586062816526  0.73467467326785885  0.74525318553621978  0.75690224116850002
  0.76903768983182019  0.78113923694612009  0.79035405513646784  0.80047032719401823
  0.81072802491068263  0.82187413374293949  0.83423683656690906  0.84755398326700315
  0.86139503909587012  0.87418992545723972  0.88485003721628086  0.89425802169697577
  0.90318756168653824  0.91259248610431132  0.92225205177339598  0.93152618066592041
  0.94065800365400798  0.94947047922991346  0.95717445727849004  0.96421431751630438
  0.97101016133617191  0.97871351811295948  0.98803915024546995  1.00000000000000000
 -0.00409836566218167  0.02529573258436351  0.05481876967514818  0.08040520965308569
  0.10433373685907088  0.12885349003057819  0.15103914647192865  0.17284595809363443
  0.19256685377835053  0.20868426134641624  0.22393546424821678  0.23893245185229406
  0.25484126424750525  0.27276611446134075  0.29218729589229447  0.31236243614730186
  0.33038552256393372  0.34524874460573401  0.35879841564921461  0.37216455165447071
  0.38636812634814832  0.40035009514572684  0.41257879416640236  0.42418365063512986
  0.43630666218678921  0.44896281025963053  0.46090778368654028  0.47231479072798338
  0.48418944031979938  0.49572491013732795  0.50763673976155588  0.51913283854040382
  0.52988784330061367  0.54009971060145767  0.55076377050592618  0.56217750519072385
  0.57371996921948010  0.58346307595450786  0.59161875959861188  0.59943397100320817
  0.60770799518766871  0.61562934280890258  0.62313527382711575  0.63057392406142077
  0.63842036923832346  0.64735290201535034  0.65719089745471349  0.66727429428017415
  0.67621489806788460  0.68405007816046037  0.69223802007536439  0.70145270039590313
  0.71112239892970641  0.71952474682133472  0.72705290569699343  0.73480760807590839
  0.74192020263643499  0.75028860530732355  0.75705766979056843  0.76384846411375040
  0.77082471863248891  0.77792104404294971  0.78437540320151189  0.78948686156856918
  0.79448210509302275  0.80024760897330249  0.80626170065275937  0.81193843172598490
  0.81821080907299581  0.82555017976704359  0.83297787986770289  0.84060840421649952
  0.84783175191227511  0.85461490982976340  0.86111610542850237  0.86748235657474249
  0.87398793827094556  0.88073010455517142  0.88785524855183551  0.89531398255216876
  0.90267276762077242  0.90971404374014608  0.91648055964222286  0.92335082892287823
  0.92967493492642717  0.93546753230388180  0.94150994580091429  0.94762337142574526
  0.95420110274251224  0.96099030795525764  0.96768582144121673  0.97428886132683878
  0.98063932341737803  0.98697284353169912  0.99344486525436182  1.00000000000000000
 -0.00236975370564039  0.00933400310072578  0.01869228762045396  0.02680095820523857
  0.03414224127800775  0.04144887965932235  0.04919527908190609  0.05750711785818940
  0.06575207599466625  0.07359798294788607  0.08233857198272601  0.09263116459154364
  0.10153417002902047  0.10911590792308785  0.11641914477024487  0.12545929598686559
  0.13765855392933188  0.15017720733418774  0.16121290074209760  0.17203736229139599
  0.18289291650570089  0.19477981771744377  0.20720602130439741  0.22018420337412745
  0.23227486008094814  0.24253823916459333  0.25258937673931647  0.26327066409626187
  0.27498094100970905  0.28802149572115388  0.30081089350741780  0.31298731409634789
  0.32410204889596983  0.33495426850533683  0.34587567320644874  0.35652182353979467
  0.36786004463320587  0.37936904638831015  0.39152922385454164  0.40248323534037239
  0.41396021633677443  0.42469237076977662  0.43519558447017309  0.44468086248386751
  0.45421525322450568  0.46079329982107731  0.46686819681646285  0.47357169286594064
  0.48008810261386381  0.48639432626962564  0.49608583502047959  0.50823705037275757
  0.52127158464141332  0.53357571415945648  0.54566102195158883  0.55758720017039598
  0.56938853228310349  0.58151550306206223  0.59361146241464002  0.60626652367168732
  0.61913535370018125  0.63181151357559950  0.64261645975831438  0.65328552957189645
  0.66424134552351066  0.67494010762857859  0.68604990487785311  0.69716968186455175
  0.70783087104792886  0.71878380586270352  0.73043585400066358  0.74251774174902785
  0.75452788458756004  0.76689937502833538  0.77667036784365640  0.78695312002042339
  0.79759583901921050  0.81149374886229342  0.82387022601704063  0.83525744056965834
  0.84594062619665256  0.85526215345214440  0.86320708873250840  0.87036539790756828
  0.87755061551132807  0.88556687986385307  0.89503482671225398  0.90646215408114950
  0.92043069571126124  0.93312501491260236  0.94450306076807400  0.95513371699913652
  0.96741603141092503  0.97968860413679104  0.99043384650000166  1.00000000000000000
 -0.00255229820453988  0.01093660156650134  0.02037523263776500  0.03135342692570865
  0.04032714018625669  0.04940388409021749  0.05817226963847864  0.06932351762385512
  0.08245795975040635  0.09458221550569700  0.10485358938133654  0.11400317077718086
  0.12372180264589221  0.13317115394422649  0.14346858275952781  0.15523827967566042
  0.16920934755657790  0.18252537386715473  0.19483236762987166  0.20657221087615171
  0.21886420725289918  0.23158201912038848  0.24430401531752291  0.25499886966194607
  0.26417470226320894  0.27288214722072396  0.28240242101742674  0.29311554478105656
  0.30322113132941547  0.31220661738638888  0.32043494623030294  0.32869943143298358
  0.33784211190965729  0.34747357447861271  0.35769523616506416  0.36647603798138401
  0.37295980583649735  0.37969535501544194  0.38674091696931540  0.39538231726866835
  0.40614282405344931  0.41591827426794992  0.42607370255136945  0.43645608739258496
  0.44656483865645324  0.45615801668490286  0.46690345612503509  0.47749675249631696
  0.48788127680619425  0.49863788525891034  0.50931493436422293  0.51977931654021892
  0.53039694133378767  0.54167705295613999  0.55385470099385226  0.56633687477376482
  0.57909237413280601  0.59014511299982886  0.60036282524682960  0.61089242992424975
  0.62315165443095677  0.63664265069315140  0.64932508452018090  0.65969951484355416
  0.66904223449026712  0.67788403060505908  0.68717812912597054  0.69662633243503547
  0.70629325686308775  0.71527429173641766  0.72315793681303986  0.73049870768533021
  0.73831313514594388  0.74702868632591546  0.75684799692816551  0.76834140916246652
  0.78061234162658277  0.79240875393177113  0.80369821570071875  0.81370992446571189
  0.82423224273661388  0.83525734848208588  0.84639952760285053  0.85796274297159403
  0.86893859658546668  0.87987433840232954  0.89173264635315652  0.90399706560435666
  0.91615933072699418  0.92986846508836807  0.94354277345114890  0.95652990101543567
  0.96885429488379449  0.98102220394760209  0.99097687949418090  1.00000000000000000
 -0.00008176614872700  0.00004386640391577  0.00018998923680271  0.00043398125202694
  0.00062297887871398  0.00072621534191274  0.00083093092272261  0.00093665277766354
  0.00103883709875803  0.00114035637214893  0.00125003322044595  0.00135942248914227
  0.00146719626611179  0.00158067697728777  0.00170223061515781  0.00180206315716090
  0.00189559462083163  0.00199163487709999  0.00208923613935718  0.00218277213993644
  0.00227299873504116  0.00237419598713916  0.00248753537765129  0.00260253068942436
  0.00272005626310660  0.00284789880406015  0.00297556945839060  0.00310311730640311
  0.00323006813262809  0.00335741823604553  0.00348524477907152  0.00362644198551228
  0.00377538330179848  0.00392969346167193  0.00408682570014391  0.00424385958555910
  0.00440221050411653  0.00456494008992693  0.00470313769801850  0.00483451402734512
  0.00495443757579660  0.00506451555391345  0.00516230559809819  0.00526698100451407
  0.00538620648621440  0.00550387005420820  0.00561951194788445  0.00575025108216900
  0.00590645653859635  0.00605685240283985  0.00620988042753708  0.00641975457856084
  0.00668915901482046  0.00700871680724918  0.00739022649449239  0.00770547825206040
  0.00799061097442865  0.00826488091886056  0.00843077936852384  0.00855184970885514
  0.00867080941022181  0.00878729488464613  0.00890637673808303  0.00903253983701559
  0.00917788643362112  0.00962011855144270  0.00994948961165405  0.01023481154110016
  0.01053785802683996  0.01080978219035841  0.01118732679890433  0.01158434680203927
  0.01192821979744292  0.01234668587772480  0.01282135996489820  0.01311591886200737
  0.01340683253221248  0.01369361601806943  0.01398739568073098  0.01458191947041379
  0.01542039776277906  0.01572811396128112  0.01594378430338858  0.01616060170972926
  0.01642155645936363  0.01687898935476692  0.01904396656160769  0.02241206782011155
  0.02326653797804675  0.02420287235867587  0.02837822707943026  0.02890724970690062
  0.03195543115409496  0.04137890477771497  0.08182003699734283  1.00000000000000000
 -0.00263440667273595  0.00858947996916209  0.01845786502605808  0.02761852288512107
  0.03631950022912554  0.04471854511974015  0.05322966407817316  0.06267531900776005
  0.07242358711321721  0.08162378672047044  0.09091039372611391  0.10067992281376029
  0.11045588166374845  0.11997030873836834  0.12956776490472235  0.13886402913145798
  0.14913367199936256  0.15976773873813793  0.17016146212259281  0.18031730439573004
  0.19015586160228340  0.19965926318825591  0.20945674314240931  0.21902940233196158
  0.23034303302226058  0.24158516542827485  0.25242564369066639  0.26335742036635490
  0.27451178542497745  0.28699688888204572  0.29927141392500467  0.31139313725645174
  0.32258654433952205  0.33380821799449267  0.34560425261368111  0.35842255910785309
  0.37162129504739033  0.38459772840687206  0.39722609106692430  0.40985145984341065
  0.42208027338150389  0.43204159950514726  0.44018381248206762  0.44863979007799842
  0.45761009296173150  0.46723357436370211  0.48002425517422953  0.49203405105210596
  0.50410813482764627  0.51830718047105073  0.53259333899421735  0.54597307195589428
  0.55937012637151373  0.57391809010160078  0.58799233455135436  0.59893465317092298
  0.60876404181526411  0.61858761868501000  0.62896197445713764  0.63890309109616039
  0.64928404635977399  0.66126392533934697  0.67469289575146996  0.68660152794912865
  0.69691879769861842  0.70702826480889847  0.71738212097016474  0.72836019986766021
  0.73981112728867082  0.75105891373130085  0.76264507214163635  0.77454905660370887
  0.78570578280798875  0.79611509843724015  0.80697694399994524  0.81872339740274624
  0.82931093517490895  0.83813673979612258  0.84687895094252408  0.85538670251477633
  0.86374639482409554  0.87610966886135155  0.88652115222168903  0.89573180336383973
  0.90386533370176336  0.91121158272994895  0.91914814868329908  0.92697748910665445
  0.93541990142631604  0.94467167817749098  0.95415297477908756  0.96326353857735691
  0.97249991541538061  0.98181570500739446  0.99108039317256547  1.00000000000000000
  0.51593445836606755  0.54560454158822136  0.56039596075271736  0.57031899865357827
  0.58150002791229882  0.58897637446564544  0.59612053778159546  0.60256277532814917
  0.60889853189092558  0.61521801399754761  0.62317473684078295  0.63007588766332723
  0.63727660790861329  0.64545504663302489  0.65212177690056783  0.65946356265310990
  0.66615382788796784  0.67236729959391506  0.67879175086835364  0.68480617392936249
  0.69069279458593502  0.69664609144430689  0.70263060052128035  0.70899429559771798
  0.71606877550159487  0.72228722187137517  0.72819582846080588  0.73426942353090252
  0.74041659840096874  0.74582764993590678  0.75137426747419578  0.75694311199631581
  0.76230015409572549  0.76738693040058892  0.77254480786396718  0.77786342000497022
  0.78359413622640273  0.78895408680082757  0.79414710935203026  0.79937074828509480
  0.80463393775864511  0.80977408097866910  0.81472236532385700  0.81931815215815140
  0.82363676178078593  0.82797317338345888  0.83246492638428837  0.83698012391608667
  0.84146025128072055  0.84593127130967438  0.85032552344090628  0.85459026674271232
  0.85868434230747126  0.86260009281111594  0.86672904855787192  0.87082030706819924
  0.87502061978161561  0.87911136413897795  0.88300670375617141  0.88673465989622824
  0.89033598286531901  0.89392133921371375  0.89751648217312607  0.90117424475299834
  0.90501164754565100  0.90892943910254242  0.91293947300382794  0.91685528386951376
  0.92039182559949728  0.92390366546754277  0.92719515194554369  0.93040665867270644
  0.93363575408247546  0.93690120319501680  0.94008014301306464  0.94322588541727326
  0.94631845570319295  0.94935424172778649  0.95252749555151972  0.95594275917585336
  0.95905659853224978  0.96190985875926138  0.96459296048112009  0.96717291135692640
  0.96981482612013592  0.97281140584657710  0.97581026048887387  0.97871131135595635
  0.98154021924531043  0.98386034722314719  0.98597419299467470  0.98806172538442572
  0.99025414662469913  0.99281934393199966  0.99578613207951339  1.00000000000000000
  0.01446282472242542  0.15925022343474515  0.20052091480984233  0.23140409714896987
  0.25106778668462909  0.26842530988308883  0.28483593570290400  0.30131402884969305
  0.31749771126353005  0.33234161582544247  0.34349670881979172  0.35319282458518642
  0.36254555173147679  0.37239704953679625  0.38255436089334427  0.39148583130320852
  0.39997905244550935  0.40878882083740320  0.41758450709984035  0.42694355547479590
  0.43629212569626202  0.44458021506958301  0.45299469530786590  0.46063092922276766
  0.46740878103081751  0.47439299651686845  0.48124327994953719  0.48817810497483388
  0.49536277352203928  0.50222028433325194  0.50956715915725093  0.51689839707731888
  0.52418708239739287  0.53172813588664580  0.53960551933232326  0.54744498308850398
  0.55519297862271066  0.56222998115729272  0.56846885648396095  0.57489559728406414
  0.58123873849847862  0.58779506850299157  0.59417514259485860  0.60029127792645043
  0.60617504958715618  0.61153022867266871  0.61723653189732108  0.62268944740731735
  0.62826392648944840  0.63412774380320913  0.64025298886927451  0.64552133106338927
  0.65058409219588731  0.65559485987143273  0.66054431399333557  0.66563065462237447
  0.67027787877256051  0.67495115328826105  0.68028981507970687  0.68599944521711409
  0.69142678902904509  0.69657382923591826  0.70161035589733256  0.70671297955262058
  0.71154482739114910  0.71606204377543048  0.72014736129295653  0.72438969945202958
  0.72881912993414422  0.73363040852156158  0.73783814013794058  0.74101246731132819
  0.74425484203342418  0.74755987685941072  0.75078885377526960  0.75412434267332484
  0.75883053223999186  0.76559264716492748  0.77268974975857263  0.77936747032640763
  0.78561847371802385  0.79192359222399011  0.79876897651652268  0.80476892989411031
  0.81054923230240217  0.81704791971131385  0.82486131138107088  0.83277166264331770
  0.83951935866432781  0.84684085567253387  0.85463518610479461  0.86427990574263291
  0.87794689991122921  0.89079803241706224  0.91738618405198813  1.00000000000000000
   1.8594816056943896E-006  -1.0000000000000000     
 F F F F F F F F F F F F F F F F F F F F F F F F F F F F F F F F F F F F F F F F F F F F F F F F F F F F F F F F F F F F F F F F F F F F F F F F F F F F F F F F F F F F F F F F F F F F F F F F F F F F F F F F F F F F F F F F F F F F F F F F F F F F F F F F F F F F F F F F F F F F F F F F F F F F F F F F F F F F F F F F F F F F F F F F F F F F F F F F F F F F F F F F F F F F F F F F F F F F F F F F F F F F F F F F F F F F F F F F F F F F F F F F F F F F F F F F F F F F F F F F F F F F F F F F F F F F F F F F
  <DiscreteSampler_grid>
  grouped_processes
  1 # 1 for a reference and 2 for a running grid.
  10 # Attribute 'min_bin_probing_points' of the grid.
  1 # Attribute 'grid_mode' of the grid. 1=='default',2=='initialization'
  0.0000000000000000 # Attribute 'small_contrib_threshold' of the grid.
  0.5000000000000000 # Attribute 'damping_power' of the grid.
 # binID   n_entries weight   weight_sqr   abs_weight
    10   10   3.172717168059310E-001   7.833284003138825E-001   3.172717168059310E-001
    11   10   3.172717168059305E-001   7.833284003138797E-001   3.172717168059305E-001
    16   10   3.172717168059310E-001   7.833284003138825E-001   3.172717168059310E-001
    17   10   3.172717168059304E-001   7.833284003138795E-001   3.172717168059304E-001
  </DiscreteSampler_grid>
