  0.00304805793910089  0.01255085168513007  0.02393543398338669  0.03499961758309477
  0.04603641003282438  0.05645014735504217  0.06678021822797409  0.07680833188097964
  0.08690069304169876  0.09731069212297834  0.10826868154658367  0.11966988762356788
  0.13067613693804353  0.14126943776380402  0.15188854366719423  0.16269992509895120
  0.17344998037985720  0.18410774749080649  0.19519313398009847  0.20642067608423642
  0.21726667717231965  0.22762451035595421  0.23827779164654653  0.24861304753903363
  0.25865571762269485  0.26862423781847122  0.27904398665069624  0.28979190624051987
  0.30042529512231658  0.31063162505928393  0.32024624516891126  0.32960680523489344
  0.33901113929832849  0.34856987783565679  0.35832824381269174  0.36841761882617330
  0.37919370952934411  0.39020066531692055  0.40095730902156113  0.41185639512245559
  0.42270802283829290  0.43348193623909415  0.44412900331761529  0.45431836517840962
  0.46498061012935316  0.47541667755250322  0.48587924338287830  0.49609465097985522
  0.50674430062133879  0.51789894851304918  0.52878219168765694  0.53933067560208181
  0.54977992983786550  0.56044868158610939  0.57113188640921952  0.58185570587472690
  0.59257134530456523  0.60312069044073069  0.61331695211389248  0.62361543820190046
  0.63407217614775491  0.64450142147986844  0.65464187690703612  0.66472181354333693
  0.67475931967704372  0.68484587822836496  0.69522507913433851  0.70581679537376785
  0.71635077218084264  0.72695817741238777  0.73776912422116325  0.74878174720005164
  0.76007293803596077  0.77146528630326927  0.78215193474199551  0.79241947282133607
  0.80221740266358466  0.81224670062889526  0.82221337800372096  0.83219803611638388
  0.84233361500429427  0.85244431078075300  0.86257932124174164  0.87251299886353284
  0.88224082265448189  0.89218725695187184  0.90197017276397640  0.91204319185114668
  0.92217366096097919  0.93248935969822588  0.94287081113648197  0.95351143991529896
  0.96425784780443025  0.97440046095406663  0.98433031398843052  1.00000000000000000
  0.00334115992731646  0.01252885964021984  0.02351676776751731  0.03495779656750445
  0.04607214114338408  0.05726585618214256  0.06836658271165484  0.07956550714721375
  0.09057148535198838  0.10124266427701169  0.11172757537985839  0.12219162681229842
  0.13279810095530434  0.14372933443480640  0.15499593971365130  0.16631611009926189
  0.17751930354871254  0.18875119614526054  0.19946299417049929  0.21010014533102173
  0.22046610250815063  0.23059832027305219  0.24083514686686364  0.25126382713512474
  0.26235022830205962  0.27338414180007869  0.28451872064356193  0.29582941261180790
  0.30720843199847264  0.31806440297880040  0.32846649960409657  0.33908422756589052
  0.35039708982717838  0.36203068600183791  0.37341686887010966  0.38427019496768916
  0.39467232344715691  0.40463129003045584  0.41448631557329341  0.42428115030626751
  0.43404704224193219  0.44381970713805718  0.45371598291685816  0.46388144090559336
  0.47442621863930634  0.48534782657547593  0.49666105123491927  0.50751705603010999
  0.51762315269617931  0.52721090915342617  0.53685536355595609  0.54673610159962349
  0.55689620758938130  0.56733606126518421  0.57807416712323045  0.58863657649646683
  0.59919470663252650  0.61010154329522570  0.62135622081109554  0.63268084961222393
  0.64388494977193966  0.65512211435456380  0.66614600363860976  0.67647882626317513
  0.68627297181849323  0.69617877318482257  0.70643010883696478  0.71675854807644634
  0.72726618058152259  0.73800629853634925  0.74873180621965307  0.75944482379554845
  0.77023355263216564  0.78090352892371917  0.79116876107248557  0.80165173758605457
  0.81242634125376467  0.82309543636845506  0.83329912411793916  0.84329801495404988
  0.85329618509858896  0.86382535482509559  0.87432166506727016  0.88477845843483593
  0.89514169567937829  0.90552989146181395  0.91583305917398872  0.92603641329142572
  0.93648811439357293  0.94712325413191545  0.95728729673840030  0.96654064154822272
  0.97589082998830767  0.98444624742411768  0.99274355536037040  1.00000000000000000
  0.00012017995442647  0.00016779174166135  0.00020220996937914  0.00022578983812366
  0.00024462079337347  0.00026159847860152  0.00027756244780336  0.00029296130014083
  0.00030801752334466  0.00032325133857717  0.00033831797232880  0.00035351766615057
  0.00036897613901736  0.00038473298873757  0.00040078019087246  0.00041669270459211
  0.00043257165081932  0.00044880417680412  0.00046546577773334  0.00048247004877186
  0.00050026252001021  0.00051809937250751  0.00053663210321979  0.00055635952369411
  0.00057681933271408  0.00059733780631767  0.00061797472494373  0.00063898599452230
  0.00066077529001093  0.00068412890551457  0.00070847272011027  0.00073349022931849
  0.00075911611198043  0.00078627624798363  0.00081486210871097  0.00084486786386048
  0.00087724562326223  0.00090954624663506  0.00094184084248225  0.00097546146384512
  0.00101006858575966  0.00104496428361174  0.00108107201423106  0.00111860421348800
  0.00115781432636480  0.00119893405367248  0.00124102275244731  0.00128332565235202
  0.00132857122133278  0.00137907530254393  0.00143305244334061  0.00148676524439420
  0.00153915947687422  0.00159197817476200  0.00164727424721658  0.00170754651248789
  0.00177552600701604  0.00184557587130996  0.00191853545371082  0.00199402359193170
  0.00207269530045704  0.00215527315918893  0.00224191995676324  0.00232840420418394
  0.00241781921765021  0.00251779383076180  0.00262870004033025  0.00275009553843335
  0.00287657339793950  0.00299788263393817  0.00312665777720195  0.00326392100062689
  0.00341931555726865  0.00360296657460468  0.00380051376279179  0.00400440643070565
  0.00419637007993910  0.00438744553387144  0.00460926908305965  0.00487494305811757
  0.00513857150867717  0.00543981993140859  0.00578976609687281  0.00616840605313910
  0.00657590467271156  0.00702256857519632  0.00751760275825548  0.00808502763478545
  0.00858762366793453  0.00920898740708299  0.00994520772896249  0.01071699071450406
  0.01163601785041513  0.01303684134240942  0.02824988105271310  1.00000000000000000
  0.00000290478051878  0.00000337629547155  0.00000378178422949  0.00000429896360923
  0.00000495766181581  0.00000574952552406  0.00000667971594426  0.00000778635024582
  0.00000909232954790  0.00001065291337266  0.00001249662216774  0.00001459755079862
  0.00001707694841003  0.00001983470626633  0.00002303817983154  0.00002683210098076
  0.00003122720390945  0.00003598290688242  0.00004102781107636  0.00004651644110287
  0.00005273539180994  0.00005967187611217  0.00006699590117194  0.00007459344410636
  0.00008275724998976  0.00009168141303030  0.00010114367595372  0.00011178418147497
  0.00012224097288085  0.00013290320225118  0.00014401382053895  0.00015555376154822
  0.00016776485301797  0.00018082729877916  0.00019486584059573  0.00020985647806014
  0.00022580823762685  0.00024266965632805  0.00026030058816717  0.00027903087294421
  0.00029860026485752  0.00031957361308627  0.00034128395593704  0.00036375064094315
  0.00038617485840174  0.00041012280532376  0.00043420535571673  0.00045951231869700
  0.00048617373045619  0.00051298175599095  0.00054272703306247  0.00057624336735172
  0.00061360121149190  0.00065261558826600  0.00069392993141117  0.00073824056584424
  0.00078468312383132  0.00083265145077091  0.00088511373748568  0.00094226681766688
  0.00100169631896338  0.00106380536569537  0.00112925340595772  0.00119632097333539
  0.00126577776304995  0.00133593500674046  0.00141330282661561  0.00148764671580082
  0.00156818407936700  0.00165888215085968  0.00175832409569056  0.00187182128807888
  0.00199482291135660  0.00210743968683518  0.00221925558575613  0.00233930666274111
  0.00247202259386402  0.00264729219246795  0.00286216892117777  0.00308285181755751
  0.00330150838026348  0.00353277231081636  0.00377543916546039  0.00408328720922837
  0.00442771907509939  0.00479194471430662  0.00517424658344111  0.00553606014641622
  0.00588381260583679  0.00629086023871161  0.00683536313634594  0.00760748490023693
  0.00865275256029286  0.01040912966555262  0.19253942542519537  1.00000000000000000
 -0.00246433338464621  0.00994390486167965  0.02049458562677226  0.03136910823525449
  0.04196648754268302  0.05223726648319529  0.06288916096613106  0.07413468320188010
  0.08554443586470734  0.09635480959589163  0.10684794123784015  0.11727659967724541
  0.12785316668983504  0.13846370503000860  0.14855981869074611  0.15886606161310948
  0.16903035525006169  0.17881058596509214  0.18851990545884573  0.19861310224631870
  0.20911925000351331  0.21948500336729596  0.23004205819494672  0.24055379572312732
  0.25089781788905097  0.26125007086141111  0.27162077469222101  0.28196821853130721
  0.29230080435555061  0.30285290560600836  0.31376313054668420  0.32474440216735939
  0.33578170797040796  0.34660653331371588  0.35719116498532261  0.36772084404622674
  0.37821243724074238  0.38852907825952709  0.39855175179467633  0.40834405660107154
  0.41842063723680040  0.42864844195907031  0.43897816068926493  0.44955104525578915
  0.46024814529334312  0.47079226598414353  0.48095555672688811  0.49092913099121244
  0.50111187742470709  0.51147426452056255  0.52201147485028243  0.53270910948731076
  0.54343868543859108  0.55432042609454468  0.56535173629189606  0.57640709292542613
  0.58727003137220080  0.59771925979651241  0.60787038398268056  0.61790191126210237
  0.62820036086464992  0.63904088050112928  0.65009605833931683  0.66123104274701516
  0.67225999074763687  0.68296917227430420  0.69330651445957359  0.70348642867610778
  0.71345345094233892  0.72323719997468638  0.73307687590372050  0.74296071442480804
  0.75278207680106768  0.76244825896329060  0.77261878723215893  0.78344124831975215
  0.79463162095429229  0.80588759378832697  0.81684500084070932  0.82746958998339892
  0.83763931460414576  0.84774492368934484  0.85852630472079883  0.86975415528503408
  0.88095687656842214  0.89166812201947798  0.90259286709991149  0.91377525952697769
  0.92468597780155171  0.93516883581917587  0.94579822388378221  0.95657760137331638
  0.96737173174636171  0.97731696958733050  0.98859454243809186  1.00000000000000000
 -0.00247598627783602  0.00939154669443525  0.01947335920871485  0.03043440832879188
  0.04145244482349400  0.05097349617783279  0.06077382145730506  0.07013832992597586
  0.07980457142127466  0.08974314783090681  0.09983328808348466  0.10986360953117219
  0.12010252373984652  0.13028897594989519  0.14113528825256405  0.15192920336588336
  0.16282283361744798  0.17371051344572061  0.18458554526933388  0.19536414170322672
  0.20586300263580939  0.21692993378131276  0.22817855332096790  0.23951126063052339
  0.25030287990764227  0.26075603274323411  0.27109404028007139  0.28151076375521478
  0.29193536773283213  0.30242309187441302  0.31329798242282003  0.32430157739250842
  0.33540490817879937  0.34647278419383520  0.35792207714993879  0.36947929085071668
  0.38052534504766272  0.39075786797634710  0.40083754208036415  0.41110139089457431
  0.42172828179162758  0.43187311549014340  0.44201747690757348  0.45212831325752756
  0.46244647430846342  0.47283312213790757  0.48330901973016704  0.49408413812254898
  0.50458135186541964  0.51540041420577520  0.52612760069714293  0.53716424570989474
  0.54784802337344096  0.55813748383388850  0.56825322628175023  0.57870245878471493
  0.58916005392967441  0.59950683923303449  0.60953977992857200  0.61990907683418217
  0.63087036387878048  0.64214217666433981  0.65323129802278801  0.66410061383424701
  0.67465963612329127  0.68476279005237994  0.69424579916209583  0.70374910062670504
  0.71355845544625418  0.72373404501769867  0.73432859930643035  0.74443589003198851
  0.75490280248745567  0.76508096328559161  0.77526411570370601  0.78539552821645053
  0.79597984874557814  0.80685940140572021  0.81743233262724757  0.82765920195874154
  0.83787992545952028  0.84862956117751498  0.85947815992726118  0.87046067964849905
  0.88147579551732613  0.89276543495031435  0.90367282869989263  0.91447083609530033
  0.92501929533244542  0.93582894283352414  0.94621717839159714  0.95736665253601527
  0.96888399838929817  0.97987005989388487  0.99001116692866797  1.00000000000000000
 -0.00212954145977413  0.00793391666660024  0.01664048222042797  0.02561591386739111
  0.03435745001298272  0.04298979286063002  0.05147916524689910  0.05976303028978305
  0.06787289334976018  0.07574102681483361  0.08391617536666636  0.09236733089345486
  0.10099702112003689  0.10971069001589875  0.11840617475998919  0.12697333541821557
  0.13552283667289464  0.14432802266457939  0.15317069879198739  0.16203897242903037
  0.17080722079105926  0.17940580458206551  0.18771356930243963  0.19617877888827850
  0.20451966670368915  0.21336701163180471  0.22216553900537006  0.23106955358770195
  0.24012257891105354  0.24924988822084124  0.25821951468290155  0.26736005089208298
  0.27674947672466205  0.28601423769302925  0.29523091398818679  0.30437944674143647
  0.31359863381131259  0.32282712289043203  0.33212137343525860  0.34153618827880561
  0.35145590793771680  0.36151600404558254  0.37156736044729610  0.38131868293367382
  0.39122212144173435  0.40121601594190498  0.41126742641876723  0.42143535457939774
  0.43178625946324500  0.44228979356409326  0.45269096258554747  0.46310608417590476
  0.47326904354272403  0.48350109809087810  0.49386051745552162  0.50451184289647688
  0.51542012949269167  0.52665471909473582  0.53798911346500611  0.54924650555340315
  0.56034689234599988  0.57134273437347394  0.58217943826558161  0.59284759987646818
  0.60357619665058326  0.61459069678996747  0.62601707629282266  0.63803013686922139
  0.65029227830384551  0.66233952536113783  0.67410134616548456  0.68598158598100778
  0.69791944340506307  0.70971912783452396  0.72089904597446275  0.73208785559885015
  0.74386759263700053  0.75676922602035313  0.77019104440896846  0.78325769291896896
  0.79587481232165003  0.80834277193798443  0.82050077306474700  0.83206885816678855
  0.84360536363582783  0.85560765331907973  0.86815412446728191  0.88161853529135936
  0.89539332986843523  0.90988027137156335  0.92467642201898537  0.93905800901029735
  0.95315629375479938  0.96837694351261216  0.98430474924795952  1.00000000000000000
 -0.00252341034310597  0.00967003188232183  0.02053702015737274  0.03173641586984616
  0.04318923530077626  0.05471145203093364  0.06518869026797426  0.07553575752501651
  0.08511127824794493  0.09471855868220538  0.10417140396958877  0.11417020634671524
  0.12481272276119608  0.13556271051542379  0.14662071995387310  0.15720015342139862
  0.16816219672865623  0.17867638492831289  0.18925121514881738  0.19995141168367012
  0.21091372856364973  0.22175957799703971  0.23260621982057877  0.24371839520388730
  0.25506315616614206  0.26612460972037250  0.27672937039824586  0.28704700106612385
  0.29744428909099935  0.30745972209641015  0.31731728371134760  0.32732232480995521
  0.33794925003115023  0.34912780490146084  0.36028755172196403  0.37118635420280377
  0.38152796112982706  0.39159745460991519  0.40158915274257312  0.41156297705446671
  0.42162909242014918  0.43188203609349513  0.44260461533104190  0.45356227889596018
  0.46447384606657199  0.47513610868656669  0.48554529346244307  0.49574010665183749
  0.50600951979345832  0.51627628636195810  0.52666198412963472  0.53709284268510682
  0.54747794004015482  0.55802168760575643  0.56837749948176919  0.57893418525114693
  0.58910604075090423  0.59920536858244289  0.60915666302956684  0.61918442693593445
  0.62902397020490697  0.63893971663775906  0.64864266735314846  0.65873714967739450
  0.66888291648843545  0.67921445247445811  0.68949813562675688  0.69970200919907621
  0.71049125612469610  0.72195243450773294  0.73328513061541878  0.74356811525651767
  0.75360597808619711  0.76387663201311284  0.77462650063092298  0.78512558571107682
  0.79592447735136518  0.80678505769342501  0.81752630443426466  0.82802604168300209
  0.83861423157642812  0.84986517442014364  0.86112406021364951  0.87266465112523051
  0.88376339325252706  0.89496861807515249  0.90558170796844828  0.91625612496370878
  0.92701413939760258  0.93813433535360669  0.94864361239498274  0.95865073072134133
  0.96854943112820557  0.97904996498855545  0.98960328174097112  1.00000000000000000
 -0.00136583393291401  0.00364920088374131  0.00887138417757708  0.01429862024200196
  0.01995765619560796  0.02586017861246567  0.03191810139710185  0.03800503418939088
  0.04438972499981789  0.05109773645191281  0.05787710074386624  0.06476165196632651
  0.07159883469579249  0.07875410749663601  0.08651132494045598  0.09503519668014961
  0.10416441160561249  0.11395532723291733  0.12398256069222954  0.13438271375380012
  0.14491611243684305  0.15541163001816841  0.16623794037590334  0.17702707759631475
  0.18836705984243113  0.20008112474057754  0.21240098974765859  0.22514960331734987
  0.23905450918139631  0.25350908233610797  0.26841236711199856  0.28336678602803705
  0.29854708178791178  0.31377248036927563  0.32871144582305345  0.34368781947576127
  0.35913872940459279  0.37535613935296269  0.39287123303297850  0.40987534062251119
  0.42637297557595855  0.44304304057116811  0.46028838527399096  0.47785878609816568
  0.49554231872266619  0.51373963298994330  0.53177974540359207  0.54989321427880800
  0.56807683186378033  0.58613267425607374  0.60383596496562542  0.62047415865481570
  0.63681760496483164  0.65305345789157176  0.66876617632274560  0.68377471341229890
  0.69851487580887228  0.71345975221874158  0.72826077344829432  0.74220171517567046
  0.75554913695829162  0.76845599799189357  0.78076800461908935  0.79207349569833574
  0.80247616126898991  0.81275951776229771  0.82301593893380487  0.83280699531562152
  0.84175096187566523  0.85029223491526429  0.85884825095687145  0.86761097456073821
  0.87623320202267807  0.88445656807563366  0.89243205762884026  0.90008015989695522
  0.90748814045241477  0.91449100884740575  0.92118208074981023  0.92750864778307895
  0.93388777689889457  0.94007028007518356  0.94591782040465922  0.95162882649197456
  0.95686213268257236  0.96177924733651921  0.96650513198200316  0.97103166042180478
  0.97540513946918095  0.97958561930829258  0.98355564989557398  0.98723482141938568
  0.99058413281625035  0.99374739354907649  0.99688070896382108  1.00000000000000000
 -0.00231168962666630  0.00908170674609366  0.01918787211511064  0.03024731918033226
  0.04097943230558671  0.05220146972969453  0.06285296724644568  0.07338304191032860
  0.08375707141545453  0.09508043399815623  0.10626950534723907  0.11770209148732656
  0.12840976311532940  0.13937041323902374  0.14974476865949807  0.16011076798218771
  0.17004558084744548  0.17978450929635142  0.18975773215385269  0.19949500938604364
  0.20913202240023257  0.21916754436906119  0.22949032189762933  0.24100232145568778
  0.25189042450442051  0.26265017306343841  0.27342676110802755  0.28468267420588794
  0.29574691331154435  0.30660181989737711  0.31717499471035554  0.32756239948113725
  0.33776351036957791  0.34793919666711376  0.35825138093994408  0.36886131691501278
  0.37951569395003470  0.38996668215172531  0.40046812668273279  0.41099499155018998
  0.42169226034960178  0.43189806687545795  0.44209870938435536  0.45254262201913936
  0.46336331100563233  0.47412160238978923  0.48482188513296165  0.49501579996458722
  0.50558632752489974  0.51599015681456517  0.52683450727264547  0.53737881899431272
  0.54798705070313569  0.55853944431065483  0.56937569795385967  0.58025874033896807
  0.59090386013811447  0.60104931403645012  0.61104824717357986  0.62111240163983927
  0.63127076023268380  0.64120811389608012  0.65137167846669253  0.66157457340816450
  0.67183266648795292  0.68213549499403703  0.69228954981126811  0.70240133872458210
  0.71258762134400810  0.72320900692821688  0.73405207890531254  0.74477961216435917
  0.75506893104721340  0.76492268573835009  0.77509308208286765  0.78557650015991054
  0.79622315019339374  0.80724619659475272  0.81818807510311531  0.82936817090373605
  0.84000763389149302  0.85005224975004046  0.85994339639460982  0.86993387619064155
  0.88000241782403466  0.89081344555309872  0.90152388853268817  0.91207477463451692
  0.92289725166447911  0.93375971414017844  0.94450864886947394  0.95520540282719335
  0.96604843003462759  0.97743525242534501  0.98849817895324732  1.00000000000000000
 -0.00216084445056548  0.00866320242235309  0.01843494668323954  0.02913175541359262
  0.04014044308170144  0.05119226294296481  0.06176565477319997  0.07253831590010737
  0.08303693714912098  0.09338308686741867  0.10353482297371908  0.11384494502259665
  0.12398353009955376  0.13385496715103812  0.14349391486302215  0.15360727213226130
  0.16334065157357094  0.17257959862474015  0.18148800296008061  0.19089994298787463
  0.20097801644565319  0.21119711022175153  0.22151140107285078  0.23182636767436693
  0.24224244676673368  0.25266097135428750  0.26317760571378862  0.27337287772952390
  0.28352795850012191  0.29409669934594213  0.30496722548441346  0.31616889775487778
  0.32708227403540868  0.33787836620194694  0.34857070321764716  0.35896045915818586
  0.36946603659624683  0.37988967352126179  0.39082036387989927  0.40198064976696701
  0.41275055757809453  0.42346006752361004  0.43397464945929454  0.44464404661938289
  0.45549523131436181  0.46664715077874680  0.47776662171449313  0.48896750756242197
  0.49975932314763616  0.51085261943197724  0.52196063133344628  0.53335271739193968
  0.54442120470763478  0.55515389921373082  0.56579829858178798  0.57650225846555303
  0.58721974732911075  0.59793927322650864  0.60872343850107036  0.61960308572756373
  0.63013339713431704  0.64002019852281422  0.64965093048815559  0.65923645225951055
  0.66912736567900699  0.67957487640351455  0.69075909199694485  0.70222195517096542
  0.71347123988994010  0.72467559055878006  0.73598414368353282  0.74719335537426634
  0.75773741683623896  0.76776575760954724  0.77762857501883287  0.78752550584986514
  0.79766835478299558  0.80770291646432657  0.81754336164709751  0.82697140901501032
  0.83651870074802936  0.84609735534412511  0.85608068028828099  0.86670419786793607
  0.87753392010450992  0.88876950009564704  0.89972112008070693  0.91132435730772210
  0.92222366648801835  0.93295195537673326  0.94334244999692141  0.95432522978283629
  0.96485739802136616  0.97580323127866697  0.98776387239159735  1.00000000000000000
  0.54158738111119176  0.57460056282520700  0.61836746998015979  0.64627216549443955
  0.66512188587906507  0.68005222821323252  0.69268009034862110  0.70400416091727758
  0.71385000826324707  0.72271957527740516  0.73102732433609197  0.73849176975561281
  0.74536991969328104  0.75189308693965407  0.75798777605927203  0.76374496831343286
  0.76913125853814168  0.77434051376756685  0.77939123423689749  0.78440512988003530
  0.78930544989258711  0.79416401343720722  0.79864915750190413  0.80295167439458937
  0.80697712699414847  0.81081341131546003  0.81449405892440629  0.81805377169537208
  0.82172043415027807  0.82533334559521676  0.82887075451843217  0.83245965106255704
  0.83569575266867191  0.83896736931007487  0.84211515585812757  0.84529173821181569
  0.84841400517895782  0.85151077766284933  0.85459448785133940  0.85768371083981321
  0.86079939578750342  0.86388275315984986  0.86680198797834251  0.86952477889916424
  0.87213517922666073  0.87470471712121334  0.87725197649082098  0.87978426631801276
  0.88235532005361195  0.88495004191454951  0.88754261497289699  0.89009734905727333
  0.89260554779019763  0.89510126710914306  0.89748989391837641  0.89981333911549222
  0.90212197787248738  0.90440982437604800  0.90672981255545293  0.90904223890320934
  0.91132120398963057  0.91355727387218466  0.91576523214473682  0.91797011149493490
  0.92015281159386664  0.92236274443282851  0.92455688062190566  0.92680890513628467
  0.92902373363483681  0.93121218658679106  0.93336363565490021  0.93553659398590827
  0.93772108724326686  0.93990928634776749  0.94208459237030173  0.94429274662160767
  0.94652375715001513  0.94870531808257696  0.95086129909760042  0.95304842633438525
  0.95529682280751294  0.95762580588055923  0.95998817287420024  0.96244631248461732
  0.96487801735142276  0.96734635640711830  0.96975704788491235  0.97218354955843256
  0.97470964247614200  0.97733977345315737  0.98011720231491950  0.98303835248025895
  0.98615196156206053  0.98963319158909857  0.99407015924662256  1.00000000000000000
 -0.00729819891888669  0.09210795070204641  0.10850345441384106  0.11855071404107384
  0.12762136839609958  0.13468701468816430  0.14093903269172936  0.14689078531660102
  0.15273843330712850  0.15809404105163352  0.16311446229354173  0.16781364911062480
  0.17251528780042419  0.17711098058183380  0.18156098847884411  0.18638197620654268
  0.19141521868945033  0.19652568421608463  0.20149373253991390  0.20624971377726833
  0.21116371460929675  0.21632861254315897  0.22160993402529292  0.22698048370133317
  0.23211592784856080  0.23706806494819993  0.24197690165352909  0.24670996925861102
  0.25135035094928387  0.25605043744418765  0.26091352358162573  0.26593784170286466
  0.27099206627517136  0.27592600401143375  0.28072168831213878  0.28549216042185677
  0.29042116879922358  0.29536638702409662  0.30022554972952792  0.30503805899466724
  0.30989534047494682  0.31474494452130952  0.31954944942627322  0.32442764776876715
  0.32943004842861096  0.33455671116671337  0.33974972153243516  0.34499341138903544
  0.35032688207886004  0.35577714121376669  0.36125515191334301  0.36656597198292529
  0.37175519709425098  0.37697045780851052  0.38243806641096212  0.38821178888507379
  0.39409994505094137  0.39999004682720096  0.40586735965797360  0.41178895912668234
  0.41771794794550721  0.42444989706615344  0.43119604583446619  0.43800030982444416
  0.44463348368032041  0.45113317925276741  0.45772863662225594  0.46461679071665590
  0.47180331158134936  0.47929410749838064  0.48712163703807693  0.49515408508073128
  0.50331539564916017  0.51178955829854134  0.52041518514858010  0.52913959112354036
  0.53815091948867566  0.54766523559668701  0.55775661348952610  0.56806114331194824
  0.57833417468923398  0.58890851301210934  0.59973455767234096  0.61081080646346875
  0.62201435424542695  0.63417078852241893  0.64755971900349041  0.66277092324867448
  0.67812863338752682  0.69374005453947607  0.71161047688350554  0.73244970488623018
  0.75544593073554966  0.78085138672931131  0.81476114986448489  1.00000000000000000
   5.4580206491341925E-008  -1.0000000000000000     
 F F F F F F F F F F F F F F F F F F F F F F F F F F F F F F F F F F F F F F F F F F F F F F F F F F F F F F F F F F F F F F F F F F F F F F F F F F F F F F F F F F F F F F F F F F F F F F F F F F F F F F F F F F F F F F F F F F F F F F F F F F F F F F F F F F F F F F F F F F F F F F F F F F F F F F F F F F F F F F F F F F F F F F F F F F F F F F F F F F F F F F F F F F F F F F F F F F F F F F F F F F F F F F F F F F F F F F F F F F F F F F F F F F F F F F F F F F F F F F F F F F F F F F F F F F F F F F F F
  <DiscreteSampler_grid>
  grouped_processes
  1 # 1 for a reference and 2 for a running grid.
  10 # Attribute 'min_bin_probing_points' of the grid.
  1 # Attribute 'grid_mode' of the grid. 1=='default',2=='initialization'
  0.0000000000000000 # Attribute 'small_contrib_threshold' of the grid.
  0.5000000000000000 # Attribute 'damping_power' of the grid.
 # binID   n_entries weight   weight_sqr   abs_weight
    19   10   2.866918550016274E-001   5.219397159905012E-001   2.866918550016274E-001
    20   10   2.866918550016313E-001   5.219397159905185E-001   2.866918550016313E-001
    22   10   2.866918550016274E-001   5.219397159905012E-001   2.866918550016274E-001
    23   10   2.866918550016313E-001   5.219397159905185E-001   2.866918550016313E-001
    25   10   7.672817219001742E-002   1.283858632606576E-002   7.672817219001742E-002
    26   10   7.672817219001885E-002   1.283858632606652E-002   7.672817219001885E-002
    28   10   7.672817219001742E-002   1.283858632606576E-002   7.672817219001742E-002
    29   10   7.672817219001885E-002   1.283858632606652E-002   7.672817219001885E-002
  </DiscreteSampler_grid>
