  0.00292507042525936  0.01459927771681354  0.02629029433672307  0.03835386292754101
  0.05064738989592654  0.06235781161138573  0.07326866978577486  0.08357894497610492
  0.09369263921961615  0.10391711651938167  0.11410177254561428  0.12457849377453867
  0.13549623108303016  0.14689676424804973  0.15749879618977045  0.16748538560860798
  0.17710408637279712  0.18744154412066588  0.19832585641747721  0.21041999710609754
  0.22407376240187746  0.23703895163847577  0.24956996066282566  0.26215232452247933
  0.27368410930525522  0.28458137816079337  0.29402655102847303  0.30380046002451805
  0.31338230508883091  0.32341484178780566  0.33332951666903549  0.34324843975058472
  0.35435049129097002  0.36658928030428384  0.38010764078221637  0.39153613426957679
  0.40136759093981017  0.41016662777262430  0.41973893345904889  0.42985865211716723
  0.44038741543786802  0.45095021277527236  0.46271593057684235  0.47565506436782601
  0.48698811939390729  0.49807709114873561  0.50679857226818981  0.51659260876911106
  0.52492229764005793  0.53434539516406721  0.54485364899455835  0.55533903354489322
  0.56667087771780744  0.57901558628534777  0.59072372601692247  0.60017900495236887
  0.60732651298675888  0.61379326801123224  0.62021991727113168  0.62699555172873545
  0.63429321390378157  0.64225103117303262  0.65226466142414929  0.66302525305895554
  0.67331439676284455  0.68343668855742057  0.69384155612609300  0.70500590277293929
  0.71652483570696313  0.72818815538150472  0.74042110559076246  0.75246211428481402
  0.76445182128806310  0.77568170867116792  0.78648975288894962  0.79666241563887596
  0.80759313724101356  0.81890792196674167  0.83067920298854636  0.84253476706662633
  0.85526209864534741  0.86784221058252708  0.88018748879181641  0.89136282098475916
  0.90098582774649638  0.91013971885036793  0.91942668144573625  0.92765297494524290
  0.93568668037605018  0.94414327063220904  0.95332271531935719  0.96277832739338443
  0.97288449487606243  0.98203654590287992  0.99104611999184833  1.00000000000000000
  0.00307255763994756  0.01454153896768203  0.02697314777441998  0.04019127894136292
  0.05181778921837556  0.06192024616352049  0.07150917046309628  0.08222711980934892
  0.09255269407213136  0.10175617843223161  0.11055103958603173  0.11938531381503793
  0.12949980556207746  0.13934385332863541  0.14924623891375874  0.15923428784544041
  0.16975535327976099  0.18050623909260760  0.19094262642478216  0.20110235135237214
  0.21222295916357109  0.22530687161051866  0.23862916247282462  0.25158453960972710
  0.26263224391322021  0.27434327501102801  0.28418848349366899  0.29510781572145284
  0.30561876835728252  0.31699124074320767  0.32746031655178526  0.33791285585671926
  0.34870998995148905  0.36044032809835663  0.37171617046511163  0.38139143227380184
  0.38998509561909911  0.39820130625944983  0.40618709056194968  0.41470629411452026
  0.42635218280102927  0.43731738737830023  0.44924731272368762  0.45980217989271999
  0.46901993358678978  0.47860850318808479  0.48795355365706755  0.49634995751656563
  0.50451974222644802  0.51204917516062087  0.52034929956085307  0.53082192944444440
  0.54252203496387041  0.55332062012661209  0.56455462414687563  0.57589598258734132
  0.58725009810125095  0.59895664199847087  0.61146495865618011  0.62484506039898036
  0.63833804404402650  0.65029250952246653  0.66013265830713341  0.66907691954803927
  0.67836104787835716  0.68855032825799267  0.70039336302236954  0.71147677564014367
  0.72149499129029093  0.73134795348726112  0.74144453638511743  0.75241107153132714
  0.76337067757599819  0.77327003856858056  0.78347282666824736  0.79303876154128317
  0.80352401809068497  0.81401440166385319  0.82514323285795954  0.83517407760856077
  0.84473832294200546  0.85379298278593829  0.86196103859125905  0.87090568512276101
  0.88071287382471297  0.89079038809643207  0.90011408114796965  0.90853541525984960
  0.91867551383726842  0.93070638802884342  0.94134874249035039  0.95118932225161579
  0.96053100739115305  0.97063656180913149  0.98122762601346902  1.00000000000000000
  0.00000708626981485  0.00000862515118971  0.00000897618887620  0.00000929793338506
  0.00000968864411202  0.00001017940783931  0.00001073356146717  0.00001125360421580
  0.00001178313820917  0.00001224960730360  0.00001260342233752  0.00001297689050271
  0.00001336249803690  0.00001382221039630  0.00001430250485644  0.00001502245874053
  0.00001585567090787  0.00001660479267014  0.00001715718867692  0.00001787976506987
  0.00001861151228268  0.00001930896210865  0.00001995515879412  0.00002062492660181
  0.00002129696862369  0.00002195310577459  0.00002293776600595  0.00002417161392140
  0.00002551072252341  0.00002687547122075  0.00002832827438110  0.00002974388587770
  0.00003110019636970  0.00003265441103796  0.00003450918860541  0.00003671788225710
  0.00003925398034562  0.00004184021572722  0.00004440489167850  0.00004705311539343
  0.00005009051893104  0.00005402049034295  0.00005811101423387  0.00006177584956203
  0.00006578182865236  0.00007132612202125  0.00007882846769713  0.00008807685251919
  0.00009985181198015  0.00011345161785353  0.00012984236914544  0.00014985409459896
  0.00017273966164777  0.00019904786263731  0.00022977312409462  0.00026206930923002
  0.00029492427102749  0.00032887533671473  0.00036747188929942  0.00040792588689600
  0.00044547517779207  0.00048322467125876  0.00052395313099053  0.00056983528604568
  0.00061966331152026  0.00067560121231264  0.00073039865988909  0.00078871529833172
  0.00085304010638988  0.00091892242833618  0.00098402161349970  0.00104599570808482
  0.00111503260952647  0.00119895789601813  0.00131349594148365  0.00143810563103130
  0.00156103655825738  0.00169122242345777  0.00186588115393108  0.00200445672353385
  0.00215857695837843  0.00231973445772665  0.00247151912260366  0.00266056180224930
  0.00286133949438334  0.00311023185455585  0.00346310751305646  0.00380613502521147
  0.00434275684534817  0.00485311097972745  0.00518577590732176  0.00551704113861339
  0.00595879366453880  0.00691932261636350  0.02338102275988025  1.00000000000000000
  0.00000390945136313  0.00000479432697762  0.00000545654324727  0.00000582908023446
  0.00000623664157146  0.00000665182931688  0.00000706924570508  0.00000749139561493
  0.00000792692973290  0.00000836598469745  0.00000876644171997  0.00000916128267184
  0.00000957938456127  0.00001001525533874  0.00001046911101197  0.00001092364986875
  0.00001135611021526  0.00001178433919683  0.00001222377073975  0.00001269661546432
  0.00001326239666384  0.00001385457069766  0.00001444009766301  0.00001503174224500
  0.00001559745366027  0.00001611915492673  0.00001665464102353  0.00001717228078813
  0.00001774258225528  0.00001833649071317  0.00001903797030554  0.00001979756908989
  0.00002056804717647  0.00002131338983894  0.00002208376521403  0.00002294196454150
  0.00002373343546891  0.00002466732494197  0.00002570559100847  0.00002675467690639
  0.00002777762786420  0.00002880819594437  0.00002985768015773  0.00003092797354628
  0.00003224539587517  0.00003372562347191  0.00003540963002685  0.00003724004466538
  0.00003903925000848  0.00004091048048023  0.00004299120374976  0.00004527663686170
  0.00004769887236502  0.00005028024556809  0.00005309896014030  0.00005628808227220
  0.00005966777378722  0.00006317142576618  0.00006703059827944  0.00007136691664496
  0.00007619519515316  0.00008137245782312  0.00008652362893549  0.00009141685738345
  0.00009753713964683  0.00010356340831005  0.00010999625587191  0.00011749535187427
  0.00012542942640059  0.00013503773391765  0.00014583280750513  0.00015788832086743
  0.00017229498968951  0.00018878601026586  0.00020781680065506  0.00023095976351582
  0.00025932177527859  0.00029538677464346  0.00033660700668866  0.00038125228713635
  0.00043472203770429  0.00049224562256979  0.00055308742254634  0.00061951977911124
  0.00070290835513015  0.00082706440006787  0.00098174463717845  0.00118837835779471
  0.00138630778647801  0.00159752734197655  0.00188388921552564  0.00239859562775241
  0.00352584831364628  0.00496465603249308  0.08120280215216537  1.00000000000000000
  0.00000453490545152  0.00001051299419302  0.00001202855058796  0.00001346451006426
  0.00001505682031372  0.00001682292924688  0.00001872315829256  0.00002070154482166
  0.00002264048226075  0.00002473978065469  0.00002689362777966  0.00002895586704486
  0.00003094700605955  0.00003294261356951  0.00003507903792317  0.00003733059493812
  0.00003960086385204  0.00004200341744328  0.00004444918945244  0.00004712202154161
  0.00005003710324230  0.00005339386517949  0.00005716846960064  0.00006122140257613
  0.00006544451045567  0.00006975916915730  0.00007435850486954  0.00007991003125569
  0.00008637399643243  0.00009292122884217  0.00009999529591630  0.00010820299391002
  0.00011784669123578  0.00012751415640751  0.00013674880182013  0.00014680946288447
  0.00015862991103765  0.00017336783060406  0.00019088318247097  0.00020992828124497
  0.00023057626459852  0.00025261650112895  0.00027506255931958  0.00029703611862708
  0.00031803148201921  0.00034137423947356  0.00037012957125650  0.00040369830643419
  0.00044338035496461  0.00048912469041966  0.00053905536291216  0.00059078954039694
  0.00064014803362356  0.00068893823796563  0.00074026096346102  0.00080110564323307
  0.00086757902072186  0.00093840128674021  0.00101827633470245  0.00110849150139681
  0.00120894963439473  0.00131339895053632  0.00141784436870793  0.00151956560148347
  0.00162640327739872  0.00173160031767469  0.00182612200427444  0.00192310970241058
  0.00202741198638452  0.00211768233465610  0.00222790300537120  0.00234977375309882
  0.00248091377989128  0.00260495981180518  0.00271045004252976  0.00281072095021403
  0.00291687427990271  0.00305166336262674  0.00326435477322925  0.00358476510807625
  0.00396304064247741  0.00437352274483049  0.00468899080968229  0.00494126394784724
  0.00530621655290261  0.00579100738279159  0.00628596727633940  0.00680027766959635
  0.00731762544603278  0.00787706440671888  0.00871714176093859  0.00921157227583108
  0.00961882763928190  0.01030913075528768  0.12603716951101127  1.00000000000000000
 -0.00216238088440402  0.01044177760854972  0.02045210795080675  0.03200682169198615
  0.04421340820006751  0.05633263726850431  0.06790683024540461  0.07831808247745368
  0.08839180532916610  0.09966472446086665  0.11041363864072641  0.12185348541757381
  0.13279307820353092  0.14446361974204405  0.15544980448440057  0.16820714466164580
  0.18158044706122203  0.19525695182936542  0.20822730997270489  0.22008603102848809
  0.23147123263163741  0.24250058735833424  0.25409352862144424  0.26599643367383929
  0.27722313467856363  0.28774412562862195  0.29840481337648855  0.30969948724773028
  0.32108926727951698  0.33304859781774493  0.34558297336289839  0.35634993652247104
  0.36596699718623044  0.37574653658276275  0.38614233605186371  0.39768542580914051
  0.40634305502139234  0.41514210709812926  0.42423073846339121  0.43429708300180553
  0.44543452691870927  0.45604441495135262  0.46716863200847869  0.47837784032845254
  0.48918252430988918  0.50002405431617980  0.51074178070895448  0.51949768881576053
  0.52824453880191691  0.53767920861100760  0.54797083196327445  0.56010143127087886
  0.57198654259868187  0.58345964284604490  0.59356318207985992  0.60340911074115022
  0.61278428441178723  0.62109395634240550  0.62957278012456153  0.63795885026694132
  0.64595403566049048  0.65458666956345257  0.66398200761280934  0.67390970262723937
  0.68384742800895726  0.69380171776008437  0.70432112530700741  0.71523041569890766
  0.72607263337163919  0.73785399881700986  0.74904478123905105  0.75901981961564813
  0.76833652401744790  0.77916836549382429  0.79107932506747314  0.80119868919599291
  0.80901723643208379  0.81675964774420562  0.82438495872938178  0.83367662713892465
  0.84391512595221818  0.85526058328591081  0.86869310762879148  0.87900941259360754
  0.88865020117855431  0.89741081079919427  0.90829806254749013  0.92057303143707614
  0.93291202099606507  0.94503890420518244  0.95865718193151062  0.96937213504517850
  0.97717849862982653  0.98412431760137054  0.99183476187566322  1.00000000000000000
 -0.00223897915983195  0.01252063509686651  0.02367414990910623  0.03360930786230166
  0.04405510379376665  0.05572321486164812  0.06728537118369633  0.07709588842631294
  0.08677557895384599  0.09794537594082307  0.10789380862283340  0.11719017269821030
  0.12560695866546767  0.13406174119150591  0.14392016680206907  0.15516420854180216
  0.16697784545050481  0.17781135730143000  0.18852382731937836  0.19883942321730708
  0.20899506362495293  0.21905752167663659  0.22889078744181859  0.24022284410338224
  0.24883415654236299  0.25774119711127830  0.26565121244571338  0.27459226353661587
  0.28390758620612266  0.29266910864330931  0.30138639414253798  0.31044285632104918
  0.32127087588903197  0.33499260830667821  0.34795303483948864  0.35934255066080917
  0.36991104577793171  0.37986277243113464  0.38997809230687047  0.40165556309693534
  0.41450445596910174  0.42395133458646844  0.43212836055458204  0.44011773804054038
  0.44742357654874454  0.45594581283695040  0.46540970539887744  0.47493950293524523
  0.48607069350052118  0.49699773513735573  0.50848694120735560  0.52011309749044687
  0.53148946130273023  0.54157342225328120  0.55008281565681239  0.55796582017549390
  0.56671183028409022  0.57482895383718435  0.58242999495459080  0.59017051329365566
  0.59826316476077135  0.60818354837651623  0.61860518038321088  0.62776999037280923
  0.63701256603003353  0.64707296834318462  0.65778015033393722  0.66903128728895045
  0.68099028284014651  0.69489533478529952  0.70810026484049460  0.71991499622755051
  0.73193215154657465  0.74547197573287471  0.76041748338165716  0.77436239535053686
  0.78730025739304532  0.79970948495454452  0.81319773834889497  0.82492873191087535
  0.83637670625071525  0.84864588118747863  0.86144460993818839  0.87308048498710134
  0.88342764899515158  0.89397969003898103  0.90535319145835280  0.91684463849158604
  0.92964700409076806  0.94115879873945540  0.95044747319939948  0.95999617002787807
  0.97033305083042576  0.98055418482913337  0.98999698921903267  1.00000000000000000
 -0.00134785334964767  0.00462252705295551  0.01000716282734970  0.01597816423709798
  0.02260065165098381  0.03015499441671211  0.03706553073560909  0.04470627399717830
  0.05276866266423580  0.06101063705938575  0.06877455701428957  0.07576042898781102
  0.08233061862557803  0.08882316793825863  0.09579365010617941  0.10263367915638009
  0.11041492619664099  0.11855241346776381  0.12753788798858695  0.13614895467801197
  0.14300829413163169  0.14797358120716628  0.15271275869227371  0.15756612310433613
  0.16282113533113601  0.16933013759949206  0.17614441788473648  0.18260202801232464
  0.18971206594425447  0.19677670975497658  0.20481428436489435  0.21246341893723675
  0.22052113648155031  0.22789576737414921  0.23620040577836346  0.24472998905928203
  0.25266216283097898  0.26120110152653120  0.26926655016930123  0.27819029483374008
  0.28677214613272045  0.29703670295333634  0.30653093606539039  0.31492987933966843
  0.32309380718205194  0.33155532869667681  0.34054937924050921  0.35042510469811988
  0.36063676901398806  0.37155914476924939  0.38386361897020516  0.39645306019854337
  0.40871989214186799  0.41978227751215846  0.42924948705057470  0.43850359193862981
  0.44764264838729867  0.45785610795361958  0.46878617386103816  0.48036440910063544
  0.49209749908110706  0.50414264070154424  0.51598063007415107  0.52654386058895375
  0.53567818584665183  0.54468107231559415  0.55425064361096477  0.56443895290745616
  0.57476262846495896  0.58551379947315363  0.59722313493724355  0.60896675860964189
  0.61989699949108412  0.63271450717835986  0.64541699363683125  0.65815838979372143
  0.67022073863640008  0.68251406954730642  0.69636868781856431  0.71175149559494721
  0.72641354799612368  0.73981118290460524  0.75346614616301755  0.76785393586003059
  0.78692821244837741  0.80346556188227225  0.81650483762258008  0.82956694599381309
  0.84569601485418389  0.86415329457019741  0.88440117619919778  0.90702748395517319
  0.92953414251211142  0.95272335306996581  0.97565811092538179  1.00000000000000000
 -0.00185562331029489  0.00854798473167739  0.01806146152649021  0.02708998858650162
  0.03787029096252476  0.05159802660246826  0.06574717904583204  0.07747572057713355
  0.08874178877757644  0.09963944372660598  0.11291604869388043  0.12553328778280776
  0.13671800911943024  0.14818278186331255  0.16078825804516259  0.17304803908988406
  0.18527319015203894  0.19742699893190249  0.21013712251536454  0.22287045271986208
  0.23578441711017967  0.24777571420999511  0.25908665520125002  0.26936820371093512
  0.28006690056740130  0.29122561708543321  0.30282179958666933  0.31467312522462310
  0.32632157591543204  0.33891237084471787  0.35144062993552577  0.36344149514667651
  0.37441314836705675  0.38462839427456513  0.39520068230489208  0.40598567140966585
  0.41854981386275580  0.42921035353846337  0.43991360952752512  0.44786171687993115
  0.45638612533009121  0.46573638524383915  0.47559198505511874  0.48401934132975394
  0.49141886579699912  0.49875536868058651  0.50757072205718878  0.51729700825433633
  0.52843884366441185  0.53928527823060546  0.55061496088426054  0.56131158863631303
  0.57201360915999899  0.58281353931874658  0.59358516907353109  0.60517995018999038
  0.61492231083412630  0.62395706567542741  0.63326194244168577  0.64329520734340695
  0.65474561870666947  0.66655326866653408  0.67693041779208440  0.68881371012245074
  0.69758717143958215  0.70611690999477328  0.71491542432225241  0.72457002800141090
  0.73490205293951061  0.74376409310090308  0.75185716386096801  0.75972991248311816
  0.76985489012930020  0.78096649210996971  0.78917282019925972  0.79795036181889900
  0.80701588091238075  0.81667966543475967  0.82813112815786372  0.83987730912391134
  0.85114934459822211  0.86159545310625008  0.87142133158262780  0.88216272412792096
  0.89161628405188875  0.89955068156107054  0.90750097001509578  0.91518025093132693
  0.92545149039696151  0.93698254968229133  0.94821900760232458  0.95991987144817936
  0.97020814141381795  0.98013235875938898  0.99042815265723261  1.00000000000000000
 -0.00273526795914178  0.01047868900467149  0.02180624652054659  0.03219885139380836
  0.04282668349996847  0.05353773929970108  0.06300340613865532  0.07183717992308723
  0.08027289627653772  0.08832979054126526  0.09712379882383707  0.10652575012536342
  0.11804118703451147  0.13062934619964037  0.14173393212662849  0.15175051330072725
  0.16193028439685131  0.17226293403091267  0.18387092096925942  0.19323299276575745
  0.20277894444471928  0.21272202769497103  0.22303857662315943  0.23328030026528904
  0.24264909026577458  0.25141125439957518  0.26045148216422032  0.26989210743357378
  0.28113062033652431  0.29403990466964486  0.30751233410958856  0.31849870270692515
  0.32848722921039269  0.33888300882824923  0.34919364439518191  0.35596381012438894
  0.36227619783370718  0.36804592788270390  0.37557088474061817  0.38586504045489406
  0.39777382819480211  0.41016909811105673  0.42216336758719325  0.43372948097342290
  0.44540229089593891  0.45697301339147889  0.47062870687696229  0.48340575714643302
  0.49572062396922567  0.50700490960762368  0.51753095177414898  0.52701287373827888
  0.53475573461062709  0.54153473106710126  0.54829340083631795  0.55541510922424586
  0.56559643419629757  0.57726451694241820  0.58931022364662722  0.60159237557715661
  0.61315805973852622  0.62420602007717874  0.63440535851342406  0.64578902383926973
  0.65646776097783188  0.66771599416963723  0.68002954064034604  0.69252177476223753
  0.70454440561271636  0.71603642313905635  0.72747808864994212  0.73818332973963063
  0.74811919775356350  0.75923289829198581  0.77170535571566234  0.78552889505704859
  0.80025838179648556  0.81518797053973957  0.82970684388350080  0.84325642577096283
  0.85548792280751107  0.86686573499661845  0.87710602773873203  0.88663014467811596
  0.89486825687857452  0.90273194011759172  0.91091851981034166  0.91887552548177820
  0.92796625427207680  0.93950126743977591  0.95031089222994436  0.96055958590821955
  0.97137723157942002  0.98091876219407226  0.99092962891236180  1.00000000000000000
 -0.00004589447232866  0.00012076350522130  0.00029501962193278  0.00062036124590606
  0.00090683396740850  0.00108624882041452  0.00127213102006980  0.00146064746615130
  0.00164688837036501  0.00184068001700143  0.00203719121264368  0.00221815831691559
  0.00239574064013661  0.00256868832354060  0.00273735894069097  0.00290415713780413
  0.00309356922204955  0.00328988032261985  0.00349387649151309  0.00370684669015848
  0.00390240673170918  0.00408246734921769  0.00420544213775090  0.00432841692628411
  0.00444670994866624  0.00456390095967227  0.00468543540520209  0.00481079789202003
  0.00496520911254273  0.00516302276102733  0.00536845763418356  0.00557216209413353
  0.00577661690718459  0.00598921267878818  0.00622040631442538  0.00645562738675253
  0.00670203419249843  0.00700901435257382  0.00732749345209839  0.00765534082035507
  0.00798752761499705  0.00831541517275618  0.00869331375197839  0.00909203177118594
  0.00950759485038435  0.00994176782949456  0.01022104067939980  0.01038937086790750
  0.01053443254929099  0.01068299491334651  0.01083135232977568  0.01100164837559883
  0.01120368683065590  0.01135429943456765  0.01149395123311914  0.01163448843091253
  0.01179362351262718  0.01194600432860312  0.01206315711014406  0.01216420824991684
  0.01226932079259082  0.01238194530686322  0.01251072688728501  0.01266388478871156
  0.01289974204159220  0.01333933105555917  0.01385622633295402  0.01413841257702298
  0.01431281597887567  0.01454129512974000  0.01478443974632804  0.01503969831257679
  0.01529863918550554  0.01562094958120877  0.01601769707718418  0.01658789700892385
  0.01753079380355440  0.01866978942925388  0.01913391788000979  0.01957014720161080
  0.01987634624412147  0.02018142042512645  0.02052313635430529  0.02104416351359325
  0.02293589267664216  0.02359243542366211  0.02413440561351447  0.02482064959914969
  0.02753947555038798  0.03000708890649749  0.03078186129505341  0.03150679064089993
  0.03212704305007110  0.03274729545924227  0.34951398845719289  1.00000000000000000
 -0.00256345703319107  0.01045294064677811  0.02157627198278389  0.03346556046149989
  0.04441355884007094  0.05599703327143928  0.06825013919197868  0.08017037300686808
  0.09047923721021171  0.10007463336166932  0.10964014929273867  0.12010111750356438
  0.13168851568800671  0.14281909753695557  0.15248494790958420  0.16123902566981174
  0.17055550751953436  0.18091849792395523  0.19209569123983902  0.20391225073622646
  0.21534736547072672  0.22515489895548946  0.23433785415744596  0.24343861931864907
  0.25365151789771262  0.26524169006078180  0.27759178780354515  0.28923773183431412
  0.30069118605852241  0.31115704577554337  0.32290114284364974  0.33554996084513333
  0.34956902881829027  0.36271233004610354  0.37453709553037112  0.38713170300838473
  0.39864193351663030  0.40704680054979248  0.41543146526483071  0.42441418693312183
  0.43382030408793237  0.44279229057855785  0.45184068503998986  0.46228477099773635
  0.47256574171510007  0.48205519373479744  0.48952033555884605  0.49774152674173794
  0.50601095031012788  0.51614668564448163  0.52768219065283417  0.54003884114297485
  0.55311337249877524  0.56582529768648382  0.57868199831437939  0.59043476059886257
  0.60029152268085240  0.60824286080472434  0.61486295106803934  0.62230768133565961
  0.63127335623240222  0.63909954520574519  0.64672163755921952  0.65414496435882352
  0.66262428378809179  0.67104693606927157  0.68083191057263304  0.69089076323615028
  0.70066082017251974  0.70984397792990062  0.71829747189891191  0.72687849565443974
  0.73690775040924261  0.74867860355668836  0.76188358826605318  0.77368319158965182
  0.78588400308483164  0.79838830474306122  0.81245632216243246  0.82735384881602148
  0.84209401822277452  0.85703877942114659  0.87200144658008594  0.88663588743449984
  0.89885693634830754  0.90900218464630611  0.91855024778720462  0.92625634177311300
  0.93334493332162538  0.94052703250218339  0.94754174823404036  0.95535427702077425
  0.96478024181456590  0.97501285449304664  0.98728506436655628  1.00000000000000000
 -0.00004688380239791  0.00020159988735497  0.00044569929470584  0.00068414820288247
  0.00081242156134277  0.00093802141053056  0.00106787722031124  0.00120023078343771
  0.00133095934475398  0.00146133952371686  0.00158981702289893  0.00170372354595821
  0.00181809428419655  0.00193294832383750  0.00203325762050873  0.00213255494464343
  0.00223639061238004  0.00234457791611805  0.00245678772000940  0.00257781197065148
  0.00270690769243194  0.00284121215341956  0.00297753454302239  0.00312071542113113
  0.00326027855583115  0.00338126069472502  0.00348795387230876  0.00359691684924144
  0.00370500364042309  0.00375642130781867  0.00379864853389435  0.00384087575997002
  0.00388324491165384  0.00392566181575459  0.00396807871985535  0.00401079618877332
  0.00405370386670350  0.00409661154463368  0.00416833342626892  0.00427503206761586
  0.00439330831115164  0.00451551045808981  0.00464124875380307  0.00476597284496909
  0.00488716726048753  0.00500043872856276  0.00510823762463656  0.00521499508112955
  0.00538168219693637  0.00556189341278613  0.00575764439472987  0.00597044736240526
  0.00620433732746350  0.00643505444068726  0.00666648346344043  0.00690847219430619
  0.00723067232842498  0.00756362508835789  0.00785961127818007  0.00799304965343830
  0.00808859256587590  0.00818251987407702  0.00826342679807183  0.00834839015571970
  0.00844391289207085  0.00854106786436779  0.00864103867617859  0.00874534656376881
  0.00885190798587046  0.00896757220991434  0.00910025828406160  0.00923279575286874
  0.00942440566905082  0.00963075752603802  0.00972385745027703  0.00983746554960179
  0.00999329592713366  0.01017733000220668  0.01058329426949956  0.01136015149423429
  0.01161647707531226  0.01180791007202095  0.01192967353044704  0.01205270512227077
  0.01217760960210571  0.01229319638085961  0.01239655101605827  0.01250222127656205
  0.01265204524795269  0.01280184925289505  0.01295162404644387  0.01383476871329039
  0.01496712375125022  0.01669850440576734  0.26676755768057081  1.00000000000000000
 -0.00268618763736223  0.01079953882522244  0.02158986697780577  0.03156249024697948
  0.04146540245032482  0.05164214083590328  0.06236794047327559  0.07551725496151666
  0.09234161838241586  0.10866501590495117  0.12169332744454466  0.13408872934945476
  0.14683460666733614  0.16116909986665562  0.17361945815447483  0.18593461270569756
  0.19825980045214478  0.21230709297808126  0.22440297674211895  0.23603608928660536
  0.24599567147794105  0.25564553629021008  0.26481950608912036  0.27603142083066212
  0.28737278254541798  0.29718807256878760  0.30587889781799549  0.31431292164259828
  0.32281099673108488  0.33143457792457809  0.34088099618691464  0.35076111599512055
  0.36278850372786697  0.37672159205366518  0.38858888562188720  0.39890483941898608
  0.40831842005810287  0.41706460850735755  0.42504958173657564  0.43249867908591627
  0.44035529379937938  0.44844191048055770  0.45697646740645664  0.46545837814084579
  0.47497240581695760  0.48522419403124301  0.49655044546131100  0.50814251998747251
  0.52010938584723931  0.52965559419235198  0.53847779405014118  0.54665629339987221
  0.55522112501655052  0.56432994594974717  0.57392306934211967  0.58451922465180983
  0.59544948213290994  0.60521340456536676  0.61267097147681260  0.62001283587754297
  0.62633138903112184  0.63257671907410296  0.63956694038345863  0.64680283242861525
  0.65749889701009245  0.66895950771576762  0.67988964346801406  0.68975490115305593
  0.69923309635358832  0.70866083432341209  0.71824900597687036  0.72721063931789154
  0.73495476368561319  0.74254030303117846  0.75067352237919738  0.76040647840494413
  0.77257894352588330  0.78440288106253198  0.79579375557254972  0.80602110721283871
  0.81656829591537761  0.82799877441428149  0.83929435995015089  0.85018456530627773
  0.86173427731987839  0.87526203042647133  0.89015566267477331  0.90402847000913311
  0.91739901573581284  0.93029829842838463  0.94333348473160772  0.95713333563581793
  0.96936814321210896  0.97991910768177670  0.98991438228287487  1.00000000000000000
  0.57550146649445932  0.61868510083340289  0.63747183797185325  0.65083774813551176
  0.66292874322213424  0.67432231554777833  0.68475203173257415  0.69419467271396063
  0.70321535924679002  0.71168557962026213  0.71951318085138805  0.72751346363934988
  0.73467952504955802  0.74163770103973770  0.74870520939777951  0.75555294105980120
  0.76146371416091563  0.76677919027042940  0.77191037212849678  0.77717335962794898
  0.78275119668847459  0.78821555235867991  0.79333138717080098  0.79815708191431423
  0.80300937623907143  0.80787871871712635  0.81273325904893856  0.81757937375253342
  0.82229869132510081  0.82674676194089558  0.83092540750327315  0.83491410891761586
  0.83873407917682596  0.84245864107243928  0.84608584493501260  0.84962741502204131
  0.85311919799488667  0.85660574141929369  0.85991735428311900  0.86289064296808571
  0.86585811878736696  0.86889316069990674  0.87201371632089142  0.87530997358929363
  0.87851251966786426  0.88175412546518650  0.88500817675334786  0.88813140174778005
  0.89103987281972974  0.89393153988536211  0.89644749050056860  0.89883175978893359
  0.90126367064041690  0.90365449088231209  0.90629186395195893  0.90880515906588544
  0.91121885636952826  0.91347979826980141  0.91561085145837762  0.91780051404893337
  0.91994334663345212  0.92206657612064169  0.92411362489911453  0.92614889939523681
  0.92806010300434849  0.92970899864146728  0.93146633483794616  0.93328351737085957
  0.93527799202246953  0.93761421007623769  0.94004813758662964  0.94253539973212819
  0.94492999935901822  0.94715525665644806  0.94936506285252076  0.95161177167297750
  0.95358754200633811  0.95550007710367124  0.95751647230436465  0.95972574174945779
  0.96202638088318315  0.96430141878038267  0.96638744112150343  0.96845572772226052
  0.97063380703724689  0.97305901649391968  0.97559050616950338  0.97798107901200504
  0.98029648381027734  0.98248625149527324  0.98482353552794477  0.98718180056282490
  0.98985841750955506  0.99269011979551802  0.99594617207273650  1.00000000000000000
  0.02485957858313841  0.18136701293094190  0.21376541699473131  0.23853413494483472
  0.25519852418118794  0.27079319897145082  0.28525254320767107  0.29843809435782792
  0.31050716764080494  0.32273249287361228  0.33605747583335877  0.34859899630695451
  0.35949479696134545  0.36868410077604291  0.37719921107922832  0.38569459078497131
  0.39301459492951607  0.39965736723676382  0.40589708146848064  0.41162164880640351
  0.41817280515553218  0.42522405870517710  0.43257880822286404  0.43911562220836553
  0.44546780625046756  0.45178147478016190  0.45823116003386916  0.46494798811070903
  0.47180387386681255  0.47839859372548649  0.48633009416221362  0.49397989054827179
  0.50118981145884822  0.50739975935600889  0.51317018668513104  0.51857770593189256
  0.52369389044626868  0.52904815163340035  0.53509076986322446  0.54050333169986153
  0.54625696985308547  0.55230795722442749  0.55817336582768518  0.56390846565566644
  0.56949466343714017  0.57464572679466785  0.57937755498969945  0.58398063895279084
  0.58850621243177692  0.59280528643543606  0.59762281931570727  0.60247179491028147
  0.60732706838865758  0.61226730512554528  0.61755352945801179  0.62303874212638788
  0.62827555961804438  0.63310636374415385  0.63797522395274786  0.64289479329320509
  0.64768568708257768  0.65209363249746899  0.65615077917604581  0.65966021476886572
  0.66328701126557921  0.66699822393785102  0.67120562459089794  0.67514791467258706
  0.67948424870900659  0.68340681935873993  0.68752631205367132  0.69209546528882804
  0.69704211659322646  0.70196275859047486  0.70694987534485143  0.71205479971336183
  0.71747492425950965  0.72350448104053067  0.73020670998750037  0.73776541321655031
  0.74460765872069490  0.75165244643404727  0.75918104536203501  0.76650937937917030
  0.77450639692325829  0.78285477610485810  0.79177845386479551  0.80158514133873993
  0.81264098140664509  0.82214355694904340  0.83120610277858120  0.84220540630785679
  0.85538093368070744  0.86808640519335545  0.94136265522425677  1.00000000000000000
   2.4905620807466611E-009  -1.0000000000000000     
 F F F F F F F F F F F F F F F F F F F F F F F F F F F F F F F F F F F F F F F F F F F F F F F F F F F F F F F F F F F F F F F F F F F F F F F F F F F F F F F F F F F F F F F F F F F F F F F F F F F F F F F F F F F F F F F F F F F F F F F F F F F F F F F F F F F F F F F F F F F F F F F F F F F F F F F F F F F F F F F F F F F F F F F F F F F F F F F F F F F F F F F F F F F F F F F F F F F F F F F F F F F F F F F F F F F F F F F F F F F F F F F F F F F F F F F F F F F F F F F F F F F F F F F F F F F F F F F F F F F F F F F F F F F F F F F F F F F F F F F F F F F F F F F F F F F F F F F F F F F F F F F F F F F F F F F F F F F F F F F F F F F F F F F F F F F F F F F F F F F F F F F F F F F F F F F F F F F F F F F F F F F F F F F F F F F F F F F F F F F F F F F F F F F F F F F F F F F F F F F F F F F F F F F F F F F F F F F F F F F F F F F F F F F F F F F F F F F F F F F F F F F F F F F F F F F F F F F F F F F F F F F F F F F F F F F F F F F F F F F F F F F F F F F F F F F F F F F F F F F F F F F F F F F F F F F F
  <DiscreteSampler_grid>
  grouped_processes
  1 # 1 for a reference and 2 for a running grid.
  10 # Attribute 'min_bin_probing_points' of the grid.
  1 # Attribute 'grid_mode' of the grid. 1=='default',2=='initialization'
  0.0000000000000000 # Attribute 'small_contrib_threshold' of the grid.
  0.5000000000000000 # Attribute 'damping_power' of the grid.
 # binID   n_entries weight   weight_sqr   abs_weight
    13   10   4.189571025657442E-005   4.576601840086554E-009   4.189571025657442E-005
    14   10   4.189571025657428E-005   4.576601840086474E-009   4.189571025657428E-005
    16   10   4.189571025657442E-005   4.576601840086554E-009   4.189571025657442E-005
    17   10   4.189571025657428E-005   4.576601840086474E-009   4.189571025657428E-005
    22   10   4.189571025657424E-005   4.576601840086493E-009   4.189571025657424E-005
    23   10   4.189571025657405E-005   4.576601840086400E-009   4.189571025657405E-005
    25   10   4.189571025657424E-005   4.576601840086493E-009   4.189571025657424E-005
    26   10   4.189571025657405E-005   4.576601840086400E-009   4.189571025657405E-005
  </DiscreteSampler_grid>
