  0.00219317750703250  0.01625063896338791  0.02913489079219276  0.04158040272449284
  0.05315493460723265  0.06475273769076130  0.07629637544458469  0.08770950775297834
  0.09844268143362740  0.10903877789225562  0.11973348202024575  0.13068332386791814
  0.14136667976319811  0.15201818047971494  0.16288835491630632  0.17396245287148451
  0.18504392685204299  0.19574595439951595  0.20632563590056868  0.21688996784833975
  0.22761225078765060  0.23852638220139710  0.24969510978379195  0.26098275041213193
  0.27188830481146586  0.28245740322939006  0.29296222904699332  0.30351983214697459
  0.31391242820750154  0.32430710080966124  0.33468245848954276  0.34553292284665738
  0.35622990120169384  0.36721291640287240  0.37824320436162828  0.38884271473273091
  0.39934593135732860  0.40969854914933751  0.42044195110489346  0.43111620196208544
  0.44172100407304676  0.45216594491041923  0.46259314020035713  0.47324547550917789
  0.48396922915820234  0.49508625228616221  0.50635921614725865  0.51762402043973299
  0.52829392646152162  0.53885315281258928  0.54954003749994118  0.56080744348310918
  0.57210576922470335  0.58317761942418944  0.59362921805118340  0.60420972655764305
  0.61481179583473922  0.62551469913714119  0.63612071150630700  0.64676507617573908
  0.65713779056542188  0.66736960265123468  0.67752802973049364  0.68774177044885287
  0.69800708712454895  0.70803082426774255  0.71825488124946002  0.72857567049781780
  0.73924449648085444  0.75000279044101525  0.76074587755758705  0.77147608218887354
  0.78188388793560881  0.79204234824930742  0.80229857418046469  0.81279923663965770
  0.82346017458307996  0.83352743376694727  0.84381546247495243  0.85417144151545499
  0.86537885596024111  0.87637070226127323  0.88688936366858950  0.89718751594141211
  0.90726146972972899  0.91712836855951874  0.92680790803606461  0.93649839630380904
  0.94635465429190635  0.95607048747943424  0.96547623750121403  0.97421412689241449
  0.98240860098584704  0.99083567876446443  0.99144068974515742  1.00000000000000000
  0.00258013822372720  0.01439957892792507  0.02714688223782275  0.03907577915020354
  0.05027549185997070  0.06116097768392777  0.07257374977239797  0.08390380610379386
  0.09466129823348889  0.10500924114509097  0.11530789944599217  0.12647194156763775
  0.13768384088830729  0.14905510507845085  0.15976481574521390  0.17006130777309150
  0.18029473978556079  0.19098582994644034  0.20156059846650698  0.21204547827112671
  0.22218675391098197  0.23268567750216151  0.24317193832561598  0.25402276598575485
  0.26473407059628312  0.27536556755446584  0.28599415823860014  0.29689844127040571
  0.30814339203807295  0.31948415769918487  0.33050105293259113  0.34132487168550479
  0.35210120457099181  0.36273306735468547  0.37292509086179221  0.38302667511099853
  0.39310868732638399  0.40357866410377846  0.41436408008640963  0.42501944677636194
  0.43571858396252650  0.44626611318299725  0.45673726146936944  0.46710623223676151
  0.47734354115702643  0.48768847612303823  0.49820490114685734  0.50887790774743291
  0.51930125389627169  0.52998712342384136  0.54003779674806429  0.55025578242517459
  0.56016621143062117  0.57066789351195335  0.58112885926943458  0.59148768719904976
  0.60190903445792010  0.61267960021878509  0.62363655333683676  0.63423188709870382
  0.64456279470900135  0.65503891294377858  0.66540920819925597  0.67548250550623257
  0.68506454729230282  0.69484036429927754  0.70516045287504470  0.71579395082492780
  0.72644919220886073  0.73689880494807147  0.74731601311440177  0.75780905001198773
  0.76834994459802286  0.77902840929772255  0.78952962158091788  0.80005860607808510
  0.81033289416359167  0.82018192835650550  0.82981045602462467  0.83945564560170116
  0.84959319039125691  0.85965293143865718  0.86981450539681471  0.87985138995150003
  0.88976579989133342  0.89981478843170759  0.90960606396610388  0.92026777422028960
  0.93059762156584358  0.94090194953740092  0.95132530796052872  0.96172557291465743
  0.97170501731638481  0.98102467385235992  0.99038486964804429  1.00000000000000000
  0.00000350969879337  0.00000358028629513  0.00000366409390921  0.00000372563951887
  0.00000382321657172  0.00000392630471650  0.00000403226520157  0.00000416507442333
  0.00000430282508842  0.00000447300018814  0.00000464968859596  0.00000483185696384
  0.00000502786385244  0.00000524174230285  0.00000547046229969  0.00000571021485626
  0.00000597460753491  0.00000625524713836  0.00000653872454537  0.00000685199437123
  0.00000720004625373  0.00000757703128005  0.00000798567703274  0.00000842824890871
  0.00000890490094626  0.00000941494496971  0.00000995580193472  0.00001053341606394
  0.00001115956300536  0.00001185136367455  0.00001257972318520  0.00001338577647592
  0.00001423124632645  0.00001516652763101  0.00001617117173978  0.00001723317662745
  0.00001839992713555  0.00001966631873657  0.00002103778497535  0.00002248667533711
  0.00002400541708592  0.00002562589342012  0.00002739384432069  0.00002931046296711
  0.00003136977578837  0.00003359127534617  0.00003603781620648  0.00003873883544071
  0.00004162894745715  0.00004474034514563  0.00004797485543389  0.00005152036797980
  0.00005525773925473  0.00005959063060638  0.00006422454384859  0.00006932473827857
  0.00007465210149586  0.00008078524292067  0.00008744765895713  0.00009482819404103
  0.00010270336283636  0.00011138427932035  0.00012109742841812  0.00013167235971307
  0.00014374636269164  0.00015711186665357  0.00017170424824908  0.00018753144586767
  0.00020459013040320  0.00022369898848591  0.00024505708312940  0.00026813885488956
  0.00029300927648600  0.00031985294923791  0.00035042374351840  0.00038516576073117
  0.00042230305498536  0.00046198907268691  0.00050756305630834  0.00056238450728579
  0.00062623342782344  0.00069794129487213  0.00078025821188254  0.00088213052652323
  0.00101189740580310  0.00115242262805756  0.00131978073729326  0.00150442081207932
  0.00172832163207615  0.00200875647111110  0.00234891239210769  0.00278465565506282
  0.00354872839817197  0.00506525040153354  0.01202108332261120  1.00000000000000000
  0.00000428822815320  0.00000548834592943  0.00000707680092813  0.00000904606979922
  0.00001086259108080  0.00001266860475995  0.00001458989017205  0.00001659448269448
  0.00001867400353292  0.00002088261010477  0.00002331539415762  0.00002595155285517
  0.00002879655056507  0.00003184633857833  0.00003516675775122  0.00003892940351299
  0.00004313425701927  0.00004780661626199  0.00005297037185665  0.00005875507228831
  0.00006511445284589  0.00007179277902293  0.00007884295539418  0.00008619649435531
  0.00009381826674175  0.00010178607912882  0.00011002206546509  0.00011857453240112
  0.00012724681893485  0.00013629433819433  0.00014566513814419  0.00015552931573323
  0.00016581872586857  0.00017662109056457  0.00018810821299906  0.00019998675355764
  0.00021235770409527  0.00022563543276152  0.00024001295493157  0.00025547334247292
  0.00027188738633841  0.00028893904611346  0.00030670904952041  0.00032525144498347
  0.00034465121708708  0.00036514042976608  0.00038720213655438  0.00041133333357913
  0.00043752344905954  0.00046570816451162  0.00049562694272432  0.00052698619045562
  0.00056011867070673  0.00059354344427641  0.00062761722842485  0.00066261784740125
  0.00069898858173318  0.00074022115131458  0.00078518755770884  0.00083318778511417
  0.00088292518550967  0.00093492280876068  0.00098935817380730  0.00104624831835823
  0.00110661936689323  0.00117114197446838  0.00124086768863489  0.00131918073062735
  0.00140270331980334  0.00148765339910209  0.00157142498916139  0.00165872963383439
  0.00176339222778297  0.00188590817410458  0.00202059410430147  0.00214626372156622
  0.00226018560264860  0.00237932019709576  0.00249855951442784  0.00263939904178252
  0.00277364515206430  0.00291901546663506  0.00308266131371454  0.00324611338244920
  0.00342211131557994  0.00361239652165421  0.00383387986315249  0.00408524738515642
  0.00436926504676688  0.00475083967639350  0.00517018051333167  0.00564548519243521
  0.00627023917029107  0.00667657775522226  0.01027450840280157  1.00000000000000000
 -0.00233663529709285  0.00963856528436651  0.01985263309208509  0.03075121526874284
  0.04181924925830248  0.05243424694821231  0.06319349595135479  0.07390979357524259
  0.08503960929944747  0.09604861203866573  0.10669337324424456  0.11689771103376109
  0.12692261566994473  0.13737476615385988  0.14818170339957304  0.15915423900997275
  0.16964211872770582  0.17988687208947357  0.19001713587126384  0.20035098789998823
  0.21097884110691056  0.22182815086915725  0.23268547621512606  0.24321156576328287
  0.25360448945690500  0.26379155660049630  0.27405378535956271  0.28387178699445231
  0.29372533296471154  0.30372444856296443  0.31391180837777388  0.32416772308208347
  0.33409344898680698  0.34412805018000020  0.35401606472363539  0.36387077946926150
  0.37369352998404470  0.38364766180690901  0.39356555666914605  0.40324105503742907
  0.41290835571089218  0.42275035229408969  0.43265859569670306  0.44239544762408695
  0.45187440975029275  0.46145994459381812  0.47119545886300324  0.48111378479075417
  0.49098892270472377  0.50096257363092356  0.51090725723849861  0.52093013162517265
  0.53100084234278488  0.54111655374883516  0.55128472485029922  0.56135792023856812
  0.57124690096476938  0.58107571286255011  0.59091623508419766  0.60081851717457835
  0.61076565956999651  0.62075595474139655  0.63083185748995396  0.64098591677570482
  0.65092788845341043  0.66068470351410291  0.67037961916992372  0.68001616086567385
  0.68980136477915210  0.69966608946525621  0.70958646912433554  0.71954207401413073
  0.72958399988855405  0.73980941643978260  0.75018498978513914  0.76081942134461700
  0.77188821285781695  0.78334249495704167  0.79518087768591317  0.80720279815192397
  0.81913919092502674  0.83092678507764939  0.84288151972344461  0.85491169304856518
  0.86693251722247966  0.87868647963226654  0.89029373667880130  0.90200252281466542
  0.91389228136205880  0.92627922624981840  0.93896706167731392  0.95160686032239283
  0.96382992611208396  0.97574194722368723  0.98780107603905098  1.00000000000000000
 -0.00240586596808212  0.00943726402400100  0.01981166737740836  0.02995850649447440
  0.04031081125178208  0.05108657511726188  0.06196411189111514  0.07277451082149340
  0.08349579569146355  0.09420256391812240  0.10436739414786071  0.11424107573511032
  0.12430464931972153  0.13505063462862718  0.14568245296378424  0.15615182192446150
  0.16663637963581182  0.17745982208962013  0.18872091784205502  0.19972888827685481
  0.21063225004832375  0.22122801563685765  0.23193535366086829  0.24265988311396783
  0.25307586780540275  0.26333019078611059  0.27345276458708834  0.28375241824409714
  0.29398068496554686  0.30435698705274322  0.31497287071213115  0.32576163162501109
  0.33616398084822069  0.34676333961238909  0.35756154000743279  0.36891021259454237
  0.38002394277351914  0.39067167691267890  0.40106617017914165  0.41128957645473135
  0.42189220404555339  0.43241916610109460  0.44317915020076531  0.45395868957911828
  0.46447075117192760  0.47485750753795619  0.48523359857488829  0.49574742321375453
  0.50656471779499312  0.51695806953013168  0.52710340804236655  0.53719960665984545
  0.54752827556040828  0.55842253004016584  0.56928174227718431  0.58023923767913310
  0.59092099768634732  0.60150361089106785  0.61216343478180091  0.62238344701163217
  0.63271771531176690  0.64304267129686909  0.65392836565132173  0.66467323989303428
  0.67505021637540852  0.68512733232131762  0.69526696938003585  0.70574274888225097
  0.71602759821617001  0.72672707618488397  0.73706212498512691  0.74800192184333691
  0.75851878671913142  0.76902486678912407  0.77960650493802308  0.79014545692545035
  0.80105377793882049  0.81195349448355914  0.82280146597678150  0.83339710947604506
  0.84377146658823377  0.85380847298693174  0.86372122350807845  0.87380547656308083
  0.88406388646559897  0.89434414759708958  0.90484744419133256  0.91555652892955641
  0.92669189849711975  0.93751083150411940  0.94826896653466575  0.95934399098224998
  0.96977400498923427  0.97993967496209688  0.98974732573790369  1.00000000000000000
 -0.00283524272630323  0.01093609305662829  0.02250755305144051  0.03455599746457775
  0.04627255413275673  0.05797442935983094  0.06928491490459310  0.08014505844176523
  0.09098521930050868  0.10183734371244767  0.11247058211011793  0.12302214160730318
  0.13351148013372507  0.14448586539262065  0.15530249303318047  0.16626744758971701
  0.17666217546000970  0.18702593364208625  0.19726753190455229  0.20723922895145824
  0.21701968070275146  0.22643628506786292  0.23637222789394899  0.24637869711767593
  0.25613553518488880  0.26561117148503038  0.27502687562859074  0.28473878991713991
  0.29453070982294338  0.30432498192226642  0.31388248476453118  0.32346278720772009
  0.33329169782606705  0.34322411474769865  0.35300185275218410  0.36239013975057521
  0.37148304382411018  0.38082552418511706  0.39046649944098355  0.40001725487464734
  0.40961654276579951  0.41939447233454397  0.42927209820750106  0.43911003261736947
  0.44890215503429454  0.45890657838941679  0.46887919367937153  0.47908462275417563
  0.48926458561962477  0.49966694642491755  0.51002629623684981  0.52028048691398232
  0.53053139802891491  0.54022902058349676  0.54979468103200224  0.55909472648909975
  0.56867679147565753  0.57851795033556452  0.58848533189489372  0.59832073940597619
  0.60800395470362278  0.61776330414878611  0.62778237152835781  0.63775708278545173
  0.64830772531424607  0.65872268290489799  0.66933276569722366  0.67968237394440900
  0.69005350066219406  0.70068762804333373  0.71144610570991240  0.72249039132989945
  0.73363858116759895  0.74457793689882268  0.75529199626723298  0.76602519078319997
  0.77687705328883361  0.78776229487668148  0.79878223046269214  0.81013090240424257
  0.82150844949341961  0.83300722237559799  0.84426062167772331  0.85553108840916969
  0.86678842721930449  0.87790755943904575  0.88927741998046073  0.90096989727702603
  0.91332562269451500  0.92561811143935602  0.93778688512237307  0.95006413695642367
  0.96246387878443163  0.97513455250346626  0.98757525346671171  1.00000000000000000
 -0.00230018066152740  0.00895252897022899  0.01879765256251934  0.02890943960173574
  0.03915406802581928  0.04976380761137081  0.06027742537449870  0.07098037736561029
  0.08140051303833877  0.09168302039150714  0.10223978264916207  0.11288974979227843
  0.12352485166616177  0.13412226073012259  0.14467792191025539  0.15572507851937151
  0.16675468830789406  0.17759060583103503  0.18866912141956654  0.19867055303456502
  0.20839541998648739  0.21800436308749196  0.22820616999812768  0.23913670372012943
  0.24988320970722083  0.26068375939888122  0.27088054883114221  0.28094852048684293
  0.29081573875176786  0.30112018964535875  0.31168762125298960  0.32245869303266134
  0.33320199259375982  0.34403031958220803  0.35452604213213879  0.36514138175588939
  0.37552349202686408  0.38605117324602983  0.39629056310629751  0.40669922714782536
  0.41700237561911990  0.42700418963639281  0.43701540521795562  0.44730462173304036
  0.45823324383243275  0.46906394269346341  0.47952914684788023  0.48987737994662256
  0.50018085822368952  0.51042438877011531  0.52076114592204648  0.53129738538329885
  0.54180408835208083  0.55213499513240061  0.56243302613548196  0.57292821045715059
  0.58374100724205924  0.59477907841799693  0.60586722625968092  0.61698199928059672
  0.62825722057238753  0.63966358490331454  0.65083927392630880  0.66163328935987120
  0.67192567564318628  0.68215514783458353  0.69249046415411497  0.70294332586441810
  0.71310534769576694  0.72318390495531859  0.73349989786433234  0.74390328730867905
  0.75463145128461162  0.76553336532707317  0.77634340943123281  0.78710503764694928
  0.79718884028945836  0.80785353366354873  0.81868461106921864  0.82984787048094510
  0.84073964597343953  0.85136045736884702  0.86194945097830911  0.87237394580012650
  0.88282191341755623  0.89310434018652252  0.90366580498940319  0.91465200540110003
  0.92503273368416072  0.93560235259955449  0.94576302859004369  0.95708448122149059
  0.96784064920701263  0.97881842502711192  0.98931320019183455  1.00000000000000000
 -0.00233572549151084  0.00913662190039998  0.01920128683658660  0.02915460212164930
  0.03946304174288754  0.04970564125789068  0.06011838948439244  0.07068207901231512
  0.08138030473582429  0.09207170795414799  0.10265025932705560  0.11304788405049968
  0.12351358128204451  0.13426616044555942  0.14507653589685424  0.15610112798206846
  0.16690560326259182  0.17755295577180308  0.18799209073719256  0.19850756352915486
  0.20912212872751584  0.21961536070963228  0.23027183478171051  0.24134692541718505
  0.25239125958319014  0.26300826427890656  0.27334415892643693  0.28388397216259631
  0.29450178217325995  0.30488264976215568  0.31498890464749441  0.32473286282781644
  0.33455629823425059  0.34472543035703102  0.35515660213818223  0.36567300087080401
  0.37616300691984050  0.38665550114780450  0.39713974266393320  0.40747806607165088
  0.41778077040218370  0.42811087278192089  0.43823347479306030  0.44822143599935083
  0.45836000408234173  0.46884733301314130  0.47944297952454817  0.48989757341692902
  0.50012219344344921  0.51067584065497940  0.52141977730009403  0.53241628942422203
  0.54319972929095184  0.55377802009802823  0.56403729052372675  0.57388675336517359
  0.58378954087771273  0.59415530034210418  0.60495060817950508  0.61589128182490815
  0.62660204162664535  0.63703471867809280  0.64762699659187251  0.65821849031951318
  0.66897900300955504  0.67963698950100060  0.69047104028502104  0.70127569359333686
  0.71237761251470666  0.72328351538069635  0.73411806074373032  0.74475167894160010
  0.75536513252608051  0.76619710558669474  0.77690310337077717  0.78766123768356366
  0.79837336757100974  0.80903742441881021  0.81967870277521337  0.83032403698316892
  0.84089108005345659  0.85146259428196525  0.86217757748621016  0.87284912727474473
  0.88340566566031853  0.89356116820834863  0.90405487795484185  0.91477634316092782
  0.92600337192065341  0.93725163636563746  0.94775222564408457  0.95802092156172547
  0.96816782988263594  0.97890318494363660  0.98943137222892763  1.00000000000000000
  0.00008165904173761  0.00016347002063412  0.00027483333193395  0.00040166035950278
  0.00053157731600285  0.00062277145293932  0.00070123444307097  0.00077880397696845
  0.00085858613268063  0.00093655362020728  0.00101368407844614  0.00109359283896932
  0.00117511373674908  0.00125733685450676  0.00134061889437810  0.00142349399120266
  0.00150497465067823  0.00158568880956549  0.00166646693181582  0.00174719293204306
  0.00183089342064569  0.00191515552323877  0.00199754068692144  0.00207721462927903
  0.00215781259204161  0.00223992255438077  0.00232347257310800  0.00240847490456689
  0.00249476179675805  0.00258310088588295  0.00267123080804611  0.00275897585445175
  0.00284675263519378  0.00293375918739375  0.00301864296923483  0.00310229613261501
  0.00318493797197251  0.00327134113159320  0.00336037825078834  0.00345366109974400
  0.00355148394251147  0.00365214951559721  0.00375423923007375  0.00386380872577013
  0.00396930974557405  0.00407658540430863  0.00418258340245280  0.00428737560506031
  0.00439326703303178  0.00450192522599916  0.00461516271153008  0.00473773386234305
  0.00487270365716500  0.00501167717810539  0.00515196661378122  0.00529426845264694
  0.00542525954879401  0.00556004266108905  0.00570734337310881  0.00584418372625767
  0.00598005221256046  0.00611628508990249  0.00626416335351862  0.00643045742769704
  0.00658687877102116  0.00672740199148156  0.00686172225218564  0.00701314162493647
  0.00716611411886434  0.00732166403414607  0.00748928826868937  0.00766586209273135
  0.00784976416838308  0.00810167390924246  0.00836492861474006  0.00854810653586557
  0.00874681212090761  0.00897950436484185  0.00922265840654348  0.00955242510745019
  0.00990539437502613  0.01016392116131956  0.01034320203026186  0.01072576712486029
  0.01102649315538666  0.01135110645130815  0.01156886002150684  0.01180457879072446
  0.01232696193371625  0.01267571915700461  0.01340447010172729  0.01405200650807603
  0.01470891428713471  0.01630505068621736  0.03786896781415258  1.00000000000000000
 -0.00204810439216540  0.00800082925939423  0.01674101050105017  0.02609288113136720
  0.03559603928144975  0.04520440641483701  0.05470888288350109  0.06428773424557853
  0.07386429062496645  0.08363577739300372  0.09365096630241643  0.10392595442403776
  0.11404526144944094  0.12371332192690741  0.13335810741597737  0.14330967909805514
  0.15365312760450395  0.16426765636241322  0.17507772723630638  0.18622633814004075
  0.19748621842706962  0.20889687114610578  0.22032559267552421  0.23181884784254023
  0.24287878819642456  0.25377780442849862  0.26454307983683839  0.27540741052177686
  0.28666244074144337  0.29798309137120249  0.30928442310016030  0.31992798447312115
  0.33041536236666164  0.34101901232128312  0.35179290077370373  0.36282992909227119
  0.37379434176079684  0.38477301328297298  0.39590455799832458  0.40637907237988635
  0.41731183139042566  0.42772990951363721  0.43829197593889058  0.44880032248453472
  0.45928735547037047  0.46978371327000118  0.48064678150991141  0.49193535389406545
  0.50364160326278962  0.51469740445993473  0.52560354125757580  0.53648667855251131
  0.54763433475676671  0.55865870693577857  0.56948379073292876  0.58008532581828376
  0.59058587605278146  0.60120002352802826  0.61194105014425726  0.62278577220669662
  0.63339380416661184  0.64433104900481575  0.65553483483697839  0.66695138026666800
  0.67837596422806867  0.68998021194256398  0.70178703464644032  0.71350477409137414
  0.72478634134777853  0.73618323533659702  0.74735119201306222  0.75833051300957899
  0.76895732380261750  0.77973868437054894  0.79058835472092426  0.80126005871969486
  0.81191106355418197  0.82273049172250301  0.83368826390976214  0.84419868673792320
  0.85442522958228440  0.86451103326463896  0.87450614134311944  0.88424840529698667
  0.89389283712803758  0.90379399155119478  0.91379957773215092  0.92343262721452013
  0.93291090370629937  0.94230180942928388  0.95181763525171104  0.96106704121093844
  0.97028528607531472  0.97967151592297141  0.98960971210183557  1.00000000000000000
  0.36542930993245376  0.57060727835521763  0.58435851110879744  0.59780562607880328
  0.61109837011230350  0.62352218776890411  0.63488412306362230  0.64539099505002107
  0.65478551847560251  0.66341770104893816  0.67137341610460388  0.67871025823882114
  0.68582862592094596  0.69254237552975106  0.69904603419033706  0.70533148999760042
  0.71127723524374087  0.71696246199087332  0.72252396902545279  0.72807070447626598
  0.73336689258438570  0.73854809371645058  0.74355635848639801  0.74851562832043284
  0.75336393548215186  0.75811744876273413  0.76274521762358949  0.76731381353761430
  0.77181158186352916  0.77628270430607116  0.78067695476962418  0.78500352559287667
  0.78926547393823066  0.79346753352204691  0.79761797265532997  0.80174703074653775
  0.80580280281214223  0.80977886242017583  0.81363255014159408  0.81736883270096095
  0.82098214304690886  0.82447901171441973  0.82789746435205780  0.83122011998519085
  0.83440481393129717  0.83746566643805898  0.84044317578553684  0.84334624009905701
  0.84621895362466082  0.84907783219292132  0.85195811488534967  0.85482407414656469
  0.85769854278427571  0.86062106940196526  0.86354420492680173  0.86641433075778873
  0.86926983878599451  0.87213697170902249  0.87498071822921375  0.87777513549153807
  0.88050230569873189  0.88316565000159442  0.88582496472029804  0.88854028523260120
  0.89133627903386214  0.89417237739623023  0.89696584256047707  0.89981315603908618
  0.90272513608855220  0.90559985355888817  0.90846783629028138  0.91131573775167196
  0.91412734205915414  0.91694141447583766  0.91985518479435280  0.92273094796321720
  0.92564094525284768  0.92862164034667771  0.93162479206364990  0.93467291806875941
  0.93782856579751539  0.94107934372469892  0.94434283785756223  0.94759527960769407
  0.95084649861532722  0.95417415887027679  0.95772662256659513  0.96125505130305555
  0.96482479565841217  0.96843852325661872  0.97224642570237996  0.97639789300828639
  0.98095490263639806  0.98608674006449870  0.99225246858355887  1.00000000000000000
  0.09344359475126310  0.17242944762664097  0.18088842195454238  0.18798133658039906
  0.19498472299962785  0.20139476027028952  0.20766211568720111  0.21397463621155161
  0.21986496657323815  0.22541320972129034  0.23080615938936178  0.23606911294877464
  0.24138280403251056  0.24665171093270291  0.25167231819125524  0.25651166691763572
  0.26130227032599279  0.26605874948873270  0.27080216907770593  0.27559261846497296
  0.28034758218593520  0.28503499106191066  0.28967653703419532  0.29433445705631728
  0.29908349224217878  0.30390324657145656  0.30868671153708099  0.31340622634109888
  0.31807088434220931  0.32268995319652238  0.32732466986181818  0.33199832543458163
  0.33667445611972674  0.34131700118647706  0.34588780972780636  0.35035732331228620
  0.35480626119328329  0.35935853249430694  0.36395504901710668  0.36875146292625149
  0.37351603976942843  0.37825729839853889  0.38293208635992926  0.38754065992551612
  0.39228838761146007  0.39704764944411086  0.40181205694898453  0.40654201276770874
  0.41131820476493530  0.41614814388088595  0.42102542981691155  0.42599747186116721
  0.43109215080326102  0.43636269969801877  0.44180201951429171  0.44729889059949796
  0.45283464205876983  0.45837748334716916  0.46395559643955114  0.46957322714183536
  0.47518227031046800  0.48083995758642528  0.48655984322818530  0.49237052400270725
  0.49830876964353854  0.50448773210223907  0.51088459160090183  0.51723382951112373
  0.52358547808789591  0.53017291600128036  0.53683411253360580  0.54359228061542864
  0.55053690781862397  0.55767986931255065  0.56503762183614326  0.57272953731702791
  0.58063286463706698  0.58873275308397721  0.59698079925983483  0.60563041819837227
  0.61474292539384989  0.62408798399982335  0.63353547706363011  0.64341812589895664
  0.65390154181545190  0.66505937399981185  0.67681465187727996  0.68926602120692826
  0.70269905237416352  0.71712185977139109  0.73280956417518339  0.75069249592700027
  0.77245203608379509  0.79831786390080295  0.91538571326683471  1.00000000000000000
   8.3265071485739604E-009  -1.0000000000000000     
 F F F F F F F F F F F F F F F F F F F F F F F F F F F F F F F F F F F F F F F F F F F F F F F F F F F F F F F F F F F F F F F F F F F F F F F F F F F F F F F F F F F F F F F F F F F F F F F F F F F F F F F F F F F F F F F F F F F F F F F F F F F F F F F F F F F F F F F F F F F F F F F F F F F F F F F F F F F F F F F F F F F F F F F F F F F F F F F F F F F F F F F F F F F F F F F F F F F F F F F F F F F F F F F F F F F F F F F F F F F F F F F F F F F F F F F F F F F F F F F F F F F F F F F F F F F F F F F F
  <DiscreteSampler_grid>
  grouped_processes
  1 # 1 for a reference and 2 for a running grid.
  10 # Attribute 'min_bin_probing_points' of the grid.
  1 # Attribute 'grid_mode' of the grid. 1=='default',2=='initialization'
  0.0000000000000000 # Attribute 'small_contrib_threshold' of the grid.
  0.5000000000000000 # Attribute 'damping_power' of the grid.
 # binID   n_entries weight   weight_sqr   abs_weight
    31   10   1.150371755734108E-002   6.124391028630123E-004   1.150371755734108E-002
    32   10   1.150371755734108E-002   6.124391028630128E-004   1.150371755734108E-002
    34   10   2.300743511468216E-002   2.449756411452049E-003   2.300743511468216E-002
    35   10   2.300743511468216E-002   2.449756411452051E-003   2.300743511468216E-002
    37   10   2.388050601360969E-002   2.645322559957421E-003   2.388050601360969E-002
    38   10   2.388050601360969E-002   2.645322559957421E-003   2.388050601360969E-002
    40   10   4.776101202721937E-002   1.058129023982968E-002   4.776101202721937E-002
    41   10   4.776101202721937E-002   1.058129023982968E-002   4.776101202721937E-002
    43   10   1.287415405135907E-002   7.352057835531275E-004   1.287415405135907E-002
    44   10   1.287415405135908E-002   7.352057835531292E-004   1.287415405135908E-002
    46   10   2.574830810271814E-002   2.940823134212510E-003   2.574830810271814E-002
    47   10   2.574830810271816E-002   2.940823134212517E-003   2.574830810271816E-002
    49   10   2.691616895673563E-002   3.212067279341229E-003   2.691616895673563E-002
    50   10   2.691616895673565E-002   3.212067279341235E-003   2.691616895673565E-002
    52   10   5.383233791347126E-002   1.284826911736492E-002   5.383233791347126E-002
    53   10   5.383233791347131E-002   1.284826911736494E-002   5.383233791347131E-002
    58   10   1.150371755734108E-002   6.124391028630123E-004   1.150371755734108E-002
    59   10   1.150371755734108E-002   6.124391028630128E-004   1.150371755734108E-002
    61   10   2.300743511468216E-002   2.449756411452049E-003   2.300743511468216E-002
    62   10   2.300743511468216E-002   2.449756411452051E-003   2.300743511468216E-002
    64   10   2.388050601360969E-002   2.645322559957421E-003   2.388050601360969E-002
    65   10   2.388050601360969E-002   2.645322559957423E-003   2.388050601360969E-002
    67   10   4.776101202721937E-002   1.058129023982968E-002   4.776101202721937E-002
    68   10   4.776101202721938E-002   1.058129023982969E-002   4.776101202721938E-002
    70   10   1.287415405135907E-002   7.352057835531275E-004   1.287415405135907E-002
    71   10   1.287415405135908E-002   7.352057835531292E-004   1.287415405135908E-002
    73   10   2.574830810271814E-002   2.940823134212510E-003   2.574830810271814E-002
    74   10   2.574830810271816E-002   2.940823134212517E-003   2.574830810271816E-002
    76   10   2.691616895673564E-002   3.212067279341232E-003   2.691616895673564E-002
    77   10   2.691616895673566E-002   3.212067279341237E-003   2.691616895673566E-002
    79   10   5.383233791347129E-002   1.284826911736493E-002   5.383233791347129E-002
    80   10   5.383233791347132E-002   1.284826911736495E-002   5.383233791347132E-002
  </DiscreteSampler_grid>
