  0.00000215403927110  0.00000225832624439  0.00000233437774873  0.00000240275416109
  0.00000246846665794  0.00000253711570865  0.00000260391856027  0.00000267090091122
  0.00000273325879462  0.00000279026417014  0.00000284865200139  0.00000291418344229
  0.00000299037526772  0.00000306842620763  0.00000314338850472  0.00000321608218549
  0.00000328735899348  0.00000335977936650  0.00000343535754985  0.00000351376350858
  0.00000359351199531  0.00000367471702733  0.00000375834992216  0.00000384686991607
  0.00000393680435425  0.00000402847108054  0.00000412049240743  0.00000421367873379
  0.00000431098238324  0.00000441620940570  0.00000453109150869  0.00000465181928298
  0.00000476932465841  0.00000487997134199  0.00000499296454212  0.00000511401862835
  0.00000525592832208  0.00000540987506839  0.00000556686517869  0.00000571834001608
  0.00000587348072186  0.00000603632791086  0.00000620936427128  0.00000638872426747
  0.00000657476457900  0.00000677485695765  0.00000697763996056  0.00000717937295544
  0.00000738605824356  0.00000759936079579  0.00000782841305261  0.00000810645667602
  0.00000841375940170  0.00000874740466118  0.00000907874775022  0.00000941075437580
  0.00000975529500098  0.00001011103217550  0.00001046527064272  0.00001083803240683
  0.00001125099869768  0.00001166279583079  0.00001209190416636  0.00001254356983236
  0.00001308050037474  0.00001373727849828  0.00001439997043119  0.00001509820434509
  0.00001579247627121  0.00001647901092983  0.00001724488075035  0.00001816679657790
  0.00001918983537011  0.00002040688393371  0.00002183406308365  0.00002341101230014
  0.00002520674350583  0.00002716922587348  0.00002926853076033  0.00003151364282104
  0.00003395885058041  0.00003687440140323  0.00004074961116150  0.00004573759793888
  0.00005188729307900  0.00005984629702476  0.00006910375512930  0.00008279370555964
  0.00010632106979743  0.00013962183459974  0.00018353759230972  0.00029542920481178
  0.00055566113928007  0.00130879659580904  0.20960439858058461  1.00000000000000000
  0.00000875592545245  0.00000982747033582  0.00001068553447538  0.00001181519619025
  0.00001298215041279  0.00001410956290020  0.00001503455830079  0.00001583200322441
  0.00001667799281492  0.00001750479189473  0.00001824516054197  0.00001890733870302
  0.00001961710049666  0.00002046714961601  0.00002151001003772  0.00002246021657103
  0.00002344264359482  0.00002467346186046  0.00002607513520633  0.00002758195347382
  0.00002907633610926  0.00003054931331709  0.00003201897762490  0.00003356235119993
  0.00003530222474058  0.00003716033394955  0.00003944268482680  0.00004179417572838
  0.00004403471677814  0.00004646121946190  0.00004876382084100  0.00005105889853348
  0.00005346894299576  0.00005594790103129  0.00005848243940888  0.00006142547267205
  0.00006445460363325  0.00006750283035127  0.00007068308890313  0.00007404930439744
  0.00007767668241111  0.00008189218678382  0.00008657260608470  0.00009121726662445
  0.00009603757800337  0.00010136349232770  0.00010739659532490  0.00011462654288111
  0.00012239579043993  0.00013047290176322  0.00013937164743442  0.00014859804390991
  0.00015878389657116  0.00016894049962911  0.00018019244330244  0.00019173979495738
  0.00020392697425518  0.00021713729751583  0.00023185248776675  0.00024995123240587
  0.00027212281283728  0.00029559166916934  0.00032086083170982  0.00034878662888498
  0.00038064804459247  0.00041871105366014  0.00046117241546016  0.00050574744056043
  0.00055565804479760  0.00060948708691103  0.00066393988230887  0.00070962892125284
  0.00074823279763390  0.00078995785923736  0.00083127177952913  0.00087586253252154
  0.00092922012184714  0.00098424343622400  0.00104766210665231  0.00115308623715642
  0.00127436471343666  0.00141102155263999  0.00158315437271200  0.00177940901154018
  0.00202758694902658  0.00235378024608727  0.00282334888224099  0.00353063655210004
  0.00438433700203839  0.00511810612675412  0.00593994673168263  0.00743799033399359
  0.01045860178323164  0.01763027183746268  0.31252207251283037  1.00000000000000000
  0.00141388948640522  0.02162336723337337  0.03952776168397215  0.05264757202086871
  0.06398193911636035  0.07499505848825055  0.08493987216900202  0.09541697665370531
  0.10588014049171059  0.11701158565653143  0.12805646927560099  0.13850685164870288
  0.14811888773369888  0.15728911270699705  0.16798402226981834  0.18084961127993293
  0.19413773561086553  0.20677031417516017  0.22083949290216656  0.23482339675075195
  0.24731120729974901  0.25798936096158309  0.26821265233614544  0.27844431659258784
  0.28901303536396589  0.30009806290022578  0.31145005648590418  0.32314564651860056
  0.33480093101909408  0.34603667771621488  0.35703201311337018  0.36686581869964763
  0.37622508157625006  0.38591736474252891  0.39626728950925388  0.40611882345023509
  0.41576024613221846  0.42571407770242531  0.43665829870592843  0.44795159905426413
  0.45861683330306197  0.46877147953034282  0.47876596827956175  0.48933671496166070
  0.50062560390684807  0.51245735853437158  0.52441707051370146  0.53585412043801783
  0.54577334039974079  0.55400470469264218  0.56254829113689220  0.57132565712756933
  0.58029040837585599  0.58943246380541880  0.59780519533953780  0.60688153813863721
  0.61801647271711047  0.62975757785604281  0.64043062410949925  0.65030999877568363
  0.65949053324145956  0.66947089461998488  0.67955602041470520  0.68936466598567558
  0.69942860224513526  0.70977466739095640  0.72007357422385909  0.72985571751028644
  0.73998202816047276  0.75019781514928940  0.76021285044423836  0.76940403731481033
  0.77969085355245249  0.78961015204510288  0.79892473708265865  0.80788928041360963
  0.81744439964858873  0.82723681528773096  0.83759736403463891  0.84752513323181600
  0.85738655928947871  0.86825052219264998  0.87835905288409355  0.88849877598918636
  0.89889575459488202  0.90967765189918826  0.92071261930843162  0.93092671418251582
  0.94161573925916675  0.95338823939286155  0.96346507600123243  0.97215603259620997
  0.98000077923222728  0.98722210778036035  0.99179245206019906  1.00000000000000000
 -0.00236748308678018  0.01006823793168766  0.01982034442760633  0.02872583892620550
  0.03824187102677071  0.04625947389578781  0.05283944096684103  0.05913916799936146
  0.06532159441035157  0.07190449435854067  0.07869782101042837  0.08577073561894265
  0.09339036842873458  0.10062546837271677  0.10818654865982673  0.11597967714023583
  0.12364223444813700  0.13167924873672129  0.14044042845201954  0.15036192095065384
  0.16024773465333297  0.16938174949152457  0.17810429843358150  0.18750460553778944
  0.19670892704767842  0.20543114316285618  0.21400805766264230  0.22335263201977595
  0.23423415954588750  0.24620309339014804  0.25806005961907813  0.26893808842989131
  0.27999217113654529  0.29062759379732372  0.30032823611580323  0.31059346339166521
  0.32184912842440283  0.33472077142282536  0.34804780514638695  0.36104679411355234
  0.37396600973522404  0.38677146582566724  0.40133657068529432  0.41774576859766543
  0.43526693993462795  0.44980064109344958  0.46275400214206924  0.47466614120299022
  0.48534043790135939  0.49625847270719248  0.50787386328538142  0.52112000930470126
  0.53388768543869702  0.54698572006384905  0.56097130691069219  0.57551431865865732
  0.58861306317779860  0.59929246863130559  0.60942532892746415  0.62009922420010621
  0.63151029407460024  0.64223165257416226  0.65346212677884652  0.66458764798628156
  0.67596306210026047  0.68812821498565702  0.70066424730738608  0.71172213044559596
  0.72169164146058162  0.73138348507095596  0.74121127009726107  0.75069489111843579
  0.75955420098593507  0.76859921202553849  0.77798290818067684  0.78865508589178424
  0.80083153799195594  0.81362656248063581  0.82516250547472658  0.83681396281685572
  0.84793877945922635  0.85842807174522129  0.86903379477380682  0.87965151195688296
  0.89084297625952014  0.90256384926356870  0.91387623813507568  0.92460227447962107
  0.93412619411214037  0.94424228697204837  0.95415921686842509  0.96344958474981546
  0.97197693646840944  0.98040413355610856  0.99001537695033182  1.00000000000000000
 -0.00280592705390668  0.00972486452887191  0.01956597637079110  0.02947195188271799
  0.03888773517618831  0.04866326719762790  0.05798480602182441  0.06710143641858833
  0.07633598589921653  0.08634826748099685  0.09769458596025959  0.10824973436173718
  0.11719122145581759  0.12621522865101392  0.13498058036135055  0.14465567900377937
  0.15506721906016060  0.16807784870408729  0.18348770650878060  0.19857919308606681
  0.21210931165232627  0.22488324196267279  0.23631165133080725  0.24765932156515230
  0.25969745608249067  0.27217628810230954  0.28300612045601486  0.29407131574917134
  0.30507514981957595  0.31710839502144678  0.32835996176505855  0.33890385158117958
  0.34940084987453529  0.36067494217681256  0.37274952465083283  0.38606271225718541
  0.39862008297784568  0.40942384242108459  0.41976363747243750  0.42969118841363041
  0.43904704630659824  0.44768204676240630  0.45593070984941814  0.46473451668965893
  0.47387219911052547  0.48382559573168776  0.49464109453064298  0.50510247632371363
  0.51531189504197328  0.52550605634509862  0.53486658305204826  0.54609573181518534
  0.55675461292606310  0.56654769484893974  0.57604120631954603  0.58619618636457638
  0.59714757027132681  0.60914283696392124  0.62273006546733622  0.63668625548384594
  0.64957600944340466  0.66119516387595434  0.67222479245665501  0.68393684079154182
  0.69672667301402580  0.70914419722716704  0.72231293807450392  0.73506893468581325
  0.74668247241401164  0.75746685085083754  0.76752645826404975  0.77702284520671461
  0.78608209348069535  0.79487537836172117  0.80386700757781315  0.81293969120010390
  0.82185849479051221  0.83116097415296619  0.84086573614479243  0.85021615398494510
  0.86124608216480114  0.87333126041544595  0.88275101126804423  0.89063293622183204
  0.89855844176471578  0.90728025353341202  0.91650397397026229  0.92496958816871744
  0.93280459308369590  0.94202927797699421  0.95192942370317490  0.96082427894816136
  0.96950377963481660  0.97865654266544855  0.98916520911021477  1.00000000000000000
 -0.00127733112379709  0.00514277965674427  0.01165822299459103  0.01818326366271834
  0.02541664777508151  0.03348496241486618  0.04104838829631351  0.04814959529287871
  0.05550973130044073  0.06318798599763766  0.07124265324207958  0.07927555871274836
  0.08782234378587092  0.09764585553453549  0.10610188979879293  0.11301868984317444
  0.12010691017192959  0.12670769525318118  0.13428912637962584  0.14197379700359419
  0.14954374122263273  0.15560426222167015  0.16120336596337984  0.16666625471064656
  0.17278603358593234  0.17944616843242348  0.18644823153880857  0.19486381677740935
  0.20406162365735453  0.21237851683830791  0.22147677025657891  0.23041321359116915
  0.23960947177236874  0.24975051705050894  0.25906497593338246  0.26774364924164712
  0.27611980169311928  0.28450585266922362  0.29486552837149549  0.30475846189488975
  0.31453807579213700  0.32428341541720940  0.33370235378350016  0.34307572876999054
  0.35235058423230431  0.36104455004907615  0.36919903506245433  0.37706625872217348
  0.38519642657871156  0.39373101808411143  0.40301459935716327  0.41287904071615039
  0.42277196173142323  0.43262313113172940  0.44276840641269061  0.45308239799272709
  0.46433833358992210  0.47585279573573602  0.48740969621443841  0.49825953739722867
  0.50931508563967265  0.51979204970340664  0.53069856674931271  0.54224203765154910
  0.55507610058990020  0.56867882127314684  0.58158679885831643  0.59376009620721903
  0.60523871558941267  0.61680473591181140  0.62755326982559190  0.63831034896386207
  0.64932535080706621  0.66095680499312348  0.67206835232485851  0.68315256936498892
  0.69626752541262105  0.70930114634901165  0.72126529778743720  0.73332119705278553
  0.74563384118354381  0.75861240458697876  0.77214824272099591  0.78722515911283386
  0.80291751927612187  0.81844776141123454  0.83424294466990767  0.85161067626553599
  0.86991869414212197  0.88831694122740801  0.90708541719131741  0.92625867003022788
  0.94519418175988101  0.96363592819639032  0.98151781561919671  1.00000000000000000
 -0.00179388749119506  0.01056086408983135  0.02207164328291975  0.03383466504081635
  0.04467926055494722  0.05495256751766851  0.06489662718100590  0.07341870053022689
  0.08228703900354989  0.09104394467450388  0.10066297918725509  0.11040446535758990
  0.11961891243166450  0.12983370740907724  0.14136039194035466  0.15255364443446520
  0.16371546504344572  0.17497759472507263  0.18607860712395802  0.19709042885573524
  0.20789598242049098  0.21894094452079432  0.23114926346445686  0.24202850466062356
  0.25359847098521193  0.26410378014260316  0.27451337675288934  0.28541774574212198
  0.29636195981868158  0.30768111061236564  0.31905522799010311  0.33026547748126106
  0.34087358853518174  0.35140041626807200  0.36231026341117706  0.37306312383915397
  0.38362082412088522  0.39449987764701994  0.40583918743323005  0.41713906891208330
  0.42867427673351144  0.44121998085592923  0.45430169525970915  0.46712871780485143
  0.47960052107145912  0.49256658190030350  0.50506506869965717  0.51694953177950065
  0.52835395612907998  0.53984698190457636  0.55121562234912480  0.56196032515192107
  0.57172682889454829  0.58087800894822361  0.59081041225183006  0.60154550106827598
  0.61314855690176251  0.62463195933182603  0.63698754442577776  0.64850736714621116
  0.65860871683954147  0.66827617555138241  0.67812073921547311  0.68883587313355799
  0.69993280392177015  0.71160629040064682  0.72464135713283939  0.73575943531199439
  0.74498071858391757  0.75365507283949151  0.76048288005283793  0.76950583379505821
  0.77852752253936097  0.78708327132337752  0.79606728473973698  0.80469329223526553
  0.81359405445907818  0.82420140350196203  0.83429350439271666  0.84360305755476284
  0.85308905741695407  0.86260079614104312  0.87321115671295202  0.88404480466378421
  0.89509683191108502  0.90556851498328450  0.91532260696536605  0.92350014289208260
  0.93149026124136092  0.94000716313344301  0.94969308615826886  0.95996612516955993
  0.97009048806507014  0.97960515425115269  0.98977881428634173  1.00000000000000000
 -0.00152425451845079  0.01061456518037994  0.02045181574057475  0.02967035915448748
  0.03868425853847848  0.04843593884034161  0.05887354027943513  0.06851994245169230
  0.07806641294223864  0.08751710557740520  0.09630751334778698  0.10542207241603510
  0.11340471686241689  0.12119128003217725  0.12991687064689081  0.13978944646099423
  0.14910014579620681  0.15892717590897448  0.16811631890522746  0.17817109337382139
  0.18882947761019178  0.19963903502536262  0.21087353317895766  0.22171438552083333
  0.23299237272002543  0.24451176337269201  0.25598967353236968  0.26686629643179594
  0.27766547070933140  0.28844717205716452  0.29928734299152771  0.30993270641501336
  0.32099797033620575  0.33212501528298954  0.34311251328484887  0.35407958554713814
  0.36384460261208723  0.37227619145610380  0.38077955490026066  0.38992654873020782
  0.39938799985502649  0.40928894154633444  0.41965696908516931  0.43066920953178595
  0.44267283168356958  0.45558832800038412  0.46956891922545640  0.48160632200527276
  0.49158288593214328  0.50084565927714808  0.51019457752378627  0.51982416239117402
  0.52943208731752400  0.53909310974599889  0.55042616698714064  0.56288747116222859
  0.57521850791157170  0.58772287381322197  0.59995608801896860  0.61277404846511474
  0.62460539717418673  0.63572022906892789  0.64656647543689760  0.65677273780886980
  0.66566796200460621  0.67472217978705129  0.68414366275813598  0.69447745403107319
  0.70557935494237523  0.71590850589745370  0.72570930957619051  0.73538150853762396
  0.74571679559338966  0.75718635538688239  0.76897040828083552  0.78011221086917837
  0.79094849215283958  0.80174635942976824  0.81328420429381376  0.82702512584414867
  0.83824509833525884  0.84744310212082008  0.85652909939260991  0.86669287324657163
  0.87805041371058834  0.88880890012947067  0.89933061172988893  0.91037402874949225
  0.92215397782295838  0.93341182012011348  0.94501751401637424  0.95610835055397936
  0.96712543385582284  0.97727461655249914  0.98837745442473945  1.00000000000000000
 -0.00225430947494764  0.01091779518147783  0.02102596485853776  0.03157895199451940
  0.04215772595101766  0.05284383189712178  0.06337410421747053  0.07686180757021310
  0.09050797265357227  0.10408839850244488  0.11610440805252729  0.12857408978625925
  0.14199241532301485  0.15551779599889884  0.16891669556763433  0.18096191138997331
  0.19172789048196867  0.20232422899500352  0.21281074397573793  0.22321408660534880
  0.23326555706949412  0.24320945888197404  0.25382523076620572  0.26382953584189150
  0.27336967315014443  0.28262967910951331  0.29212196562288784  0.30222544214851432
  0.31280920859164718  0.32282810454482375  0.33294077226454316  0.34366771039172361
  0.35500355068791983  0.36650494228846248  0.37743797216269032  0.38845659376600011
  0.40056275796873647  0.41305893420917839  0.42414142438457736  0.43454403935790881
  0.44501819316115154  0.45628298102470699  0.46830288825392413  0.47907904404401386
  0.48938704790096321  0.49888480478910674  0.50882716958764318  0.51912000528185920
  0.52970338146876073  0.54026457846377041  0.55023174535001929  0.56011839148682274
  0.56897823408622727  0.57790177180267432  0.58733459028467971  0.59794547136764309
  0.60835880633338102  0.61807339534021477  0.62733665048703569  0.63907287614196051
  0.64987307848523823  0.65946306106018970  0.66932031757083754  0.67862434477239764
  0.68703880400436912  0.69463700930898187  0.70176528129719962  0.70960583103256381
  0.71964888508450797  0.72930236400574455  0.73895524182987204  0.74832944244511501
  0.75929825599136436  0.77051889905613791  0.78142199984965344  0.79216493528346787
  0.80280079950887573  0.81329535879814752  0.82339474275878588  0.83384147395349961
  0.84427721349187157  0.85492180544587948  0.86409431402598391  0.87380730081033586
  0.88432200419964757  0.89501416949205781  0.90508766744698044  0.91382582809446244
  0.92317864065905519  0.93412683621165105  0.94558038241757636  0.95707306429147243
  0.96827944254391896  0.97910527633367328  0.98963770767677928  1.00000000000000000
 -0.00731748865637813  0.03240748096495820  0.05737517867269878  0.07595359328040127
  0.09302961565290647  0.11040529131069404  0.12763476789525019  0.14507755290489446
  0.16313468637318146  0.17903820295350739  0.19397510173130170  0.20941754636960908
  0.22544763309183624  0.24168659359253636  0.25824762874316554  0.27470661513178424
  0.29095044475984172  0.30944246734481529  0.32608242969293544  0.34117842793841574
  0.35598506215517051  0.37036782581788491  0.38444969291459996  0.39895357219220134
  0.41578872997702998  0.43092793115981282  0.44408518719965495  0.45606316591431684
  0.46759260918709084  0.47897136969354048  0.49075531035083209  0.50307469710756536
  0.51514585251622713  0.52640502354057939  0.53749385735855160  0.54927541462531837
  0.56161409956307584  0.57428872910581108  0.58655224674219342  0.59876742871296018
  0.61154531945885382  0.62391232181103229  0.63505040632737375  0.64569497414696819
  0.65630534039568034  0.66695747276510509  0.67731571638747834  0.68811161592548120
  0.69797015522170835  0.70674606156171382  0.71532709902552516  0.72370932732744908
  0.73150676831141914  0.73891266605936656  0.74600801162100150  0.75410562046626428
  0.76386156432134489  0.77215230586477268  0.77982066711961862  0.78694678123220407
  0.79393685732491792  0.80124204663555854  0.80858727576718570  0.81652605469147066
  0.82485235300651372  0.83352927788086595  0.84259461490879695  0.85141833689050073
  0.85959354408966360  0.86701068443039853  0.87408794246884958  0.88057002843812071
  0.88704964634043715  0.89331813912744118  0.89906812078211429  0.90448908374527492
  0.91000661687190343  0.91687373126962912  0.92479295174885034  0.93224488998958299
  0.93866926472168044  0.94434908641871795  0.94977961867611982  0.95515523485548448
  0.95992857754922900  0.96426869501025969  0.96906658233397258  0.97332042708253752
  0.97773760516301078  0.98155209641922070  0.98486027006374066  0.98869320200053457
  0.99213418000036213  0.99494885794137289  0.99754443737014942  1.00000000000000000
 -0.00274626532834500  0.01149997436190681  0.02334510400497058  0.03366981235194690
  0.04257418020839171  0.05137860658563033  0.06067835524645260  0.07178932753164614
  0.08261427980528026  0.09363678523338061  0.10241882428053864  0.11181344941130208
  0.12108364381003953  0.13013862563825057  0.13928495131124821  0.14835468877804672
  0.15763751635605888  0.16651834152415751  0.17493405882299007  0.18354140687051429
  0.19483132499763525  0.20632479329573114  0.21696325433310112  0.22687000935020871
  0.23734910734126527  0.24850690897215971  0.25977789535654588  0.27054117988487292
  0.28124131799205049  0.29201005676460684  0.30204887378248751  0.31228248945356513
  0.32177766152933895  0.33127919751035317  0.34018374935395296  0.34929676100618978
  0.35941922208126970  0.36924849680368671  0.37837605279032233  0.38705163069627341
  0.39645217994432203  0.40645767515577047  0.41717450385158800  0.42821582535196656
  0.43942724983081943  0.45062422275038772  0.46226133004869546  0.47422611493401751
  0.48567248009588632  0.49658652136471559  0.50791042348660576  0.51961649716922287
  0.53055211620385434  0.53996717945440287  0.54970862171864299  0.55901295999048040
  0.56938388200152812  0.57903456061966185  0.59116667447165405  0.60369248694336930
  0.61400487028639417  0.62351970383215360  0.63224380805908298  0.64280382667993374
  0.65224996558211357  0.66190969154102508  0.67195289851139128  0.68340475469320794
  0.69589245079476469  0.70906038327363896  0.72101816980924327  0.73262123247190325
  0.74504685607491783  0.75824832365293249  0.77144318251177602  0.78353497729798438
  0.79604197576512792  0.80935942730274935  0.81949115949271156  0.82864545621137820
  0.83840293400434895  0.84821848400127919  0.85735798662703888  0.86614145238673979
  0.87509072697461787  0.88629141101632236  0.89789408965541107  0.90834223614232357
  0.91914829195994585  0.92896058821367211  0.93927807621098014  0.94988121292798744
  0.96114450422167785  0.97220004397694848  0.98566519076577264  1.00000000000000000
  0.22288661433624696  0.45441628617764596  0.50548486535740877  0.54457156849547672
  0.58948307964507829  0.61220306881464848  0.63079036280501311  0.64117016990142794
  0.65260083097000277  0.66775261705973543  0.68129217767639028  0.69027875128639371
  0.69852068751597840  0.70527363840244306  0.71217673007576021  0.71913881947892544
  0.72652224449621272  0.73313398628180537  0.73955556249417609  0.74526820141433270
  0.75053706894584515  0.75514933612768420  0.75961962092126145  0.76454159801883392
  0.77007325101971102  0.77517037589758686  0.77972987569290619  0.78385803111426899
  0.78810644420401077  0.79252389543843171  0.79635863362869519  0.80024978691029991
  0.80421046659502615  0.80848364163073316  0.81299780273084854  0.81727868691411809
  0.82143463452711563  0.82562585129969601  0.82953988728332451  0.83329651525866866
  0.83672591309952804  0.84012615555467374  0.84372155174600716  0.84726006748924609
  0.85114567494154847  0.85478623039667345  0.85859931329509875  0.86182184187481181
  0.86507055490067286  0.86833555065842316  0.87158803386696537  0.87494939558796603
  0.87800634133762012  0.88093009812292611  0.88373566043559515  0.88640211014870607
  0.88914678376543066  0.89199507215849094  0.89480400064804622  0.89752562653468282
  0.90018056079045028  0.90293675808454299  0.90591440904167764  0.90904643096459015
  0.91200712765282566  0.91498594712813985  0.91771699902772441  0.92026236472673584
  0.92278686092833984  0.92530689486433459  0.92783179971329111  0.93052655625386638
  0.93326494500082424  0.93592990542153565  0.93863030187342389  0.94117233441395565
  0.94372304904709714  0.94634162920768072  0.94907761701945292  0.95200817511684244
  0.95493605602444820  0.95783477106766490  0.96074146130486371  0.96358229632620929
  0.96635628051597056  0.96908994284735517  0.97176963844862507  0.97455504525588033
  0.97709741213613277  0.97975550022610713  0.98234372939561587  0.98497110464577975
  0.98777113575305597  0.99084023948369826  0.99487455529655655  1.00000000000000000
 -0.01438063244003023  0.10706788933247535  0.13082064037461441  0.14648741951263203
  0.15900910946014477  0.16993943816385246  0.17908835497294964  0.18794016150575793
  0.19604530799054165  0.20333152591518069  0.20970985424987440  0.21519746835872069
  0.22051702648427723  0.22604440260134226  0.23151834141571423  0.23662766235244398
  0.24153946524172401  0.24649719185251792  0.25155018561256215  0.25691312094457797
  0.26241772802838170  0.26761632853609524  0.27260621342030622  0.27716297359202124
  0.28187858841735086  0.28646736630438002  0.29134428019732200  0.29663769401991524
  0.30235091350005755  0.30801332227440509  0.31335259444483893  0.31830934025768881
  0.32301164319093434  0.32757697974161260  0.33179893733793059  0.33586889894959987
  0.34018856673448994  0.34482881648275066  0.34967606464306755  0.35442065192255578
  0.35899020441775653  0.36345881576865718  0.36816592414733823  0.37327274595107257
  0.37882022840535368  0.38489366098255251  0.39055319426380308  0.39541640254421273
  0.40094613943381185  0.40646814771336348  0.41254132303361379  0.41896066217806466
  0.42542057769056607  0.43183564975759337  0.43781685074833143  0.44281950017908994
  0.44733945902142042  0.45218581275715197  0.45728515131292963  0.46268148919613317
  0.46777721685996704  0.47266421746333187  0.47769375505455258  0.48287376936684306
  0.48810588118716580  0.49329224607045835  0.49856220729078193  0.50441583764710507
  0.51114872859906701  0.51782592024656515  0.52483631790698215  0.53204306567249848
  0.53892314335994840  0.54631817221291579  0.55418303260420154  0.56304532015476827
  0.57276751398769976  0.58255417056854020  0.59167237144917784  0.60051443713831276
  0.60957474858228344  0.61942417595319998  0.63053368208174287  0.64182977231343341
  0.65390299056332757  0.66592725119125606  0.67824506530146988  0.69175824590825086
  0.70637998830087811  0.72175883866086044  0.73763980815862351  0.75377472698597126
  0.77142551899047784  0.79304413815241803  0.83136495755542239  1.00000000000000000
   1.0069936910900922E-005  -1.0000000000000000     
 F F F F F F F F F F F F F F F F F F F F F F F F F F F F F F F F F F F F F F F F F F F F F F F F F F F F F F F F F F F F F F F F F F F F F F F F F F F F F F F F F F F F F F F F F F F F F F F F F F F F F F F F F F F F F F F F F F F F F F F F F F F F F F F F F F F F F F F F F F F F F F F F F F F F F F F F F F F F F F F F F F F F F F F F F F F F F F F F F F F F F F F F F F F F F F F F F F F F F F F F F F F F F F F F F F F F F F F F F F F F F F F F F F F F F F F F F F F F F F F F F F F F F F F F F F F F F F F F
  <DiscreteSampler_grid>
  grouped_processes
  1 # 1 for a reference and 2 for a running grid.
  10 # Attribute 'min_bin_probing_points' of the grid.
  1 # Attribute 'grid_mode' of the grid. 1=='default',2=='initialization'
  0.0000000000000000 # Attribute 'small_contrib_threshold' of the grid.
  0.5000000000000000 # Attribute 'damping_power' of the grid.
 # binID   n_entries weight   weight_sqr   abs_weight
    13   10   1.946006289298622E-001   2.912856415616996E-001   1.946006289298622E-001
    14   10   1.946006289298622E-001   2.912856415616996E-001   1.946006289298622E-001
    16   10   2.096655376945728E-001   3.400238865517532E-001   2.096655376945728E-001
    17   10   2.096655376945728E-001   3.400238865517532E-001   2.096655376945728E-001
  </DiscreteSampler_grid>
