  0.00253932412213876  0.01496950192599350  0.02844327180235089  0.04077428373949703
  0.05239299313579693  0.06368098008723377  0.07476264893215451  0.08583580239288455
  0.09679040373620822  0.10784667901294299  0.11878350575422943  0.12954626807618883
  0.14019358843305330  0.15097956975504362  0.16181063757803238  0.17267322303291543
  0.18343786628099437  0.19436321206856269  0.20529183837260881  0.21597587187469341
  0.22656599158492205  0.23738655829672861  0.24829000186840372  0.25898542944330277
  0.26937371736743737  0.27979005542636265  0.29041228343836878  0.30118571683545176
  0.31206695299664927  0.32294973323101134  0.33381161821065575  0.34457583316818174
  0.35533009087748468  0.36589709789054453  0.37643311675971203  0.38674893026063611
  0.39698658008403559  0.40716109049396393  0.41734874404261030  0.42778377661957634
  0.43852731264972233  0.44944366450107998  0.46026494540333379  0.47084979192489013
  0.48131801819488779  0.49186053716631728  0.50255715555363434  0.51344875450184391
  0.52439392256569139  0.53524249534038537  0.54598160956744257  0.55674096427002029
  0.56753219441397984  0.57822740002459094  0.58882978945990871  0.59948089501823543
  0.61025545469242193  0.62100256770081053  0.63140194575898601  0.64143749080049361
  0.65137622232664749  0.66147119413471056  0.67180255681134038  0.68211234136836196
  0.69227320210788335  0.70243390267173444  0.71283507529654844  0.72342947643250155
  0.73404402650262857  0.74453040711862462  0.75493486830287282  0.76533285857610056
  0.77555694560454747  0.78573652692020368  0.79593119349431996  0.80625891079535694
  0.81660848022231458  0.82697162819968240  0.83745826602857298  0.84797369508316578
  0.85835943755206590  0.86854576413646190  0.87884344461289354  0.88938743506843587
  0.89976215482627842  0.90973359391814002  0.91964993131708739  0.92955748485429246
  0.93957495661338430  0.94940311592426441  0.95911917208805575  0.96841444675342525
  0.97707892037561483  0.98509935753390376  0.99277016877103430  1.00000000000000000
  0.00221584482193954  0.01609950274926021  0.03025972044468584  0.04285975520432640
  0.05516083494809912  0.06714503565168534  0.07877034504400190  0.09006114845851619
  0.10106635807429756  0.11199445752674513  0.12295998031272573  0.13382597822506181
  0.14478025256304081  0.15550818061326302  0.16638519684439726  0.17686643480961797
  0.18722306213033765  0.19759367308284617  0.20790875589610222  0.21812768523360854
  0.22855147767300971  0.23944312178489019  0.25060312338918672  0.26147407980709858
  0.27215461749063141  0.28278497530161223  0.29331131551186607  0.30393922143588209
  0.31472751725168130  0.32571886869035338  0.33665824308540887  0.34751020954450712
  0.35808346184963957  0.36856616347000087  0.37891432642798994  0.38909381741042220
  0.39911770362193733  0.40919918641544506  0.41964252406528130  0.43048268557813218
  0.44125967909562530  0.45185555064475968  0.46240566474926326  0.47303874679531999
  0.48359163651732451  0.49401486982770360  0.50448395299055271  0.51500817294350754
  0.52542721118624258  0.53582332387273801  0.54636001429466041  0.55704043659777736
  0.56781097872739317  0.57861434697416236  0.58948294227609122  0.60026693644436824
  0.61093715630029144  0.62160435731050900  0.63240833427274523  0.64328942638690489
  0.65414464795669502  0.66475835569015074  0.67530083059055857  0.68583751149731376
  0.69627326854359284  0.70666338880075918  0.71692325750402919  0.72724631012783103
  0.73772609819181778  0.74834207329556490  0.75897843082097327  0.76928518166714810
  0.77949503153995026  0.78962496033070539  0.79991654975556237  0.81029594376510594
  0.82060960560749818  0.83077385701067386  0.84082191530261197  0.85106654200462373
  0.86108109962880786  0.87112434737384148  0.88110669664441421  0.89111426401451377
  0.90119263396260529  0.91117129701249244  0.92120688443864551  0.93126392646492973
  0.94128249073757086  0.95113309194042062  0.96048892071591596  0.96937633186863159
  0.97769884281858166  0.98555517114259727  0.99265349464183983  1.00000000000000000
  0.00000305124957762  0.00000337232127114  0.00000355514759177  0.00000370819914131
  0.00000389547011800  0.00000410878515105  0.00000431320259455  0.00000453556840459
  0.00000477170511650  0.00000502740594967  0.00000531157700101  0.00000560283370102
  0.00000591743528789  0.00000626215117585  0.00000663310471298  0.00000702803836447
  0.00000744146098940  0.00000787401109117  0.00000833760250599  0.00000882457636270
  0.00000933877421561  0.00000988284538055  0.00001045468197513  0.00001105827901605
  0.00001169394338238  0.00001235436286332  0.00001304659033150  0.00001378153341591
  0.00001454021884798  0.00001535828874195  0.00001620849293959  0.00001709543917169
  0.00001805188658826  0.00001902610923368  0.00002004325341132  0.00002110036925645
  0.00002218563021897  0.00002335030485278  0.00002457908994780  0.00002585096281803
  0.00002722699724351  0.00002869012591950  0.00003026165008052  0.00003196744458619
  0.00003380398763203  0.00003576101232053  0.00003785142604462  0.00004009324477950
  0.00004248879192442  0.00004505363457878  0.00004778406119105  0.00005073798085791
  0.00005395210288349  0.00005744650055423  0.00006139228670125  0.00006569345419835
  0.00007059783385518  0.00007587535782235  0.00008158102841612  0.00008794554609875
  0.00009505976511271  0.00010297789401516  0.00011160928939930  0.00012138572389929
  0.00013265939814469  0.00014596313357969  0.00016172810362941  0.00017973556614501
  0.00020046551585942  0.00022395271876227  0.00025053576259440  0.00028143879144408
  0.00031725045378671  0.00035928674729992  0.00041047617214074  0.00047040087722039
  0.00054035576054507  0.00062080189360621  0.00071344130101760  0.00082118550812004
  0.00093869014997792  0.00106871827619631  0.00122757816145143  0.00141757305107833
  0.00163543761115193  0.00187954138749761  0.00218799474485819  0.00252637408001352
  0.00289842609292761  0.00341187092312497  0.00410396085400450  0.00473400625726161
  0.00564787832697748  0.01163561807488911  0.02613309430004480  1.00000000000000000
  0.00000333767363705  0.00000480329937597  0.00000642727365364  0.00000836122957210
  0.00001039699397933  0.00001253881378386  0.00001480018588309  0.00001710604684800
  0.00001958923268969  0.00002245235211727  0.00002580222505184  0.00002959791252763
  0.00003396757765473  0.00003902581775723  0.00004493901999068  0.00005212733667393
  0.00006044021473115  0.00006978174063484  0.00007983071741425  0.00009050713848032
  0.00010151250050617  0.00011308027655006  0.00012519989780406  0.00013807129346702
  0.00015152882433479  0.00016555399080809  0.00018024357464722  0.00019562795282739
  0.00021149799760915  0.00022803011004453  0.00024543636049427  0.00026353826216197
  0.00028256390738121  0.00030309892958026  0.00032538303337915  0.00034877039874268
  0.00037343145717913  0.00040004464890121  0.00042884768449076  0.00045964198556550
  0.00049195067470589  0.00052759113329925  0.00056621891732536  0.00060701085109060
  0.00064941287231963  0.00069371657496993  0.00073953707459725  0.00078916014953753
  0.00084362190528672  0.00090113683323397  0.00095849110525231  0.00101578557752747
  0.00107322553567462  0.00113332319478265  0.00119970090064246  0.00127021157336426
  0.00134398190887213  0.00142257568581354  0.00150745884625224  0.00160569773215291
  0.00171837581226037  0.00183936622372434  0.00196329027109239  0.00208069956694301
  0.00219930131775574  0.00233136803572991  0.00246746157199057  0.00263179224700456
  0.00275325204262965  0.00286229775784752  0.00297556620742455  0.00308155239299170
  0.00318873462846008  0.00330939930811430  0.00342360431319338  0.00352816976964652
  0.00365332219187544  0.00379392592387462  0.00394662323328623  0.00410633858480888
  0.00429651372237495  0.00450667348813179  0.00471157178851531  0.00491615344540600
  0.00512027575285430  0.00542151015059557  0.00575273474784800  0.00609920047720523
  0.00644148256274556  0.00674166147377873  0.00698606664959314  0.00717750170211697
  0.00736272646806994  0.00754056081019816  0.00786910343200967  1.00000000000000000
 -0.00293258659212894  0.01208660573828043  0.02425895109265819  0.03726762402996928
  0.04979966217198467  0.06214140188767471  0.07468836868003613  0.08728006907278148
  0.09972772164258807  0.11197540572342912  0.12428410112902680  0.13653346600933131
  0.14860793998723976  0.16059201451413477  0.17247537464657670  0.18437401531100106
  0.19627226626630695  0.20810162786500361  0.21976975853706282  0.23128285533637258
  0.24276310570959028  0.25418636144427009  0.26537429193987727  0.27630133616769637
  0.28702239388397416  0.29769752954723860  0.30838047192730206  0.31918199482159454
  0.33012390779909701  0.34109754714128654  0.35194691354479962  0.36257054543688488
  0.37308040380666063  0.38364017720323296  0.39421584378877794  0.40462524104089992
  0.41488927218764465  0.42519599326776480  0.43573144598683516  0.44643194610050146
  0.45710028556508225  0.46751319627759719  0.47762362159228855  0.48760285668167519
  0.49763590246227341  0.50779557626859084  0.51797539892613775  0.52808982632508772
  0.53809912221150213  0.54804038794701015  0.55796249219592764  0.56792049543377254
  0.57785378543073396  0.58774598673496881  0.59767034544368136  0.60749671759715407
  0.61720190093605665  0.62687815858862117  0.63665925885295616  0.64651687824591197
  0.65634852988383097  0.66613135188955053  0.67586821737362313  0.68552618345480332
  0.69509408719999610  0.70457746829432855  0.71419588915000454  0.72396802994874609
  0.73401732422380273  0.74413264331966533  0.75413620444900797  0.76387565755168119
  0.77317614427461334  0.78238181518576810  0.79167123127525640  0.80144807507689009
  0.81132374475322755  0.82128851263282376  0.83120728287543599  0.84105007863873438
  0.85081484935309770  0.86068761280541195  0.87063460756420796  0.88072416372506390
  0.89105964890502576  0.90142574978018797  0.91185135179225563  0.92191392579011922
  0.93188897856550945  0.94175895059618520  0.95160496638536363  0.96115173115078312
  0.97113612950383699  0.98087153190733223  0.99068235836743845  1.00000000000000000
 -0.00239592055649602  0.00928773247591491  0.01928225523608468  0.02962752142422546
  0.04005073133502652  0.05064035490893855  0.06138090499682004  0.07226110046473586
  0.08317331485086678  0.09388734287376677  0.10448856591776949  0.11502838981365193
  0.12555987183106906  0.13613149236836325  0.14690640509186073  0.15758950701126831
  0.16822160867488237  0.17882523678242934  0.18944387757292330  0.20010106799295457
  0.21071408675721670  0.22123048113901828  0.23163296636635114  0.24222449748007235
  0.25294385307269607  0.26373372412328966  0.27409992180868953  0.28443265221816005
  0.29483729598881386  0.30564537754095361  0.31636147135735154  0.32730246813305686
  0.33778496422241305  0.34866620562112022  0.35929209048587807  0.37014091290555462
  0.38067078964407619  0.39128611125550955  0.40180531262344504  0.41239836957599191
  0.42293633226456612  0.43330056570805286  0.44384520628423763  0.45432896946188484
  0.46491391677970989  0.47560851733128318  0.48648074225334181  0.49740724044403067
  0.50811639663574604  0.51859307824096801  0.52914045921230990  0.53969099480235705
  0.55042912871821892  0.56140306796513983  0.57263714888462169  0.58374443119060915
  0.59443617496497891  0.60495267951941278  0.61542649957313700  0.62605631752245472
  0.63664113160301272  0.64723181889678749  0.65782517654714334  0.66828551733740671
  0.67833335744345280  0.68822590534083683  0.69835582618470282  0.70912399560940298
  0.71998126278308361  0.73048271885834593  0.74085443538583384  0.75123850412643622
  0.76170826772731548  0.77246207865585226  0.78327575901999180  0.79425470832955425
  0.80514738388016693  0.81589464073426754  0.82650151555827800  0.83692404128148523
  0.84730778676559715  0.85758296180260085  0.86778873133589540  0.87773493492275079
  0.88759301573477378  0.89746219864979226  0.90781708296943209  0.91810878050197309
  0.92858539338192458  0.93889102414516279  0.94937010730202509  0.95971738184968203
  0.96994959477444775  0.98030163390470793  0.99024674261995527  1.00000000000000000
 -0.00294338844943695  0.01193906805872602  0.02418142038733885  0.03736754399177885
  0.05054766760675224  0.06365700010388395  0.07617288226193013  0.08878525907792341
  0.10161675136970905  0.11450658587927028  0.12691768247473084  0.13914849451128716
  0.15128956416995198  0.16356580170173546  0.17549024343492850  0.18727384995073321
  0.19890217768668070  0.21071673449356737  0.22227866066092791  0.23373549207898844
  0.24497688562151249  0.25621131555569482  0.26743098742545046  0.27863628600382950
  0.28978392609760883  0.30082234176347206  0.31181870224979147  0.32285858654898131
  0.33399343548223026  0.34509585345885246  0.35609956785273211  0.36695667945130606
  0.37784760022870723  0.38867483964528049  0.39942770895875745  0.40999699050529276
  0.42046074537641970  0.43078564642534312  0.44103173265620238  0.45127501090122774
  0.46144362650484727  0.47147778009637831  0.48144540117716633  0.49149499193386836
  0.50171221617657513  0.51202666668222507  0.52224331118784406  0.53234622494474360
  0.54238468644519622  0.55248982346024866  0.56268862334878955  0.57297595976782334
  0.58316616148490774  0.59315493667042962  0.60283810540653759  0.61234496131425309
  0.62175309478302143  0.63133362360875300  0.64084610650706231  0.65036723249948503
  0.65992920323586901  0.66971525423782974  0.67963243854503641  0.68938844442412661
  0.69904323851741235  0.70884004265852096  0.71892266509551006  0.72901603475760979
  0.73910029487446072  0.74914950061233920  0.75928697253434796  0.76923412298735105
  0.77902492543260293  0.78841073027209130  0.79801621937376210  0.80758784348715906
  0.81745198824829857  0.82706749189715978  0.83665909464587374  0.84638476200199586
  0.85602946566145321  0.86589540716516589  0.87562819710809003  0.88541874974011847
  0.89513382380171191  0.90466529518657512  0.91423239965084491  0.92378494835713865
  0.93350771835838597  0.94345553551183536  0.95326500912144785  0.96285676957573829
  0.97195976129806250  0.98112532670092290  0.99014188998731789  1.00000000000000000
 -0.00223772134084822  0.00862139679212627  0.01831170481937686  0.02882664444788875
  0.03944720642632865  0.04998811108805533  0.06038648513052378  0.07076448469627802
  0.08128716741504435  0.09176896591767389  0.10243937059930587  0.11328190944977388
  0.12413062427919837  0.13465319071974005  0.14506314875299042  0.15522904650508465
  0.16541720566311263  0.17571400300006160  0.18627221173827441  0.19704064450546691
  0.20749548779695198  0.21763825773828313  0.22771669909322353  0.23782644224309157
  0.24808048076411668  0.25827953114976704  0.26860167802400259  0.27913814773066153
  0.28985538691821572  0.30056544027072929  0.31113445471952894  0.32173209465504643
  0.33230837072418706  0.34299772393791322  0.35364849742976012  0.36436615326306215
  0.37484699858144938  0.38504434112164154  0.39500400561254756  0.40497234446035824
  0.41510604162434050  0.42530966399892184  0.43544759228786117  0.44561882282201942
  0.45595467049215460  0.46641519724214509  0.47693968010834925  0.48752204003611843
  0.49799919885878996  0.50850477177962183  0.51902177893775392  0.52992294114657290
  0.54118756787649602  0.55247423661235173  0.56380258976482400  0.57488738120751670
  0.58623495440312734  0.59741422177866510  0.60818524484783465  0.61863969450765655
  0.62926074662841247  0.64036314321123322  0.65142054864917598  0.66225880823909500
  0.67299007788490806  0.68390054875872830  0.69478543205829757  0.70552648967777420
  0.71613092706511139  0.72670164377156765  0.73732214811044483  0.74788543236813876
  0.75846279536708394  0.76905033256509903  0.77972168269471853  0.79039858762095638
  0.80116216025947362  0.81180275800194113  0.82221735034133026  0.83246723483020324
  0.84271894687764670  0.85313062853962252  0.86376105878479725  0.87462850594023689
  0.88521582183060787  0.89566766595772285  0.90595605373511434  0.91624143615648024
  0.92600936270588252  0.93595969441977156  0.94659571209341309  0.95740695531672082
  0.96791683672270901  0.97813200283454860  0.98914634904129162  1.00000000000000000
 -0.00231619418277762  0.00907776652061435  0.01888680091264871  0.02947010742935426
  0.03994973539650211  0.05039788008658429  0.06087246759236824  0.07174816064868880
  0.08251942337531375  0.09272197108653042  0.10299603921059888  0.11313749006658771
  0.12376542091128893  0.13423450268304382  0.14476847536635265  0.15526199024129245
  0.16553680223827061  0.17633462775783112  0.18681503530878130  0.19774653291549826
  0.20825525286133265  0.21883441955163130  0.22933890249806183  0.23988698291188446
  0.25055558962406133  0.26107555713502928  0.27166265237837522  0.28227848548697970
  0.29260067646233862  0.30287084461210140  0.31306589441829102  0.32362720981324711
  0.33431084634038921  0.34500721658426081  0.35566868278491048  0.36608377552808480
  0.37650970320936533  0.38686628874343948  0.39733297104306436  0.40794520501756526
  0.41874230426044151  0.42943685411266302  0.44016080432495014  0.45086297796005897
  0.46171398035434191  0.47220229787911588  0.48222125427546858  0.49204512999154076
  0.50211587790276602  0.51267900495078322  0.52335672571120140  0.53391156850117394
  0.54434577104180215  0.55460732637894894  0.56485269159698581  0.57511990286766235
  0.58578301108986908  0.59642227156810901  0.60716064367178302  0.61797734593129550
  0.62868691659518816  0.63933076587958004  0.64985093655650739  0.66054743869841104
  0.67131470680270777  0.68212804507356783  0.69310392846923541  0.70399390722881439
  0.71477767641994749  0.72565972508302801  0.73614955665991411  0.74649461192871402
  0.75667869357149109  0.76677937629744497  0.77691325088948215  0.78709245889447210
  0.79749380691813998  0.80803746958107614  0.81878969195766682  0.82959322197837293
  0.84032241743056724  0.85077569167258593  0.86111487913781692  0.87183508800803233
  0.88270156194068383  0.89347660740397761  0.90385637368631466  0.91407695339072159
  0.92457074256518501  0.93527944844017186  0.94588679216003857  0.95650497944010315
  0.96730747523546756  0.97822922264334944  0.98913675386360667  1.00000000000000000
  0.00009388036632395  0.00018673277191709  0.00043625851229642  0.00067702224449539
  0.00081175727271796  0.00094701944055872  0.00108087722641044  0.00121403075726802
  0.00134630550812760  0.00147756093566837  0.00160838013627026  0.00173848407342780
  0.00186617951814720  0.00199272587710613  0.00211541143517465  0.00223849600933713
  0.00236330186901663  0.00248842181080050  0.00261583810263564  0.00274315807508616
  0.00287111648181104  0.00299389303214010  0.00311151263986568  0.00322634534827063
  0.00333969076435176  0.00345267727465705  0.00356089853735479  0.00365864814383499
  0.00376209412200162  0.00387438160076032  0.00400177707983842  0.00415756151830385
  0.00431350450858896  0.00445221660545556  0.00458833226127154  0.00472649081959724
  0.00486808387042312  0.00501320310899965  0.00516182185497369  0.00531598090805856
  0.00545009155735908  0.00558103951361157  0.00570924226428426  0.00582848672038644
  0.00596529550927834  0.00610330657865940  0.00621754687931706  0.00632170398272041
  0.00642779678903596  0.00653437085977696  0.00664027648627481  0.00674631290456417
  0.00682866639328649  0.00692954046197860  0.00702862928239711  0.00714516672752749
  0.00726880762526853  0.00739207842128615  0.00752096464439674  0.00764303958233508
  0.00777816278577125  0.00793851371530881  0.00808780168320327  0.00822965150264821
  0.00838727352711961  0.00858301657196315  0.00886177255773196  0.00917479430991640
  0.00942570727282745  0.00963422613657201  0.00982276003252823  0.00998087864394185
  0.01018842796706074  0.01045689188000203  0.01086161779504217  0.01125366123745264
  0.01158120694800041  0.01185641905918823  0.01213312941098881  0.01255927099331101
  0.01315255909488263  0.01364209807774178  0.01414735045276608  0.01471327966338168
  0.01525889036397117  0.01573963709576310  0.01610465896328181  0.01657367006852437
  0.01719649286665167  0.01861092744408620  0.02139600098578204  0.02622533838287356
  0.02960106759877590  0.03174136507447014  0.05339806505144432  1.00000000000000000
 -0.00232594765560063  0.00905417001877700  0.01898173653868537  0.02945386255372983
  0.04009636975527600  0.05024409970991370  0.06030979151711162  0.07034255372663860
  0.08080537961302910  0.09159363110102056  0.10206386284755344  0.11272917943515962
  0.12334836138956871  0.13401267398920383  0.14466885385768119  0.15554374165596230
  0.16610360574111449  0.17672200390235770  0.18716007576850641  0.19832833102675815
  0.20966408914317888  0.22123176676770026  0.23269547372014246  0.24421493017194967
  0.25569221603227404  0.26705014860237314  0.27814816555745558  0.28910088831567282
  0.29999151770779514  0.31093228335841810  0.32189639672421566  0.33279407789792015
  0.34356076076108327  0.35432634173905891  0.36510339103898681  0.37553679916720223
  0.38546514015515509  0.39516738327650158  0.40470978925963225  0.41446215813552029
  0.42390033697037960  0.43352225285083978  0.44313181053368872  0.45298912791848356
  0.46277208097007921  0.47277973413011753  0.48240986833615851  0.49196849684200378
  0.50117215597572284  0.51060732566649447  0.52024049055697508  0.52993583551607792
  0.53972721019097825  0.54955278604535063  0.55956111019597765  0.56946864806571218
  0.57930121254668188  0.58933523085546913  0.59977172136041756  0.61024838792140279
  0.62083131928604196  0.63126164230041271  0.64163364203782136  0.65193029318396023
  0.66210871225920576  0.67268585688473415  0.68352565845662960  0.69466770736570937
  0.70581075709166097  0.71693058121895148  0.72801499400669445  0.73887501113841303
  0.74957925106980239  0.76031710708618716  0.77128173432715086  0.78262464516085772
  0.79420173383868675  0.80615308464314273  0.81801220752728121  0.82951140316888838
  0.84068979559050916  0.85155291188910842  0.86236524339040321  0.87315661245570897
  0.88412188890848598  0.89505917341320107  0.90595529337500802  0.91697663487206016
  0.92774681057647113  0.93841899719824273  0.94868509328885431  0.95896975283256869
  0.96891079556243909  0.97909042748029129  0.98942124329626746  1.00000000000000000
  0.42192209035899420  0.51919479042892869  0.53962458010430026  0.55503947006673993
  0.56788779117482213  0.57913226057507727  0.58988784723570908  0.60065948365632127
  0.61103269868314514  0.62088808452227129  0.62980534153472167  0.63789094582378536
  0.64540176189332221  0.65260106773794868  0.65950615383821920  0.66630379451864430
  0.67255065511920220  0.67868394959556821  0.68456222020561464  0.69028966035641970
  0.69579805778153858  0.70127373181175656  0.70662130263787859  0.71168506352674898
  0.71664638837938066  0.72161375850428411  0.72652796257564534  0.73129075763769702
  0.73583508213568749  0.74036500195730892  0.74488999642386589  0.74940885744479713
  0.75388357237940440  0.75831400936216331  0.76266626339573484  0.76696739867663399
  0.77119876091405259  0.77537263358591491  0.77950400952769217  0.78361033597199659
  0.78768879768689959  0.79173110793780288  0.79573755672652235  0.79969618155038136
  0.80365488443239230  0.80757428542472975  0.81149554471707086  0.81539123660843604
  0.81922169175090576  0.82301812217427872  0.82682672342710706  0.83062844824793414
  0.83432443111167620  0.83786746130224066  0.84129045924031809  0.84463705071433426
  0.84798550235844472  0.85135021141330103  0.85471702981981557  0.85807908118919918
  0.86136420149198001  0.86457060115088080  0.86774515166358956  0.87097075573448879
  0.87425557140849020  0.87754300812199715  0.88081222069749265  0.88405446063832493
  0.88728383657803267  0.89055262906307731  0.89381680832273902  0.89711672302520273
  0.90044657932808347  0.90384760071370396  0.90732649032603607  0.91082635656683097
  0.91431166508444517  0.91777128409230069  0.92123311094053884  0.92478297634166851
  0.92845269169334010  0.93222058120218909  0.93606277699380835  0.93991928401586344
  0.94387905939170957  0.94784498849546250  0.95187908863735660  0.95594604313081366
  0.96021516948575170  0.96474608220998337  0.96929562824781557  0.97396943945505143
  0.97893629530270831  0.98450737975006553  0.99146962824975660  1.00000000000000000
  0.00189573384462607  0.18447065186724332  0.22427495194810479  0.24955946362099382
  0.26922493644959067  0.28634259247134825  0.30159059146780309  0.31592693192256982
  0.32925154357118674  0.34160485608326208  0.35326461567985773  0.36434760543659728
  0.37476512257397165  0.38465791679242972  0.39419956332539452  0.40343002981978332
  0.41241996315515200  0.42113950895808566  0.42939623498343882  0.43730355659144582
  0.44498510540280656  0.45252685091924538  0.45998529830578749  0.46726712309170093
  0.47439054372107126  0.48136053421027897  0.48800428956220865  0.49466564988286832
  0.50121423295678669  0.50761277659691018  0.51388923281140475  0.52011035948711370
  0.52625118374876689  0.53228758178681701  0.53816832999686737  0.54393875064586394
  0.54966183722546669  0.55531948505445183  0.56092493007262501  0.56645460350070576
  0.57198158616985351  0.57749675966815139  0.58295298564074838  0.58829701656821243
  0.59358848749763571  0.59892372358254375  0.60424904263034962  0.60946756103231714
  0.61458570316781358  0.61967193234199114  0.62473610401736235  0.62975214259829881
  0.63466964700437511  0.63950728171314253  0.64431153901514826  0.64910836090735347
  0.65390503647405551  0.65867142186797689  0.66340221025320822  0.66812356644970183
  0.67286856549349905  0.67756077340407050  0.68222367528453287  0.68686861453130243
  0.69161946992230350  0.69653314563068347  0.70141677476000786  0.70619329514212903
  0.71093236805462090  0.71575896281821660  0.72068079932929163  0.72574216880267606
  0.73092047730337117  0.73613646718772319  0.74138953746567504  0.74650706758082475
  0.75162230979087863  0.75673545507242534  0.76194971887763852  0.76721808568579308
  0.77268721000485507  0.77820204037924223  0.78392438419957455  0.78979429700175585
  0.79594672877216355  0.80247964536894223  0.80927136298905800  0.81644515297294185
  0.82429828443762665  0.83228971411286801  0.84046882882235296  0.84888792967945303
  0.85704094743588755  0.88942274057923343  0.94854302023456960  1.00000000000000000
   2.4829920155547833E-009  -1.0000000000000000     
 F F F F F F F F F F F F F F F F F F F F F F F F F F F F F F F F F F F F F F F F F F F F F F F F F F F F F F F F F F F F F F F F F F F F F F F F F F F F F F F F F F F F F F F F F F F F F F F F F F F F F F F F F F F F F F F F F F F F F F F F F F F F F F F F F F F F F F F F F F F F F F F F F F F F F F F F F F F F F F F F F F F F F F F F F F F F F F F F F F F F F F F F F F F F F F F F F F F F F F F F F F F F F F F F F F F F F F F F F F F F F F F F F F F F F F F F F F F F F F F F F F F F F F F F F F F F F F F F
  <DiscreteSampler_grid>
  grouped_processes
  1 # 1 for a reference and 2 for a running grid.
  10 # Attribute 'min_bin_probing_points' of the grid.
  1 # Attribute 'grid_mode' of the grid. 1=='default',2=='initialization'
  0.0000000000000000 # Attribute 'small_contrib_threshold' of the grid.
  0.5000000000000000 # Attribute 'damping_power' of the grid.
 # binID   n_entries weight   weight_sqr   abs_weight
    19   10   2.249510200938934E-001   3.284802996808892E-001   2.249510200938934E-001
    20   10   2.249510200938943E-001   3.284802996808922E-001   2.249510200938943E-001
    22   10   4.499020401877868E-001   1.313921198723557E+000   4.499020401877868E-001
    23   10   4.499020401877886E-001   1.313921198723569E+000   4.499020401877886E-001
    25   10   4.687300467388789E-001   1.428873044525508E+000   4.687300467388789E-001
    26   10   4.687300467388805E-001   1.428873044525520E+000   4.687300467388805E-001
    28   10   9.374600934777577E-001   5.715492178102031E+000   9.374600934777577E-001
    29   10   9.374600934777610E-001   5.715492178102079E+000   9.374600934777610E-001
    34   10   2.249510200938935E-001   3.284802996808894E-001   2.249510200938935E-001
    35   10   2.249510200938943E-001   3.284802996808921E-001   2.249510200938943E-001
    37   10   4.499020401877870E-001   1.313921198723558E+000   4.499020401877870E-001
    38   10   4.499020401877886E-001   1.313921198723568E+000   4.499020401877886E-001
    40   10   4.687300467388789E-001   1.428873044525508E+000   4.687300467388789E-001
    41   10   4.687300467388805E-001   1.428873044525519E+000   4.687300467388805E-001
    43   10   9.374600934777577E-001   5.715492178102033E+000   9.374600934777577E-001
    44   10   9.374600934777609E-001   5.715492178102077E+000   9.374600934777609E-001
  </DiscreteSampler_grid>
