  0.00323907971400243  0.01455637335334388  0.02582961316322327  0.03663875872021424
  0.04689361190439733  0.05734983923300010  0.06822179734345060  0.07869999327030891
  0.08849145658183967  0.09806528247665698  0.10780981884965717  0.11833349091237380
  0.13062185269135232  0.14441151562094942  0.15616384327645721  0.16731191457529232
  0.17848577100692206  0.19003125059542639  0.20183180522646943  0.21337721986685287
  0.22478245672951710  0.23630128150071975  0.24808931141934129  0.25935622442720269
  0.26948135532869655  0.27936101105566602  0.28912955856831629  0.29942328482461722
  0.30983792648842318  0.32042231393852538  0.33290902150560475  0.34202868822676447
  0.35007201880045163  0.35774397380511036  0.36590912792839259  0.37484184589346298
  0.38640154811947036  0.39860029971606237  0.40968563151354476  0.42012457731318015
  0.42970201901649352  0.43862147236741361  0.44844418966075161  0.45871698401280298
  0.47040390780229341  0.48205487856255563  0.49339413117070235  0.50420772995674989
  0.51493433862244542  0.52575528103659552  0.53622014149580699  0.54709471898203277
  0.55784882381326750  0.56899866098637752  0.58008762354878685  0.58994125004911224
  0.59933706295069988  0.60937210668271891  0.62070404047328998  0.63107909893989289
  0.64049256528634080  0.64933607808500360  0.65836802620679968  0.66764779849438238
  0.67808044993152083  0.69110008179701721  0.70429520092057307  0.71697112126354690
  0.72881378683503095  0.74033899468754605  0.75192842555670925  0.76348277599265235
  0.77498203092165674  0.78588533919328019  0.79635596443145962  0.80684234599684157
  0.81793190295519169  0.82937177668947948  0.84029445967010130  0.85018293610484164
  0.85989197197531997  0.87000484731757033  0.88063368009885867  0.89085225402991797
  0.89840503982574471  0.90562602694836603  0.91321771739114266  0.92039195383322969
  0.92854599226006562  0.93824145848259910  0.94770137654868214  0.95737868595882836
  0.96588140053199867  0.97430084277000295  0.98350109785829920  1.00000000000000000
  0.00000211402368067  0.00000214814497794  0.00000219523892650  0.00000224149474094
  0.00000231657429642  0.00000238800812063  0.00000244924383023  0.00000251075897818
  0.00000257289734952  0.00000263610059960  0.00000272249438990  0.00000281565160173
  0.00000290664784169  0.00000299045959447  0.00000305288651156  0.00000311725919776
  0.00000319097544633  0.00000326518453396  0.00000334484042190  0.00000343388921320
  0.00000352418730125  0.00000362119993109  0.00000371426223888  0.00000380626915022
  0.00000389717384309  0.00000398892537235  0.00000408491353969  0.00000419460587224
  0.00000432084174719  0.00000445729607132  0.00000459716058596  0.00000473285441026
  0.00000486992181425  0.00000500776396228  0.00000515846806040  0.00000531543182386
  0.00000548581132177  0.00000565944959893  0.00000583629550386  0.00000602729202228
  0.00000622595480404  0.00000644100866880  0.00000665610681486  0.00000685609148102
  0.00000706645015589  0.00000730291973008  0.00000755633853445  0.00000782760958477
  0.00000813847034417  0.00000847077273391  0.00000879742126471  0.00000912811606318
  0.00000950490984043  0.00000995055598942  0.00001044548891969  0.00001095919913265
  0.00001149498686827  0.00001202730756204  0.00001257098779606  0.00001315980518901
  0.00001380288472419  0.00001443686531139  0.00001516788036609  0.00001595061038791
  0.00001679228220979  0.00001778783599049  0.00001891942952564  0.00001994652060877
  0.00002118831915965  0.00002242794814427  0.00002379684583017  0.00002548956607111
  0.00002757118217866  0.00002997841757555  0.00003256493242406  0.00003534585437346
  0.00003857201778780  0.00004254424071351  0.00004734126605710  0.00005301710301143
  0.00006019583461033  0.00006919071092073  0.00007963327107811  0.00009123928615195
  0.00010793143089641  0.00013151979877170  0.00016479276669673  0.00020914610207889
  0.00026772627314172  0.00034967994559114  0.00047698419065511  0.00080006143691380
  0.00144022211620872  0.00320046728063704  0.06518596911166642  1.00000000000000000
  0.00000429493387428  0.00000500151854006  0.00000556415984626  0.00000620736799034
  0.00000680357672970  0.00000724616290282  0.00000764068539635  0.00000802629028907
  0.00000850169427852  0.00000904310804741  0.00000957650459138  0.00001015305364147
  0.00001084402057732  0.00001156600582688  0.00001226614506272  0.00001329432954173
  0.00001442021162529  0.00001556041026957  0.00001661928133416  0.00001777053892503
  0.00001902202159527  0.00002051779458466  0.00002232417903713  0.00002442765309485
  0.00002669251587271  0.00002947694436541  0.00003250119208178  0.00003616801207806
  0.00004053835888430  0.00004506196296602  0.00004954605936308  0.00005466415355211
  0.00006102381204091  0.00006864446285626  0.00007734527496980  0.00008766250266394
  0.00009932825245361  0.00011176313799163  0.00012505310983555  0.00013799364361497
  0.00015133818667563  0.00016573126546453  0.00018270861136697  0.00020291059773924
  0.00022331828489701  0.00024478826439283  0.00026574151511209  0.00028847549187332
  0.00031469168725672  0.00034426734827214  0.00037841640547600  0.00041354288940727
  0.00044730490461767  0.00048365372794343  0.00052338620725054  0.00057003466017536
  0.00061607234035449  0.00066095025526099  0.00070525933079471  0.00075114830352558
  0.00080684442797128  0.00086565881612442  0.00092100467705186  0.00097550154063959
  0.00102978949694933  0.00108896215705741  0.00116287029111627  0.00125823744098473
  0.00136073964933550  0.00147186004831048  0.00156813458044786  0.00167756764395840
  0.00180528410860644  0.00193809297535018  0.00209782849472002  0.00227995273171847
  0.00247247314640950  0.00264514919690296  0.00278275593919738  0.00289808921491639
  0.00299288535287043  0.00308379289415952  0.00320789306480334  0.00332926754054797
  0.00348097250769605  0.00363289554865132  0.00380967513678878  0.00398340781082110
  0.00417461107730080  0.00445761239886298  0.00480761322655670  0.00526714330523912
  0.00615636828821201  0.00860099323980249  0.15612241386080156  1.00000000000000000
  0.00000365008612327  0.00000604370420844  0.00000678747655034  0.00000762329984544
  0.00000832339551965  0.00000898526417032  0.00000961029353311  0.00001013260145330
  0.00001065498705197  0.00001120906352829  0.00001179258089861  0.00001238010595949
  0.00001320790616210  0.00001410820366245  0.00001535570883925  0.00001670265548178
  0.00001811927191965  0.00001939830926687  0.00002080799269605  0.00002224737251259
  0.00002369357911248  0.00002521392977228  0.00002677400278689  0.00002860918931338
  0.00003068491955560  0.00003276419309852  0.00003489231568805  0.00003716438630628
  0.00003969712709863  0.00004249824694327  0.00004548863022736  0.00004874401251222
  0.00005237714287767  0.00005618732228412  0.00005995579079949  0.00006403510923135
  0.00006857311933852  0.00007408600186984  0.00007997667277685  0.00008573370911370
  0.00009139667041312  0.00009724091043913  0.00010365805942630  0.00011082986648998
  0.00011943519357422  0.00012845643883032  0.00013846728573189  0.00014927078069890
  0.00016122431174124  0.00017368239558930  0.00018643169482458  0.00019983976152786
  0.00021438225546337  0.00023065370830260  0.00024946095853477  0.00027056707127031
  0.00029422794990027  0.00032146306251423  0.00034780393968352  0.00037465921162779
  0.00040314517875518  0.00043452314626340  0.00047054536469278  0.00051255753011487
  0.00055650276800825  0.00060413791905832  0.00065443340118872  0.00071207042293466
  0.00076731725433188  0.00082535064966088  0.00088637801077589  0.00094363969196787
  0.00100121252618135  0.00105843451281511  0.00113198176267839  0.00123189494447252
  0.00134574943976325  0.00146769004709611  0.00160357063922459  0.00175489382295585
  0.00192115027223204  0.00213211217418988  0.00235100409628663  0.00253757478622042
  0.00271012541685058  0.00289865543164496  0.00316093563901404  0.00354369085663263
  0.00395893675523212  0.00434108161082339  0.00489152285920865  0.00567540397780241
  0.00707615039868715  0.01014118848261962  0.10671323107281902  1.00000000000000000
 -0.00176562695737619  0.00658305849123085  0.01322356451154192  0.01912696853760737
  0.02569061526177199  0.03176097239680844  0.03721705239778244  0.04466373786442757
  0.05224692431926204  0.05982360124744558  0.06732166962763141  0.07447059411880076
  0.08119071121507543  0.08751146768174214  0.09357274536968786  0.09999581467022230
  0.10663713185658147  0.11301023944508223  0.11956136240683182  0.12642267894574730
  0.13372979228785051  0.14127037638210166  0.14833845434540807  0.15481758266285045
  0.16083543006147430  0.16773732779057493  0.17479732389655067  0.18185559901272103
  0.18895101209834811  0.19640374815639455  0.20442948165098807  0.21305098759552210
  0.22173817185616534  0.22908668239181304  0.23584345424705230  0.24315681451774493
  0.24973096308055609  0.25644608093215965  0.26494325908963895  0.27350202448845451
  0.28180093106256798  0.29006635162395977  0.29825841617283849  0.30639926731593831
  0.31457038772614371  0.32301071867040626  0.33151552775346899  0.34022524781622665
  0.34946793839791512  0.35908496681129942  0.36919768324279689  0.37893058329532703
  0.38850116589230699  0.39833939701191268  0.40785848957580917  0.41707106998632698
  0.42574877167825365  0.43452936905873413  0.44381502467392209  0.45391716610148680
  0.46483221824698057  0.47650311883572377  0.48802996031777612  0.49946929128830042
  0.50995262904734251  0.52052200868906151  0.53084955817834334  0.54067552115829431
  0.55095723143613762  0.56087537468131987  0.57110599062482637  0.58184939709592043
  0.59358540166625251  0.60610149427547699  0.61846649436175971  0.63048554938708279
  0.64282556646319999  0.65609665152503249  0.66968456083919359  0.68205527794475007
  0.69457385064879518  0.70758869797282664  0.72127063985523399  0.73562804663248582
  0.75017565302979738  0.76647432737278809  0.78369556069162727  0.80253772887922403
  0.82299115710186088  0.84626715763748750  0.87061424367716345  0.89459822071621464
  0.91842446780323128  0.94580809024129864  0.97474641711798460  1.00000000000000000
 -0.00193022236067701  0.00869844254419963  0.01859361254981293  0.02905144329955937
  0.03990892198604977  0.05119260814728684  0.06258712228496087  0.07455469206231624
  0.08611970242519568  0.09767954043713505  0.10942233559554440  0.11981446637055485
  0.13056596596413117  0.14050328140448745  0.14943613851063742  0.15802470534998059
  0.16640206504852692  0.17646697582687307  0.18894925332746274  0.19966523872010822
  0.20951563205580853  0.21963241778631340  0.23104872532733253  0.24316169528436810
  0.25442509603604563  0.26507553028632075  0.27525623743632988  0.28547261596892259
  0.29403228707705364  0.30194502789352651  0.31065528211241444  0.32005583189347253
  0.33091221691385947  0.34214741090267881  0.35351665274168848  0.36396828340308207
  0.37366669893078297  0.38296443772497613  0.39085766546004230  0.39782292054285845
  0.40478333694867757  0.41150106723789642  0.42102233730344302  0.43232826029417720
  0.44388963674711640  0.45581981656738585  0.46738785399304911  0.47877226193652961
  0.49006397317595501  0.50048062105406388  0.50989535527630392  0.51959363780599233
  0.53003888912568964  0.53967633822647332  0.54907947648884936  0.55853792028659999
  0.56886900718330591  0.57975226100372035  0.59091469113177009  0.60318931196845238
  0.61602723782139179  0.62843818126935547  0.64014959090334722  0.65148625221350853
  0.66306691126185380  0.67436978390973690  0.68509920882174280  0.69556726770372246
  0.70620523901018739  0.71712747452834769  0.72833508902545840  0.74046487847401921
  0.75367024123151316  0.76702052463714554  0.77849543881855177  0.78865053839628452
  0.79971187195746751  0.81150691696569288  0.82268605505943171  0.83338056663093307
  0.84429302182238797  0.85577568398029635  0.86633559861435061  0.87604358884455091
  0.88480692151270268  0.89245244841342430  0.90097187018819236  0.90986301130303415
  0.92048895303161349  0.93155197334115769  0.94290092492650879  0.95430195982038835
  0.96525188004689266  0.97627338365569249  0.98786117056353029  1.00000000000000000
 -0.00166905350215498  0.00642917462056484  0.01283211266939932  0.01859675799404576
  0.02505214815018177  0.03245352777665436  0.04114114059581719  0.05045201887963589
  0.05956338424863966  0.06829128266279308  0.07747076827045112  0.08757807975320955
  0.09843429053505040  0.10904191205121186  0.11880124445917610  0.12815055957333729
  0.13746950064788163  0.14749326526299050  0.15817835280440792  0.16899715682503536
  0.17943448286106473  0.18971762583978052  0.20049265880422637  0.21130565451596281
  0.22156871248678081  0.23026277906357195  0.23919214812253006  0.24896873327890939
  0.26049927429161895  0.27245012713256067  0.28442113569816996  0.29687253649431705
  0.30903077621089148  0.32044835505603503  0.33216855929492395  0.34432856768892878
  0.35712177285598901  0.36985099919850556  0.38296221997820667  0.39470725749147473
  0.40640990164658630  0.41834280489033682  0.43268379429276599  0.44664351435423461
  0.45988939892156849  0.47354608593315106  0.48880269436647134  0.50388348597680332
  0.51851521219159025  0.53143413233223946  0.54518202153255724  0.55758939126692875
  0.56745554678596621  0.57731417787607164  0.58787454304937325  0.60051380533190757
  0.61387817242912701  0.62623739798716127  0.63856460403334370  0.65090556172245706
  0.66324683387795313  0.67523776626241949  0.68585238704826001  0.69594155571421412
  0.70574678410408476  0.71675315846984899  0.72846869857065588  0.73936191831505249
  0.74965680036633120  0.75972532934429338  0.77009694533714113  0.78105257767726022
  0.79241834364068908  0.80278948484554846  0.81230485804143227  0.82181962015133836
  0.83139147118535162  0.84083642985532725  0.85028549938455822  0.85934862929024902
  0.86814079025550028  0.87756534121041607  0.88608618759329960  0.89456889644986293
  0.90295424149560188  0.91148198944697090  0.92128213662998748  0.93138147128193871
  0.94145974941790844  0.95037652113293380  0.95914247541165498  0.96744624036902027
  0.97531539432611281  0.98322241578342195  0.99115216336389411  1.00000000000000000
 -0.00165225783186108  0.00623395811600754  0.01457366669444810  0.02272556098077045
  0.03344102309889663  0.04362933081578747  0.05337843086886099  0.06298905735889168
  0.07304822641511992  0.08541826647270280  0.09787756619564483  0.11012281458082625
  0.12271487635464455  0.13533925600199254  0.14759826081332297  0.15842965243086385
  0.16872914151051380  0.17834624701388424  0.18957321026020782  0.20023719024056397
  0.21026607756127466  0.21916934573795063  0.22829895249603607  0.23842592702419696
  0.24928286714787437  0.26069500622618330  0.27306577587943209  0.28628583371748861
  0.30015571766151516  0.31406465579926485  0.32756757233161310  0.33999021443591976
  0.35135319464312031  0.36234353009726217  0.37247375355152346  0.38248513376104420
  0.39251384806906581  0.40423925040323810  0.41598968772373196  0.42645118897772311
  0.43694361154354389  0.44826264689566159  0.45976920873187077  0.46891486344799232
  0.47794556901526869  0.48693718281295395  0.49551871880824500  0.50394224856244074
  0.51209266726353864  0.52090045151354147  0.53135910717299562  0.54271355356010198
  0.55403426451842308  0.56488482210991420  0.57473867817330959  0.58550833159702753
  0.59669291990187734  0.60821815612151131  0.61990200385105265  0.63149866948089572
  0.64283514632784045  0.65352011324325099  0.66396030729021771  0.67436230853909607
  0.68463001994160244  0.69460312363083321  0.70362552556945135  0.71300278975145270
  0.72266863639169809  0.73365702101919927  0.74429768827110798  0.75366100110563616
  0.76281882668415857  0.77259900957983063  0.78283715968396128  0.79357469007181469
  0.80467910787969044  0.81603604192927215  0.82799342057082304  0.84041918494962708
  0.85282739919102735  0.86572820447167964  0.87720526637869123  0.88732800615018037
  0.89686720844786605  0.90608761446505470  0.91530700872812143  0.92434581288373274
  0.93340261266578284  0.94311424694520307  0.95474428688807600  0.96582893075621645
  0.97543083459200497  0.98352706195122341  0.99212748117145366  1.00000000000000000
 -0.00221116948306167  0.00975927438082091  0.02085288694273154  0.03156545284556784
  0.04224353266398573  0.05262286461105388  0.06243707561318401  0.07332127877242706
  0.08384231295455302  0.09514690943853479  0.10512460487168604  0.11447977013059192
  0.12386386068880421  0.13226406684040812  0.14227796823344563  0.15261829901801477
  0.16338879823308866  0.17496267299395929  0.18531029669343330  0.19448366862755001
  0.20298661298806470  0.21143290427399308  0.22106829159514674  0.23184793535929391
  0.24138999139385869  0.25021673861820432  0.25952819618454054  0.27004324714926259
  0.28231950480498036  0.29541296660396926  0.30786325186408903  0.31934830949383836
  0.32998113096078691  0.34050407860703408  0.35184102865194838  0.36308978338723497
  0.37401588954612586  0.38514638975824739  0.39702003657798296  0.40852277457431047
  0.41979548806529993  0.43107216343004318  0.44331306821556216  0.45659349725407139
  0.46964984185843667  0.48206094858589527  0.49376525356508627  0.50526806476869501
  0.51712572928460199  0.52991814852613150  0.54362173598337171  0.55699271186898969
  0.57042983425964799  0.58372207338211568  0.59720910139632266  0.60997977599473419
  0.62140737824737302  0.63185608060352594  0.64153806124885582  0.65134167918726227
  0.66132957407291348  0.67142736517911206  0.68092587196028354  0.69082564988372819
  0.70022396006943399  0.70905654215949743  0.71645999979600894  0.72370617063127274
  0.73107108360736772  0.74005254711747692  0.75104770900684326  0.76146476923602935
  0.77134092474133653  0.78167422429950340  0.79174046956218080  0.80080915080334614
  0.80982158216967004  0.81950250388066104  0.83040283017931305  0.84083119615558344
  0.84987311860287695  0.85812227440808830  0.86668256226628493  0.87632464579263114
  0.88653905454782245  0.89643437405020188  0.90519209791557254  0.91391216017152566
  0.92350611031199781  0.93325387097948020  0.94264871352425850  0.95298480881677772
  0.96532957200052638  0.97821999960932060  0.98949918485370270  1.00000000000000000
 -0.00008568758175028  0.00029207626367085  0.00055667573848880  0.00077316130227575
  0.00091032637840947  0.00104789004369767  0.00118820448928443  0.00132482674804479
  0.00147093762788718  0.00161685128504143  0.00176083495151316  0.00190006395718455
  0.00202737127877245  0.00214554978939553  0.00225105300076634  0.00236231516028349
  0.00247170984750637  0.00256951536999903  0.00267049272399138  0.00277367221434033
  0.00288092308896832  0.00300881545074699  0.00314496425788400  0.00327587640514933
  0.00341534163048668  0.00355588158629932  0.00368822224799490  0.00381523842632757
  0.00393955977174823  0.00407243396672524  0.00423678017304517  0.00442770119476442
  0.00457454598649275  0.00471543005689887  0.00484236951246597  0.00496433820692889
  0.00507966136570521  0.00522046670347161  0.00538126051364163  0.00554260626000438
  0.00573267032628021  0.00589724553977587  0.00604234265696230  0.00616429980375984
  0.00627836485451798  0.00638351227231917  0.00649153186220047  0.00660191808735352
  0.00673355952434231  0.00688812004809085  0.00708167555016802  0.00728216573021469
  0.00747613889172619  0.00766871773991948  0.00787596034023780  0.00810479665193139
  0.00836424416103718  0.00866386260129843  0.00919664796933624  0.00965367125739518
  0.00988746095611984  0.01014654655727541  0.01045535021801834  0.01089645742613986
  0.01133868930613439  0.01158586194687420  0.01182077938047138  0.01195655701298242
  0.01209227976045808  0.01222671834837743  0.01236115693629677  0.01270711694626333
  0.01308985765615783  0.01338036955196828  0.01371054176179517  0.01415571196809288
  0.01489289986051131  0.01533800813802021  0.01635780795514187  0.01688420612450820
  0.01936775511155246  0.02107472417251485  0.02270163335085417  0.02616047772682914
  0.02761098830008608  0.02955394247972640  0.03009291638830110  0.03064243119364267
  0.03123090669222973  0.03168556234802000  0.03602183374727377  0.04191937756839897
  0.04622491919245733  0.04877350788513535  0.27327484165488408  1.00000000000000000
 -0.00258045152658137  0.01331011970866122  0.02681468528691633  0.04160672422674101
  0.05656739098331310  0.07185856111471134  0.08666014639137450  0.10042934462620043
  0.11396100386765379  0.12758455746621863  0.14131233174806754  0.15466792414072900
  0.16799334001593005  0.18168758217011391  0.19498406958277453  0.20738774314603836
  0.21820533090665997  0.22755173810274559  0.23576135406007689  0.24448238182468507
  0.25363133658963904  0.26402554511146459  0.27464166424819558  0.28445000218405514
  0.29502877873820060  0.30514009255745994  0.31549501577196898  0.32459535091938085
  0.33302713281331497  0.34176524043606721  0.35125350476912703  0.36078487455576519
  0.37053547779093460  0.38090686776846594  0.39099680857103863  0.40102468751884945
  0.41083201316710177  0.42082899229695464  0.42964230310808266  0.43762903723893420
  0.44543384395325747  0.45341978885517509  0.46131003588916875  0.46899678839306091
  0.47674825384825964  0.48474725726521861  0.49335793794691313  0.50165003698021993
  0.50896623971848454  0.51581128727629799  0.52320654934999744  0.53152121438140676
  0.54027573300446674  0.54784241113725773  0.55500862073915913  0.56238783694675454
  0.56988223702831320  0.57859739796955323  0.58770654039993764  0.59649144978730595
  0.60559368609333308  0.61491837089505819  0.62415293268342309  0.63318607175356389
  0.64250721828931223  0.65292811894121827  0.66343934798253945  0.67273820184302269
  0.68163428635751611  0.69087343071340634  0.70158327043224933  0.71254570389319782
  0.72301479352476861  0.73317758007621869  0.74334702544201059  0.75391523700503993
  0.76443793935296511  0.77514632013146423  0.78600968067517230  0.79686499125174093
  0.80730014656562932  0.81795322063193343  0.82883049723338909  0.84087388994818268
  0.85384623178408625  0.86600929283870665  0.87732721716989948  0.88895609865935898
  0.90210742379483733  0.91730424999882376  0.93225319147524555  0.94692949463120279
  0.95999923577282009  0.97297687538335897  0.98560984192810275  1.00000000000000000
  0.40107835401766329  0.43873402464607131  0.47638969527447939  0.50648014366418093
  0.52488441028601784  0.54380068851438412  0.56216615362130573  0.57543843896817293
  0.58716652061308017  0.59937448850015229  0.60853502892525169  0.61587215573188281
  0.62400707272360345  0.63306879857685561  0.64346062971704987  0.65254235484086631
  0.66050856025326199  0.66757649683616205  0.67467352268156433  0.68187282278641947
  0.68778839083048271  0.69343911719821982  0.70008091396168648  0.70738769990022987
  0.71435565678757951  0.72052782271350480  0.72582992051332662  0.73157657187777914
  0.73732770031049277  0.74343881003012102  0.75001018857792179  0.75645031292384302
  0.76224995173275001  0.76752599600896698  0.77263023409014853  0.77766311662853849
  0.78294885508051282  0.78831989338524888  0.79353544950167854  0.79869597491712641
  0.80374596078254135  0.80901481478512127  0.81426184127365153  0.81977074132368222
  0.82523544769645407  0.83082847644801872  0.83640179331563758  0.84166366519585101
  0.84670308987225495  0.85139640732240851  0.85614479131155707  0.86069965804126680
  0.86532124009964551  0.86988664559265871  0.87438745798580619  0.87878643093172648
  0.88287317184495673  0.88672370985777260  0.89031605494880517  0.89404863889138753
  0.89778250337390153  0.90156618471021210  0.90525911550177396  0.90864517161669778
  0.91176866445168503  0.91477231405456871  0.91771452054606861  0.92057580240048176
  0.92343522456795113  0.92645902602654873  0.92962219439021643  0.93286072121422603
  0.93584349709256021  0.93860781190967646  0.94132010550418421  0.94399501479801162
  0.94669379959579147  0.94956494168639505  0.95243642941668505  0.95536147255415416
  0.95812126458865565  0.96091793512164669  0.96374904407982520  0.96672440785771419
  0.96959582432222202  0.97204666662345418  0.97429732837137195  0.97646654718452286
  0.97866289349873115  0.98093737478675591  0.98344595145829594  0.98604341238644988
  0.98893599945771138  0.99202113738121334  0.99559030874413856  1.00000000000000000
  0.00858226753040005  0.16276384292141916  0.20469531930180393  0.22888618963876173
  0.24721266364238853  0.26594600767697724  0.28425431484620539  0.30003741176044274
  0.31311869309970475  0.32467284542338593  0.33530290907761640  0.34552929857715292
  0.35547878913913949  0.36413024412970801  0.37227143750196912  0.38050135282085840
  0.38899408824128517  0.39776746275299063  0.40611034793571799  0.41412516594246945
  0.42223170538645760  0.43042886206153858  0.43827628980538869  0.44564989126688048
  0.45292612572001839  0.46009284810806844  0.46714052619559621  0.47397422754299645
  0.48027030987305586  0.48592463086901744  0.49159070629763857  0.49733582440487240
  0.50359618591768496  0.51025700518894457  0.51682056489878148  0.52293798826856630
  0.52844072425578414  0.53386289430976974  0.53883174650469889  0.54351027341744851
  0.54787230746434001  0.55223128768396168  0.55654749012312188  0.56084138887248602
  0.56529203557855834  0.57028116900003423  0.57542890727011975  0.58000322011405570
  0.58458356247992593  0.58899728019074749  0.59328267531108059  0.59777261093561584
  0.60271029164679590  0.60806358938667104  0.61365428153448820  0.61935162621486384
  0.62502311541977651  0.63015203552266474  0.63467131068341598  0.63929166041847851
  0.64386984660949409  0.64859384381709140  0.65422016467362532  0.66020646803910099
  0.66592737385901124  0.67121079967821917  0.67623729551006129  0.68110048613957774
  0.68597837933422112  0.69125465297030853  0.69699335812915852  0.70268270748497719
  0.70883482873310644  0.71540667522885359  0.72187795340067162  0.72789788436050618
  0.73323847377830986  0.73851956842571465  0.74465056167878796  0.75093636075049364
  0.75764099181869482  0.76403054294869055  0.77008074003689841  0.77622703871002618
  0.78257096752047295  0.78928344519997673  0.79725927926658890  0.80590507201543571
  0.81605394107086993  0.82604749046953418  0.83648805631629197  0.84719587919181216
  0.85988122117064403  0.87693924422469871  0.90218755241904014  1.00000000000000000
   1.2229295577489443E-006  -1.0000000000000000     
 F F F F F F F F F F F F F F F F F F F F F F F F F F F F F F F F F F F F F F F F F F F F F F F F F F F F F F F F F F F F F F F F F F F F F F F F F F F F F F F F F F F F F F F F F F F F F F F F F F F F F F F F F F F F F F F F F F F F F F F F F F F F F F F F F F F F F F F F F F F F F F F F F F F F F F F F F F F F F F F F F F F F F F F F F F F F F F F F F F F F F F F F F F F F F F F F F F F F F F F F F F F F F F F F F F F F F F F F F F F F F F F F F F F F F F F F F F F F F F F F F F F F F F F F F F F F F F F F
  <DiscreteSampler_grid>
  grouped_processes
  1 # 1 for a reference and 2 for a running grid.
  10 # Attribute 'min_bin_probing_points' of the grid.
  1 # Attribute 'grid_mode' of the grid. 1=='default',2=='initialization'
  0.0000000000000000 # Attribute 'small_contrib_threshold' of the grid.
  0.5000000000000000 # Attribute 'damping_power' of the grid.
 # binID   n_entries weight   weight_sqr   abs_weight
    10   10   1.098998713789161E+000   5.202102461697859E+000   1.098998713789161E+000
    11   10   1.098998713789160E+000   5.202102461697852E+000   1.098998713789160E+000
    16   10   1.098998713789161E+000   5.202102461697861E+000   1.098998713789161E+000
    17   10   1.098998713789160E+000   5.202102461697851E+000   1.098998713789160E+000
  </DiscreteSampler_grid>
