  0.00308633649739313  0.01315506500982725  0.02459830836988898  0.03427847556681456
  0.04500177233474320  0.05524921953890384  0.06551121315205935  0.07534575429929938
  0.08548709409083714  0.09614688607428395  0.10737292046408928  0.11918499724555624
  0.13177895699432371  0.14425354097694806  0.15564788827736886  0.16664464637498344
  0.17729847367090448  0.18874989478132326  0.20068816760057251  0.21224796807211557
  0.22298971060939426  0.23381273446857626  0.24441370044439722  0.25445323584142471
  0.26383642117418415  0.27337677421824125  0.28304824546898083  0.29232305499517075
  0.30156174614851333  0.31035353347581934  0.31959874329144228  0.32971803554840012
  0.34018216555597769  0.35011655304352074  0.35973113765600734  0.36915409697810753
  0.37996778549432508  0.39187070649542449  0.40448628035342937  0.41651479582778683
  0.42668853534918538  0.43704142180265926  0.44670434332274606  0.45733283746356435
  0.46840662509610076  0.47858315434724635  0.48839731905391848  0.49881391421183602
  0.50935265225972426  0.52100887007871188  0.53126588091461868  0.54180471759510196
  0.55359651770405394  0.56545559404175594  0.57659940667120113  0.58599943470786375
  0.59520956430352401  0.60429671794826123  0.61406452679050250  0.62409342284282854
  0.63362974379545189  0.64382773643505908  0.65318864670422949  0.66276895246661582
  0.67246114043365945  0.68284867322319187  0.69351522721938030  0.70400515410159370
  0.71370182758661160  0.72346358305973857  0.73309217775167601  0.74329831691963288
  0.75324316848391593  0.76198900895010602  0.77065502290942967  0.77947864365573105
  0.78871699381194538  0.79817635526055442  0.80732617086754355  0.81807480621739548
  0.82936833680839528  0.84054318138679451  0.85122067878098395  0.86125821398002345
  0.87140835457308019  0.88211510339276755  0.89406449960966783  0.90650507977563133
  0.91773669225835230  0.92895493067273482  0.93954963498843180  0.95101363363682878
  0.96247937294277475  0.97389003929940210  0.98622409647730569  1.00000000000000000
  0.00004847593123170  0.00005772922600434  0.00006571115306847  0.00007189338860978
  0.00007689068583966  0.00008148513972570  0.00008596877284107  0.00009025074036271
  0.00009428649186763  0.00009818278982029  0.00010204834162656  0.00010602737523587
  0.00011031024818594  0.00011449239064798  0.00011869606372418  0.00012283074558272
  0.00012711119326765  0.00013128670581835  0.00013539346562415  0.00013950340669789
  0.00014365239580509  0.00014802074036220  0.00015239741128185  0.00015677232321024
  0.00016118843029120  0.00016563675335038  0.00017023584312962  0.00017510836037634
  0.00018019526100260  0.00018552050717582  0.00019078738706722  0.00019639459228821
  0.00020279855012438  0.00020937442552601  0.00021556519351784  0.00022152868985964
  0.00022798921164936  0.00023459849600874  0.00024154713271667  0.00024835753593233
  0.00025504172317603  0.00026314509599761  0.00027116137930592  0.00027989435478976
  0.00028890744114993  0.00029787809714562  0.00030619998661276  0.00031435967761827
  0.00032295298549765  0.00033258044195214  0.00034382698360621  0.00035592685549277
  0.00036757499986308  0.00037895358593253  0.00039075452607925  0.00040313744125739
  0.00041654009342852  0.00043119948608879  0.00044657335067090  0.00046204451754961
  0.00047771392594040  0.00049631552866414  0.00051456588956347  0.00053316188801548
  0.00055230981359842  0.00057313849166614  0.00059841489500198  0.00063006095268728
  0.00066746055874086  0.00070506794413804  0.00074185447679494  0.00077946376603802
  0.00082058722155631  0.00086273461922825  0.00091260891877531  0.00096802413470512
  0.00102827671068837  0.00108916503374484  0.00116744518536472  0.00126373294820183
  0.00136709697197274  0.00144892891476234  0.00151979430449553  0.00161846684071514
  0.00178602426991075  0.00201700313298350  0.00223128288220960  0.00249826204364713
  0.00292780486917045  0.00348434164304476  0.00412667475754526  0.00484689069509643
  0.00590871964416381  0.00775319353597654  0.02277761798393391  1.00000000000000000
  0.00278818252393809  0.01441036873933555  0.02742110796834460  0.03948473530574077
  0.05110340196836310  0.06204606689772729  0.07163245752618980  0.08028565419622014
  0.08924943656962912  0.09914121579911672  0.10895471582633987  0.11820936666276693
  0.12781479473173529  0.13844079860810463  0.14889249148746470  0.15856973413282494
  0.16854624601064458  0.17936379064906971  0.19018908420215649  0.20094546144591549
  0.21233324960425748  0.22352695244388973  0.23397497940507334  0.24475643655716250
  0.25530115593131120  0.26621702039842399  0.27695523197828154  0.28753571508247006
  0.29817929812220872  0.30896613953821850  0.32053121880947411  0.33310688481927619
  0.34550924696845436  0.35731327994941331  0.36795516230722897  0.37794427165263417
  0.38814709160017841  0.39785581691210864  0.40791342577408723  0.41796948268552753
  0.42889521030941796  0.44031986117358352  0.45190064548198344  0.46329033728882502
  0.47478705555111511  0.48616049175031395  0.49742935396872134  0.50799308810062371
  0.51739495003583547  0.52685147588772896  0.53701652549341405  0.54713514940989338
  0.55680260735323972  0.56576079320604145  0.57460357963221964  0.58380141548020370
  0.59346198435541797  0.60351603539824927  0.61384941943960825  0.62460637911397698
  0.63530654146815957  0.64640378149846578  0.65745300055515532  0.66923543655013484
  0.68066592747065457  0.69234606995331116  0.70380575626477837  0.71537976102207346
  0.72736604885379419  0.73969027592729741  0.75150023469700300  0.76198422492292595
  0.77168768449905611  0.78154439611681226  0.79145541325645064  0.80169092661398245
  0.81260678576890621  0.82354344923567968  0.83375429595325656  0.84440318506507206
  0.85514430833585486  0.86570016514860926  0.87551871767796474  0.88481916453999954
  0.89426694453920053  0.90400557334234255  0.91358497999126476  0.92357715939150420
  0.93424190883143921  0.94548357479613088  0.95688466786584681  0.96706745640932201
  0.97575768881506242  0.98410050673028948  0.99284515888468006  1.00000000000000000
  0.00020946035437587  0.00026984609647631  0.00029012454787582  0.00030948413734387
  0.00032758237975116  0.00034503296812484  0.00036178836765839  0.00037858437950204
  0.00039511953628201  0.00041201823511595  0.00042910985387556  0.00044630673036078
  0.00046371864438908  0.00048094173423072  0.00049797358646259  0.00051479513011531
  0.00053213033700326  0.00055029131196632  0.00056908629241061  0.00058898161739161
  0.00060917719667647  0.00062960749367285  0.00065006325863011  0.00067174652950545
  0.00069442616595053  0.00071774748741763  0.00074167915146166  0.00076564261260337
  0.00078929996141294  0.00081365064684397  0.00083928819445918  0.00086565970004760
  0.00089234033035629  0.00091831158577930  0.00094602346669316  0.00097338706888074
  0.00100229321727881  0.00103265373484865  0.00106401654267597  0.00109792910002183
  0.00113429665071896  0.00117235749110082  0.00121002285239151  0.00124345637646004
  0.00127737014994349  0.00131140973928405  0.00134607947341369  0.00138238056163899
  0.00141905626638370  0.00145951209957691  0.00150539197333863  0.00155904672222961
  0.00162442213435449  0.00169628267601224  0.00176512503301912  0.00183469983312603
  0.00190839941191545  0.00198402409916328  0.00206385646422973  0.00213847350914557
  0.00220755204521835  0.00228836214669426  0.00237215988238389  0.00246533093578239
  0.00255314752687343  0.00263856457609282  0.00273185816712402  0.00283758387680942
  0.00296222065815970  0.00306939252296245  0.00316447748604163  0.00325982550950407
  0.00335984838489182  0.00346694108668222  0.00365243061244875  0.00385530479618759
  0.00411260455251300  0.00440221814169566  0.00471883446526114  0.00507023937179407
  0.00544780429872536  0.00585169125159408  0.00629298540507990  0.00680756293822146
  0.00745825571040808  0.00822083124707968  0.00905960879373836  0.00988130623397985
  0.01086139908302843  0.01216176860698383  0.01394974136387508  0.01813289787342528
  0.02039301577455522  0.02109688543144098  0.06692681709781399  1.00000000000000000
 -0.00257469165123678  0.01225359225555262  0.02445846884472894  0.03516153539857458
  0.04693873300837261  0.05936334272857823  0.07111650914240177  0.08115301096327496
  0.09100360908554135  0.10185483642185224  0.11388213632849468  0.12655710410160129
  0.13953587113928981  0.15228163923055801  0.16502666042419406  0.17749928666570658
  0.19002361491897421  0.20045106001072227  0.20992490152400597  0.21843851127453956
  0.22858227959817939  0.23985021482704147  0.25128966684262277  0.26243448633178351
  0.27271769807029778  0.28255989833773987  0.29258757618176051  0.30321430325213877
  0.31405788512075161  0.32441779562409556  0.33464648729831631  0.34437429767853273
  0.35386594390102522  0.36352693644330120  0.37388208882936974  0.38471547979305276
  0.39557115656148495  0.40490806986717059  0.41443379940982367  0.42381717903734217
  0.43281032052984408  0.44121136113530263  0.44874659211734197  0.45674147327863174
  0.46454307458747346  0.47241695435393299  0.48042634934925343  0.48947817951006639
  0.49922302284079639  0.50937577428681535  0.51934344816658640  0.52938998029434026
  0.53935545407879903  0.54912985010132165  0.55860055690905430  0.56752092276403499
  0.57633656443526871  0.58501874627099149  0.59429593706714623  0.60444304294060525
  0.61484488816026861  0.62485838376466252  0.63463886051896323  0.64474838667169987
  0.65427374571036101  0.66374317348070244  0.67298395672026057  0.68162274996259420
  0.69001115798526591  0.69888577138010222  0.70872511310261954  0.71910317610564423
  0.72897543094948036  0.73820243718936973  0.74726855142599524  0.75741507416223297
  0.76849971450305399  0.78004343863817160  0.79174093648433552  0.80325407713960928
  0.81439337625651076  0.82532727523668525  0.83591844059440523  0.84686027257572716
  0.85872439078820584  0.87100015555031585  0.88327509399656079  0.89590447473797130
  0.90807954372133848  0.92010850264982980  0.93234036952525223  0.94494486892105956
  0.95823319165422605  0.97209939578698024  0.98588675031724504  1.00000000000000000
 -0.00130443140932541  0.00965315368333098  0.01897774696350416  0.02987526994136442
  0.04123449457054407  0.05301367486634851  0.06435981086732430  0.07561286869096513
  0.08682644476354998  0.09783816643528553  0.10882779030204127  0.11938130889731009
  0.13007213718222047  0.14094946629854802  0.15196274106169899  0.16294942583763072
  0.17347715298693575  0.18368884763133117  0.19355189322948538  0.20399536580263200
  0.21573081786170908  0.22774553392848171  0.23858952051482518  0.24781450159044854
  0.25600867574151531  0.26380732222245079  0.27173446628551418  0.28010476218846242
  0.28930598325256213  0.29915443474749054  0.30830570586054540  0.31814756612262240
  0.32867150963016917  0.33927532258634652  0.34910015162009445  0.35821873323472642
  0.36756289492382632  0.37830704590574726  0.38935403986247641  0.39949188572615535
  0.40931594789229458  0.41940725206921031  0.42997177141057136  0.44102326784477164
  0.45283662202594760  0.46469531241377438  0.47487623284818492  0.48453306844302624
  0.49496689548849182  0.50632877264951148  0.51794423087587860  0.52909949347964746
  0.53999089108409115  0.55178232379919134  0.56346701452042447  0.57515031792531279
  0.58796963505424371  0.60036382949188338  0.61185121729010206  0.62184331001476723
  0.63123726670206992  0.64051419833673018  0.65025160098689572  0.66049633847454270
  0.67085301314086720  0.68134492066764740  0.69224383680926305  0.70357256901139065
  0.71467383196144474  0.72562876537331367  0.73735649853985386  0.74982654164946538
  0.76234960687682740  0.77359098067755927  0.78433546397361331  0.79538860802552580
  0.80616108700264177  0.81644241115312488  0.82645903630712614  0.83633802755444275
  0.84645120876287994  0.85638274509097323  0.86582012877077397  0.87535922581233416
  0.88500586889010635  0.89511822748695691  0.90650524966966228  0.91767509439528716
  0.92928622371834624  0.94054493049312926  0.95115700805192804  0.96129764483785840
  0.97138314793409053  0.98102400000974666  0.99077411044321961  1.00000000000000000
 -0.00167547695451139  0.00861750356153340  0.01753128850689912  0.02678835551649148
  0.03659633931017326  0.04742085926154184  0.05867711421095516  0.06934194789151386
  0.07938847992135878  0.08879471861960063  0.09717650645010587  0.10424293800022487
  0.11191124239076816  0.11945650309491967  0.12923537372964872  0.13927278088476733
  0.15041858872019026  0.16071400001517427  0.17043406275222647  0.17907586057348865
  0.18820592755358717  0.19851823001199961  0.20991544745163790  0.22159677159942276
  0.23278272325528873  0.24385468267874322  0.25385498953002056  0.26300904071972375
  0.27270921656659691  0.28266606778823100  0.29323555644519844  0.30349425836316335
  0.31435190763887910  0.32561980975157734  0.33697933099533589  0.34875559564455599
  0.36089352985857232  0.37402942863556377  0.38504994952158300  0.39542516092717894
  0.40588298927686972  0.41714710045713455  0.42973121680759369  0.44256280417235849
  0.45481328390992520  0.46698971612222417  0.47912839640189636  0.49154905424412659
  0.50388189420131380  0.51593502443401329  0.52775911273857379  0.53881329722339399
  0.55018750941663175  0.56118749186149008  0.57437815370446843  0.58467372028005538
  0.59407226241636280  0.60385508063373849  0.61581767047097191  0.62804113664644767
  0.63982108930259574  0.65201238758157942  0.66460095032897337  0.67667791027578472
  0.68873409363750515  0.70038018997771079  0.71273249379153170  0.72456666989483576
  0.73537713928503412  0.74517805485858801  0.75537479522901996  0.76617016221315870
  0.77733483946642523  0.78735378237645404  0.79715428088418405  0.80662469504989243
  0.81561344289530635  0.82446746108937963  0.83320334835815069  0.84223877880246756
  0.85170333150535160  0.86131508427266834  0.87221990196230448  0.88261246890882517
  0.89305235971307551  0.90316901854806408  0.91308559773452125  0.92289773777176443
  0.93230224589049315  0.94209182617301679  0.95157322915621068  0.96057224496801130
  0.96972570230040112  0.97883372649361156  0.98919084674565239  1.00000000000000000
 -0.00270183109306122  0.01139088243000124  0.02351306586864650  0.03344345226517360
  0.04325479969031647  0.05217707005951339  0.06170311439525090  0.07199562864386518
  0.08341971190764767  0.09494489976064913  0.10620986534907861  0.11785521112979754
  0.12989665443736803  0.14203077575927142  0.15360755419100180  0.16523888318692687
  0.17655998995606395  0.18783075266675472  0.19789071915326092  0.20740108524915268
  0.21650467201131410  0.22480969254422040  0.23474601623476138  0.24582864917144956
  0.25594782121480419  0.26512167483586419  0.27408648159525745  0.28370648564782253
  0.29408484779685279  0.30416447800576929  0.31402781097870797  0.32376122418554504
  0.33436832114002735  0.34445544460038446  0.35387790397045216  0.36325473014858567
  0.37288924471562346  0.38315582390324715  0.39389287080047136  0.40524066052976626
  0.41596419471159995  0.42699760033785328  0.43758208236535018  0.44825245302085148
  0.45824770857453928  0.46912478425338899  0.48075519702492592  0.49047798798946007
  0.49954730243661172  0.50948629164728365  0.52060529929454502  0.53169828875284531
  0.54157101420704423  0.55104990209658422  0.56108658813232914  0.57188401472714545
  0.58221058417869032  0.59262409453456510  0.60341953355274769  0.61552170141200879
  0.62756912179557878  0.63908362624650283  0.65025164493979071  0.66084799361856716
  0.67089877825816968  0.68020428772370689  0.68930984456865718  0.69946863139993332
  0.70972455850185179  0.72046719065267173  0.73038231550916599  0.74052325786042195
  0.75130181442549104  0.76223430514992729  0.77270886357162660  0.78389172770586857
  0.79645888374012963  0.80932682643871312  0.82122837236392376  0.83324660972019815
  0.84535380527740267  0.85741339045085774  0.86949257243622224  0.87987551478295767
  0.88924119142057223  0.89764756842691373  0.90667829848652759  0.91678294214708600
  0.92691459280324850  0.93563392044447546  0.94580199582508395  0.95732575218782323
  0.96920228066719050  0.98003407739481863  0.99017754776858358  1.00000000000000000
 -0.00282817505102918  0.01577586729219111  0.02873233650115826  0.03894580400593528
  0.04868508981974757  0.05877429386518165  0.06940841861560755  0.07927323334761070
  0.09065712349721655  0.10257887304836635  0.11529964525086334  0.12633099398304387
  0.13674477039676308  0.14697406564212359  0.15673526811338112  0.16733858055484221
  0.17881162611853221  0.19106072466594562  0.20296123212326472  0.21431903482881356
  0.22570405375132910  0.23666449691212552  0.24678868075304147  0.25638366946224161
  0.26560015659059266  0.27475475522521486  0.28414352181989755  0.29365955094583956
  0.30328672874980961  0.31271449726897865  0.32152418234314945  0.32992317266373961
  0.33841517311800651  0.34699166117105013  0.35559152481609585  0.36433468063163871
  0.37352279801525368  0.38330764754685120  0.39403763563882838  0.40417126628113526
  0.41459168111062800  0.42421475461708053  0.43349211083378086  0.44248597040427035
  0.45127410737925794  0.46037815449033864  0.46931530887709921  0.47797332949299520
  0.48697065587524191  0.49593095985631713  0.50550214811300553  0.51438764174215901
  0.52350876196744123  0.53346631558485980  0.54410966378610193  0.55468882540200115
  0.56534701567848045  0.57558787426008418  0.58596905834620117  0.59686463354387964
  0.60765166994161557  0.61755922297139754  0.62733192767694212  0.63725835216566018
  0.64744017549423682  0.65760761566205683  0.66843886894095794  0.68034208056688195
  0.69219887564496085  0.70347115193669707  0.71438434963264785  0.72564259440992207
  0.73692288116807825  0.74846693608476611  0.76018140664050582  0.77195713905893126
  0.78432663618004561  0.79685579601848222  0.80887859414941377  0.82016445824924411
  0.83120713776786326  0.84278812723728624  0.85409702382791619  0.86443378896362610
  0.87444373541266096  0.88467846617002999  0.89534901763901620  0.90743416527733523
  0.92031848472142397  0.93216870754040781  0.94291785717695931  0.95313897070239140
  0.96359215102874951  0.97430990605310330  0.98667294064367106  1.00000000000000000
 -0.00223017463988598  0.00965427045260148  0.02090248558588664  0.03219666903928802
  0.04355193746169941  0.05385257219805481  0.06414324843617443  0.07358388783107946
  0.08332518902997219  0.09507418836266601  0.10678244465837204  0.11746193424332547
  0.12754778893754184  0.13753516904637139  0.14794228602378237  0.15875206756403182
  0.16919440267162678  0.17937643065843442  0.18992198481726072  0.20032879646723931
  0.21005583013608495  0.21942420342244198  0.22940301624784318  0.24149426556673520
  0.25209833959556766  0.26159724293340048  0.27071644117092314  0.28093205779315616
  0.29190135814340717  0.30285085591998390  0.31351989216110426  0.32454828590305851
  0.33602791205188454  0.34767404655577017  0.35867049272517570  0.36859814115401512
  0.37831997851637744  0.38737181642829294  0.39613595758552150  0.40470520340864247
  0.41342546563612770  0.42308186274242571  0.43289280275656478  0.44298513701204245
  0.45378271906082329  0.46478851967193396  0.47562226730342116  0.48633857722923240
  0.49698622876796306  0.50760439078413366  0.51845456281469371  0.52948772044603698
  0.54051241394477822  0.55230660119912567  0.56429720781963910  0.57672884608431518
  0.58965147474691137  0.60186801610852725  0.61357531383129638  0.62429609852138201
  0.63416672081764180  0.64369865102492207  0.65273434975656219  0.66207868126912162
  0.67103174277961763  0.68038141126136853  0.69031184256905676  0.70239986402526466
  0.71376724315506224  0.72481801274478841  0.73548840403477178  0.74614596705861747
  0.75701105044647021  0.76836772556811217  0.77978354537801087  0.79025604554539119
  0.80028117255831488  0.81001787237793410  0.82016662738639179  0.83064956883345686
  0.84133885057256075  0.85250085729132485  0.86309546289379091  0.87359697977437567
  0.88412894198243508  0.89456307981862226  0.90426246275135735  0.91404193989102045
  0.92416803010751214  0.93434952150765083  0.94463712830425395  0.95554303123734607
  0.96749180967254067  0.97932990407091258  0.99014815850827365  1.00000000000000000
 -0.00202617900932435  0.00705982320448750  0.01558319094836222  0.02403374902180370
  0.03255420566630218  0.04128602889727175  0.04986751098799152  0.05832416696577824
  0.06697120875604105  0.07586177278083744  0.08553559303037382  0.09644182783448504
  0.10726943985458298  0.11862722536668092  0.12897427893949673  0.13939925724191637
  0.14873791004190293  0.15793829400941850  0.16708324042241227  0.17749930011792983
  0.18789952352882056  0.19985338393917088  0.21194556950412602  0.22455942388367409
  0.23692155190176706  0.24849596195495180  0.25886593831617460  0.26790086632212107
  0.27625220029597231  0.28471328391125450  0.29386998359213606  0.30341040166367250
  0.31416349894526846  0.32470887407885191  0.33508093639651082  0.34477022891889220
  0.35348050017586591  0.36240029732054263  0.37201247799513448  0.38332772358152167
  0.39606820115198049  0.40929263488197443  0.42196962282539441  0.43449155633783620
  0.44715109118923685  0.45924190111536578  0.47081253907430576  0.48290827941473174
  0.49574525796634539  0.50751579324421592  0.51877763943879074  0.53061670320878196
  0.54332595827680341  0.55571786659193678  0.56668562857947413  0.57693415672571424
  0.58704153385169000  0.59734245284114973  0.60733156853074766  0.61696400629110859
  0.62684811648666494  0.63764728756328681  0.64965840265369779  0.66106091577744730
  0.67179330112946312  0.68250173984868556  0.69476892136976676  0.70855918054119238
  0.72178491239557840  0.73423687532021598  0.74641095876245833  0.75822169937810413
  0.76985984235420823  0.78132572536698353  0.79311372660213131  0.80567423747960321
  0.81845361816557327  0.83072175641380641  0.84252422836841290  0.85432309230191417
  0.86610743920545008  0.87724646857770461  0.88742970106383146  0.89677574592607423
  0.90619318486248779  0.91579027752198494  0.92498951698617493  0.93329286383833243
  0.94125342040781723  0.94912698825467878  0.95709620455750144  0.96499468982993852
  0.97238894849167312  0.98023889590429825  0.98968786802618591  1.00000000000000000
 -0.00217221018366678  0.00934152876241555  0.01830085117752175  0.02779054135268661
  0.03679298671622749  0.04710770986773508  0.05821558180401608  0.06986686136144914
  0.08145173051823881  0.09289323567384671  0.10398037805703129  0.11470817897288871
  0.12536170972801247  0.13613210674297013  0.14698553816783624  0.15777813348869454
  0.16820864793928353  0.17887906439283505  0.18994594555328576  0.20165683292838529
  0.21295028126013718  0.22394487663462043  0.23422891745407293  0.24478320077723156
  0.25492882475003686  0.26506779823207438  0.27509127870890482  0.28544324190544468
  0.29629715775272153  0.30720929781354472  0.31823351930760430  0.32952914555771617
  0.34051596037215442  0.35016086084622372  0.36007134091979331  0.37057402882955398
  0.38181745492221086  0.39345261265238129  0.40543858291533302  0.41714894751487691
  0.42784676567818813  0.43814912577375897  0.44829581058768359  0.45825425810190745
  0.46843698386321903  0.47915428983966496  0.49028903440187038  0.50157145980324014
  0.51296777939500948  0.52445302363374224  0.53564141684685584  0.54626058284225121
  0.55599312119322308  0.56537313540639367  0.57491899323113660  0.58475254977704250
  0.59506286814801035  0.60598123473086563  0.61721014565759413  0.62816034815854127
  0.63862215012557477  0.64885972743101716  0.65956278848138961  0.67090326562768221
  0.68248611776137691  0.69425776592291011  0.70622964661530829  0.71740064747668519
  0.72755198088037765  0.73739224174246998  0.74771786899888204  0.75859892738139190
  0.76868895320690767  0.77735121031504495  0.78583583009832092  0.79379445483988009
  0.80235918555236330  0.81126032154392380  0.82092709072088044  0.83134831292230360
  0.84222699043786886  0.85344962255754853  0.86450099121550927  0.87572646963921552
  0.88671618375070127  0.89704729621909352  0.90643425937141586  0.91620448908522822
  0.92706870175064826  0.93809685545190258  0.94879963148367363  0.95937211027531133
  0.96984574823266878  0.97977881133937117  0.98992035101165088  1.00000000000000000
  0.00262513027187204  0.01128629473170603  0.02258323681399817  0.03442073913215967
  0.04696669149805971  0.05744146922533123  0.06777754385744340  0.07725807175958847
  0.08827997059116267  0.09901324861490693  0.10830069722117472  0.11653752498544154
  0.12504515782020797  0.13444278150146491  0.14410327024728145  0.15375007019979509
  0.16391698035711397  0.17531661124703801  0.18695233604905007  0.19843212253249773
  0.20936242857699749  0.21972680457191807  0.22995762313978513  0.24032969431609344
  0.25074394791175031  0.26081526735540578  0.27102098494359655  0.28252297369100049
  0.29360890033500786  0.30347516965857496  0.31387221089476192  0.32549089936137621
  0.33645619919582209  0.34651368252118442  0.35698781583310013  0.36810184923839795
  0.37877037450794043  0.38906324429171879  0.39937962029909224  0.40921839866916659
  0.41890839120141549  0.42872241784464904  0.43954582838353784  0.45172933179323510
  0.46402328380610403  0.47638380793549345  0.48880765568076301  0.50244587668566909
  0.51618389306600598  0.52970689337088306  0.54144833641678625  0.55279560729556387
  0.56354374279825148  0.57530390815170884  0.58739806906541270  0.60107354805439639
  0.61476754422539592  0.62797149995176094  0.64001972185438116  0.65078039170738855
  0.66163484850173893  0.67264621711941752  0.68458420380332252  0.69477217046846740
  0.70459407035286903  0.71331170375925390  0.72242464109208038  0.73104510696639446
  0.74029926149186931  0.74981803802188263  0.75926901028988736  0.76787334893564563
  0.77661655867929391  0.78511105944916526  0.79440457391128405  0.80359718736128027
  0.81295343681894450  0.82327038714120282  0.83401967818603873  0.84503384062842379
  0.85587851460016651  0.86678385572433914  0.87739329235095065  0.88734134172041490
  0.89738507751779306  0.90788546654108093  0.91878303163843267  0.92912828484707255
  0.93895394886642747  0.94830122441999631  0.95707146353389227  0.96532467164148061
  0.97391791635745839  0.98211570873179166  0.99102800942308356  1.00000000000000000
 -0.00265616766889265  0.01064045919858148  0.02185889732364206  0.03350220443541688
  0.04438810723846816  0.05447983153808036  0.06400139099522197  0.07370376768579813
  0.08377932841049943  0.09492388796218236  0.10608752870467877  0.11645946358032974
  0.12651259246241936  0.13683166546581177  0.14804830436075889  0.15998638483664615
  0.17243054956222725  0.18430348628098972  0.19596370446997993  0.20696044273478562
  0.21700064962435134  0.22650299143446270  0.23575386181609084  0.24534935561232915
  0.25520342471654128  0.26484502953945888  0.27442008125297701  0.28386402868694288
  0.29372757019512197  0.30419169821396658  0.31528986105027912  0.32565582295865603
  0.33629813890485588  0.34752174060583102  0.35882238795849336  0.36950133917468475
  0.38034527693193765  0.39117494310648326  0.40233839857457837  0.41364043021821967
  0.42453241812912701  0.43569159762441845  0.44666298040434943  0.45746413122095547
  0.46776352243912911  0.47770998800853248  0.48785893108257145  0.49823553235182211
  0.50906704926036395  0.52005071269868874  0.53103454872251299  0.54314497526966754
  0.55524830042864948  0.56762128619397423  0.58014975882629372  0.59376250068723346
  0.60732172758277059  0.61839931316667263  0.62797610831162354  0.63759828374485361
  0.64735414087832133  0.65847381552610651  0.66900803924272323  0.67856655387131992
  0.68769432433208366  0.69690679359492613  0.70645254576846273  0.71686144394439888
  0.72756141632087457  0.73826944880542222  0.74852714094008477  0.75835501062644328
  0.76793460843487882  0.77846997313515098  0.78818339241891477  0.79735138724454568
  0.80581947217935446  0.81398185464058959  0.82186198039101532  0.82991042562109685
  0.83861717548078596  0.84843018253708613  0.85869744342781895  0.86857760739793211
  0.87821843844114778  0.88796681224227858  0.89804018929887741  0.90766531509095816
  0.91816451748163885  0.92870207568727003  0.94015799975706182  0.95217590444472933
  0.96469039038768856  0.97658675613913493  0.98816561110712975  1.00000000000000000
  0.49042761820841679  0.64428439981033503  0.65570296127985395  0.66712583619113364
  0.67775156381984358  0.68769080911979963  0.69783661024571220  0.70669092814800782
  0.71433039853310920  0.72102145708623377  0.72770646251141147  0.73451816903192935
  0.74193535726662196  0.74908682957770822  0.75571262750636770  0.76144984317854680
  0.76716350838013936  0.77256913490444723  0.77784235063272855  0.78287385885899385
  0.78767614115722517  0.79209213988074878  0.79617201684885086  0.80036224268537715
  0.80482485211135646  0.80927986814375497  0.81345474024875686  0.81753086772762196
  0.82159781792853148  0.82560775249651053  0.82936136429215468  0.83296869777108540
  0.83656773231870651  0.84009399100801307  0.84343293330585656  0.84659625642516823
  0.84969693786276490  0.85261955093245489  0.85558531821044359  0.85850697301829815
  0.86155729543272153  0.86457478422990330  0.86758902516238201  0.87047132487616441
  0.87343724789098753  0.87625586173794678  0.87911743290777922  0.88203817454844757
  0.88500285215729246  0.88807242946183040  0.89084625957805230  0.89348189997627125
  0.89597651500456854  0.89840191831206573  0.90076878412067207  0.90307489792492290
  0.90531770282317414  0.90756122596978395  0.90990948254412540  0.91223832808572947
  0.91462009679844647  0.91690944928145524  0.91915384425342073  0.92128208943951706
  0.92346969735253315  0.92564564212914657  0.92789607936256158  0.93020202141135022
  0.93249404852453932  0.93475219097859730  0.93695046688044081  0.93912265248963700
  0.94123983413439760  0.94357728401386953  0.94562689651054332  0.94761388450298822
  0.94950580062166079  0.95136160735819753  0.95327310912972663  0.95527920323670501
  0.95734299359401842  0.95963227990362943  0.96195114273272198  0.96440714553599216
  0.96677487359173053  0.96924359148331340  0.97162474050557979  0.97405070032712471
  0.97657990605503453  0.97920128302717990  0.98205610719931957  0.98491515538701779
  0.98807366196579438  0.99136717392041251  0.99536868270391277  1.00000000000000000
 -0.01988874220795086  0.15111425282314686  0.17173384440158035  0.18688466747020199
  0.19990326055234189  0.21313779744643410  0.22560020096452757  0.23668695424747835
  0.24749129273420667  0.25676648799798368  0.26479886162491822  0.27203209460196054
  0.27912861615232404  0.28662194864558649  0.29416920382652484  0.30242373509326936
  0.31187339690339588  0.31920015874590457  0.32631450237317361  0.33279279703115766
  0.33969552472468950  0.34599811478354608  0.35206639181323296  0.35795948903817648
  0.36381671872169519  0.36975480028533997  0.37586878381606659  0.38216334207945579
  0.38825316877667765  0.39385387425352009  0.39933660314269431  0.40479599687477236
  0.41050725459988668  0.41632007189356102  0.42227415191224110  0.42839310343292625
  0.43459401618492444  0.44053204884336727  0.44615186884297420  0.45179193074352542
  0.45779017100546010  0.46378492759824314  0.46951174809458535  0.47504493661855457
  0.48042911371058322  0.48588523379967058  0.49136426791632376  0.49660143122027839
  0.50207739682908659  0.50759291716133137  0.51340574978358000  0.51917716557738058
  0.52477453046060052  0.53005250474635557  0.53510682411488708  0.54029908233743684
  0.54590543005109471  0.55164745286821348  0.55784217407125203  0.56389613880926881
  0.57013423268110131  0.57633744666178388  0.58260186712191986  0.58938187392873920
  0.59607635619919996  0.60273099212837444  0.60883182995603924  0.61480560508555748
  0.62119880243145709  0.62774765539877364  0.63450133672275677  0.64071242704009757
  0.64665863746201080  0.65217825480595581  0.65782165066411646  0.66389765044290661
  0.67056803306075552  0.67768186471294189  0.68505770210415085  0.69252497409352975
  0.69938367918744271  0.70604197279834324  0.71335630986605048  0.72186366608060337
  0.73043834401207597  0.74037767713190006  0.75138735672219303  0.76277847424696665
  0.77366743680465688  0.78455579268364595  0.79648774205007244  0.81539825088665463
  0.83549593514992837  0.86304600505824991  0.97124061597332534  1.00000000000000000
   4.6040966678771520E-012  -1.0000000000000000     
 F F F F F F F F F F F F F F F F F F F F F F F F F F F F F F F F F F F F F F F F F F F F F F F F F F F F F F F F F F F F F F F F F F F F F F F F F F F F F F F F F F F F F F F F F F F F F F F F F F F F F F F F F F F F F F F F F F F F F F F F F F F F F F F F F F F F F F F F F F F F F F F F F F F F F F F F F F F F F F F F F F F F F F F F F F F F F F F F F F F F F F F F F F F F F F F F F F F F F F F F F F F F F F F F F F F F F F F F F F F F F F F F F F F F F F F F F F F F F F F F F F F F F F F F F F F F F F F F F F F F F F F F F F F F F F F F F F F F F F F F F F F F F F F F F F F F F F F F F F F F F F F F F F F F F F F F F F F F F F F F F F F F F F F F F F F F F F F F F F F F F F F F F F F F F F F F F F F F F F F F F F F F F F F F F F F F F F F F F F F F F F F F F F F F F F F F F F F F F F F F F F F F F F F F F F F F F F F F F F F F F F F F F F F F F F F F F F F F F F F F F F F F F F F F F F F F F F F F F F F F F F F F F F F F F F F F F F F F F F F F F F F F F F F F F F F F F F F F F F F F F F F F F F F F F F F F
  <DiscreteSampler_grid>
  grouped_processes
  1 # 1 for a reference and 2 for a running grid.
  10 # Attribute 'min_bin_probing_points' of the grid.
  1 # Attribute 'grid_mode' of the grid. 1=='default',2=='initialization'
  0.0000000000000000 # Attribute 'small_contrib_threshold' of the grid.
  0.5000000000000000 # Attribute 'damping_power' of the grid.
 # binID   n_entries weight   weight_sqr   abs_weight
    19   10   2.405838321417512E-010   3.830721168926670E-019   2.405838321417512E-010
    22   10   4.811676642835024E-010   1.532288467570668E-018   4.811676642835024E-010
    25   10   4.995787201488469E-010   1.648865295176615E-018   4.995787201488469E-010
    28   10   9.991574402976939E-010   6.595461180706458E-018   9.991574402976939E-010
    34   10   2.672922885693377E-010   4.987122871887187E-019   2.672922885693377E-010
    37   10   5.345845771386754E-010   1.994849148754875E-018   5.345845771386754E-010
    40   10   5.587466188686572E-010   2.182711886923872E-018   5.587466188686572E-010
    43   10   1.117493237737314E-009   8.730847547695486E-018   1.117493237737314E-009
    49   10   2.405838321417512E-010   3.830721168926670E-019   2.405838321417512E-010
    52   10   4.811676642835024E-010   1.532288467570668E-018   4.811676642835024E-010
    55   10   4.995787201488469E-010   1.648865295176615E-018   4.995787201488469E-010
    58   10   9.991574402976939E-010   6.595461180706458E-018   9.991574402976939E-010
    64   10   2.672922885693377E-010   4.987122871887185E-019   2.672922885693377E-010
    67   10   5.345845771386753E-010   1.994849148754874E-018   5.345845771386753E-010
    70   10   5.587466188686570E-010   2.182711886923870E-018   5.587466188686570E-010
    73   10   1.117493237737314E-009   8.730847547695480E-018   1.117493237737314E-009
  </DiscreteSampler_grid>
