  0.00234256129528092  0.01588744784997316  0.02871834423754890  0.04127419296434998
  0.05318281391074961  0.06489334942576459  0.07673512732119148  0.08918180334311925
  0.10144560428666080  0.11323617572457990  0.12447758338350370  0.13565248429910365
  0.14675528209072897  0.15753454012000212  0.16817179931968207  0.17867056360256045
  0.18958306977356851  0.20051994076572310  0.21142545205909211  0.22204994640493561
  0.23233441520994316  0.24267206716991868  0.25311183751076899  0.26398581874278554
  0.27481852960794051  0.28492636685476869  0.29486597474818421  0.30483031163587970
  0.31505634713169822  0.32524963943409024  0.33542611289798474  0.34621470559507095
  0.35734406407323083  0.36836314272199583  0.37926359686853256  0.39009468214083687
  0.40058944392587570  0.41074744113142730  0.42067474871179783  0.43104974732286416
  0.44157736800707881  0.45215022591373993  0.46258370464555554  0.47315755221201511
  0.48368912584511992  0.49425998188333831  0.50500627578061963  0.51585491210962187
  0.52658738887006362  0.53733014031730475  0.54813590813840518  0.55915869682985986
  0.56992289072172297  0.58056314264635744  0.59136712792476820  0.60211213503656658
  0.61276501073991096  0.62321833118851044  0.63341218139852395  0.64341472612693706
  0.65336677297334855  0.66346357156577596  0.67360788937372995  0.68367851766845422
  0.69382471956645098  0.70425688455165392  0.71499948939872082  0.72594392374755523
  0.73682550983880746  0.74760284022948065  0.75824918380176365  0.76868041366597450
  0.77889474697486294  0.78902926726096134  0.79908726873843849  0.80895998094370047
  0.81871850017637959  0.82868497386685669  0.83896171682971632  0.84940184711759814
  0.85962659185805024  0.86959362346283486  0.87948346163003688  0.88960776623955307
  0.89981314994988348  0.91008685762287034  0.92019748915905797  0.93012249208782527
  0.93982247456096202  0.94929387400443932  0.95839496024380377  0.96706615979679966
  0.97557638557909621  0.98377522506602733  0.99282035409657299  1.00000000000000000
  0.00275102910862284  0.01490566204327850  0.02767965095587243  0.04059692162282221
  0.05217223306156587  0.06341581764620963  0.07453616862158695  0.08613583574448305
  0.09800532072376109  0.10979889698958017  0.12132442107793989  0.13216068600038666
  0.14279010627761962  0.15355766516993974  0.16455995312076260  0.17596884358061818
  0.18695354948806109  0.19818907460929427  0.20920737358963698  0.21980649985122488
  0.23036722313535152  0.24150642989100937  0.25298780959784889  0.26433126187634032
  0.27515027903497807  0.28600270061645849  0.29689121122896822  0.30744454925781134
  0.31778443633553155  0.32795698486134617  0.33853483467853557  0.34890575636623727
  0.35925301827643047  0.36947524943038301  0.37997861085374340  0.39014505782836073
  0.40047893997771822  0.41090707667545928  0.42138172415206887  0.43156677919448022
  0.44191655308475408  0.45258305339818461  0.46372011743204361  0.47439736889904460
  0.48494407891186753  0.49502115719583611  0.50512784010684630  0.51525063024360962
  0.52581439945519748  0.53664108628336860  0.54740849429184246  0.55821814483803489
  0.56880482879522709  0.57953198594039534  0.59029424816624154  0.60098047978285341
  0.61111604834586009  0.62108532724879750  0.63137202922931612  0.64202727143583582
  0.65279362166406929  0.66358012975087699  0.67467649601477775  0.68580403821996316
  0.69687176156987074  0.70750530084918484  0.71773018805484579  0.72790152806984088
  0.73802406081948702  0.74837455276831799  0.75855989918243805  0.76848839863477536
  0.77832029149541326  0.78810041948677190  0.79822327219117584  0.80848465065284969
  0.81914021487519106  0.82969594275105796  0.84035058226699277  0.85069010941211132
  0.86098325290171474  0.87148121764386799  0.88168467325637356  0.89185219914708180
  0.90154141168367863  0.91121465295508375  0.92096203788753084  0.93072304136084250
  0.94045117152662461  0.95010057458268538  0.95981027313155820  0.96909125011965613
  0.97741276375651565  0.98512395362936067  0.99274382720541821  1.00000000000000000
  0.00000365245293774  0.00000389780675376  0.00000409530059149  0.00000426530449298
  0.00000444021672776  0.00000462349712377  0.00000482617816560  0.00000503848360751
  0.00000529122557951  0.00000557823979747  0.00000588313101990  0.00000621115823824
  0.00000654884336486  0.00000690547618277  0.00000728143830422  0.00000769336395325
  0.00000813491530962  0.00000861193650836  0.00000911196897797  0.00000965183235744
  0.00001022792263023  0.00001082832184602  0.00001144480593262  0.00001207831591166
  0.00001274364020836  0.00001344549015941  0.00001417228169810  0.00001494061604372
  0.00001575750682556  0.00001656247984318  0.00001742638664986  0.00001831888696684
  0.00001923911152931  0.00002020498653053  0.00002121571374630  0.00002227140500131
  0.00002337544924952  0.00002454106661801  0.00002573528316043  0.00002701084657624
  0.00002835715380178  0.00002974827755205  0.00003126899920390  0.00003291691802452
  0.00003464977315671  0.00003649320436484  0.00003844542044113  0.00004048879099756
  0.00004268257748183  0.00004505427601694  0.00004758565240254  0.00005027426427594
  0.00005308968889578  0.00005606377151703  0.00005932056977258  0.00006301636374504
  0.00006713433440177  0.00007178577828101  0.00007686697414935  0.00008238370549428
  0.00008834480408976  0.00009500820524197  0.00010245027440394  0.00011059087944078
  0.00011948555377938  0.00012939449899894  0.00014092025085469  0.00015389642324124
  0.00016786605939294  0.00018317266153026  0.00020006689291947  0.00021946324034030
  0.00024190743717791  0.00026890004954527  0.00029958741713507  0.00033499090899773
  0.00037688687403170  0.00042801805891837  0.00048942268025491  0.00056029589651779
  0.00064438450922631  0.00074725590020419  0.00087096076799980  0.00102581697873045
  0.00121685028960291  0.00142162670811005  0.00165974899329202  0.00197961033048273
  0.00242426407222486  0.00293000012901824  0.00364277957796607  0.00470499788343696
  0.00585152013324982  0.00744384924212549  0.04840137150625406  1.00000000000000000
  0.00000334139605679  0.00000453961015928  0.00000569441166032  0.00000700956457810
  0.00000848731828444  0.00001008876985579  0.00001177822486244  0.00001358712437850
  0.00001549090605533  0.00001750921991030  0.00001968135471829  0.00002200002446763
  0.00002456149685381  0.00002734711952801  0.00003051443216411  0.00003403900000110
  0.00003796631118874  0.00004235904833652  0.00004750248565420  0.00005348726366556
  0.00006022128203092  0.00006759142408944  0.00007551873275617  0.00008392342519860
  0.00009266499586389  0.00010168729686055  0.00011100194792653  0.00012064419191719
  0.00013070879029484  0.00014129702822150  0.00015288862603265  0.00016486128566724
  0.00017751873251107  0.00019108290643537  0.00020551112662601  0.00022132051028903
  0.00023730699146120  0.00025385558492322  0.00027109214379744  0.00028979096894598
  0.00030924954034842  0.00032994703550795  0.00035156337013479  0.00037523059017483
  0.00040053411776020  0.00042697382964651  0.00045559895233417  0.00048440365642927
  0.00051347120373013  0.00054536385891099  0.00058008238800414  0.00061883597308286
  0.00065886822157569  0.00069956300284104  0.00073910085798868  0.00078204705118275
  0.00082690304240750  0.00087702735459369  0.00093285205710175  0.00099266696398000
  0.00105584001377179  0.00111949123510292  0.00118198005579369  0.00124488046982931
  0.00130836487366391  0.00137848287169041  0.00145340605107806  0.00153308622507078
  0.00161566107546375  0.00169855146875292  0.00178016585481807  0.00186039432885465
  0.00194318573341244  0.00203846220949730  0.00215419024350666  0.00228222288677478
  0.00242963192063635  0.00257586602197284  0.00271283772364029  0.00282794940483416
  0.00294175352631495  0.00305509766463899  0.00319739145530638  0.00336601863594094
  0.00357220346181920  0.00382684794921833  0.00406403698166458  0.00433164908101075
  0.00463672203587269  0.00492772016422757  0.00520884476495312  0.00551043745133486
  0.00585427012202973  0.00607414111069189  0.00810989420684962  1.00000000000000000
 -0.00318794848270967  0.01358698597842109  0.02671512828055133  0.03956220272340904
  0.05263374756967468  0.06557768980245299  0.07842444013707470  0.09136066436194361
  0.10442017709649221  0.11653370479115385  0.12831654833021672  0.13959745132969192
  0.15108156733833775  0.16260220442050308  0.17426801654481286  0.18614206530875391
  0.19828540054442073  0.21043527246372781  0.22227930311886077  0.23366451569436575
  0.24490663377633143  0.25642787117576382  0.26797355341851126  0.27905889582037030
  0.28977140115089339  0.30050590774229186  0.31147484299976436  0.32248808398325635
  0.33347026183222872  0.34441952385785535  0.35519424073412381  0.36577722206940816
  0.37611190405889211  0.38636050698030228  0.39641517872283505  0.40668195315055145
  0.41714940680534551  0.42765304165551704  0.43808673978991780  0.44850228003119996
  0.45903038131062024  0.46927753835913205  0.47917384339758784  0.48885655323422789
  0.49889516943771844  0.50947048847144150  0.52012431767687328  0.53049395303797675
  0.54068762986284691  0.55105659581941435  0.56139216212321408  0.57138213658676396
  0.58110176896583832  0.59090019046808262  0.60081604661556032  0.61079064290535168
  0.62088385331835427  0.63112987302864121  0.64150076012090085  0.65174005499838794
  0.66167074571641460  0.67121226231808384  0.68060206184856864  0.69015349614685773
  0.69983789414092157  0.70964449587694667  0.71936277790026926  0.72902625516666686
  0.73904706410969101  0.74916413235120660  0.75903684675019867  0.76865047668645536
  0.77812890029645276  0.78766611537101794  0.79712773157953065  0.80649136326420923
  0.81577346473314394  0.82509560314936436  0.83445477268501989  0.84397864950923773
  0.85331642026502075  0.86281019273041282  0.87241662540831844  0.88237085323658904
  0.89237765212225173  0.90200497273657165  0.91137212597264472  0.92041301868175718
  0.92963098828187873  0.93942804750569642  0.94949627285735250  0.95990178694984962
  0.97023722033610693  0.98047642716663763  0.99021659339297530  1.00000000000000000
 -0.00225006958645260  0.00945527373705992  0.01903011891178076  0.02948188615586381
  0.03951345796844950  0.04984642359855913  0.06035236675556514  0.07087730195991064
  0.08147027640626654  0.09146745710573292  0.10182379668707937  0.11203296105972486
  0.12258434732744469  0.13306144616952664  0.14361426091555185  0.15369957340393262
  0.16412198746223677  0.17440109193736086  0.18525746084217720  0.19599090412381448
  0.20685152428608325  0.21714166350996811  0.22723976349144168  0.23749381303440387
  0.24824453192137641  0.25910322964311416  0.26981344464226586  0.28068811584622966
  0.29160626314396437  0.30222172558620319  0.31246958331777763  0.32225490733574358
  0.33198783139090804  0.34150156036039919  0.35110376847831098  0.36109186611070648
  0.37140471046542556  0.38193931432200079  0.39242472868499334  0.40329057092129644
  0.41412914968210618  0.42533421285576062  0.43679164418983224  0.44770544750779201
  0.45825091626734127  0.46830637573013512  0.47820306751183006  0.48825007555348260
  0.49852543788463416  0.50928717469611995  0.51984155737345583  0.53072262748825494
  0.54201637598676866  0.55347306797819795  0.56417324462197249  0.57450132012767285
  0.58460726302402555  0.59545228880763590  0.60649451369040253  0.61753654378420719
  0.62856175956553006  0.63946357637612494  0.65025679028138084  0.66106122903322495
  0.67173971387194320  0.68225205732696992  0.69263012933469459  0.70304929351247714
  0.71314564304850903  0.72317375667482142  0.73371424937217478  0.74474270102671580
  0.75573400502232591  0.76649228808462078  0.77750551287273817  0.78839346746087779
  0.79912936747714725  0.80971856047148993  0.82034359533442036  0.83050312335904020
  0.84025044253643366  0.85019821038835330  0.86087496585709966  0.87201121228201228
  0.88310779380882365  0.89399182112565079  0.90483479047212367  0.91552520362891920
  0.92614768887819243  0.93678520859734860  0.94711759054975508  0.95722079601693322
  0.96744052880272058  0.97773182987089413  0.98879914031867278  1.00000000000000000
 -0.00233187049142748  0.00987773008916459  0.02091659843811870  0.03329033131280190
  0.04540585538240691  0.05716420904688585  0.06929091792631749  0.08181795754863790
  0.09446170826452971  0.10720308845703103  0.12038640034062484  0.13359330301917255
  0.14594146412089870  0.15749328526235815  0.16917125944902997  0.18156971163591917
  0.19399692802760440  0.20598843079890677  0.21770678488616349  0.22956641915467119
  0.24140535807673158  0.25284010816646851  0.26390078603649691  0.27493924031362110
  0.28606530097145066  0.29727314765667162  0.30861412756344481  0.32014920534595132
  0.33137314665629114  0.34218919935539782  0.35291438908216965  0.36353445925792671
  0.37414825927913620  0.38470405830189341  0.39539736327244435  0.40638830044994695
  0.41734680197661889  0.42835360945190243  0.43970147939470200  0.45095363315119336
  0.46174454384821273  0.47206075187117313  0.48244869665757417  0.49291747410893155
  0.50321991482255479  0.51321266197319415  0.52319435085652044  0.53322618843647074
  0.54327523110047726  0.55314245708763932  0.56279604893722579  0.57220428359273923
  0.58163172105703820  0.59097648437174655  0.60050733905381637  0.61013374578524548
  0.61987439921238652  0.62970014162004329  0.63966290880652510  0.64969864581680570
  0.65975853143785623  0.66966297616563852  0.67956451454949351  0.68939338572577791
  0.69901892643921026  0.70862071864626541  0.71818074898993911  0.72781028740356546
  0.73746810049989409  0.74724983956369795  0.75705895253491617  0.76663609943300592
  0.77606517449954437  0.78542344188474078  0.79477098310411431  0.80416578522847926
  0.81382775178600619  0.82374246461457323  0.83377331794187304  0.84396386576917948
  0.85424709464530979  0.86472564382309003  0.87500431882677365  0.88490023423697306
  0.89464611851058606  0.90438779132732661  0.91408274249676058  0.92382311899912783
  0.93356147570265791  0.94321517865234861  0.95268173296157099  0.96204916266344309
  0.97138456545325558  0.98109825813931673  0.99053972009964186  1.00000000000000000
 -0.00241593723120923  0.00928046647943465  0.01961961038131554  0.02994553315025682
  0.04078013602105161  0.05115912832082548  0.06170290910389531  0.07207938356938454
  0.08257728430129001  0.09336580587901523  0.10445373086312063  0.11517560308218969
  0.12571718241253782  0.13616729995420671  0.14639635629351194  0.15683405433719988
  0.16740993981317745  0.17863445069776798  0.18983952073699059  0.20051129575996374
  0.21085393999052965  0.22078475217886853  0.23104038167518931  0.24150666123491529
  0.25163109402925560  0.26182010856974830  0.27195684096361095  0.28238745920667691
  0.29265088352954816  0.30315165434610225  0.31367386533366137  0.32430515548977851
  0.33494376972837997  0.34582683526710850  0.35638505981367724  0.36658536177258871
  0.37675593559011433  0.38732242880379247  0.39829996962842462  0.40956306263354497
  0.42020377301747069  0.43085580553200314  0.44124933954353285  0.45219206713502530
  0.46320367864190837  0.47419578847056515  0.48513299751690803  0.49611031408550577
  0.50673368279710629  0.51700262907987715  0.52722600376141693  0.53778734613159040
  0.54845368426002861  0.55895179253501837  0.56932137837249774  0.57972425705716890
  0.59019035227504257  0.60080201935678934  0.61167724853183736  0.62255367584583310
  0.63354097151687194  0.64466472655401263  0.65582447113054620  0.66699618973727826
  0.67804855153764398  0.68912597964393296  0.69966085938996414  0.70973253171996686
  0.71974706473144601  0.73006043714326352  0.74042228966123680  0.75046432963087528
  0.76059670894511466  0.77068650585048948  0.78123441344135813  0.79174779225298042
  0.80195308192566273  0.81201241884887210  0.82241759476698706  0.83339132532011051
  0.84398580769518583  0.85426109709112508  0.86458041381292461  0.87530771452762046
  0.88578094042784239  0.89599145323893437  0.90612674176694741  0.91652215074183041
  0.92701404944342447  0.93770985203282387  0.94832489148266141  0.95869890547309100
  0.96872485088926796  0.97876167176797546  0.98939288674125114  1.00000000000000000
 -0.00265679440344214  0.00990808004806249  0.02082190314323537  0.03166274384471150
  0.04249847820212711  0.05243482107433987  0.06266937436067456  0.07291746258309527
  0.08348772435379817  0.09377508076390788  0.10404965151978279  0.11472700947169699
  0.12554150504843936  0.13622362257175025  0.14695120142894205  0.15769524409806179
  0.16813622975166945  0.17822221963466867  0.18790130798144089  0.19753770519421610
  0.20750459011004682  0.21820874270535562  0.22946585687527313  0.24058103625625984
  0.25147998521631459  0.26235308473597102  0.27316448492581924  0.28421813715936928
  0.29518929102080083  0.30635138509036047  0.31695860910346518  0.32781119574998874
  0.33866858245345410  0.35024257327643998  0.36116296334026088  0.37182427758012193
  0.38257128242936905  0.39352669801833440  0.40410467700730479  0.41477492705671698
  0.42565325287716038  0.43695805098574558  0.44740389146113363  0.45811414123534572
  0.46857810290302698  0.47916606542739776  0.48959518115454181  0.50034116972088116
  0.51162494984512308  0.52264462847531712  0.53344823268221242  0.54381416825080542
  0.55401128882660355  0.56429529703704784  0.57434206391756237  0.58437600512740384
  0.59437123941860703  0.60488712348144524  0.61582523327658478  0.62663233823410225
  0.63753890266814162  0.64838442479940350  0.65910612563495041  0.66976815054049699
  0.68056034631848195  0.69132645162749329  0.70203041393724319  0.71258501662619933
  0.72320680415405125  0.73356349585463898  0.74390773667663312  0.75423497652442606
  0.76455583026338281  0.77454637533935211  0.78449547991027269  0.79444703302490860
  0.80459717390042085  0.81443203782373086  0.82432484216989244  0.83422474484067621
  0.84448019713072708  0.85493825923453759  0.86524168481783048  0.87577421197802752
  0.88596772369052090  0.89646386715785387  0.90684637204161012  0.91741021686427804
  0.92788813155125982  0.93803767479737710  0.94797892064419409  0.95775280551563657
  0.96776939765580527  0.97836145258472973  0.98921388439449831  1.00000000000000000
  0.00005833328079206  0.00029966957032735  0.00043190174674482  0.00053201854343710
  0.00062913058413431  0.00072893924181433  0.00082883955660939  0.00092783943809090
  0.00102530794256276  0.00112054677344401  0.00121359114582974  0.00130275116711180
  0.00139169084015905  0.00148233848689659  0.00157382645327208  0.00166510035018523
  0.00175531962388986  0.00184505768761836  0.00193678138425957  0.00202916180299828
  0.00212141143933065  0.00221098103936299  0.00230000422078724  0.00239134669762521
  0.00249008343569627  0.00259898213786105  0.00271623322535738  0.00283688256249775
  0.00295478233570466  0.00305934226426596  0.00315900193588470  0.00325175869845006
  0.00334285109900917  0.00344233405815241  0.00354897524794175  0.00366877045490744
  0.00377888943278288  0.00388980450614992  0.00400158246959500  0.00410364284322097
  0.00420248002770848  0.00429934395334462  0.00439479747528371  0.00449403511839360
  0.00458566639551045  0.00467709085802835  0.00474536337512514  0.00481372877976615
  0.00488199636464249  0.00494922836912725  0.00506321795944905  0.00518167468414471
  0.00530376486371740  0.00540520858328520  0.00551100845365658  0.00562310891551735
  0.00573443863164010  0.00584174054179395  0.00593388315862390  0.00602141454408390
  0.00610915336379564  0.00621161421587313  0.00638105439847741  0.00650751482568446
  0.00661775276658995  0.00671385017586082  0.00680423379310102  0.00688965595450578
  0.00698630077819703  0.00708357225924600  0.00718024420631907  0.00727659238020654
  0.00742983609069695  0.00756248676249630  0.00770873167926566  0.00781741685638013
  0.00800365477934644  0.00823808338583551  0.00845332866713032  0.00863483743530922
  0.00897392248573962  0.00934423748162089  0.00964530651539077  0.00993055957352153
  0.01020921033233731  0.01047648796753651  0.01076142876677262  0.01113970092920357
  0.01146624873708694  0.01179467241818965  0.01199505773629322  0.01252060679102470
  0.01367523710801108  0.01485236219531915  0.02453470283369566  1.00000000000000000
 -0.00190169827637560  0.00722914789189324  0.01631385830857177  0.02600260184175541
  0.03659326225141666  0.04713008884478606  0.05733511338563690  0.06748706803696070
  0.07791031899222915  0.08855729628072674  0.09932611321465928  0.11009766874901750
  0.12058143098189909  0.13090291692666206  0.14121583442452362  0.15153872969209523
  0.16202172013371033  0.17268259472328162  0.18363966428710016  0.19470039099827258
  0.20592831526331970  0.21736660269875999  0.22893195540321329  0.24036181418026500
  0.25173958479972564  0.26240581966240739  0.27272313733330178  0.28302957681354490
  0.29387405450020793  0.30521954929454548  0.31651018162272754  0.32775951432224837
  0.33890852280432759  0.34989113201061006  0.36092156273953324  0.37198317299232236
  0.38296680021544166  0.39369865442298135  0.40435716586267856  0.41499663075629534
  0.42553162101143527  0.43574426540710381  0.44562839087653883  0.45553772337229964
  0.46590807865127176  0.47666227506794606  0.48723569610605666  0.49762265445161880
  0.50796669217405477  0.51848856800292487  0.52908830755246916  0.53988640923278308
  0.55071758128878356  0.56156941588099651  0.57228015680681732  0.58316649575336788
  0.59428312786383486  0.60528177651441717  0.61585358129977630  0.62617360761159013
  0.63658612309786422  0.64753298027386008  0.65889519436852950  0.67011242876432398
  0.68114035672734308  0.69219249840596775  0.70336059246657412  0.71436630269850732
  0.72514341571317409  0.73607261898632870  0.74684967753199916  0.75738953248063112
  0.76784192460827472  0.77861239873027710  0.78939649267386780  0.79970751251472494
  0.80998667921839296  0.82018673913684847  0.83105952946745676  0.84118843377186936
  0.85109787023714467  0.86097910557308677  0.87126165666601008  0.88165743892253678
  0.89197758238777214  0.90214627092237576  0.91254601404506397  0.92233180408369531
  0.93210228412876595  0.94185476695305481  0.95224091764754470  0.96200605507574510
  0.97172425495129910  0.98115574971260400  0.99076359907835831  1.00000000000000000
  0.50629023313993671  0.54895846279815430  0.56789915508709177  0.57947717178544134
  0.59018994630084598  0.60055688443495892  0.61084796883460957  0.62003090504574687
  0.62882933676730046  0.63708158593388098  0.64506718161306398  0.65254951857557508
  0.65972385925270716  0.66670646758881880  0.67339264049183711  0.67973621272567619
  0.68584499220550088  0.69152194373282971  0.69686653362137596  0.70191188282966954
  0.70649572306518238  0.71071770279033997  0.71471324475653286  0.71859686271845813
  0.72246817350204029  0.72623791074436528  0.72986050085548571  0.73337595134284539
  0.73684834970754998  0.74029974032005763  0.74377910813164527  0.74725092269843252
  0.75069304933609271  0.75407227297469426  0.75746276957307057  0.76089942797756771
  0.76442422824376155  0.76797061663406041  0.77143193808503585  0.77489751805160556
  0.77834068951805013  0.78178670572363984  0.78528024946227681  0.78878933318085509
  0.79232339860958301  0.79588936599979143  0.79948922124313160  0.80307623279503781
  0.80648129118269585  0.80988230804176164  0.81328760742127115  0.81682576717645961
  0.82037244813892918  0.82389505139353592  0.82737944544851061  0.83087931209066868
  0.83449168261160411  0.83820201540460126  0.84189346760074557  0.84562127115127461
  0.84923393529785274  0.85273002684596400  0.85617020308477798  0.85965560009279784
  0.86338103254068910  0.86729594320497572  0.87119864201840447  0.87504407502164672
  0.87888892198622603  0.88272404116447989  0.88648523802528989  0.89016556020462001
  0.89384332068347239  0.89754128902472630  0.90126830444080441  0.90503166226674236
  0.90882537133497177  0.91269827950804139  0.91664722883279448  0.92070612026491794
  0.92477451461332305  0.92883035012679505  0.93278128396134663  0.93671144120135874
  0.94075471820867662  0.94492008323071264  0.94917043882313823  0.95347612904883761
  0.95775218525088079  0.96245969598748726  0.96716232698384141  0.97221575710110197
  0.97754550210902802  0.98342750099596243  0.99054158000522474  1.00000000000000000
  0.03890289629229504  0.18810137780822883  0.21524127814706262  0.23677103977013197
  0.25511152098884038  0.27199322312684260  0.28720885984738687  0.30039161893132166
  0.31194528221113693  0.32258359786171875  0.33309658418292365  0.34350821253985575
  0.35339732743641439  0.36283769669236454  0.37218166943524661  0.38134587765246342
  0.38998660963562931  0.39819447596505592  0.40597671324413126  0.41337881736188198
  0.42064486761607373  0.42797369297598764  0.43540722867757975  0.44270906132243643
  0.44983431556573522  0.45689022362570736  0.46377202782092342  0.47056004635480392
  0.47712918570095081  0.48354052733801206  0.48980208029141309  0.49595857191930304
  0.50211452281905677  0.50819243446077333  0.51429549311888823  0.52051861242904085
  0.52664294272491408  0.53254008567047129  0.53816704148637240  0.54378008872342953
  0.54933922208747932  0.55493900239412497  0.56048146148894218  0.56600235918407238
  0.57148683277314760  0.57690064458372337  0.58221425301764240  0.58739351188507483
  0.59244132265638672  0.59750062251084612  0.60258055383320275  0.60771377337650712
  0.61288192531380525  0.61805546726600202  0.62323980690626424  0.62837394856107598
  0.63348186035285592  0.63857094525433444  0.64366412102111559  0.64875121044797091
  0.65373520741662350  0.65861017105951913  0.66341635814901434  0.66812293346813290
  0.67292079681810324  0.67749930389885527  0.68216738604975180  0.68696668051110843
  0.69177613845700603  0.69666067149383271  0.70151971048551709  0.70642293167702819
  0.71138200180160216  0.71633979464153452  0.72120612113059335  0.72607498863381226
  0.73090731675880849  0.73570754258333704  0.74044886250641850  0.74516427259147666
  0.74988798290532943  0.75484220186514439  0.75996921278338780  0.76497956572312975
  0.77039992231019305  0.77643512145394744  0.78299016761024998  0.79027602795915319
  0.79819551806988309  0.80598369656654900  0.81316739261381876  0.82144521020949446
  0.82913707796758751  0.83599953486146017  0.86802091617893951  1.00000000000000000
   5.7730769869368713E-009  -1.0000000000000000     
 F F F F F F F F F F F F F F F F F F F F F F F F F F F F F F F F F F F F F F F F F F F F F F F F F F F F F F F F F F F F F F F F F F F F F F F F F F F F F F F F F F F F F F F F F F F F F F F F F F F F F F F F F F F F F F F F F F F F F F F F F F F F F F F F F F F F F F F F F F F F F F F F F F F F F F F F F F F F F F F F F F F F F F F F F F F F F F F F F F F F F F F F F F F F F F F F F F F F F F F F F F F F F F F F F F F F F F F F F F F F F F F F F F F F F F F F F F F F F F F F F F F F F F F F F F F F F F F F
  <DiscreteSampler_grid>
  grouped_processes
  1 # 1 for a reference and 2 for a running grid.
  10 # Attribute 'min_bin_probing_points' of the grid.
  1 # Attribute 'grid_mode' of the grid. 1=='default',2=='initialization'
  0.0000000000000000 # Attribute 'small_contrib_threshold' of the grid.
  0.5000000000000000 # Attribute 'damping_power' of the grid.
 # binID   n_entries weight   weight_sqr   abs_weight
    19   10   1.492679140159926E-001   9.825036423535619E-002   1.492679140159926E-001
    20   10   1.492679140159926E-001   9.825036423535619E-002   1.492679140159926E-001
    22   10   2.985358280319851E-001   3.930014569414247E-001   2.985358280319851E-001
    23   10   2.985358280319851E-001   3.930014569414247E-001   2.985358280319851E-001
    25   10   3.079022121162668E-001   4.187000967133292E-001   3.079022121162668E-001
    26   10   3.079022121162667E-001   4.187000967133289E-001   3.079022121162667E-001
    28   10   6.158044242325336E-001   1.674800386853317E+000   6.158044242325336E-001
    29   10   6.158044242325333E-001   1.674800386853316E+000   6.158044242325333E-001
    34   10   1.492679140159926E-001   9.825036423535619E-002   1.492679140159926E-001
    35   10   1.492679140159926E-001   9.825036423535619E-002   1.492679140159926E-001
    37   10   2.985358280319851E-001   3.930014569414247E-001   2.985358280319851E-001
    38   10   2.985358280319851E-001   3.930014569414247E-001   2.985358280319851E-001
    40   10   3.079022121162668E-001   4.187000967133292E-001   3.079022121162668E-001
    41   10   3.079022121162667E-001   4.187000967133289E-001   3.079022121162667E-001
    43   10   6.158044242325336E-001   1.674800386853317E+000   6.158044242325336E-001
    44   10   6.158044242325333E-001   1.674800386853316E+000   6.158044242325333E-001
  </DiscreteSampler_grid>
