  0.00000206430634189  0.00000221506216549  0.00000231581356954  0.00000241372236798
  0.00000250298930211  0.00000257987956911  0.00000266118226206  0.00000275946508372
  0.00000291169832601  0.00000308084272777  0.00000325276467433  0.00000343134671969
  0.00000359433410926  0.00000377292452781  0.00000397338334843  0.00000418197744865
  0.00000439369407347  0.00000462196897530  0.00000485590287703  0.00000507525235216
  0.00000528655170799  0.00000549478981866  0.00000573505506827  0.00000602061255459
  0.00000632140663983  0.00000662516821998  0.00000692611290606  0.00000722427879169
  0.00000751390319570  0.00000778776850758  0.00000808126087168  0.00000846610340087
  0.00000890141287261  0.00000942080534992  0.00001000146531044  0.00001061003978282
  0.00001122587351239  0.00001185480782942  0.00001254739006788  0.00001333769956131
  0.00001410475955100  0.00001477531621001  0.00001546203775362  0.00001620469791606
  0.00001709702063618  0.00001795634337026  0.00001880810660439  0.00001980104027698
  0.00002066031114151  0.00002158507591192  0.00002285904923614  0.00002425092001771
  0.00002584353636198  0.00002754884647135  0.00002930322805730  0.00003125030641465
  0.00003368839692461  0.00003677245885467  0.00004020987057143  0.00004386626600984
  0.00004757948906507  0.00005113740569108  0.00005487060130062  0.00005867594463690
  0.00006293831399228  0.00006754060437434  0.00007144078157653  0.00007546807721942
  0.00007983830632251  0.00008495107908555  0.00009061650827318  0.00009790965720140
  0.00010758955758054  0.00011847491804176  0.00013244523604690  0.00015068799894309
  0.00017192698738464  0.00019731177363436  0.00023011565845951  0.00026974234963273
  0.00031702360979429  0.00036114161276471  0.00039910331996642  0.00044647844605990
  0.00052283632454976  0.00063302412378949  0.00078095468027292  0.00096964260061459
  0.00123947766157804  0.00157846506405089  0.00198551288963395  0.00303220775323244
  0.00454583059824929  0.00799508732763822  0.06077240340571637  1.00000000000000000
  0.00289913528093048  0.01676400570033770  0.02619512424828938  0.03363690841337322
  0.04170579429615153  0.04988945270623811  0.05667019738255669  0.06365461698225958
  0.07118064934535144  0.07984091203537197  0.09060665330566831  0.10343824817793239
  0.11477332816735274  0.12402807311734264  0.13411260828501370  0.14453538380240694
  0.15621172655098362  0.16718165185548317  0.17904347665703796  0.19100565249085780
  0.20188206608090750  0.21168635985841383  0.22089335791023626  0.23028993578379789
  0.24095229373858706  0.25193618308258614  0.26230587715367992  0.27222596297995638
  0.28177295167445249  0.29229833872140959  0.30452651618539123  0.31710201724536302
  0.32946479415413094  0.33969610865343169  0.35015421811504033  0.36085416706633588
  0.37011387563109516  0.37843103296129826  0.38742966606693258  0.39666280239436597
  0.40635664455761916  0.41433564134133755  0.42211799591226734  0.42985073904171961
  0.43993050932646521  0.45223643535593011  0.46635775179600281  0.47922680986061500
  0.49113523327701875  0.50273308626972268  0.51252242958553118  0.52186033765716944
  0.53087686900036568  0.53969861632474569  0.54863187278207604  0.55865222349076371
  0.57080672634682172  0.58399717276809660  0.59704098580463993  0.61017322523762640
  0.62346075522279221  0.63941651546863743  0.65573301520815563  0.67078576305165627
  0.68533873151405922  0.70141584192908712  0.71750258774857711  0.73024382815335309
  0.74293189958025974  0.75553485225082329  0.76825384716875988  0.78103297938305638
  0.79279484978659498  0.80278304202390582  0.81397106177913903  0.82474406096237862
  0.83534336118459451  0.84600450283282003  0.85588676589155277  0.86676481689622265
  0.87794744316961193  0.88913163448274146  0.90116309139762962  0.91433122179731929
  0.92552988454199769  0.93565590779856622  0.94669479363588138  0.95340581568617933
  0.95930876233293882  0.96470220010765406  0.96889274729577457  0.97404870971876578
  0.98119098383215486  0.98836515700000527  0.99212054703464936  1.00000000000000000
  0.00002569499800667  0.00004165851435977  0.00004663346032375  0.00005040986351449
  0.00005381711378507  0.00005736994020053  0.00006090089315622  0.00006549068021819
  0.00007071138411820  0.00007569216811937  0.00008040427307867  0.00008477204848890
  0.00008936342961627  0.00009417195536998  0.00009902736810398  0.00010422585779460
  0.00010954897558225  0.00011492108410439  0.00012071239120177  0.00012673783211340
  0.00013247063524099  0.00013819184907689  0.00014394404772696  0.00015030727700832
  0.00015704058690277  0.00016406112121871  0.00017122847794502  0.00017818390036292
  0.00018459741907066  0.00019143157283894  0.00019895873822474  0.00020776985383916
  0.00021816333532557  0.00022769570969884  0.00023690044743500  0.00024597595361029
  0.00025513441223936  0.00026667482023340  0.00027720432361225  0.00028805380144425
  0.00029815102417615  0.00030792797603255  0.00031650232990423  0.00032436255996039
  0.00033325216404467  0.00034524563973812  0.00036097198619986  0.00038417198627293
  0.00040180537842917  0.00041708962737811  0.00043322990466432  0.00045304601048767
  0.00047269356533128  0.00049024048585904  0.00050655250560173  0.00052395552442810
  0.00054323784020437  0.00056301434489780  0.00058755434474543  0.00061258939270672
  0.00063947606451839  0.00066879544481576  0.00069819605734044  0.00072755829315509
  0.00077127688551014  0.00082736130379543  0.00089534142838054  0.00095264741078312
  0.00099810014317597  0.00104482170039497  0.00109188076093352  0.00113842965148801
  0.00120193456435696  0.00126920038071262  0.00133586589151349  0.00139590917806775
  0.00146491276298896  0.00154532100407874  0.00163015875611714  0.00173377392447134
  0.00187358133093021  0.00204641717602272  0.00225262701080887  0.00263149917313821
  0.00299334328604773  0.00337442044015789  0.00378283935616718  0.00429799235587151
  0.00490356289014161  0.00559870952824656  0.00638528644679413  0.00720572348352391
  0.00879865459789816  0.01154726965906684  0.04985297802699605  1.00000000000000000
  0.00000216986998565  0.00000285108207604  0.00000323301563102  0.00000358132672490
  0.00000386741630405  0.00000405830791529  0.00000421047138118  0.00000437022236941
  0.00000453506102451  0.00000480872315133  0.00000520010762665  0.00000545784121694
  0.00000583078288900  0.00000631767514485  0.00000688076740519  0.00000746891876337
  0.00000806587301300  0.00000874461700979  0.00000919153554241  0.00000962499879009
  0.00001010889738815  0.00001061399077981  0.00001112197969165  0.00001164047663321
  0.00001213643804702  0.00001257208094926  0.00001298602135345  0.00001338567459809
  0.00001388149344460  0.00001446859720184  0.00001510815534869  0.00001572955572694
  0.00001643278737299  0.00001717883011637  0.00001795661221064  0.00001882194524315
  0.00001980410314045  0.00002097098880905  0.00002221482617214  0.00002353802588706
  0.00002484651488409  0.00002613148755627  0.00002746013251166  0.00002888767198882
  0.00003076041381352  0.00003314284182579  0.00003592720981838  0.00003887280439484
  0.00004177260559130  0.00004465467962807  0.00004767082642005  0.00005091352647627
  0.00005439955833730  0.00005862048878815  0.00006332365787683  0.00006810866818748
  0.00007328167873508  0.00007908906241284  0.00008560512006535  0.00009221419886669
  0.00010006451662850  0.00010927559617305  0.00012009565461754  0.00013230646631787
  0.00014540316721332  0.00015955467492801  0.00017461668827360  0.00019094679980046
  0.00020888222348498  0.00022743426244082  0.00025325700012681  0.00028306413799902
  0.00032172740462040  0.00035585007145367  0.00039545529289716  0.00044887446889339
  0.00051085526681963  0.00057558257264333  0.00063709098767447  0.00070847260887432
  0.00080454845433074  0.00091785230104407  0.00105118511489207  0.00120614267386619
  0.00142751454333042  0.00163488752304195  0.00191165949690703  0.00232201483699142
  0.00295918760917470  0.00398358152397081  0.00525658067697140  0.00760611697796079
  0.01063772253954447  0.01650781905323760  0.16847216833633746  1.00000000000000000
 -0.00574877804670161  0.03069111578341870  0.05691213143195437  0.08039261409163193
  0.10445929718641996  0.12768491864871398  0.15089269730464600  0.17367834439940882
  0.19688198383561678  0.21974045630343689  0.24071295537003878  0.26069570454116348
  0.28194713598199833  0.30392865387803630  0.32508575449171628  0.34374119059488584
  0.35913558846514426  0.37474878157440400  0.39039132569546392  0.40490730027271571
  0.41882734877605077  0.43350735643126470  0.44794955359980299  0.46141702197788387
  0.47564451688539100  0.49171867228731475  0.50640913610329186  0.52029621087114941
  0.53357615392947721  0.54773023054729975  0.56115865300594447  0.57336053829428979
  0.58553249228490922  0.59591254418389616  0.60554625553537056  0.61484105740927353
  0.62467461825879667  0.63498498595197006  0.64472739957698455  0.65290324736441852
  0.66104239400321285  0.66967097542421472  0.67910352835847043  0.68920304690578049
  0.69858403221097110  0.70654334388656181  0.71606046731224582  0.72705243146281207
  0.73769147034387950  0.74547922168810654  0.75313923975021058  0.76092479084148457
  0.76899281604251657  0.77716167885167964  0.78390353774648358  0.78898819581591950
  0.79390569174119707  0.79907778452164158  0.80508316519835499  0.81213272945873971
  0.81853873684775469  0.82395014509330899  0.82891813919678115  0.83409979399451517
  0.83976777390456681  0.84546797175045585  0.85105786346709233  0.85628814644345996
  0.86199263996613229  0.86914498868515977  0.87571434426472827  0.88086906549968180
  0.88520984159678151  0.88955667507699787  0.89400960195369361  0.89894071116719210
  0.90402330473334414  0.90980535539821983  0.91586854512867744  0.92129428852538453
  0.92629528428705010  0.93096602590145272  0.93545396445341933  0.94012665792624006
  0.94477920566137763  0.94944295956450753  0.95453720039626588  0.96104193402867000
  0.96737876006214740  0.97372631544153965  0.97769228341370606  0.98161382861201452
  0.98589463306431413  0.99001283591189448  0.99433872943869028  1.00000000000000000
 -0.00322459482368358  0.01219287853749823  0.02731961210086774  0.04205303000439749
  0.05723996702850979  0.07165347501722145  0.08460727767618460  0.09690389801653627
  0.10847259248981250  0.11820661589061068  0.12642008949127356  0.13260791417508164
  0.13763041409280910  0.14294227767643733  0.14977802952759547  0.15949929989954809
  0.17251101597706042  0.18514727607178746  0.19521870728908922  0.20318045142517621
  0.21029487860039844  0.21734786731432387  0.22485269005996367  0.23253727888120845
  0.24097068642259739  0.24934398162551791  0.25794396020009053  0.26858304816446149
  0.27908567949739616  0.28824588496485976  0.29729987726671070  0.30689891008662079
  0.31783594428288003  0.32880198041744618  0.34021061948457387  0.35084988015806767
  0.36101904445683486  0.37142131461319067  0.38411367607518759  0.39743991304985338
  0.40922252508027396  0.41963890031290468  0.42922613162966505  0.43724818800427606
  0.44420475833940160  0.45130063975269991  0.46018992618647026  0.47125795354273731
  0.47940158383741799  0.48690142261474112  0.49485002714060800  0.50355578486427921
  0.51456409715752049  0.52397871170366950  0.53320994974474156  0.54184392191585717
  0.55187771082916504  0.56184323180012197  0.57253813344218485  0.58365045608262400
  0.59895997476777318  0.61215286466802143  0.62318800184104528  0.63410038390227630
  0.64555949280416902  0.65752492040669330  0.66920138658767159  0.67925508898099285
  0.68997978033814178  0.70050158819844344  0.71110155933966324  0.72069614726710918
  0.73091121902862211  0.74312770329939326  0.75631674903021251  0.76907356214756628
  0.78085933309053945  0.79294097491585958  0.80617229645873434  0.81993535365706305
  0.83219047927360612  0.84215107022084124  0.85069325439523535  0.85898624875024399
  0.86748874766485684  0.87668892454241498  0.88610453107135778  0.89733669159723406
  0.91223429349445928  0.92683216842066030  0.93904786311154742  0.94990015177406328
  0.96058718476286209  0.97185404148184140  0.98450427653650774  1.00000000000000000
 -0.00293688797166548  0.01250876148990369  0.02654491086145629  0.03838619466382404
  0.04917006929388629  0.05682588367046731  0.06448848716681595  0.07215612893081907
  0.08023636352994769  0.08953703459528929  0.10109637416971805  0.11428887072279936
  0.12605982802672186  0.13666693866781188  0.14747729308368343  0.15976988641523118
  0.17307240625980613  0.18528071134339064  0.19435845458479342  0.20274678718705211
  0.21140263797346889  0.22042200778198470  0.22984346503011863  0.23969301256474207
  0.24877943302201777  0.25992699996568802  0.27088670989628549  0.28214777016094506
  0.29424649568716110  0.30553556099458512  0.31642758415018807  0.32790518221942955
  0.34004739858076743  0.35145120766996119  0.36348126728436525  0.37672084643799320
  0.38948493476215473  0.40240396817070434  0.41476053855435269  0.42526532154051755
  0.43447430183611696  0.44397604141062424  0.45337299555845401  0.46309376690731296
  0.47272799337976362  0.48439047923482331  0.49713007666208792  0.50855603589397214
  0.52014273884814788  0.53214152930104275  0.54349138207303649  0.55436686638119470
  0.56518223299438208  0.57662051956332605  0.58889011839485372  0.60137919382522931
  0.61288156269247518  0.62531457385825129  0.64010113683102310  0.65391961407952071
  0.66539811514674052  0.67516535788435283  0.68544738049339760  0.69630654017246629
  0.70512216348079004  0.71295393716444388  0.71932878407072032  0.72763892866339130
  0.73686916776553713  0.74584086088143564  0.75443216720548434  0.76277089238759210
  0.77329405892894909  0.78505269807266365  0.79528541663389529  0.80382300505233706
  0.81172815887592087  0.81970101399172235  0.82710845911768693  0.83461273820908988
  0.84280364595230206  0.85152841360321296  0.86081258664603222  0.86965323050992982
  0.87842867198463848  0.88802930863719687  0.89894108045804721  0.91001343661237111
  0.92034731689125304  0.93022215637453998  0.93930730361302928  0.94840070262356146
  0.95743821183016464  0.97001842403673055  0.98382591041462686  1.00000000000000000
 -0.00230727469638374  0.01117896947022835  0.02181500223715080  0.03210957676888890
  0.04326660723615142  0.05520876020980383  0.06569599340044066  0.07375537019904860
  0.08287435747254085  0.09403190378388424  0.10553639768601600  0.11632725603739918
  0.12967648342197940  0.14648782480246680  0.16086039168652863  0.17275678143533654
  0.18442478731067594  0.19713378983729082  0.21015547484180938  0.22018058783259228
  0.22847776541082093  0.23672047855582584  0.24603793478671337  0.25441901213421414
  0.26126089877445979  0.26812393160511522  0.27664165488182718  0.28539335208164346
  0.29140818589173040  0.29660405921113658  0.30147448048159969  0.30670137964544136
  0.31524816503667069  0.32554350315945563  0.33700683409289689  0.34790656286650240
  0.35750351402984526  0.36742593948349117  0.37747562587620936  0.38794001161301156
  0.40025326847966869  0.41269118044845804  0.42376879186258287  0.43413789643093809
  0.44369163038478765  0.45161249307891377  0.45956413857202966  0.46671556386006458
  0.47432402846879579  0.48264682225922545  0.49209829820687057  0.50213479109212711
  0.51236413639635214  0.52234625540106205  0.53053264681050871  0.53842640904426131
  0.54839382981931950  0.56040074602949763  0.57220579048660614  0.58215503167916260
  0.59012621225026041  0.59841738987377435  0.60782524579549824  0.62064490360052316
  0.63341625930033052  0.64601474357099875  0.65657782251605179  0.66734396054857981
  0.67885867182164561  0.69188698095703138  0.70371398002338525  0.71609780683890334
  0.72776581083243008  0.73979245017518547  0.75340950105481064  0.76797339031056033
  0.78109247429031248  0.79379628640726008  0.80624392651129739  0.81951834934527545
  0.83249787361177008  0.84563599711848036  0.85730095320635025  0.86730675482575093
  0.87762975228631745  0.88857492602677823  0.90322516709548128  0.91668671405212265
  0.92981655316651635  0.94285901127690919  0.95380343199424511  0.96422134932279491
  0.97241689624254291  0.98169030096697896  0.99111026705537997  1.00000000000000000
 -0.00144389782854751  0.00845671368741011  0.01770590120573843  0.02715725032748005
  0.03586642418451851  0.04420568823947948  0.05336211880315738  0.06200148236349370
  0.07178670839924405  0.08098978983470315  0.09192298224463336  0.10827431510997024
  0.12383348268837377  0.13798052653520237  0.14992181573452704  0.16182469917570139
  0.17340547627651506  0.18579129019607407  0.19781040785922291  0.21041153052438891
  0.22311182932825260  0.23699577704752997  0.25368293591798841  0.26994319065669997
  0.28638226645132353  0.30359169200929459  0.32281836260897379  0.33874357116311676
  0.35048712291863460  0.36127873563856922  0.37250485510970388  0.38248421722095755
  0.39138128740882555  0.40062258612811324  0.41154904522471142  0.42435951933113097
  0.43767395243073076  0.44730513697453100  0.45744003592581767  0.46882425228651536
  0.48025401612804647  0.49093307830988248  0.50221681210176361  0.51520790178183173
  0.53193512769867834  0.54575632428765297  0.55590902190478242  0.56422568992336430
  0.57278493188826529  0.58271185458565300  0.59570620715779643  0.60988441059843568
  0.62208960489761211  0.63357797304155827  0.64431629142367397  0.65547520021481021
  0.66618233203590627  0.67539802979077102  0.68405176921565980  0.69222217837818367
  0.70092924886650809  0.71117820202553450  0.72156385725565497  0.73265535587600805
  0.74293852549841000  0.75073141868770932  0.75714739982750356  0.76322176028126987
  0.77004963545654537  0.77860688010171097  0.78673880225880288  0.79510881320373583
  0.80337854953752286  0.81183159096586821  0.82138287231836049  0.83090036900768216
  0.83999953845627906  0.84893590237584804  0.85796527165727177  0.86754387847969894
  0.87758594000909440  0.88519669071142382  0.89170954876470743  0.89813572278524068
  0.90496882413287516  0.91390678266197023  0.92317889213148419  0.93195302063853103
  0.93996114234011163  0.94748040334292349  0.95516226053415443  0.96303179673417971
  0.97119500543348658  0.97922699957716752  0.98862618325517615  1.00000000000000000
 -0.00158442980726021  0.00736487707093383  0.01426169677266187  0.02100188760310506
  0.02932101192257874  0.03811484159586604  0.04963607635475585  0.06400672447494990
  0.07632181748666213  0.08557326172928294  0.09351599579573369  0.10103958241739837
  0.10845706273176556  0.11679504679332194  0.12547695491560065  0.13414861653451651
  0.14421467239741934  0.15488549666493021  0.16323871390308209  0.17341753623401049
  0.18444727249262186  0.19600216907732285  0.20819296949812727  0.22111491956999738
  0.23474014901751056  0.24895166033172941  0.26165313443651539  0.27179957373713143
  0.28159726177610406  0.29121703425614792  0.30342326840109624  0.31671807423083087
  0.32981922012925013  0.34452275770450425  0.35861550094851252  0.37088040480668472
  0.38222135922159994  0.39336484720793996  0.40350317935650470  0.41335996945580855
  0.42444076399513225  0.43541657014897517  0.44584538297213949  0.45761961024267328
  0.46767598548717576  0.47631019076796699  0.48459180213006653  0.49402272346646675
  0.50591604822508407  0.51690027076462119  0.52609624367536101  0.53494649016171048
  0.54393780435909578  0.55366300590850781  0.56330060267471660  0.57376423186494618
  0.58587866926226662  0.59799813002928104  0.60928256123282754  0.62047444682972197
  0.63125264422963623  0.64222382956728974  0.65346699918098328  0.66539153091804293
  0.67690737668005652  0.68783252317163179  0.69953100572797999  0.71241873150769286
  0.72757216723698093  0.74256177649078348  0.75395037163736056  0.76243922429322897
  0.77023324204438459  0.77777466285765484  0.78561590692370109  0.79585326919445576
  0.80670672496246842  0.81846007892109407  0.83172926200388253  0.84533168845029671
  0.85789112855508620  0.86887177680325067  0.87978785443338792  0.89048729662262460
  0.90122437918082199  0.91201371392138375  0.92302061515791356  0.93438642996809729
  0.94438568960900182  0.95255239812027992  0.96086682274282198  0.96847330437030199
  0.97599950525367896  0.98331215099474378  0.99147562322874894  1.00000000000000000
 -0.00308546787661213  0.01055772601413212  0.02220932729332867  0.03368182826472504
  0.04504986296699205  0.05567996946348266  0.06560103968816428  0.07472151633496193
  0.08393416275093593  0.09367323687433622  0.10306883701940960  0.11166864554832905
  0.11987412987385707  0.12877371441016527  0.13858038060805533  0.14814652532937811
  0.15659739873791673  0.16418294979633946  0.17185749908255663  0.18127295630867793
  0.19446181830603529  0.21220878454284520  0.22862850724137232  0.24191814299567704
  0.25382738565267698  0.26462034012880198  0.27532576946255222  0.28587639624523231
  0.29819208795725854  0.31121707101918017  0.32268623968768073  0.33388259786469199
  0.34698770999400619  0.36031638414932188  0.36988412179697305  0.37809991731037068
  0.38587125431543845  0.39350270889598993  0.40540298152390103  0.41890409894567049
  0.42878324811019702  0.43631599051613951  0.44407164761472195  0.45250587408267101
  0.46235667788520474  0.47204842891553783  0.48283944820077962  0.49570165911198999
  0.50767422003568574  0.51833731371253056  0.52580979149473106  0.53267814982214534
  0.53963141884818477  0.54669627921617969  0.55794219159328584  0.56965099851405310
  0.58104237472592823  0.59159166391759677  0.60223462920178628  0.61242349490778514
  0.62320015923166883  0.63316176098285959  0.64158582158105415  0.64887317838045089
  0.65613882467088491  0.66518115018034663  0.67628724388849737  0.68466898582994040
  0.69336307346970028  0.70233866830443270  0.71322196019183681  0.72564712201116510
  0.73801106656863180  0.74912828429169720  0.75972474476909058  0.77137463672843121
  0.78437992784284105  0.79741036814732658  0.80863134421435900  0.82094222109935977
  0.83323842000639714  0.84744726090224654  0.85965781404088837  0.87045412007304113
  0.88053386486084373  0.88994871102398865  0.89881493002339152  0.90746403716077206
  0.91658624036598568  0.92760549129718872  0.93956708816997903  0.95074113566399199
  0.96246447406603597  0.97435671134635926  0.98694829196228462  1.00000000000000000
  0.52387409449673350  0.57170893277208268  0.60284766449827742  0.62288286164687212
  0.63675739762204220  0.65264708134046612  0.66732672938635418  0.68157107484302859
  0.69635012016193509  0.71079944037722764  0.72312319404280645  0.73622847825406679
  0.74799772627287175  0.75782681354106940  0.76759057368712802  0.77755449921831099
  0.78738508362996484  0.79552816660208092  0.80256263538022721  0.80922671841041383
  0.81567554910138529  0.82267859755783956  0.82997949396687742  0.83664302177469563
  0.84229146809582600  0.84750763363105142  0.85225369019478825  0.85684344373684462
  0.86119066711743286  0.86574995279991418  0.87039744630553317  0.87493754356596853
  0.87911020459682587  0.88305158709366238  0.88632923087932391  0.88978811385998702
  0.89382022656175275  0.89872394729374305  0.90299148979337429  0.90663932853761853
  0.91000320376169352  0.91321183291316044  0.91632721702528286  0.91919939191488342
  0.92182292733528393  0.92443660867894151  0.92704258445561361  0.92986881605570759
  0.93288132211117503  0.93577491988811845  0.93799195305428795  0.94012255376781850
  0.94222797760470300  0.94442672955880169  0.94674592041015837  0.94903344078589191
  0.95123283128734393  0.95336659283283709  0.95540795046358074  0.95745949023530375
  0.95922188739333025  0.96092831159623515  0.96257425922296480  0.96419515200334716
  0.96580681162316540  0.96737838681139188  0.96883835078415093  0.97041268705823591
  0.97184297122451091  0.97324759510743297  0.97466731222872172  0.97587110627876361
  0.97700236326769008  0.97806849703149801  0.97911441134579991  0.98023067193118896
  0.98130249518207946  0.98237534612136879  0.98354668101044462  0.98472620439919767
  0.98584872106851973  0.98686673280451942  0.98777339994028324  0.98864870633922575
  0.98952668000696964  0.99043084442708940  0.99139908319479675  0.99240713906171807
  0.99347038486903294  0.99437812150433080  0.99524892233655593  0.99607866390066968
  0.99691615394417088  0.99783694528889799  0.99884678101063318  1.00000000000000000
 -0.01764584857637440  0.14337971183158524  0.18070183419307723  0.20368076848505245
  0.22106353971543094  0.23887163080965582  0.25656085221602709  0.27497504864749006
  0.29201587723958705  0.30344523621772257  0.31324382785834209  0.32110012801526255
  0.32835226660004568  0.33561795490061552  0.34225469224220134  0.35051390365239810
  0.35781382939574835  0.36330290409416055  0.36848743858389071  0.37454902806828344
  0.38222708324610155  0.39009156527812200  0.39659279973983691  0.40269409212080065
  0.40834475281231292  0.41386514204514180  0.41927365351689688  0.42470699963112291
  0.43063636006044953  0.43692064818808019  0.44376883139734929  0.45025873821363310
  0.45681052981576098  0.46284033207985381  0.46818601072460914  0.47268419409764673
  0.47635171673973875  0.48044617923107746  0.48479130552582428  0.48939713356309172
  0.49545655822720752  0.50125645099743299  0.50772413370248104  0.51393710059825448
  0.52012698567475635  0.52603288309357132  0.53225699712694063  0.53812823536291854
  0.54339754420373387  0.54824367999884038  0.55274456228139024  0.55749378014951090
  0.56220000758359345  0.56736957687157685  0.57272500362759038  0.57863920750341946
  0.58508531455978918  0.59143859554560463  0.59743164203931887  0.60307141397843822
  0.60948920309103105  0.61654958712903185  0.62391292856507552  0.63011073744154711
  0.63458135971828078  0.63884608100981921  0.64325810186834553  0.64859184450299301
  0.65464719567599738  0.66185373804397263  0.66914603578099829  0.67650460876930496
  0.68282552267209551  0.68934127334617545  0.69609484004565370  0.70302434623878163
  0.71026326490752867  0.71799329004213952  0.72639817755534597  0.73539695761055379
  0.74293622319557739  0.74805222365566526  0.75319819716938230  0.75837448828152876
  0.76382874416782753  0.77073096081691606  0.77855732983288795  0.78523744340610047
  0.79232846273816804  0.79977646375568268  0.80778400881422741  0.81705249512331080
  0.83032207366006394  0.85096115912338099  0.88089843270045320  1.00000000000000000
   4.2636442175118064E-005  -1.0000000000000000     
 F F F F F F F F F F F F F F F F F F F F F F F F F F F F F F F F F F F F F F F F F F F F F F F F F F F F F F F F F F F F F F F F F F F F F F F F F F F F F F F F F F F F F F F F F F F F F F F F F F F F F F F F F F F F F F F F F F F F F F F F F F F F F F F F F F F F F F F F F F F F F F F F F F F F F F F F F F F F F F F F F F F F F F F F F F F F F F F F F F F F F F F F F F F F F F F F F F F F F F F F F F F F F F F F F F F F F F F F F F F F F F F F F F F F F F F F F F F F F F F F F F F F F F F F F F F F F F F F
  <DiscreteSampler_grid>
  grouped_processes
  1 # 1 for a reference and 2 for a running grid.
  10 # Attribute 'min_bin_probing_points' of the grid.
  1 # Attribute 'grid_mode' of the grid. 1=='default',2=='initialization'
  0.0000000000000000 # Attribute 'small_contrib_threshold' of the grid.
  0.5000000000000000 # Attribute 'damping_power' of the grid.
 # binID   n_entries weight   weight_sqr   abs_weight
    55   10   3.551125617720906E+001   1.159333207680977E+004   3.551125617720906E+001
    56   10   3.551125617720906E+001   1.159333207680976E+004   3.551125617720906E+001
    58   10   7.007037546602571E+001   4.532091914457746E+004   7.007037546602571E+001
    59   10   7.007037546602564E+001   4.532091914457738E+004   7.007037546602564E+001
    61   10   4.862049740600925E+001   2.089634435120528E+004   4.862049740600925E+001
    62   10   4.862049740600921E+001   2.089634435120524E+004   4.862049740600921E+001
    67   10   4.788042029760861E+001   2.031308746867334E+004   4.788042029760861E+001
    68   10   4.788042029760858E+001   2.031308746867331E+004   4.788042029760858E+001
    82   10   4.643446742725345E+001   1.957656607580680E+004   4.643446742725345E+001
    83   10   4.643446742725341E+001   1.957656607580677E+004   4.643446742725341E+001
    91   10   4.672645252584304E+001   1.956162785852415E+004   4.672645252584304E+001
    94   10   4.776285929408045E+001   2.027879003618034E+004   4.776285929408045E+001
    95   10   4.776285929408042E+001   2.027879003618031E+004   4.776285929408042E+001
    106   10   3.551125617720906E+001   1.159333207680977E+004   3.551125617720906E+001
    107   10   3.551125617720906E+001   1.159333207680976E+004   3.551125617720906E+001
    121   10   6.901432729526887E+001   4.415909024739742E+004   6.901432729526887E+001
  </DiscreteSampler_grid>
