  0.00327558366950443  0.01129609263766255  0.02116548048368645  0.03105412707561435
  0.04115284405574190  0.05147114552879838  0.06213977758778380  0.07282736735378262
  0.08330594951980505  0.09418480559250338  0.10471485823919632  0.11368111604671000
  0.12217285799759744  0.13082590653599990  0.13818462201512877  0.14574136717838493
  0.15280816762900162  0.15980694208142543  0.16655888161849980  0.17862175601924857
  0.18747996883500809  0.19648575593266923  0.20527212870317746  0.21423771187558610
  0.22433517934101410  0.23493014102907514  0.24574868690770124  0.25608162827471226
  0.26616475293023661  0.27663614510233508  0.28809295443204375  0.29998117424201193
  0.31261703462024315  0.32608942104771027  0.34057922595232110  0.35394310360377079
  0.36544290781086508  0.37598273569804419  0.38588792792454357  0.39674719282118720
  0.40664567951607056  0.41624899046631475  0.42614697252788047  0.43639094412016738
  0.44758766885448870  0.45888107005356754  0.47001727899286727  0.48140635096657858
  0.49121119123090495  0.50117669162384360  0.51186157734693227  0.52409096849884207
  0.53580317753889006  0.54593586097887981  0.55570347051686875  0.56556664968652770
  0.57639085750048513  0.58781503238218058  0.59906007234971970  0.61092451683580795
  0.62298129431853111  0.63378601674186597  0.64352810182167353  0.65375351427906170
  0.66391742264615683  0.67370699596046391  0.68297139589765177  0.69230198058794967
  0.70225466767779365  0.71286229378974564  0.72374019793961264  0.73562894270462831
  0.74767337667667000  0.75840729609901303  0.76891246900740962  0.77938373656701088
  0.78995839300369453  0.80087559445505596  0.81109998128491401  0.82185957125594689
  0.83201936136424703  0.84230298982167229  0.85348049526090242  0.86496828958534544
  0.87665190888705080  0.88731768946144174  0.89757043787047364  0.90722567535583332
  0.91715602557368414  0.92786505193082258  0.93943880913444899  0.95075443366097212
  0.96145765331192090  0.97307087500156841  0.98546704674170327  1.00000000000000000
  0.00383573201521695  0.01043321585722601  0.01851564770421784  0.02806578568762485
  0.03965629391351061  0.05235289307737780  0.06447183580979328  0.07565256210979558
  0.08553796880882351  0.09433804071018599  0.10295932138682982  0.11163646174847160
  0.12138885768581860  0.13177307953522058  0.14325520497288036  0.15572780836715594
  0.16851123612041521  0.18094689142276638  0.19104624901644687  0.20102737381623914
  0.21027068604875557  0.22050791818410312  0.23195929948937763  0.24294642251345799
  0.25351632588540779  0.26425594539832031  0.27523863919895358  0.28675516432319614
  0.29830875733203588  0.30924755238640161  0.31917767200573749  0.32829953015163671
  0.33729960379129581  0.34602813700562646  0.35484409693058122  0.36436889343588358
  0.37459682963136953  0.38559054393028980  0.39794449783365071  0.41039789968659030
  0.42233645386530494  0.43378278837742401  0.44501715453362573  0.45657376325547383
  0.46818621958706047  0.48027546215076322  0.49153229908232238  0.50192634291928873
  0.51206335140289516  0.52142829831580073  0.53138277846516513  0.54225236952093703
  0.55425163901602659  0.56513993938872886  0.57569587411526391  0.58644066059386912
  0.59917249804897721  0.61085219625355414  0.62247662250190205  0.63343477841858997
  0.64511337316328798  0.65290918481039428  0.66156309140700020  0.67064039709341683
  0.67928687917820718  0.68787578856699927  0.69653930965564348  0.70573894260681413
  0.71677138574530264  0.72757501830015769  0.73742550215575464  0.74667239043999989
  0.75612817003730526  0.76650437360177837  0.77817747326820119  0.78977910599357959
  0.80166966658561645  0.81404054844113127  0.82566024625790013  0.83700652933943909
  0.84769863823481739  0.85933483164558855  0.86990792726857613  0.88081731880433878
  0.89134114030442291  0.90069425579861040  0.91097077815658956  0.92116692050567939
  0.93283163391630741  0.94413946809660598  0.95435342772395027  0.96390428342638668
  0.97332589707749784  0.98282716933109626  0.99270310714727850  1.00000000000000000
  0.00013328260604650  0.00017828921056528  0.00019441770661360  0.00020816200545513
  0.00022002247194470  0.00023109469733979  0.00024127031683501  0.00024995654391756
  0.00025769044980270  0.00026521432154074  0.00027285334544201  0.00028082815707159
  0.00028896826218375  0.00029755790794737  0.00030714007257577  0.00031665399443429
  0.00032613112518888  0.00033510517588130  0.00034425150052924  0.00035481019385707
  0.00036643153625653  0.00037795409841317  0.00038922478652537  0.00040088367771377
  0.00041261170192308  0.00042475542911682  0.00043754307192427  0.00045148001036210
  0.00046583116434196  0.00048081986687393  0.00049700748985576  0.00051374184464831
  0.00052989713168279  0.00054578386364299  0.00056226698488521  0.00057909094622302
  0.00059655325521915  0.00061462716718175  0.00063355954479485  0.00065373424341763
  0.00067520547842433  0.00069714527778168  0.00071784983956890  0.00073858359690032
  0.00076136999595388  0.00078919958812112  0.00081953026948306  0.00084856357997555
  0.00087459039887747  0.00089936283875783  0.00092498786367625  0.00095259386732179
  0.00098419671056743  0.00102155888034510  0.00105848731372464  0.00110003139672482
  0.00113662399094884  0.00116863909686346  0.00119660038296626  0.00122754041081325
  0.00126243795928670  0.00129595402739561  0.00133263910168053  0.00139319102747706
  0.00145588063470346  0.00151312187524737  0.00156916027954792  0.00162885854779112
  0.00169688818528987  0.00177703159910377  0.00185324018263215  0.00192359604318911
  0.00199865402498309  0.00207944613548226  0.00218765336120221  0.00229652650821839
  0.00241997482127007  0.00256831571967051  0.00275466918568026  0.00297626553370703
  0.00323632252240428  0.00354933105554491  0.00389205983822380  0.00421487366727648
  0.00456689369792787  0.00509503803623762  0.00578373863283094  0.00652846988754895
  0.00715345472762835  0.00778687676620795  0.00849793351854217  0.00925488871807664
  0.01017273358007616  0.01118519206126570  0.04368821084951177  1.00000000000000000
  0.00017978414267289  0.00028533906306751  0.00033933335336893  0.00037952552262610
  0.00041548334479541  0.00045324805480192  0.00049336432927011  0.00053499861713726
  0.00057674146226339  0.00061561109396454  0.00064910469582224  0.00068108116269590
  0.00071483935715164  0.00075042138086956  0.00078691503306063  0.00082160135741283
  0.00085789721839791  0.00089935342047947  0.00094371226763311  0.00098891779856378
  0.00103420502568918  0.00108080683627744  0.00112767947119898  0.00117516816520296
  0.00122504505269388  0.00127680349371813  0.00133003925311984  0.00138529890879142
  0.00144220403986291  0.00150225923140094  0.00157059218322069  0.00164331710757397
  0.00171670439862718  0.00179517105232941  0.00187696040783764  0.00196373938627349
  0.00204540084326289  0.00211922250362067  0.00219713347809976  0.00227544616355544
  0.00237018335737862  0.00248938606589801  0.00260393340731636  0.00271202450989186
  0.00282343797353567  0.00294753388594879  0.00309598881488010  0.00327186732868392
  0.00346677948335197  0.00366924692938692  0.00386228352435752  0.00404456432472670
  0.00422389220683528  0.00439524287512847  0.00458181235320406  0.00475618628781164
  0.00493934395566732  0.00512215264937516  0.00532859060190303  0.00555856284125759
  0.00579671389578837  0.00604841402322179  0.00627393060776003  0.00647231544175560
  0.00668988958772598  0.00691877475473859  0.00720744133229679  0.00760398133151422
  0.00801897551960289  0.00841652047889812  0.00885515460856315  0.00922617194984764
  0.00961287654335268  0.00997637877092566  0.01031108005861432  0.01071629647941709
  0.01129340386725500  0.01202258669281570  0.01285602474250307  0.01365544683794976
  0.01428600668660476  0.01483925319169385  0.01538300080929662  0.01603934681997470
  0.01720013126090147  0.01855415018116072  0.01982679089750196  0.02122664559546505
  0.02344026498805136  0.02604474750243137  0.02881735341993534  0.03222362668026469
  0.03723758080465637  0.04639673240242081  0.12415981764195773  1.00000000000000000
  0.00000297678680164  0.00000321539329266  0.00000342288168166  0.00000356490147889
  0.00000368355908624  0.00000386320519721  0.00000406340873941  0.00000425656544037
  0.00000445346726004  0.00000465209940919  0.00000487569646617  0.00000507141805871
  0.00000528999373258  0.00000552751906907  0.00000579860379662  0.00000616561934456
  0.00000652697927774  0.00000687198986417  0.00000729643743109  0.00000767675289804
  0.00000810768938377  0.00000860768668965  0.00000912345276206  0.00000975861557729
  0.00001047874647821  0.00001125979058637  0.00001209432966586  0.00001309007793001
  0.00001411481477606  0.00001519937159781  0.00001646069561442  0.00001786648492438
  0.00001944848488756  0.00002130824137394  0.00002361257790327  0.00002637439901975
  0.00002940337992562  0.00003270824456888  0.00003615423871355  0.00003984092463362
  0.00004393878892465  0.00004851663954231  0.00005368984531142  0.00005920612896394
  0.00006496591853653  0.00007147045129323  0.00007892242457821  0.00008718835126426
  0.00009482685899282  0.00010323212396851  0.00011213176686068  0.00012119741042675
  0.00013025218134642  0.00014049372787027  0.00015267475971161  0.00016624926141148
  0.00018046026544699  0.00019773394939804  0.00021791863928759  0.00023985284396858
  0.00026684786580277  0.00029861853846294  0.00033547043219271  0.00037815198953434
  0.00041566186300979  0.00045008922476317  0.00048418438209440  0.00052329441196443
  0.00057064233349149  0.00061659493351862  0.00066213889461610  0.00071120942305059
  0.00077363962952346  0.00085187995803736  0.00095099624449115  0.00105855198190163
  0.00117020485481849  0.00128108948145635  0.00139343001564348  0.00151479237541978
  0.00166532657743594  0.00191982817271700  0.00228948157044845  0.00271171866921565
  0.00314647946217898  0.00372527555854541  0.00445366889303420  0.00530431222842249
  0.00634906985954772  0.00762065278063523  0.00946237159816707  0.01205777989875194
  0.01613357048581697  0.02158613869275984  0.06744165604967495  1.00000000000000000
 -0.00137658431265935  0.01004493777980139  0.01940999724912785  0.02946397488644894
  0.03874722932415611  0.04717914401349848  0.05477114651517277  0.06279308638485749
  0.07399249920639771  0.08627709533589992  0.09936550711783022  0.11309184912403059
  0.12669708274491515  0.14068480544317283  0.15470518748222453  0.16605996901891815
  0.17423257081235122  0.18132676898040367  0.18988955352007333  0.19797587888877899
  0.20640334600935620  0.21443708081525625  0.22165711772746241  0.22933989602167087
  0.23979743535339021  0.25193339869636050  0.26385573517734023  0.27535658285679471
  0.28677101957345735  0.29880929403538470  0.31036942375323273  0.32174433016319248
  0.33211816275716433  0.34343867773043701  0.35544902114322430  0.36846638489601380
  0.38143028858801403  0.39350346349907017  0.40410354706143486  0.41407119484795873
  0.42398034160276965  0.43458189188795665  0.44556090020465672  0.45650752137902562
  0.46765871817369770  0.47903511071260446  0.49025950747931868  0.50144487140164051
  0.51321676382606785  0.52481060633687693  0.53641801679806334  0.54758935882328941
  0.55935085767610382  0.57103653604439653  0.58331614244006513  0.59571959114308015
  0.60666910045768652  0.61652716422685705  0.62590842546507752  0.63487004607331221
  0.64367905295381611  0.65170238591372631  0.65879743104297706  0.66638475992051804
  0.67459332272439720  0.68379521193554194  0.69377144798163182  0.70332131395939868
  0.71277889815324902  0.72249488876677981  0.73299567388484743  0.74480640533845011
  0.75745414375758480  0.76941626765428817  0.77929141716861405  0.78839267975493099
  0.79828893049343941  0.80911273751486812  0.82117424223723867  0.83367020663210678
  0.84460245867354178  0.85539404074132663  0.86597133936582360  0.87649516584954312
  0.88612402171970017  0.89562341743522700  0.90674965339885205  0.91874863303434484
  0.93036205008466133  0.94057562868123346  0.95058074913535873  0.95975845794785297
  0.96943114242380590  0.97918486037034991  0.98970380844428907  1.00000000000000000
 -0.00249258967401606  0.01003801484959051  0.02072097427738131  0.03151096360604608
  0.04313290181721639  0.05374887592564545  0.06413997139687209  0.07557337953149160
  0.08678013610497341  0.09765101263876792  0.10824981004033035  0.11830736574523947
  0.12781031034262988  0.13707403516441868  0.14686466369621448  0.15745780182104582
  0.16766051048287769  0.17704165174296563  0.18566474532947311  0.19458028582525769
  0.20386384565213889  0.21334229400182661  0.22254517653291656  0.23199651525327883
  0.24261238228661838  0.25428423559876950  0.26575028964978370  0.27601182296087629
  0.28542486006941392  0.29497893224855798  0.30548475857866630  0.31751559872079355
  0.32936144750931490  0.34162889711782612  0.35275013773295816  0.36375501238401864
  0.37454939322775910  0.38693325079977536  0.39844861208849808  0.41009711791890380
  0.42164799766201033  0.43381534587765858  0.44541142007921714  0.45707770047075935
  0.46884804576279426  0.48032060924818420  0.48984152129903924  0.49911545800803669
  0.50960644976579694  0.51929139400168700  0.52962702626037061  0.54054164951857298
  0.55175968551373988  0.56414316034436351  0.57602522859927685  0.58706611386237839
  0.59664963562575379  0.60695518946098859  0.61763456066066436  0.62824077775380194
  0.63855837157486794  0.64893666181583121  0.65993978318564583  0.67056490842403471
  0.68089899787408292  0.69054973334322667  0.70123139039256377  0.71230461666455613
  0.72405614155513132  0.73522654529569442  0.74538958342910056  0.75404062906014102
  0.76231743986022837  0.77239077221152530  0.78155149616641506  0.78998961907420229
  0.79874103839513433  0.80753451789491992  0.81827683821491348  0.83097734085559072
  0.84307416841989780  0.85441399646883065  0.86608228524897946  0.87802935669246107
  0.89023475578123090  0.90258009837716513  0.91196145042862875  0.92009014419956914
  0.92763261934688401  0.93511823359363444  0.94367514633972793  0.95442005211132674
  0.96531051056571282  0.97707595402374026  0.98854035464652923  1.00000000000000000
 -0.00208905506401952  0.01251090580354517  0.02584012729364608  0.03907361548276579
  0.05073086570227733  0.06190018091550410  0.07444250220045207  0.08969875788272753
  0.10604596725832711  0.12095005820404311  0.13437579491634324  0.14791192726848293
  0.16265912090875420  0.17864684428146438  0.19359001028079670  0.20789176919543659
  0.22177499009036769  0.23502792856806809  0.24790929872201106  0.26007127210459174
  0.27129317837154404  0.28104957038337069  0.28949081008580319  0.29846164445564177
  0.30727099144574632  0.31549999752048025  0.32461109497206581  0.33410462922605377
  0.34455226796461152  0.35567358818750633  0.36721231316858788  0.37965674187604781
  0.39252457313533645  0.40525585444191303  0.41767400089214657  0.42940928604817780
  0.44043532352160919  0.45080909482471948  0.46161713101208585  0.47205873149645861
  0.48186043924048388  0.49193111783431520  0.50144994027462786  0.51143512882143960
  0.52212692366140179  0.53152833383320719  0.54004481958124906  0.54797356145566822
  0.55559557633031864  0.56322783098351148  0.57113101877059924  0.57951640475040112
  0.58812616965907361  0.59816587952815814  0.60827417125396654  0.61994028828471359
  0.63151661301250572  0.64367285023676679  0.65506668176216276  0.66597366760312160
  0.67632430323854775  0.68569188826280814  0.69476546240842063  0.70371196604019137
  0.71264984070584947  0.72290959203665262  0.73286487871234929  0.74137785593733374
  0.74973924266369552  0.75733638761323363  0.76470414173890322  0.77300501225502816
  0.78171751852990889  0.79155065018240189  0.80189359212113498  0.81199144393366129
  0.82181738204698496  0.83156320701495112  0.84202195554468140  0.85248535732415642
  0.86187331960676539  0.87015937865596005  0.87745773150593420  0.88428691353308109
  0.89118271008154926  0.89875943662776936  0.90666351920457333  0.91476116350910464
  0.92413771908313647  0.93532736002485140  0.94645464299525728  0.95777182462180832
  0.96963556979808285  0.98103844724189215  0.99087030351907235  1.00000000000000000
 -0.00303321887493265  0.01198808403303885  0.02476515188803458  0.03758956860486065
  0.04994818051496271  0.06139268633223555  0.07302877173078516  0.08482785555446189
  0.09608222594397535  0.10595214255831806  0.11427911092465293  0.12257400427393754
  0.13049885650817528  0.13796255318722717  0.14566017648305427  0.15361540377956062
  0.16192989871466829  0.17076875687404272  0.18114578437293549  0.19296086632696416
  0.20521152091682410  0.21665974080631448  0.22797177456588696  0.23873340818221359
  0.24877567735265826  0.25921804134512805  0.27111450420838751  0.28523471232614411
  0.29538998522649884  0.30527661405606032  0.31431365265046418  0.32355071129557622
  0.33290759160320105  0.34162987922396720  0.35062692691565533  0.35979190490946006
  0.36946288685115353  0.37965261575428305  0.39051532753583429  0.40217254944115610
  0.41421120376375897  0.42585643031997017  0.43694766225050474  0.44727497242369196
  0.45708247331967033  0.46630997663340013  0.47575642387786798  0.48618235699714013
  0.49618718520943450  0.50702502538663685  0.51741693860260196  0.52811198088971989
  0.53872824240129835  0.54880472755015763  0.55915163562814929  0.56933343242928236
  0.58036451480920193  0.59250523878201622  0.60422701884798435  0.61485345227551735
  0.62680120568871889  0.64081732545647407  0.65456527069967574  0.66587832914246292
  0.67640175637339184  0.68692310369444320  0.69718298266417023  0.70709094563424779
  0.71754769884874259  0.72767379281597400  0.73846058654659630  0.74776108880633896
  0.75665751033160700  0.76530787156166513  0.77339396206991640  0.78076072899232729
  0.78980983596519261  0.80005683798120908  0.81028228909556954  0.82013969642919904
  0.82906178246856099  0.83806017082833351  0.84756335070445221  0.85781231424219839
  0.86911050731059358  0.87924283018899552  0.88925540252527735  0.89986937895308439
  0.91215988896001787  0.92549589080375605  0.93867464959446389  0.95140725976865703
  0.96359798925461737  0.97561158026918327  0.98784028221369713  1.00000000000000000
 -0.00171168255423879  0.00385525803583254  0.00990862232884007  0.01620318124359084
  0.02268887877988855  0.03045230266054913  0.03844364200336108  0.04562023333381828
  0.05266684950460769  0.05917058117757436  0.06575082724075318  0.07231280141751222
  0.07879905589149599  0.08533380047013497  0.09169637722622560  0.09860593610266101
  0.10580456962897783  0.11340276712271333  0.12176646287542278  0.12885049845276803
  0.13509626691310603  0.14159118541581392  0.14769693052172322  0.15376912000302456
  0.16035812580870917  0.16836361799653646  0.17626066404030608  0.18376586053845473
  0.19033918839729477  0.19761438482022256  0.20546671369888117  0.21302802400940982
  0.22180713810429561  0.23222483168494440  0.24468990427868831  0.25712043832007297
  0.26866082743952929  0.28052387350479557  0.29276265453777889  0.30542644153702098
  0.31813288570539355  0.33095768904171802  0.34386786866011226  0.35719250622015153
  0.37119698058728079  0.38519101550776808  0.39875337774727987  0.41255589781206492
  0.42601009169521237  0.43968508772983317  0.45483608424205196  0.47097507226191371
  0.48652103952982673  0.50179483972814376  0.51620436858147345  0.52969449091784637
  0.54253337138475677  0.55516939900724149  0.56846816574157777  0.58250536841412148
  0.59586641977367971  0.61048969275873599  0.62588103560813069  0.64111572307641129
  0.65528284800795455  0.66958729633352310  0.68353160361053622  0.69751000886076031
  0.71190258077155932  0.72718303645485260  0.74162093320334777  0.75475405400251872
  0.76876504499145004  0.78088512187392611  0.79309343962824397  0.80457226915039415
  0.81698750586890445  0.82914791495060558  0.84133213272893514  0.85354211189859130
  0.86633698861461805  0.87933266504811280  0.89155648299462598  0.90255262615802667
  0.91316926377073138  0.92389782085339944  0.93400682761870824  0.94356210420641462
  0.95261799933718516  0.95984387587871700  0.96572716080321019  0.97151022519976471
  0.97715503851106655  0.98269361510173170  0.99126446797611434  1.00000000000000000
 -0.00260510540539090  0.01124087420824961  0.02324980934472740  0.03394735140728144
  0.04467173874873728  0.05483589630549792  0.06449543015362649  0.07418436213502060
  0.08380630665464386  0.09469498456394605  0.10559525721116540  0.11551614830779176
  0.12563046798964486  0.13610154656424886  0.14634916320969568  0.15661494142080487
  0.16721287630585852  0.17854673526009116  0.19036367274843025  0.20127797390365099
  0.21198468455612385  0.22302298489011035  0.23468252955145846  0.24663728318516093
  0.25814253068793935  0.26922302930143682  0.27997900285201788  0.29059672297184591
  0.30138480049396299  0.31305036206551345  0.32561898532860217  0.33812714031134172
  0.35016567621926609  0.36251976786384715  0.37457420920290752  0.38544815664552001
  0.39592549406926192  0.40635083840547642  0.41724776001245328  0.42832062860270059
  0.43882002052518460  0.44908339938634184  0.45895562163613918  0.46882791455769063
  0.47818141518450286  0.48718070977672739  0.49732677289181165  0.50800767230708965
  0.52023665800193053  0.52968568842537678  0.53931120320710868  0.54858090009730776
  0.55825199168042927  0.56860325369465170  0.57903481180074134  0.59020283564509857
  0.60131760047306160  0.61157822220489855  0.62187930848347606  0.63184031658195372
  0.64189338770358961  0.65181359006429673  0.66226326413708669  0.67332438945591311
  0.68462165381913642  0.69615002917128621  0.70856444855040368  0.72212183018407583
  0.73535732752812411  0.74760174681559055  0.75707448224171225  0.76767394223273178
  0.77795563618212438  0.78737916225593552  0.79803229369549267  0.80720040009775573
  0.81724398677388144  0.82738421294605535  0.83739392197448281  0.84693197955237509
  0.85722283324763993  0.86818035254691828  0.87904843125698418  0.88955195320791003
  0.89900902015443429  0.90694053574184497  0.91503156759265103  0.92326198221534495
  0.93119483505003653  0.93809896410703331  0.94483688261118737  0.95173631471166498
  0.96104767098063393  0.97471510584739329  0.98739174780080052  1.00000000000000000
 -0.00217747300037625  0.00943912940833841  0.01763710128298935  0.02565576227237559
  0.03432707170829707  0.04377341211307813  0.05258903196898290  0.05975913995831992
  0.06604177439799318  0.07261977460017686  0.08020531724575233  0.08853263289577687
  0.09772575239637347  0.10748883739565622  0.11623495876891084  0.12343805758494451
  0.13133733481866508  0.13932717371669434  0.14898680487864135  0.16075341331058901
  0.17341844928993932  0.18566405024349864  0.19632086734586274  0.20602313446042497
  0.21387564182415156  0.22199928825368501  0.23023078103780081  0.23897265962785405
  0.24796284390800363  0.25724892577373082  0.26569251489012247  0.27500642369044287
  0.28580553948620441  0.29624736472936675  0.30716053342029076  0.31855969727758704
  0.33022550780053483  0.34130568358692820  0.35120115817533276  0.36094402101480877
  0.37137455887777554  0.38379214121348465  0.39447368273561151  0.40419701924867563
  0.41284377928204657  0.42269328464913403  0.43315758630187062  0.44520085390296921
  0.45786148388682868  0.47073225700683069  0.48326134275110527  0.49607933316531017
  0.50888031897350416  0.52041083389903020  0.53165252808812880  0.54314504480258374
  0.55555400778851538  0.56784592171649195  0.58061620842687922  0.59371575308180646
  0.60709323475283161  0.61975548243704148  0.63149861298985566  0.64194511851541158
  0.65284800601931159  0.66436218015619097  0.67593641381225567  0.68754887718349444
  0.69851280662093107  0.71003353313663109  0.72162652378461889  0.73383761272224213
  0.74705044265738718  0.76017898131753070  0.77353429495082393  0.78621658663997029
  0.79769742652333553  0.80845241229822018  0.81975959147881650  0.83166486200462697
  0.84237054187125737  0.85283542439411109  0.86344912500446680  0.87307070474842974
  0.88223791082095226  0.89128313603918696  0.90160387807128972  0.91328862112380105
  0.92366022708806150  0.93357588763663946  0.94364409985634079  0.95451385595397542
  0.96541543581382483  0.97634540186714880  0.98797685638340893  1.00000000000000000
 -0.00255925551585662  0.01133516187148447  0.02101155108441227  0.03183829092504063
  0.04261662024948004  0.05490419674615341  0.06791407832496284  0.08065037649906978
  0.09262373679548355  0.10308706955050834  0.11399233583675779  0.12608396669845068
  0.13465596866230209  0.14273173670482814  0.15059080769995711  0.15732077706174738
  0.16518269099513669  0.17421721360623865  0.18441501843725477  0.19591337167120654
  0.20817968881047977  0.21994107824919712  0.23038375571570727  0.24049238068928955
  0.25061160748198452  0.26172199823988057  0.27258704916502968  0.28291775403626562
  0.29330741734483728  0.30443360307765360  0.31532689014527676  0.32545986348053263
  0.33547719638995693  0.34584876212608595  0.35632641047007674  0.36644594603202352
  0.37633964138216053  0.38617411010745734  0.39580350797666486  0.40545263578600027
  0.41527848598893857  0.42520106309855177  0.43520799416272499  0.44572790406853119
  0.45793010050975708  0.46928351197867563  0.48162832263209787  0.49412270848144901
  0.50688932084477656  0.51935758441422619  0.53243867060939176  0.54491922146947358
  0.55707434817746715  0.56681347785965608  0.57558855439398926  0.58404383563515128
  0.59154870824349737  0.59891135883446733  0.60600858762486909  0.61285045179391950
  0.62006481116609724  0.62869147310974305  0.64000803655113592  0.65103800322243999
  0.66122110161334036  0.67163466003092009  0.68255862147544233  0.69292736732180837
  0.70321262953752550  0.71399942479386558  0.72543266018871511  0.73719996065496374
  0.74900621446150828  0.76062067540341061  0.77229066542474523  0.78444219455689468
  0.79729703884847802  0.80961042083914070  0.82101395970928714  0.83219662019290530
  0.84434547284387851  0.85684213179328250  0.86881915630830409  0.87973264388139050
  0.88949558236167736  0.89870572241193691  0.90644934579274039  0.91410287432584258
  0.92308655128069539  0.93367753373416462  0.94501364064981563  0.95552771190545460
  0.96625989750352126  0.97774522541572995  0.98911329938746284  1.00000000000000000
 -0.00147802160060422  0.01044155236928362  0.02132570126503135  0.03166691585037159
  0.04106679401442613  0.05036886544585938  0.05932940269320994  0.06894132498026614
  0.08032485725263064  0.09149912244194877  0.10203334396572245  0.11194391902146324
  0.12149659883466671  0.13109723763154893  0.14190161889702702  0.15178712790479962
  0.16262118180808138  0.17264171234534365  0.18314762940714924  0.19400225449829209
  0.20575972538384685  0.21524054935837456  0.22355647174359286  0.23204514411329913
  0.23990121559770861  0.24895016590499455  0.25878588634082528  0.26845397983247254
  0.27898817850751079  0.29069646574625529  0.30269148874790364  0.31443077398054353
  0.32685334861592386  0.34013276827955907  0.35304897950856712  0.36486247152204482
  0.37518224324305421  0.38473766617002259  0.39444175629047934  0.40305840208137800
  0.41173681175186982  0.42103999042756179  0.43156776967630245  0.44351794543819589
  0.45601962007986113  0.46784816334150553  0.47864472977508055  0.48972077792157886
  0.50104743573573485  0.51315454284216311  0.52516052379232436  0.53678339517981277
  0.54827169432311385  0.55837999560033402  0.56805089865234315  0.57708925333742656
  0.58636679268009373  0.59629826153784848  0.60647244191035787  0.61762511121503849
  0.63080311544171208  0.64347031837001512  0.65485178160311130  0.66631430470635333
  0.67875617810150746  0.69169427463753008  0.70399980244780769  0.71609397970613764
  0.72798310451763237  0.73976266308837302  0.75102838359365642  0.76214887704587730
  0.77251235253035755  0.78119985316562002  0.79121058077976414  0.80124076890668561
  0.80978012233776764  0.81773176783240242  0.82524853676017929  0.83341698410690068
  0.84330778971225884  0.85344683264526078  0.86315968981385649  0.87314198958193401
  0.88416224168859481  0.89588423971431164  0.90789598173925412  0.92004481166940932
  0.93250048806771324  0.94474218501448881  0.95581939832155682  0.96554540571365077
  0.97350082117440639  0.98094684968478030  0.98960549462379699  1.00000000000000000
  0.56171798310422227  0.68130816923937809  0.70700420723478219  0.72859948594692336
  0.74943345900714498  0.76577577909379135  0.77880616176291695  0.78919060966690002
  0.79862493682961910  0.80722962199615411  0.81529932967418517  0.82368416944115563
  0.83213200368100082  0.83903766379402289  0.84537094192891171  0.85166547187875874
  0.85703103060218178  0.86178475518780417  0.86646901775202867  0.87134749240963316
  0.87623227038620699  0.88015818838232263  0.88365814199444337  0.88682108449450492
  0.89010489062599119  0.89361737057898960  0.89683550114623944  0.89994570391442297
  0.90304560138944112  0.90614655663489962  0.90906170169872247  0.91191109462641995
  0.91466883569086077  0.91730239450600526  0.91989340464236835  0.92254163728340755
  0.92521059150835172  0.92773870087571908  0.93005161770592037  0.93203025285359931
  0.93380355118545455  0.93551988497294636  0.93726800693918977  0.93908882558998419
  0.94082725122494903  0.94261423859231042  0.94438862097241250  0.94622676423877961
  0.94798192452518759  0.94964041196749349  0.95149069839726941  0.95339173643650754
  0.95508091380057714  0.95668955022258273  0.95817379667918334  0.95952051711746655
  0.96075546592109273  0.96191978265535494  0.96301488134088409  0.96405101970847007
  0.96521119615414230  0.96628020116623392  0.96735940578074842  0.96843713945597343
  0.96953127489176849  0.97059119679817851  0.97159118720085691  0.97259530338594169
  0.97364582061113591  0.97475110351327532  0.97585586318255169  0.97689135505790770
  0.97799176319613335  0.97906390665407506  0.97998957593908198  0.98084834334955018
  0.98168874594500266  0.98250047831289722  0.98329355027444609  0.98416965636076159
  0.98510534960674301  0.98597480732577314  0.98680537435001359  0.98767388996418815
  0.98857574472394083  0.98957443987104932  0.99052380474836166  0.99145992834966434
  0.99238668819341080  0.99326906872375575  0.99423170791009041  0.99520360476556480
  0.99620339657784518  0.99728492393029644  0.99855104144998796  1.00000000000000000
 -0.00778546086636060  0.12446148370889717  0.16043621206370554  0.18662193614257508
  0.20459528315176367  0.21847828816862411  0.23300756981734314  0.24867263991116215
  0.26498134185548672  0.27982098560671553  0.29460030095267170  0.30719402498435300
  0.31732126650546005  0.32698132214547027  0.33702856066968445  0.34832371549378272
  0.35871373676742546  0.36777715936304728  0.37502436740928424  0.38179417812055777
  0.38873896147313364  0.39521699367512181  0.40278508410688552  0.41177182639799592
  0.42106899529578273  0.42955789881700462  0.43730203887599328  0.44481618021214686
  0.45241538568896805  0.46069565703493437  0.46874364924306228  0.47626448689353956
  0.48334068108745354  0.48979092594240514  0.49667474350349811  0.50289519413533634
  0.50854880141688086  0.51327772140292649  0.51790905574261759  0.52246643315055852
  0.52710853689746784  0.53213344647711736  0.53783479168214110  0.54327806491389952
  0.54845505801455552  0.55316937861262416  0.55796202280199925  0.56308606009704443
  0.56877138780354553  0.57400735121456625  0.57907738623073046  0.58423289684491841
  0.58964047852927848  0.59521265936815693  0.60090001866789211  0.60680766394068097
  0.61300972617975735  0.61926369522538982  0.62515545594223021  0.63034377598203650
  0.63508688739961106  0.63975177793191318  0.64466983340197659  0.64948319765829732
  0.65427179942015390  0.65916744602519106  0.66442652077815956  0.67002796842967483
  0.67595411327299293  0.68158305403754071  0.68731722137538875  0.69340334229383027
  0.69975405670385504  0.70639717235522448  0.71344101330497400  0.72098161933915295
  0.72913937784058247  0.73698548358460847  0.74459989760288303  0.75136280896164753
  0.75817089025009610  0.76500699658550786  0.77178095236349553  0.77904701220397332
  0.78658887593031079  0.79528404434807043  0.80582630943791977  0.81762363056447351
  0.83059996378507317  0.84350410786727459  0.85523668735083491  0.86641664651103989
  0.88188281621859244  0.89986080536860791  0.92595521045387785  1.00000000000000000
   9.6451611590345582E-009  -1.0000000000000000     
 F F F F F F F F F F F F F F F F F F F F F F F F F F F F F F F F F F F F F F F F F F F F F F F F F F F F F F F F F F F F F F F F F F F F F F F F F F F F F F F F F F F F F F F F F F F F F F F F F F F F F F F F F F F F F F F F F F F F F F F F F F F F F F F F F F F F F F F F F F F F F F F F F F F F F F F F F F F F F F F F F F F F F F F F F F F F F F F F F F F F F F F F F F F F F F F F F F F F F F F F F F F F F F F F F F F F F F F F F F F F F F F F F F F F F F F F F F F F F F F F F F F F F F F F F F F F F F F F F F F F F F F F F F F F F F F F F F F F F F F F F F F F F F F F F F F F F F F F F F F F F F F F F F F F F F F F F F F F F F F F F F F F F F F F F F F F F F F F F F F F F F F F F F F F F F F F F F F F F F F F F F F F F F F F F F F F F F F F F F F F F F F F F F F F F F F F F F F F F F F F F F F F F F F F F F F F F F F F F F F F F F F F F F F F F F F F F F F F F F F F F F F F F F F F F F F F F F F F F F F F F F F F F F F F F F F F F F F F F F F F F F F F F F F F F F F F F F F F F F F F F F F F F F F F F F F F
  <DiscreteSampler_grid>
  grouped_processes
  1 # 1 for a reference and 2 for a running grid.
  10 # Attribute 'min_bin_probing_points' of the grid.
  1 # Attribute 'grid_mode' of the grid. 1=='default',2=='initialization'
  0.0000000000000000 # Attribute 'small_contrib_threshold' of the grid.
  0.5000000000000000 # Attribute 'damping_power' of the grid.
 # binID   n_entries weight   weight_sqr   abs_weight
    139   10   8.139507109438098E-006   2.049611138344250E-010   8.139507109438098E-006
    142   10   8.139507109438098E-006   2.049611138344250E-010   8.139507109438098E-006
    151   10   8.551676385845333E-006   2.486604074656769E-010   8.551676385845333E-006
    152   10   8.551676385845333E-006   2.486604074656786E-010   8.551676385845333E-006
    154   10   8.551676385845333E-006   2.486604074656769E-010   8.551676385845333E-006
    155   10   8.551676385845333E-006   2.486604074656786E-010   8.551676385845333E-006
    157   10   5.484095200343945E-006   7.410292471782917E-011   5.484095200343945E-006
    158   10   5.484095200343944E-006   7.410292471782947E-011   5.484095200343944E-006
    160   10   5.484095200343945E-006   7.410292471782917E-011   5.484095200343945E-006
    161   10   5.484095200343944E-006   7.410292471782947E-011   5.484095200343944E-006
    292   10   5.484095200343945E-006   7.410292471782917E-011   5.484095200343945E-006
    293   10   5.484095200343942E-006   7.410292471782947E-011   5.484095200343942E-006
    295   10   5.484095200343945E-006   7.410292471782917E-011   5.484095200343945E-006
    296   10   5.484095200343942E-006   7.410292471782947E-011   5.484095200343942E-006
    298   10   9.493952398923758E-006   2.972328199904909E-010   9.493952398923758E-006
    299   10   9.493952398923764E-006   2.972328199904932E-010   9.493952398923764E-006
    301   10   9.493952398923758E-006   2.972328199904909E-010   9.493952398923758E-006
    302   10   9.493952398923764E-006   2.972328199904932E-010   9.493952398923764E-006
    304   10   1.036483179751764E-005   3.682777684848878E-010   1.036483179751764E-005
    305   10   1.036483179751765E-005   3.682777684848905E-010   1.036483179751765E-005
    307   10   1.036483179751764E-005   3.682777684848878E-010   1.036483179751764E-005
    308   10   1.036483179751765E-005   3.682777684848905E-010   1.036483179751765E-005
    316   10   9.296222842053902E-006   3.227041157367679E-010   9.296222842053902E-006
    317   10   9.296222842053909E-006   3.227041157367706E-010   9.296222842053909E-006
    319   10   9.296222842053902E-006   3.227041157367679E-010   9.296222842053902E-006
    320   10   9.296222842053909E-006   3.227041157367706E-010   9.296222842053909E-006
    334   10   4.807546838621072E-006   5.987175348932096E-011   4.807546838621072E-006
    335   10   4.807546838621044E-006   5.987175348932015E-011   4.807546838621044E-006
    337   10   4.807546838621072E-006   5.987175348932096E-011   4.807546838621072E-006
    338   10   4.807546838621044E-006   5.987175348932015E-011   4.807546838621044E-006
    352   10   9.099298225706161E-006   2.886113897194513E-010   9.099298225706161E-006
    353   10   9.099298225706165E-006   2.886113897194534E-010   9.099298225706165E-006
    355   10   9.099298225706161E-006   2.886113897194513E-010   9.099298225706161E-006
    356   10   9.099298225706165E-006   2.886113897194534E-010   9.099298225706165E-006
    388   10   6.305317507989106E-006   1.134323586158874E-010   6.305317507989106E-006
    391   10   6.305317507989106E-006   1.134323586158874E-010   6.305317507989106E-006
    394   10   6.666952365902539E-006   1.399986733295925E-010   6.666952365902539E-006
    395   10   6.666952365902529E-006   1.399986733295932E-010   6.666952365902529E-006
    397   10   6.666952365902539E-006   1.399986733295925E-010   6.666952365902539E-006
    398   10   6.666952365902529E-006   1.399986733295932E-010   6.666952365902529E-006
  </DiscreteSampler_grid>
