  0.00000210363664533  0.00000220613075020  0.00000229014827534  0.00000237078887984
  0.00000245816276390  0.00000256542071486  0.00000266109872159  0.00000274459950936
  0.00000282209370406  0.00000291386752057  0.00000300943888519  0.00000312858444517
  0.00000323717083530  0.00000337766980099  0.00000351872407108  0.00000366368401016
  0.00000382432482167  0.00000399610230600  0.00000416745162828  0.00000433221501641
  0.00000449563864418  0.00000464630486946  0.00000479538994697  0.00000496286448798
  0.00000516055269092  0.00000533788687636  0.00000548714682586  0.00000563505893732
  0.00000579661195279  0.00000596818675419  0.00000615503792962  0.00000634751243181
  0.00000655407647934  0.00000676284286597  0.00000697359483428  0.00000721730907267
  0.00000748184433263  0.00000775173950844  0.00000802650698744  0.00000831282328605
  0.00000860622966026  0.00000886073165433  0.00000913108575221  0.00000939548424295
  0.00000967909779298  0.00000998112069799  0.00001028749447807  0.00001061795516170
  0.00001101400273011  0.00001146192466952  0.00001195013219306  0.00001247179057004
  0.00001300535470948  0.00001354205504081  0.00001409747306558  0.00001475704772494
  0.00001557449560957  0.00001643530881472  0.00001723357182986  0.00001804597503042
  0.00001893532889370  0.00001987879874167  0.00002085766667454  0.00002195042565467
  0.00002317169151957  0.00002441312995590  0.00002573743085406  0.00002686054518754
  0.00002807293887736  0.00002927410799141  0.00003064292302641  0.00003243402985854
  0.00003466404207779  0.00003702950070994  0.00003949941759963  0.00004238623980020
  0.00004659235118103  0.00005138859013290  0.00005631427250538  0.00006087060515627
  0.00006696841100093  0.00007420021531823  0.00008253662444458  0.00009315323044795
  0.00010601040244277  0.00012007071178602  0.00013692684191308  0.00016586109902637
  0.00021661594031934  0.00028897834538478  0.00041635646895253  0.00068371071668674
  0.00115976708037658  0.00212962437170094  0.17597810407660242  1.00000000000000000
  0.00430428846118762  0.00835308544074158  0.01502421789916643  0.02138048295596747
  0.02911683311278162  0.03876314241617974  0.05007782914077948  0.06139049710189776
  0.07227951532806870  0.08342415170413051  0.09471826157021242  0.10557192418621773
  0.11632623725649410  0.12684958853976833  0.13992335789239993  0.15358762963609709
  0.16755393123565393  0.18156145868083326  0.19413905280613070  0.20546305203171941
  0.21828231775519416  0.23043166700423667  0.24257214090135795  0.25615079178672689
  0.26946865902498474  0.28026150384163140  0.29025636515923392  0.30156734921248551
  0.31382114482663231  0.32657652536507320  0.33645569404589348  0.34734208157004171
  0.35940023606979560  0.37351468255505771  0.38899691432575939  0.40451754567570386
  0.41736177554480469  0.42805650913651094  0.43716547541998174  0.44482058023101728
  0.45252773263439450  0.45965606915197388  0.46735051834943769  0.47413974610771448
  0.48115699370426535  0.49029436352044037  0.49939736050551525  0.50929359394798679
  0.52139115583876139  0.53705244739832814  0.55466139818735083  0.56923026004283228
  0.58060202098010316  0.59120234690026885  0.59844453247827856  0.60605658720725741
  0.61437437948175544  0.62409491727860322  0.63705827849070706  0.65041383906491324
  0.66292527859508554  0.67332467242886185  0.68416895123059951  0.69279302440088431
  0.70165675033864960  0.71066190183014055  0.71969837323787555  0.72979114523065680
  0.74080290160479467  0.75157819044150698  0.76180489047860023  0.77193251483631153
  0.78055760800025831  0.78843173746308581  0.79795164780836036  0.80817972346937994
  0.81758402970153587  0.82728366052622127  0.83832327975900212  0.84993272306714307
  0.86033411202341148  0.86787992542194448  0.87598618339519763  0.88429415659386668
  0.89356082936210834  0.90494486988580369  0.91662109663078062  0.92730534559127953
  0.93718821802875296  0.94894710728722909  0.95973915260932707  0.96790708118995683
  0.97560273939183850  0.98426256644268084  0.99263997185394592  1.00000000000000000
  0.00000595539938479  0.00000656899054749  0.00000699683317445  0.00000734236153081
  0.00000766814908299  0.00000801821656581  0.00000840330270213  0.00000877336676346
  0.00000911907280499  0.00000934400836950  0.00000947604247997  0.00000960311039377
  0.00000973338521375  0.00000991711646821  0.00001009173480450  0.00001028596152844
  0.00001054409246130  0.00001087916014085  0.00001118114372305  0.00001149135152392
  0.00001182586832257  0.00001216979214426  0.00001244371623548  0.00001265980246475
  0.00001284749508818  0.00001306221571743  0.00001327868523590  0.00001353941933575
  0.00001380078073924  0.00001414231805240  0.00001443040286854  0.00001465594463315
  0.00001491406446028  0.00001520528307080  0.00001549653337348  0.00001578599901734
  0.00001604259652493  0.00001637938371098  0.00001676293757785  0.00001722519579723
  0.00001783281717273  0.00001849255059359  0.00001914583230421  0.00001984599603184
  0.00002052214639308  0.00002132153812630  0.00002224212944468  0.00002324847786714
  0.00002426576452257  0.00002528499463516  0.00002645657412702  0.00002775657279298
  0.00002922048157925  0.00003067368008060  0.00003216767956434  0.00003388631947236
  0.00003578535610710  0.00003779824505568  0.00004024100982487  0.00004310611766068
  0.00004603137578124  0.00004893193707871  0.00005249675123984  0.00005717917161892
  0.00006282182843133  0.00006951152184996  0.00007721658364906  0.00008714881233891
  0.00009884537036508  0.00011242958254723  0.00012811997626920  0.00015022237920301
  0.00017457643820131  0.00020324918209693  0.00023614479059553  0.00027172202537881
  0.00031050887089719  0.00035569367259820  0.00040289703567735  0.00045237746643422
  0.00053098422920975  0.00065277263736982  0.00078687301904032  0.00093789015116926
  0.00107998756637553  0.00122320704762427  0.00136992773809260  0.00161812255372215
  0.00191529987261239  0.00224747512166845  0.00294988889648066  0.00422088771383987
  0.00619585774313018  0.00968608226577833  0.04155254809789977  1.00000000000000000
  0.00000427441215682  0.00000564069306611  0.00000645285988535  0.00000702584066131
  0.00000751496824492  0.00000799562288560  0.00000855214233031  0.00000924667433348
  0.00001013548056413  0.00001101763641022  0.00001175028825669  0.00001247284496992
  0.00001320230886508  0.00001404873431980  0.00001515804794421  0.00001602455808306
  0.00001671525131298  0.00001732556231658  0.00001816236915579  0.00001906915933744
  0.00002000204861162  0.00002112180806817  0.00002210065161711  0.00002301394372180
  0.00002414281546904  0.00002535574073058  0.00002679181818672  0.00002837651503020
  0.00002999456914251  0.00003214519478736  0.00003422065812783  0.00003620554840025
  0.00003814137855203  0.00004005339739039  0.00004198002891450  0.00004403780054818
  0.00004599626562148  0.00004801000072411  0.00005010258350519  0.00005246395801511
  0.00005511652821318  0.00005839386040022  0.00006232392509377  0.00006676258629279
  0.00007162577867707  0.00007668160143612  0.00008140317618690  0.00008553826016081
  0.00008951382617669  0.00009391115125524  0.00009945195112762  0.00010589765450579
  0.00011273474872554  0.00011987189417479  0.00012762418773359  0.00013598107902470
  0.00014447596950117  0.00015365804233128  0.00016386364454263  0.00017724060657168
  0.00019190958901597  0.00020536875757875  0.00022051820403649  0.00023577918151404
  0.00024978131687621  0.00026126423032624  0.00027295655174075  0.00028865349383899
  0.00030705438185527  0.00033445722887870  0.00036111493799038  0.00038512770388687
  0.00041400281217201  0.00044231815358755  0.00048212235392182  0.00051871797892682
  0.00056712462216948  0.00061917952192134  0.00067460754982661  0.00074004970892922
  0.00083288663532919  0.00094966289608327  0.00108716644176623  0.00125572503699246
  0.00144826808269400  0.00166987804227002  0.00195638528622034  0.00228929542940569
  0.00257779573658866  0.00288693610294106  0.00332386477697125  0.00490853852217418
  0.00751905481667799  0.03395697491026745  0.06367416220711224  1.00000000000000000
 -0.00482377154596925  0.02175688782658397  0.04512344418435504  0.06650295420925960
  0.08908664571588557  0.11331764741837305  0.13727283579558772  0.16104509945503592
  0.18223608739930711  0.20206822493757259  0.22302985808873188  0.24640776040157461
  0.26759973875256182  0.28536096054516236  0.30122430305521125  0.31992533294589315
  0.34153764310215456  0.36005934206930512  0.37487704505540259  0.38902088827264453
  0.40435554022958209  0.42170133738467025  0.44136547782862934  0.45887053125113875
  0.47148080000114129  0.48427615050361866  0.49721343579248489  0.51623124685355304
  0.53714717729926409  0.55477897110883179  0.56912333480212551  0.58084195665346527
  0.59182512292424483  0.60289634474596965  0.61456229852956901  0.62692726751322092
  0.63950424592362753  0.64940878190394269  0.65842309191350212  0.66752485091487501
  0.67775052978983896  0.68888715163135550  0.69995617841986979  0.71163679754698084
  0.72446596496336457  0.73733912718937500  0.74855992889613121  0.75762964540398070
  0.76558193226038396  0.77307328087483695  0.78009410077523111  0.78746135408244200
  0.79390988117506534  0.79998527105989725  0.80556164777776407  0.81074405178207010
  0.81512520918566367  0.81906420850729278  0.82298069634710136  0.82735114808177690
  0.83317258917291326  0.83903246744490734  0.84460018994619601  0.85037234920405447
  0.85663356239402977  0.86284061563426084  0.86801444513665904  0.87187905377328756
  0.87575872862728055  0.87981795750335368  0.88427287024791545  0.88982592345779299
  0.89586071302270776  0.90075671314777139  0.90497045243305652  0.90916119846806909
  0.91317392991050506  0.91718122390933254  0.92096022336529282  0.92468584759932637
  0.92806800990931770  0.93142368984888602  0.93497860342130623  0.93876765530458106
  0.94248151741140862  0.94620579945846284  0.95096774482317092  0.95684041751053395
  0.96196264500317641  0.96718954035364801  0.97273568744380068  0.97794895257297032
  0.98304322531637112  0.98889737555599699  0.99463587876561199  1.00000000000000000
 -0.00296690898027361  0.01252483234971193  0.02451782950846159  0.03499763594201480
  0.04476885234444140  0.05405375971270046  0.06207071640464827  0.07057036577815295
  0.07859453847074450  0.08759325060147126  0.09918580891596035  0.11131090478668200
  0.12333845617146791  0.13571524214416547  0.15034898756212420  0.16507954208729211
  0.17873991528693034  0.19260602169290475  0.20566128737934158  0.21808716209523113
  0.22996442433710429  0.24100713170016261  0.25363576544626815  0.26708306764613909
  0.27834603931366503  0.29010672539961169  0.30232866534306757  0.31508151560973280
  0.32771706706019338  0.33974525432820663  0.35095260955110669  0.36112564207869030
  0.37108460113304292  0.38299994938057841  0.39438823603331546  0.40730645183332786
  0.41770926192433094  0.42718752771249685  0.43651392597717786  0.44635267479835916
  0.45695419689230971  0.47088612276736708  0.48338018560065560  0.49623920656597975
  0.50698359357251843  0.51707605877384633  0.52717002004057711  0.53676560044593524
  0.54445017011378638  0.55132899492114817  0.55863089194901794  0.56599197841194770
  0.57321228858644946  0.57919424379926143  0.58631876942143535  0.59480075633524998
  0.60580860643954348  0.61852479009194483  0.63024463744474002  0.64128945721057207
  0.65122942691721175  0.65991955108312494  0.66780966216479332  0.67579016870951292
  0.68503632968066230  0.69634422466289347  0.70966789563393562  0.72208790851224802
  0.73201715080553431  0.74122197547168023  0.75002357774880912  0.75920726953635698
  0.76873643084717935  0.77862243581748547  0.79004922160390734  0.80293734059064481
  0.81465568264316535  0.82351115448675605  0.83285532794409034  0.84234352265716239
  0.85277318760750509  0.86549228496118591  0.87631455947341264  0.88508439987769827
  0.89221218849775663  0.89907561002876324  0.90704689300937336  0.91710623677840875
  0.93047781453478096  0.94171546819107754  0.95259121653484113  0.96317616903525527
  0.97257809769910997  0.98146384043131729  0.98992147375986084  1.00000000000000000
 -0.00453325369639758  0.02059048404504465  0.03586885502373969  0.04860754085054773
  0.06049398978891910  0.07257002765721525  0.08633784880683547  0.09822059848826410
  0.10721288605791296  0.11670334703514765  0.12700071666817131  0.13806583593964444
  0.14772077976744027  0.15703207366905758  0.16785924407890571  0.17813915182691709
  0.18552376457562419  0.19119852240047214  0.19766995410268273  0.20743675840464065
  0.21848709929266893  0.22847904172507350  0.23928137862707244  0.25221985651604301
  0.26545906035116512  0.27871052899548238  0.29235276157621476  0.30399550877849962
  0.31585935215146338  0.32776878047273778  0.33936539029874840  0.34979679052838819
  0.36046540199687016  0.37046092320455837  0.38003688300433597  0.39026974421342930
  0.40159920173758912  0.41277172636253739  0.42497262627212601  0.43633632620412094
  0.44671531169123102  0.45626923125078123  0.46668675880013244  0.47963234478397110
  0.49402860464584902  0.50419226459971767  0.51289577817770238  0.52114097523783631
  0.53128056741457552  0.54489602849666685  0.55936854286976223  0.57329609264321280
  0.58492338513083197  0.59334191430252237  0.60089963670450919  0.60888291467537137
  0.61759535247665864  0.62770999227786961  0.63694023152228529  0.64618702724551214
  0.65657624681678484  0.66968013688977523  0.68359952259660939  0.69486626911595006
  0.70417665548348252  0.71157468850720740  0.71930889820221755  0.72798943650352388
  0.73761391550763089  0.74763680876163985  0.75906336005663944  0.77133476338568874
  0.78417734358347757  0.79798689469908191  0.81056361122089371  0.82297642272612104
  0.83497611588328424  0.84446964453944018  0.85233173528452821  0.86131789071848563
  0.87042101621623724  0.87909240886067452  0.88924701968441555  0.89919156395123601
  0.90762541525062934  0.91532692373896440  0.92354477777235611  0.92980820514342111
  0.93944371299526408  0.94736140139808445  0.95612869535140521  0.96612605177092714
  0.97550801693012756  0.98390824689025724  0.99249965483517832  1.00000000000000000
 -0.00248718943547619  0.01016597105421312  0.01822759694295790  0.02586448280692044
  0.03374882361205711  0.04244834121541227  0.05206791072138580  0.06255093268300344
  0.07262187945712115  0.08191695755354030  0.09038442936104210  0.09819495067027149
  0.10627197372076974  0.11574514224015994  0.12639474635954842  0.13501156257757477
  0.14273884297368025  0.14924882859336769  0.15735366901044123  0.16599321207057105
  0.17563751180165646  0.18572242172942310  0.19493182719929622  0.20243316095984926
  0.21045007786092007  0.22125010277262444  0.23314818882791946  0.24208514013957996
  0.25120564415257984  0.26083041669492346  0.27118883707460689  0.28737245388501004
  0.30569801998855667  0.32037009342811978  0.33135382030277694  0.34048761173587833
  0.35008771781418968  0.36101678703228302  0.37184887049030069  0.38153011338198323
  0.39079990002141857  0.40006548609833459  0.40938255152684444  0.41839393397546415
  0.42836905139262543  0.43896809675832837  0.45047295362426731  0.46319562805967718
  0.47699111454012449  0.49083287101484019  0.50341851003829663  0.51471825749041999
  0.52586978652990823  0.53784654914156960  0.55066792565562017  0.56364908821358461
  0.57619408237283509  0.58861382207448998  0.60083394112293975  0.61268504870601526
  0.62568605410027467  0.63821438889182558  0.64911328052349593  0.65894835819734576
  0.66762938277783523  0.67646648935945275  0.68551781752170582  0.69465581315719271
  0.70333621052036355  0.71198473486894598  0.72157492498701470  0.73340914969696380
  0.74686287989755484  0.76087734973275933  0.77496515939919153  0.78901730315703611
  0.80246899194996657  0.81531902099672338  0.82727613162644587  0.83792129652603209
  0.84686795743743493  0.85625638268156479  0.86613592730487965  0.87576275902258427
  0.88535240914674873  0.89509636823583005  0.90612356942777050  0.91853053802881091
  0.92953790993454755  0.93832219425088903  0.94718354633624746  0.95596973761336834
  0.96497649661908280  0.97522300401822160  0.98483629382926252  1.00000000000000000
 -0.00234449906064588  0.00942519742705019  0.02187280307165707  0.03312892233255779
  0.04547476101373003  0.05791415686420889  0.07011574209616804  0.08268615967445343
  0.09585437174755376  0.10768427291244680  0.12010737465275238  0.13191346176946681
  0.14257739490181295  0.15281204811075347  0.16310827451652879  0.17284655508885613
  0.18099897209174717  0.18838758018998014  0.19709993745690002  0.20778099198610389
  0.22117415267430279  0.23336225890355095  0.24462368316797037  0.25489746213626452
  0.26700895841069744  0.27945634879901471  0.29055588487728851  0.30043350389915496
  0.31000062849203214  0.31935618368501878  0.33018265280190712  0.34243528306393634
  0.35485339442451719  0.36716475247384350  0.37904242513296849  0.38959313714821237
  0.40220657143463373  0.41301871664942330  0.42303765562524087  0.43231566383761322
  0.44037230555084522  0.44706578411994929  0.45414847475577930  0.46259816945502535
  0.47357812963711915  0.48409470882665978  0.49387097926082479  0.50294816382079677
  0.51094878940673327  0.51830974376027417  0.52504607023723004  0.53338047892915330
  0.54405327609135712  0.55462338485204199  0.56513614767918052  0.57685003348073993
  0.58758575604036545  0.59910590982374989  0.60834795921419471  0.61790101364842354
  0.62815512093425452  0.64031170320407582  0.65256022665671087  0.66374567816439589
  0.67348290888080398  0.68279719794183169  0.69311975560734673  0.70585884219179018
  0.72102339683775640  0.73322539108324591  0.74355774577894740  0.75437509346904030
  0.76621625398205040  0.78052773270249576  0.79360959512699902  0.80434134870906482
  0.81462230462063667  0.82586339136116460  0.83981947060011886  0.85387424478104834
  0.86469271561073979  0.87448256755590970  0.88312596094064499  0.89176531784877255
  0.89994645044002253  0.90713658501887584  0.91519207902504951  0.92632471991760545
  0.93977713838525712  0.95220383179138846  0.96148746515628991  0.96881031550981578
  0.97582269084671347  0.98230795931783543  0.99142752580353011  1.00000000000000000
  0.00001168183479182  0.00002834740320633  0.00005372674863728  0.00008528296856164
  0.00012573371479013  0.00016583151523684  0.00020571795817935  0.00024973497623968
  0.00029534860307242  0.00034258903456854  0.00038909038701312  0.00043747777243435
  0.00048578745770407  0.00053300840605556  0.00057816333119786  0.00061993600575947
  0.00065953675289730  0.00070166499448586  0.00074619304029914  0.00079600141414328
  0.00084468253422988  0.00089296104464427  0.00094281479585608  0.00099308286914287
  0.00104147681402341  0.00109327977455382  0.00114756952427500  0.00120163076948523
  0.00125843780692956  0.00131978249021292  0.00138620892515532  0.00145541981403453
  0.00152469021349961  0.00159650622545153  0.00166273906258673  0.00173365646631373
  0.00180723167787517  0.00188741695405095  0.00197425742662280  0.00206573409010840
  0.00216265424275172  0.00226665207650489  0.00237349353081377  0.00248091070079597
  0.00259594413762587  0.00269967633523485  0.00278923726643130  0.00286944941864747
  0.00294267798529840  0.00300208788086243  0.00305677255528504  0.00311876969971423
  0.00320625606602937  0.00328959856934584  0.00338279823199632  0.00348852444776265
  0.00358693930610094  0.00368433926660637  0.00378458665860303  0.00390064461532507
  0.00403810569510159  0.00417276944250072  0.00432292266394812  0.00452909501183084
  0.00467809938921217  0.00484285841276955  0.00502231770451517  0.00523163983570965
  0.00550437569060418  0.00580946101302543  0.00610023636015094  0.00637918147078961
  0.00669432933769794  0.00702062505669076  0.00757194020930305  0.00815844984373450
  0.00856072278967052  0.00883770963085476  0.00905259371718670  0.00926108644135170
  0.00960703340352563  0.01001851302744516  0.01079468249624158  0.01169767137025298
  0.01269131942787197  0.01412014471985591  0.01606628847231832  0.01787365915572786
  0.01967842361676796  0.02178384644089757  0.02523895382002172  0.02852301662081977
  0.02995888827176331  0.05409367943488137  0.09099826129224400  1.00000000000000000
 -0.00165061751196388  0.00578810227136153  0.01278257328688264  0.01966618465222782
  0.02701468399401840  0.03631763099220239  0.04758814171885816  0.05843132793586452
  0.06678040140478916  0.07558162971867192  0.08463566671153186  0.09338890897663631
  0.10304517136696291  0.11469015538286795  0.12782615171917192  0.13917620146850485
  0.14891127866773873  0.15849366093960618  0.16810222170273950  0.17711454036322843
  0.18546868539924530  0.19406963849575010  0.20213654019482216  0.21022797439367810
  0.21795086251535897  0.22652282118087294  0.23507049692546964  0.24637172820099182
  0.25991955711188391  0.27246022518643931  0.28407130244859535  0.29485429716429579
  0.30604997753623692  0.31669000992463248  0.32522860488727340  0.33191463811171351
  0.33822265766191228  0.34440030930166693  0.35051837597854835  0.35892552657285404
  0.36866830822089297  0.37903244500641448  0.38990112084255441  0.40161554786414605
  0.41398011437702514  0.42932942813673097  0.44685390686568299  0.46653524751156306
  0.48640649530291280  0.50172967387255607  0.51434583382353016  0.53151448919132904
  0.55038948650533959  0.56786091979691111  0.58626627168889023  0.60413527277704437
  0.62043502326491451  0.63468434395894413  0.64710799659334695  0.65931812025255931
  0.67212299296248912  0.68586071121875392  0.69870612249055630  0.70955007932784386
  0.71915348789733413  0.72919776383706880  0.74021595601056811  0.75114880958284547
  0.76156504668352853  0.77114539811184490  0.78096779347847822  0.79167923735558998
  0.80292206221055695  0.81126958792206316  0.82084227271119292  0.83031396471209162
  0.83827752681725520  0.84879278399250535  0.85853780487845022  0.86910473602210658
  0.87962417687291872  0.88836641458069543  0.89592271440081583  0.90303594001019205
  0.90999615589834215  0.91810258106342690  0.92661894067402151  0.93518657063232480
  0.94332319118182406  0.95079080777571567  0.95840716689307315  0.96697323137405622
  0.97594383462044476  0.98431691843168156  0.99220051731644021  1.00000000000000000
  0.52220361244270352  0.58822655638171339  0.61569276166428155  0.63224773057473937
  0.65560557829397670  0.67540461322427370  0.69087067160257909  0.70817995096412700
  0.72465994824425473  0.74046745402345482  0.75057505048169260  0.76109410466133565
  0.77327827154226225  0.78383763844207466  0.79276259727412823  0.80081993721053613
  0.80824893265306619  0.81562220914209038  0.82236051632044971  0.82872080989155972
  0.83522365275845623  0.84174639709687649  0.84863842793912425  0.85553577141989645
  0.86168817540902620  0.86674044639187586  0.87134289849158097  0.87518638781606295
  0.87860725485749380  0.88226272883714618  0.88629988261854908  0.89079161095700432
  0.89465569091672370  0.89822012397263740  0.90150536191349240  0.90476090441265722
  0.90792977479112491  0.91070431781652517  0.91316721878612117  0.91577696297284672
  0.91854423320853151  0.92158520133105415  0.92399762347248704  0.92579055716543657
  0.92762957481003339  0.92969999444644069  0.93155250211530416  0.93349095908316670
  0.93533417411644515  0.93731952485952164  0.93971961225081790  0.94224174896051716
  0.94468589287299476  0.94681216891542519  0.94854209145991708  0.95016950880497664
  0.95182958254352679  0.95344881421683647  0.95505124200561520  0.95655965478745486
  0.95806974074795914  0.95976735066749519  0.96140275815549769  0.96302388224413726
  0.96464254600562083  0.96614351446464763  0.96756488533539231  0.96895522643060450
  0.97063795863628921  0.97199597774465529  0.97323107226417926  0.97448002795646382
  0.97584157636625968  0.97728155496339086  0.97871544883377015  0.98001581895345957
  0.98150829935750006  0.98273345656860656  0.98391055147372020  0.98503959707064837
  0.98603423621586106  0.98706433561672469  0.98804307497584776  0.98906502009404873
  0.99025111018646383  0.99151868514510622  0.99271796509024712  0.99388560402738002
  0.99477640583152982  0.99548742372011678  0.99616842613001777  0.99685597343261345
  0.99755441978983317  0.99825170127472074  0.99911918154116275  1.00000000000000000
  0.05127749291364340  0.15743317642132973  0.19413993839697735  0.21283709168034665
  0.23235908179572301  0.24978213656415726  0.26569499238904476  0.28056420327979092
  0.29597113567694561  0.31027346164878578  0.32095522863737030  0.32928532434400082
  0.33598745518031609  0.34246650386771293  0.34936192205816691  0.35591462136412277
  0.36242288813045748  0.36897438260023069  0.37461062183896970  0.37998449148002772
  0.38485346750258514  0.39070988736599188  0.39658623049525266  0.40296504592600080
  0.40951454779575991  0.41692545825879018  0.42396315251154315  0.43028496434161773
  0.43615445554461119  0.44168567228087713  0.44755177819549014  0.45330587531511196
  0.45929721179864369  0.46536402906606106  0.47111047199989609  0.47732315607548376
  0.48336798749648724  0.48907462179256767  0.49456387585704403  0.49964767981827646
  0.50451560537526829  0.50999032382112919  0.51579911110837051  0.52126181919751746
  0.52661819555917244  0.53116448969167751  0.53619154966454208  0.54163637055095548
  0.54807405478772819  0.55389385206298336  0.55927972070472254  0.56391369366392741
  0.56740124488724630  0.57047768264232501  0.57368458309524095  0.57796024583099603
  0.58261155534137721  0.58681054358253926  0.59067928029270278  0.59503394407549426
  0.60047603451169973  0.60636605764855755  0.61212098971467344  0.61752413256421013
  0.62286145152724348  0.62878348547402108  0.63547806815531893  0.64264804183283231
  0.64872195212221229  0.65405037241145758  0.65908748421080299  0.66390507246029684
  0.66977427449132221  0.67588968111810455  0.68261133277575536  0.68942657808230423
  0.69535156406255338  0.70121735060668688  0.70727475260650408  0.71324008520274995
  0.71915341548586653  0.72543331334345174  0.73327964820311187  0.74383044704263201
  0.75591116012004700  0.76676598011842656  0.77511508853551958  0.78240938310157759
  0.78958189588680061  0.80072072708221842  0.81690042688878017  0.83235586723357402
  0.85025586089022032  0.86963587718016133  0.90323280037178499  1.00000000000000000
   6.1304125672909653E-006  -1.0000000000000000     
 F F F F F F F F F F F F F F F F F F F F F F F F F F F F F F F F F F F F F F F F F F F F F F F F F F F F F F F F F F F F F F F F F F F F F F F F F F F F F F F F F F F F F F F F F F F F F F F F F F F F F F F F F F F F F F F F F F F F F F F F F F F F F F F F F F F F F F F F F F F F F F F F F F F F F F F F F F F F F F F F F F F F F F F F F F F F F F F F F F F F F F F F F F F F F F F F F F F F F F F F F F F F F F F F F F F F F F F F F F F F F F F F F F F F F F F F F F F F F F F F F F F F F F F F F F F F F F F F
  <DiscreteSampler_grid>
  grouped_processes
  1 # 1 for a reference and 2 for a running grid.
  10 # Attribute 'min_bin_probing_points' of the grid.
  1 # Attribute 'grid_mode' of the grid. 1=='default',2=='initialization'
  0.0000000000000000 # Attribute 'small_contrib_threshold' of the grid.
  0.5000000000000000 # Attribute 'damping_power' of the grid.
 # binID   n_entries weight   weight_sqr   abs_weight
    55   10   1.289803203284437E+001   1.584093568413963E+003   1.289803203284437E+001
    58   10   1.294927527665912E+001   1.586808566700121E+003   1.294927527665912E+001
    59   10   1.294927527665912E+001   1.586808566700120E+003   1.294927527665912E+001
    76   10   1.503739235922606E+000   7.913908997323706E+000   1.503739235922606E+000
    77   10   1.503739235922605E+000   7.913908997323702E+000   1.503739235922605E+000
    85   10   1.694132578290941E+000   9.671742603000343E+000   1.694132578290941E+000
    86   10   1.694132578290941E+000   9.671742603000338E+000   1.694132578290941E+000
    88   10   1.725651561432672E+000   9.841640858461405E+000   1.725651561432672E+000
    89   10   1.725651561432672E+000   9.841640858461405E+000   1.725651561432672E+000
    91   10   8.525940343392392E-001   2.624366641638502E+000   8.525940343392392E-001
    92   10   8.525940343392392E-001   2.624366641638503E+000   8.525940343392392E-001
    94   10   1.404098165303937E+000   7.535126688129606E+000   1.404098165303937E+000
    95   10   1.404098165303936E+000   7.535126688129608E+000   1.404098165303936E+000
    142   10   8.525940343392392E-001   2.624366641638501E+000   8.525940343392392E-001
    143   10   8.525940343392392E-001   2.624366641638502E+000   8.525940343392392E-001
    148   10   1.442476225250832E+000   7.511010830994405E+000   1.442476225250832E+000
  </DiscreteSampler_grid>
