  0.00350218712876091  0.01257981834934863  0.02365103912593230  0.03446202840577475
  0.04471606569109974  0.05493069841603185  0.06522112728482093  0.07512982932258078
  0.08498406891653627  0.09494603926947946  0.10479063148252553  0.11485069323087641
  0.12481838316120335  0.13505095580377122  0.14530378837000987  0.15538163658303547
  0.16555083835423429  0.17540922061848219  0.18527741711154888  0.19611299564160464
  0.20746999665375512  0.21918412133755294  0.23028806096334178  0.24100679007857859
  0.25118997757122580  0.26158561938379216  0.27227760117893851  0.28374292687386343
  0.29523373670182512  0.30677587780717908  0.31762840702992229  0.32821250362919269
  0.33883278695926766  0.34920534969519207  0.35939256113455265  0.36919597227168205
  0.37913694975638962  0.38967425204188344  0.40090660059799504  0.41244715972380491
  0.42377211029035672  0.43504469090967385  0.44590633087069947  0.45635743102733745
  0.46670951966828117  0.47707936720758037  0.48713724196572172  0.49674483723547380
  0.50630413732602564  0.51613900134033508  0.52629152203825291  0.53666237972048336
  0.54689158917910019  0.55699109385049650  0.56744408953102043  0.57792487396097014
  0.58822489563247216  0.59872459980155179  0.61002378950582381  0.62183914783434835
  0.63318562683487001  0.64419370905743500  0.65526986290129252  0.66618327709137859
  0.67678918768297958  0.68740144844471329  0.69799732172925655  0.70863863927530646
  0.71929295419884920  0.73012934145893305  0.74102001787500804  0.75161125852858024
  0.76214322415559044  0.77259100569954897  0.78273527968837875  0.79308401148659657
  0.80258994567674724  0.81226411143293342  0.82142336620791878  0.83102766227692348
  0.84046197241074772  0.84968865644957703  0.85937912745317346  0.86973256181644820
  0.88050378665473839  0.89103856907078671  0.90180645576785090  0.91274891760089361
  0.92336041614123476  0.93352046986373893  0.94416015970513467  0.95528513468331100
  0.96580736987922144  0.97639890974343557  0.98735041495981746  1.00000000000000000
  0.00001803351713504  0.00003074094944315  0.00003429075750082  0.00003785210669842
  0.00004238222735137  0.00004680428449264  0.00005065068332562  0.00005407874033956
  0.00005727885986958  0.00006025879051629  0.00006306702383253  0.00006575405167976
  0.00006843287966393  0.00007118005915972  0.00007403637635378  0.00007682763004865
  0.00007971748720475  0.00008268310621677  0.00008563074882218  0.00008861931944791
  0.00009178315678548  0.00009512753409375  0.00009850884600380  0.00010179230617095
  0.00010521407173456  0.00010869638848125  0.00011213865765124  0.00011558911896218
  0.00011912223527953  0.00012280577432929  0.00012670392150846  0.00013068276666433
  0.00013453788679736  0.00013855539593484  0.00014269395419608  0.00014698502037658
  0.00015168319421831  0.00015653516961568  0.00016157958756175  0.00016635887318875
  0.00017123162661906  0.00017625323846572  0.00018162262928300  0.00018729927981973
  0.00019316446333654  0.00019969531609476  0.00020648229056612  0.00021339412555871
  0.00022026698598584  0.00022774559550377  0.00023604185701693  0.00024470080367104
  0.00025346925367855  0.00026297274244424  0.00027320572264113  0.00028430909771351
  0.00029635894607828  0.00030905487835042  0.00032141756186995  0.00033369853222018
  0.00034671321741583  0.00036061992187602  0.00037515442530781  0.00039029927259271
  0.00040614782924303  0.00042369948711643  0.00044307145623795  0.00046375659445770
  0.00048628208551514  0.00051054558585791  0.00053633889615109  0.00056336757741679
  0.00059216955007766  0.00062380426241148  0.00065713691470899  0.00069124687966893
  0.00073108258371548  0.00077841300518820  0.00083897362388818  0.00090391721560754
  0.00097510171241360  0.00105620108583223  0.00114051733083464  0.00123441175939511
  0.00134283253527542  0.00146890009219399  0.00159919925686354  0.00176148143893916
  0.00196343520735339  0.00222669988222006  0.00258711787519065  0.00318282516765388
  0.00442288114177893  0.00785878519362526  0.32825069850893046  1.00000000000000000
  0.00006608111409386  0.00007979316978539  0.00008630327751996  0.00009174945262225
  0.00009706753012719  0.00010232685672777  0.00010773189514190  0.00011309625485386
  0.00011873582218805  0.00012448749685060  0.00013027621084588  0.00013617148967440
  0.00014229039949044  0.00014853679913343  0.00015484674827086  0.00016139456756108
  0.00016779214679978  0.00017415000858873  0.00018133386868374  0.00018857920098592
  0.00019594090619346  0.00020368115432907  0.00021159469482501  0.00021965094296859
  0.00022815573079331  0.00023725946970778  0.00024675998339917  0.00025657972015663
  0.00026686723380687  0.00027706932295173  0.00028748204688430  0.00029816444923635
  0.00030896844908478  0.00032000853050389  0.00033165688936603  0.00034446105726591
  0.00035814179675215  0.00037152888890747  0.00038507513705654  0.00039939296995110
  0.00041440851895752  0.00043036835608225  0.00044744981785946  0.00046592233597237
  0.00048331033011179  0.00050055184765608  0.00051855106813855  0.00053744159471650
  0.00055655199758280  0.00057835246706676  0.00060096173749803  0.00062395633008214
  0.00064883951144769  0.00067639227963405  0.00070449020892809  0.00073483245482586
  0.00076855448100856  0.00080485265786444  0.00084346108895718  0.00088478404260624
  0.00092805887817269  0.00097351211190476  0.00101922647587181  0.00106652777894417
  0.00111554661668674  0.00116743198993009  0.00122581402255013  0.00129686529706922
  0.00137537647516348  0.00146004155301192  0.00154176078065080  0.00162956150285447
  0.00172618988815237  0.00184597110825872  0.00198153563581863  0.00212369049834535
  0.00227353970309486  0.00244645599827204  0.00263576751346710  0.00280359370867440
  0.00296218664499703  0.00314142261546169  0.00336973355391178  0.00366003424553391
  0.00393585048913647  0.00428128098841450  0.00468757145568634  0.00512553303377427
  0.00561358912089463  0.00620785638931988  0.00712051459090244  0.00895992278158548
  0.01312715309093169  0.01993243011918656  0.36462508292194867  1.00000000000000000
  0.00000320931050303  0.00000333447840076  0.00000345781955353  0.00000359590907540
  0.00000375033177503  0.00000391102536309  0.00000406560269679  0.00000422307436940
  0.00000437336644723  0.00000452922071462  0.00000469127849825  0.00000486231837015
  0.00000505659219056  0.00000528823689782  0.00000555033751273  0.00000581495513214
  0.00000608388828702  0.00000635386330287  0.00000662639833570  0.00000692343563238
  0.00000724480786063  0.00000757658047717  0.00000790334800569  0.00000824213604916
  0.00000862898307129  0.00000905347151894  0.00000953724791310  0.00001004330378323
  0.00001056175489330  0.00001110978700013  0.00001176573437863  0.00001240358314244
  0.00001309280771092  0.00001382840117028  0.00001461901835539  0.00001548447147524
  0.00001636104376892  0.00001722800293384  0.00001812430059606  0.00001912703027121
  0.00002022643963479  0.00002142554940523  0.00002264413993330  0.00002395236885132
  0.00002543953961991  0.00002700714944989  0.00002871152638100  0.00003045669392641
  0.00003237527244177  0.00003442030463724  0.00003665290093276  0.00003907218050871
  0.00004167050356925  0.00004447840817791  0.00004752302559521  0.00005075838235333
  0.00005427248415977  0.00005816478015448  0.00006239588958097  0.00006693738301993
  0.00007182529215645  0.00007716505171529  0.00008310556825630  0.00008957918977154
  0.00009667644966317  0.00010408978403968  0.00011220013640997  0.00012118354132293
  0.00013109511254572  0.00014257576292318  0.00015493659825047  0.00016880250230384
  0.00018410674050321  0.00020066331877268  0.00021924410215497  0.00023970936389778
  0.00026265762661958  0.00028656539165747  0.00031408405613013  0.00034767272417793
  0.00038962141577764  0.00043892511879940  0.00050265223496615  0.00057813567086939
  0.00066056970947509  0.00075150892144842  0.00085632182306847  0.00099159494777326
  0.00116123111079508  0.00138770693678290  0.00180033467387826  0.00246008302138148
  0.00335565529602178  0.00472818086847702  0.09936630202753102  1.00000000000000000
 -0.00248701070468896  0.01115936064648778  0.02281809211949817  0.03453534745422641
  0.04600261819091994  0.05837151637142558  0.07045848492816979  0.08212728534609499
  0.09337428981912847  0.10403113482337646  0.11390378337139442  0.12348464504801279
  0.13336109099295307  0.14347306660552414  0.15349262922998291  0.16312757186828603
  0.17267048767476442  0.18237202846353542  0.19239295366826842  0.20258580519109032
  0.21269456203969622  0.22319356364257040  0.23371571051471784  0.24446153826778549
  0.25513883432018947  0.26581675129847682  0.27649295799023660  0.28705606635433278
  0.29790794980159291  0.30872877316555553  0.31982016906351407  0.33066130738026589
  0.34102481509686677  0.35082000309363454  0.36010042520447028  0.36936106846158434
  0.37943305026139290  0.39020115418758000  0.40039164311990388  0.40959587570768791
  0.41875795967539048  0.42873383366605022  0.43920860930078465  0.44972218013324200
  0.45981997025135590  0.47019892866822510  0.48035977913044531  0.48992014074043172
  0.49943618651828936  0.50885547480033488  0.51816943163810569  0.52792200574510351
  0.53785656109138003  0.54863031783348182  0.55917450381490597  0.56944641311223410
  0.57929696248187201  0.58913950341758647  0.59929338388957243  0.60924135072613061
  0.62003105152354721  0.63043697349964056  0.64098959825790003  0.65146521799217427
  0.66155392601041063  0.67129506252887761  0.68109095671905828  0.69135105277901499
  0.70150431745697406  0.71124891428759873  0.72059904376531125  0.73043305970024464
  0.74028335137754775  0.75013312908820051  0.76068150577024796  0.77173344119090082
  0.78323019857189924  0.79455682689637486  0.80561607212906960  0.81651889746013584
  0.82725571281184651  0.83802787809280921  0.84933563979249771  0.86059253420788162
  0.87167886830956787  0.88279537217693660  0.89375331644319833  0.90463074507793662
  0.91541326063597983  0.92654495696362005  0.93806792706330611  0.94996178458431957
  0.96235261494401958  0.97466132465485955  0.98729474132481487  1.00000000000000000
 -0.00247390096517508  0.01165471693491439  0.02329887502233275  0.03453212429440924
  0.04562372286420227  0.05686053072926189  0.06785379284463526  0.07996693430954648
  0.09057396223646580  0.10128911907828510  0.11084348916987938  0.12040739392340243
  0.12994069757474161  0.13976020817427995  0.14971010876447494  0.15954697163207213
  0.16967460617628399  0.18047660296912432  0.19141045169401244  0.20173061621803023
  0.21180764740007949  0.22196069296255960  0.23222028022813573  0.24242766400512089
  0.25298644933628056  0.26369510914564986  0.27423951574852351  0.28461071748402694
  0.29509875837621180  0.30551644618010732  0.31571074335036886  0.32555460147117893
  0.33594599741053210  0.34718196725476980  0.35840625833806994  0.36925145017728517
  0.37982268581635509  0.39101437355179430  0.40251636144920527  0.41432570211807013
  0.42566172451973133  0.43650820980389959  0.44726293871201994  0.45797997810725766
  0.46856708345209030  0.47849876916671436  0.48795511232191230  0.49769673517619817
  0.50769087890572617  0.51785783980404865  0.52808426935913810  0.53807662227541631
  0.54821137853562463  0.55841566616184801  0.56866787132450236  0.57865625965727419
  0.58814457493866557  0.59770428832538425  0.60757081092545351  0.61786999191649261
  0.62806973531631316  0.63811590179592503  0.64815003500475565  0.65803723099372879
  0.66799689606432744  0.67793434557492305  0.68829335717576723  0.69888945168768202
  0.70936580111265146  0.71979707717384767  0.72991129234983609  0.74003568582021972
  0.74993832728401255  0.76007400510202727  0.77042886662233867  0.78117395855736738
  0.79224385254537910  0.80374023641873626  0.81548079381022631  0.82691407059408029
  0.83805941859797684  0.84906386820949464  0.85998502489291062  0.87075777846638014
  0.88142698864841373  0.89219397567720127  0.90238962876055129  0.91269564047338159
  0.92322635936110042  0.93408325474663878  0.94480471506805974  0.95536443785299718
  0.96587718181812776  0.97668455967682077  0.98817635234567724  1.00000000000000000
 -0.00178026988363734  0.00668090921850655  0.01401466044969183  0.02111022085250208
  0.02843789601716522  0.03628837870520638  0.04485057402331374  0.05295983486802885
  0.06120694110538009  0.06953122823702217  0.07829529071750954  0.08691971946442122
  0.09476770828901825  0.10226010434569212  0.10997752346184830  0.11827636939901300
  0.12726036652559033  0.13646627982040999  0.14506699464199657  0.15425200924495702
  0.16372170048524654  0.17365034316803707  0.18295370570638353  0.19210149937519760
  0.20155870289643940  0.21153176249016650  0.22158756986415754  0.23148948712241640
  0.24179155517688339  0.25225875528361352  0.26262285075127223  0.27252299146489195
  0.28219278491265326  0.29161174632453296  0.30154163278358198  0.31180433149101539
  0.32196628191836396  0.33161201974268906  0.34118211550143063  0.35090229283300567
  0.36150349675454030  0.37283101767107318  0.38524509329393258  0.39777795392971199
  0.40994966494280755  0.42125078388263854  0.43197222284363623  0.44257934695769041
  0.45305244982586468  0.46356018723289116  0.47419601531508815  0.48531078804369787
  0.49662030512442407  0.50817177298838490  0.52041276572943107  0.53266441935204656
  0.54539528241589164  0.55799305489596751  0.57105483687790615  0.58349552920269987
  0.59523388026879964  0.60646186159027804  0.61771327422682587  0.62883338244387132
  0.63985454390688790  0.65136224685230582  0.66300579089413902  0.67486280318294067
  0.68690161557854035  0.69880150065696278  0.71044601024997422  0.72185811631542407
  0.73328017268591472  0.74490624408733208  0.75671380867602189  0.76902154126122391
  0.78073469536940598  0.79301850994926282  0.80507147278063984  0.81756429038728995
  0.82955317228769110  0.84123607981865567  0.85256482317373639  0.86404424548084457
  0.87512369657948896  0.88585122291912000  0.89667361573921034  0.90778612948219506
  0.91924089403444553  0.93042352324191446  0.94189604396408422  0.95364500754942294
  0.96596275347630511  0.97775671311193602  0.98919428550595578  1.00000000000000000
 -0.00215343345116155  0.01018398868086146  0.02051894172719653  0.03111356903005340
  0.04135868869586178  0.05211231060920354  0.06305938714604881  0.07427143899408500
  0.08506284055233153  0.09571621165112952  0.10659811230483332  0.11717776095992000
  0.12775781301659769  0.13802537516263785  0.14861472475122753  0.15877435971034840
  0.16911238228891826  0.17953088170813050  0.19052532985239717  0.20159074749131831
  0.21295076107710098  0.22399877359721287  0.23480142188397762  0.24549299880167050
  0.25617330203979843  0.26677169108836307  0.27701843086905792  0.28711179556246491
  0.29720066687718028  0.30770590301304612  0.31862347713244804  0.32929377171844676
  0.33963486784031238  0.34940683437720244  0.35894298347194681  0.36918460129160335
  0.38032200774081493  0.39206466256744654  0.40304710207801292  0.41318546253466404
  0.42376807372804259  0.43467469042575430  0.44568240772977535  0.45728356823158611
  0.46808288166114109  0.47951464997033572  0.48889079859777246  0.49903713239078823
  0.50882928765084745  0.51883594878412576  0.52843347199653956  0.53851161426872507
  0.54852988298975769  0.55882326095746448  0.56950191783352500  0.58080831094719820
  0.59166444153634878  0.60168913680685443  0.61153913109768177  0.62217066138550658
  0.63334622237343918  0.64523252293113709  0.65685015671174041  0.66846053260105820
  0.68004043459484487  0.69127553563351052  0.70248569767803870  0.71310419065185748
  0.72399835260376333  0.73497065768906111  0.74621075443244511  0.75733671943896874
  0.76838404681254779  0.77885874361871488  0.78820886011647984  0.79750293629697133
  0.80709702228805069  0.81707819334385434  0.82683068174927044  0.83631586427311899
  0.84616151257512839  0.85628076707293299  0.86643907838871392  0.87665168410727889
  0.88696735315439590  0.89753843414925893  0.90794679452800231  0.91772301892312358
  0.92707312324798830  0.93696358787463063  0.94781108824413474  0.95919680878044900
  0.96956240570902452  0.97974473548878782  0.98979592214277268  1.00000000000000000
 -0.00166751452181573  0.01465866575304180  0.02987823187767602  0.04343579783852784
  0.05668166857081756  0.06919329777756196  0.08172854253370603  0.09364519145081317
  0.10553618165026288  0.11727558023392443  0.12915353165603830  0.14091246899513915
  0.15247246995809596  0.16391056277764354  0.17539283564353975  0.18637575374907514
  0.19677153544518916  0.20692146129113720  0.21696845409976465  0.22690010310251676
  0.23730174784306346  0.24821707984822536  0.25904712609157898  0.26981331086906407
  0.28068482881231482  0.29146249273097152  0.30157763961513034  0.31163547333232594
  0.32171353545096504  0.33191288114333134  0.34189756566057622  0.35191827928572778
  0.36179627963533267  0.37181968905134943  0.38186648652438793  0.39193352079543875
  0.40190212373587980  0.41191981853865417  0.42149071501324564  0.43084971757113111
  0.44054178624184609  0.45066889287134287  0.46094550766457021  0.47098967383222073
  0.48098724113183750  0.49102264966086673  0.50082614767724976  0.50999227928980784
  0.51935843508983748  0.52901317350731858  0.53915015018125856  0.54921434712138661
  0.55877314930429267  0.56838754200984898  0.57785862368502039  0.58742739126449639
  0.59689014376869465  0.60627408707382280  0.61570636716843663  0.62523931639121411
  0.63503763509848976  0.64504032736943573  0.65480672991023947  0.66434814598104075
  0.67373204053006308  0.68307289624884571  0.69252675186717938  0.70177224296498220
  0.71118382328406560  0.72068830241924853  0.73043540317370226  0.74043831508438185
  0.75041115972868411  0.76019785928284533  0.76965907792503729  0.77896113991375182
  0.78843016204640504  0.79807696388469918  0.80781307273263125  0.81756567973447392
  0.82741515496387275  0.83705819669547177  0.84635967200771822  0.85567304955915258
  0.86528331430704442  0.87562415263579740  0.88601313499491308  0.89649081756655336
  0.90723842228988238  0.91811305333765880  0.92922485573581737  0.94040138115132732
  0.95174670759207602  0.96455046012857670  0.98066597355565333  1.00000000000000000
 -0.00228371876883868  0.01086396719336948  0.02168717483006159  0.03255375884132915
  0.04270504656974234  0.05276252681942530  0.06283448922945312  0.07342168550323452
  0.08398457368411198  0.09426108640003088  0.10439847738008326  0.11486838999739631
  0.12547984973961004  0.13614446101370337  0.14702320453812942  0.15839457503721505
  0.16923063045989353  0.17959099485384289  0.18998308529287039  0.20057369685965371
  0.21130509310947715  0.22166338275848102  0.23202205119687067  0.24314047440069042
  0.25425315366829737  0.26538565981313023  0.27647706629520463  0.28778123392122462
  0.29877730284514925  0.30897200177491319  0.31945435636052455  0.32973587379772784
  0.34010137555003300  0.35085373324329133  0.36195203267833348  0.37290673132290070
  0.38328169969477299  0.39360652428788184  0.40378603921685025  0.41337212617462676
  0.42286190405013030  0.43237473156738881  0.44253934814692858  0.45284737606878095
  0.46358515755103391  0.47430609356476700  0.48500685140741484  0.49613395291836887
  0.50719915163443907  0.51834387507265611  0.52900096975508193  0.53941224443471958
  0.55015091889876089  0.56045074430155528  0.57098250383066806  0.58111342936076804
  0.59149597254145614  0.60194075508092815  0.61202987888814897  0.62220920708861549
  0.63256512655402009  0.64351363907233061  0.65426499502992597  0.66454180724284895
  0.67430025660385984  0.68407052771332422  0.69428874430843901  0.70441208222428331
  0.71414284350483270  0.72382722041396974  0.73389874665669175  0.74457567393282320
  0.75516166733059764  0.76527732702450668  0.77530330033545025  0.78571509438945009
  0.79680134684735149  0.80780083845922401  0.81773048584747321  0.82715033389511172
  0.83678591943537883  0.84698642548107894  0.85680329311641201  0.86715439092481739
  0.87800503742070579  0.88964821825124030  0.90118124898523233  0.91196124141192336
  0.92273260893784392  0.93352460196641140  0.94528059741775494  0.95704930858153059
  0.96849385051939230  0.97960041630293926  0.98992948870859598  1.00000000000000000
 -0.00205649267312561  0.00835285970043332  0.01754111478157044  0.02684214238019276
  0.03627328269098599  0.04634495416410328  0.05629033807141520  0.06612208162389457
  0.07582687107980414  0.08620747157992563  0.09704015141878601  0.10735885001428991
  0.11738641199048293  0.12764803561808227  0.13876603799614057  0.14985387685721871
  0.16033910977257104  0.17075164490912015  0.18116889959342597  0.19122969046602228
  0.20102316315187121  0.21075663550843496  0.22081598358583221  0.23098188836583808
  0.24116119626276641  0.25146058149303041  0.26110172377374041  0.27171836817045325
  0.28307126060670573  0.29526719183947775  0.30704052181519559  0.31768527499951565
  0.32814525795804811  0.33777627937783522  0.34682192159216030  0.35582139232474291
  0.36520832792738528  0.37521927414211076  0.38580315088754885  0.39636793356091260
  0.40658920136028159  0.41721716108688045  0.42840461356460102  0.43924370459338280
  0.44928198553700083  0.45929151008220559  0.46973759049081243  0.48049739308224820
  0.49112473566287007  0.50209515753784129  0.51338756889849557  0.52508043092737078
  0.53655043544519954  0.54758156416764903  0.55843540838322714  0.56867822049438299
  0.57892100466640473  0.58934644979452622  0.59979856849318591  0.61051865872108002
  0.62116663803271421  0.63165474664117072  0.64178786533244414  0.65155772521226651
  0.66157764536787389  0.67244565200627104  0.68338848471508229  0.69390125183174345
  0.70464372025982569  0.71590376027734626  0.72712716432446234  0.73758993076691814
  0.74779124158556776  0.75789979534284424  0.76816198113452494  0.77933792263252288
  0.79110496530244345  0.80179105019479480  0.81217134154290715  0.82254662181472038
  0.83246416542843193  0.84240133660898164  0.85257098194338932  0.86358422899458087
  0.87493297051012131  0.88609489882694414  0.89704243454251387  0.90791201375669484
  0.91877186172576397  0.93029684999919926  0.94201339546016527  0.95406053574736704
  0.96615871723028590  0.97820547836696103  0.98923888418320249  1.00000000000000000
  0.55220978380641772  0.57214206306635473  0.58108253998715409  0.58768436335148344
  0.59278172479469760  0.59793626274539324  0.60419484804318802  0.61143810086290684
  0.61777407342613144  0.62335050376691736  0.62896635011474034  0.63476713218610537
  0.64091005926433608  0.64678232963668225  0.65222762180904081  0.65763161935974079
  0.66357735491373782  0.66972074708405227  0.67538264384376556  0.68052097957152069
  0.68538286209964716  0.69021269674131880  0.69498218634215625  0.69980101547535989
  0.70469417072585583  0.70960258885850036  0.71427218481188037  0.71873046358927184
  0.72323203762742683  0.72776290792533982  0.73233703349485946  0.73667170840448781
  0.74083447453766749  0.74504075607396147  0.74933187495076603  0.75375865065916448
  0.75825633767143708  0.76277772045237857  0.76722974788723186  0.77163757876767891
  0.77599943435644569  0.78028098280501412  0.78448384009335237  0.78869888461316340
  0.79279974328157699  0.79673546366525394  0.80066611932628651  0.80468380766659164
  0.80877771587165315  0.81287073105015883  0.81694246039436325  0.82103040384674286
  0.82514604480331377  0.82915175313714484  0.83304357476991797  0.83687866305601166
  0.84080648482704734  0.84476578604816377  0.84858794541455207  0.85219164459851104
  0.85572052562614698  0.85929675927334770  0.86298044238403826  0.86682594668701674
  0.87075823017067411  0.87462942104490515  0.87839593953800277  0.88211608225506033
  0.88580364624895169  0.88950009036737709  0.89319365736028111  0.89685627984985739
  0.90051491489188695  0.90420729415264056  0.90794005153355728  0.91162533808870805
  0.91540039113212901  0.91917805510571737  0.92322879301435878  0.92727745498939529
  0.93125650131446547  0.93526145244726600  0.93929720264038719  0.94333869749397137
  0.94731276319985602  0.95123837472653527  0.95522236176335729  0.95936036060297747
  0.96364495969152331  0.96796948970702779  0.97234757258101867  0.97679825461085701
  0.98156593653548196  0.98658714743845433  0.99265764263147271  1.00000000000000000
 -0.02429563718070628  0.16183812402460712  0.18843053762168940  0.20546900189183723
  0.21966993050774355  0.23213823323456270  0.24318084905387966  0.25340777742695525
  0.26322026427484013  0.27248937024702596  0.28117742899905623  0.28938093192476538
  0.29720527134478619  0.30468047629751682  0.31195772313174436  0.31891703903334268
  0.32551766978050317  0.33207373832607090  0.33837117719185444  0.34465058417183320
  0.35085508678324295  0.35727457568579779  0.36352105469523832  0.36953279141247292
  0.37528552926496683  0.38087062919603315  0.38652927388332498  0.39230614221394705
  0.39798875417882024  0.40350350894823933  0.40891349305636432  0.41421269151722601
  0.41955747094289858  0.42499044019628096  0.43064049639204921  0.43616951580201530
  0.44142912483314684  0.44642479360214699  0.45131882425522479  0.45630021568965784
  0.46138619997406832  0.46669928395877391  0.47143366134664089  0.47616019541488247
  0.48092180172193599  0.48597398615155823  0.49129104591934780  0.49652340821656626
  0.50147018864951753  0.50610614963850364  0.51101594663106376  0.51601865796014046
  0.52123169629756738  0.52625359798426952  0.53119167042790960  0.53619370179465820
  0.54109584311665448  0.54598647333779793  0.55084755939676622  0.55566817712440897
  0.56047102863731346  0.56533482825718084  0.57038166567331317  0.57544889445330594
  0.58050986013660233  0.58565163681684262  0.59110128188132105  0.59662669436079885
  0.60226858964966823  0.60808674142973784  0.61397770193140699  0.61999430920491083
  0.62604384431516602  0.63219503324927517  0.63835987186218246  0.64464661221778419
  0.65129226861216960  0.65816364413296369  0.66507992909148572  0.67186993731866551
  0.67863477073088496  0.68571438013250696  0.69334674194390344  0.70142600208631911
  0.70933114051633694  0.71673736060589144  0.72407172189994284  0.73197606751540800
  0.74125443241992250  0.75168218299627942  0.76253991253158682  0.77481156971546139
  0.78858620503041998  0.80194715534591277  0.81842123850174719  1.00000000000000000
   1.2372667192992352E-006  -1.0000000000000000     
 F F F F F F F F F F F F F F F F F F F F F F F F F F F F F F F F F F F F F F F F F F F F F F F F F F F F F F F F F F F F F F F F F F F F F F F F F F F F F F F F F F F F F F F F F F F F F F F F F F F F F F F F F F F F F F F F F F F F F F F F F F F F F F F F F F F F F F F F F F F F F F F F F F F F F F F F F F F F F F F F F F F F F F F F F F F F F F F F F F F F F F F F F F F F F F F F F F F F F F F F F F F F F F F F F F F F F F F F F F F F F F F F F F F F F F F F F F F F F F F F F F F F F F F F F F F F F F F F
  <DiscreteSampler_grid>
  grouped_processes
  1 # 1 for a reference and 2 for a running grid.
  10 # Attribute 'min_bin_probing_points' of the grid.
  1 # Attribute 'grid_mode' of the grid. 1=='default',2=='initialization'
  0.0000000000000000 # Attribute 'small_contrib_threshold' of the grid.
  0.5000000000000000 # Attribute 'damping_power' of the grid.
 # binID   n_entries weight   weight_sqr   abs_weight
    10   10   4.945454415908336E-003   8.840784494382785E-005   4.945454415908336E-003
    16   10   6.570376964648517E-003   1.534221832146566E-004   6.570376964648517E-003
  </DiscreteSampler_grid>
