  0.00358770077479743  0.01363011163688595  0.02456730943369077  0.03508285849104811
  0.04489574968916173  0.05521191778526102  0.06334034039167785  0.07191414117199145
  0.08077798030078624  0.09005555465231446  0.09985497787755207  0.10938444454407308
  0.11937481512956710  0.13170137057543285  0.14600858093175045  0.15995787076371756
  0.17217837164808245  0.18358624260139478  0.19559369021300099  0.20482140192855181
  0.21479665686837923  0.22531306974434084  0.23638906189292108  0.24928491963219407
  0.25999797968274924  0.27013228668385597  0.27921087008611822  0.28968301580335803
  0.30285727292029568  0.31541294751756987  0.32440849979599262  0.33359132242884360
  0.34302714156939590  0.35217807071030716  0.36110321910579452  0.37010672931403232
  0.38065978492559127  0.39272156925802154  0.40493642125930390  0.41673419831720021
  0.42855368024080331  0.43992289141175711  0.45252936182779424  0.46553492133931684
  0.47824601508361914  0.48985478352320710  0.50061463712628129  0.51146442687418547
  0.52286142261542634  0.53158384866529618  0.54000126524219993  0.54886592437189829
  0.55794382270130105  0.56650124781456312  0.57518266296632325  0.58242639164594023
  0.58552846597752384  0.59054206361991779  0.59573981284160560  0.60138620718490576
  0.60761734627321862  0.61707301345962984  0.62981445488915444  0.64210962559742957
  0.65110813286998859  0.65899943848196985  0.66681658950660794  0.67472536102247893
  0.68427045427645017  0.69584806547917510  0.70742900131013942  0.72177221410182268
  0.73596457120040892  0.74880295408390973  0.76147825642913902  0.77315535751246545
  0.78450094432807982  0.79623819828021458  0.80809090518191873  0.82123115027844762
  0.83694051177812867  0.85061850511037884  0.86144164576416160  0.87066207263114292
  0.87907690446560560  0.88775000282844208  0.89723998813004979  0.90709952585514364
  0.91554497853826600  0.92187516179122420  0.92891909782928395  0.93765853932114562
  0.95206542128618965  0.96783332907683728  0.98372785067240942  1.00000000000000000
  0.00001518286382704  0.00003986834737820  0.00004554038266619  0.00005093211447622
  0.00005585404785529  0.00006050118013219  0.00006508228496218  0.00006946108144723
  0.00007427547701192  0.00007870791988037  0.00008309338720991  0.00008749038880163
  0.00009198856437772  0.00009695030827642  0.00010213162775254  0.00010807073549788
  0.00011397368425566  0.00012052758297407  0.00012742204442968  0.00013434795767636
  0.00014109721194417  0.00014742718944121  0.00015382894159631  0.00016044314549037
  0.00016743327803513  0.00017667208301914  0.00018651255093006  0.00019603435433020
  0.00020504878469909  0.00021343053207163  0.00022115795254944  0.00023005240220845
  0.00024085285959014  0.00025250310896257  0.00026251667656946  0.00027100098158094
  0.00027879397836409  0.00028572098416943  0.00029591989626960  0.00030738529331640
  0.00031653274635361  0.00032577036880031  0.00033635503054639  0.00034703485692229
  0.00035625264879299  0.00036548046628911  0.00038300693323082  0.00040161293195310
  0.00041799337436439  0.00043585959543293  0.00045555299502916  0.00047449386662267
  0.00049600798377574  0.00051302248592264  0.00052974860905862  0.00054674362562691
  0.00056360756981510  0.00058068169768313  0.00059872936106616  0.00061827143806947
  0.00064156572296407  0.00066349833616364  0.00068435544326035  0.00070548671942373
  0.00072753034871404  0.00075748598230054  0.00079789168769642  0.00083892167308852
  0.00087618554416246  0.00090747887574373  0.00093918215767843  0.00097405221594484
  0.00101862764778725  0.00106710921737897  0.00113135242835752  0.00120450507900561
  0.00129490177499889  0.00142622472029845  0.00154815301414453  0.00168577841710984
  0.00184468434594959  0.00203145496611843  0.00226634258537104  0.00257183367244334
  0.00295069272764778  0.00337252020719987  0.00380905181658588  0.00428593040146579
  0.00449026824388123  0.00469950515156021  0.00499920128176185  0.00529889741196350
  0.00589602493610660  0.00650024268738249  0.35799946124228532  1.00000000000000000
  0.00000331853202647  0.00000365670315475  0.00000372801742981  0.00000382368085077
  0.00000392166652013  0.00000403312084417  0.00000413729861608  0.00000425940994927
  0.00000437188387316  0.00000453615850711  0.00000470708835337  0.00000487796353677
  0.00000507365968553  0.00000525175020638  0.00000542959654384  0.00000560745211510
  0.00000578567899945  0.00000596859410126  0.00000617118298544  0.00000637205750547
  0.00000659953128616  0.00000685779179228  0.00000710635249952  0.00000741034167200
  0.00000769198759872  0.00000798108404038  0.00000829048711654  0.00000866105052269
  0.00000911882606764  0.00000970281941443  0.00001044983524895  0.00001132135813254
  0.00001224644014483  0.00001321726203718  0.00001425683291956  0.00001542443515197
  0.00001671431377015  0.00001804034933194  0.00001936839391210  0.00002069784626715
  0.00002219463504680  0.00002371207589220  0.00002529391703856  0.00002707837924139
  0.00002934071184171  0.00003180340488358  0.00003398482728724  0.00003601845982144
  0.00003825997675645  0.00004099675780613  0.00004496733287466  0.00004998501478099
  0.00005572394282428  0.00006148117111924  0.00006740378513454  0.00007394398228671
  0.00008152235214151  0.00009164158541937  0.00009834544058833  0.00010488323535704
  0.00011159341738467  0.00011892638227915  0.00013084813196434  0.00014515935777360
  0.00015919856175561  0.00017360868619708  0.00018948969870794  0.00021181780217532
  0.00023642950778478  0.00025494357866423  0.00027702126025586  0.00030037101409873
  0.00032999012527913  0.00036361035662336  0.00039514006763934  0.00043122835291344
  0.00046614611061379  0.00050221057943080  0.00055522494990785  0.00061896687525457
  0.00069275453002521  0.00076813439512475  0.00083905327759729  0.00091788738112018
  0.00102946203844814  0.00118391509276958  0.00135771171988103  0.00158541289832280
  0.00188724957494669  0.00229563873858833  0.00280952595788893  0.00373653771088143
  0.00488402677647557  0.00671205509039226  0.22956213667503478  1.00000000000000000
  0.00000291634840681  0.00000333075204510  0.00000390133932021  0.00000428580641435
  0.00000465147395345  0.00000494229351370  0.00000514921236327  0.00000539032002479
  0.00000565697332742  0.00000598747305006  0.00000664066168416  0.00000733868825626
  0.00000807123872091  0.00000881725022789  0.00000947109916103  0.00001002567029859
  0.00001055586476049  0.00001108011768678  0.00001162182879952  0.00001212443302227
  0.00001267029162216  0.00001324775300492  0.00001413686961620  0.00001491773009031
  0.00001562250375815  0.00001632708567852  0.00001711085564520  0.00001781352419957
  0.00001844417824141  0.00001909282421518  0.00001979494388060  0.00002066942939271
  0.00002158723689038  0.00002251644430502  0.00002379848484819  0.00002521956139869
  0.00002633890377341  0.00002720556640603  0.00002797789440122  0.00002878369613220
  0.00002968760327664  0.00003059146268855  0.00003161883578047  0.00003274064668950
  0.00003453029089256  0.00003650225227778  0.00003847482063743  0.00004033505049729
  0.00004232367446862  0.00004433716676362  0.00004662927585760  0.00004903217002534
  0.00005188444988949  0.00005497963546718  0.00005832750844140  0.00006210280058231
  0.00006643427431505  0.00007101180323784  0.00007596576776004  0.00008163464987676
  0.00008750631327798  0.00009398376753934  0.00010079091025360  0.00010797215524643
  0.00011672001792118  0.00012651787855523  0.00013779856481707  0.00014841484683230
  0.00015806428420978  0.00016727067412220  0.00017633181708416  0.00018881176508572
  0.00020504036362270  0.00022708210918627  0.00025401608448940  0.00028699546990991
  0.00031408319727348  0.00033743499255367  0.00035897312247751  0.00038293417965960
  0.00041277820593544  0.00045740246211732  0.00051400710187001  0.00060330801239773
  0.00069245368730841  0.00078277231551325  0.00088254118399351  0.00097056171873023
  0.00108298485609904  0.00127639940655842  0.00159242222717507  0.00195068861426883
  0.00258856806050093  0.00495242119530244  0.02577817953137332  1.00000000000000000
 -0.00198651100237069  0.00812776509795638  0.01534650166265819  0.02196465406483625
  0.02900462285284865  0.03643792068682607  0.04505204222707956  0.05404205836798447
  0.06147601528187043  0.06678120159970961  0.07218803707715075  0.07734005718852044
  0.08217823643586397  0.08783671609667540  0.09351622465598904  0.09902481398537044
  0.10673417549171461  0.11707324539862043  0.12838037741503777  0.13958996354672346
  0.15033096081174974  0.16143246335553457  0.17297443732731943  0.18162072512259586
  0.18986550987529641  0.19785297597418075  0.20546128945101294  0.21366586079590810
  0.22224243569932631  0.23146115027957617  0.24266258314694125  0.25248126350649197
  0.26163571179139111  0.27003948968327723  0.28023232492296474  0.29100640471268069
  0.30130050600563768  0.31224323791159164  0.32400016615092114  0.33625356234740050
  0.34871709319333571  0.36297819031814127  0.37094768161856617  0.37708762071314617
  0.38309757399380062  0.38820517002728394  0.39301467793703454  0.39775327889990797
  0.40730728514007020  0.41833724334220690  0.42810383881395614  0.43783369605799921
  0.44915447774497597  0.46293444166869241  0.47223172478523973  0.48100934418180147
  0.49028125105260939  0.50263239755658429  0.51524486259111191  0.52862949004975501
  0.54329280283274373  0.55786575030009566  0.56849008665040823  0.57741723698278336
  0.58622969593974283  0.59599446985587623  0.60772199299023855  0.62002558156359522
  0.63463867926408957  0.65116182598270822  0.66676157947004933  0.67993625517660894
  0.69244006472295294  0.70391800479080746  0.71565848903217821  0.72757046928320013
  0.74030391055051614  0.75465902692547426  0.76439117218116681  0.77264713157491660
  0.78122806040052573  0.78974785743526954  0.80139159989465314  0.81299301237169519
  0.82711510993872783  0.83988568790495588  0.85553240785870610  0.87166812964182305
  0.88650709569221997  0.89893408610463266  0.91220815797578481  0.92662350784125802
  0.94123558864203827  0.96085251349592471  0.98107258847445367  1.00000000000000000
 -0.00340717290385496  0.00876436715922723  0.02016677364534487  0.03205590714328822
  0.04546933109132557  0.05612885802513505  0.06654553464236047  0.07717457018402799
  0.08837217539886739  0.10081320684694775  0.11342264921086870  0.12642119189881856
  0.13850542866227139  0.15121259907224177  0.16508821625928830  0.17703547461314384
  0.18883753771232295  0.19982641934831807  0.20934296153603926  0.22222013880005295
  0.23428816592058060  0.24828682480729339  0.26275505962769380  0.27519570092517454
  0.28380687066509203  0.28912670291202963  0.29316845827580706  0.29707543058689767
  0.30158590016860587  0.30976913745820478  0.31871330390713976  0.32714964070527969
  0.33602262332317184  0.34716881454582438  0.35782944159496916  0.36722701017105441
  0.37501076186053317  0.38436443045436541  0.39424629245770076  0.40567008214904660
  0.41801289747428910  0.42989548747240608  0.44060692257514156  0.44929924196584836
  0.45552706056500708  0.46182233998033323  0.46841936484175173  0.47498395271881916
  0.48125577107383166  0.49177525956676249  0.50335482312260815  0.51439344264453168
  0.52516885472092212  0.53546302408414570  0.54551313788180045  0.55529072949925329
  0.56490732838833402  0.57329366427483652  0.58111690220990431  0.58870597914753497
  0.59671196500466217  0.60462307725422215  0.61403552807741602  0.62293159016481980
  0.63213816420122848  0.64133895457321777  0.65126371537184979  0.66176692161800366
  0.67405128300551675  0.68623949171497645  0.70004452481406043  0.71530435126679226
  0.72921401908211647  0.74317763921222202  0.75752623790409157  0.76920803249605640
  0.78015380214036356  0.78954024943337442  0.79993822274932869  0.81119399591376118
  0.82341917883957427  0.83567487940153873  0.84636455475944561  0.85508283541246943
  0.86345010123464605  0.87346305747510478  0.88730594369907201  0.90184394240198473
  0.91349632899313127  0.92490945000818292  0.93623170383524246  0.94762059506863416
  0.95968842755337802  0.97352090837925409  0.98701299216183103  1.00000000000000000
 -0.00185289063545906  0.00417757682339221  0.01006181339103459  0.01569274850434478
  0.02073554739219925  0.02614651614858956  0.03296054673798671  0.04048694295559760
  0.04566180363021426  0.04848090761191069  0.05127090807971747  0.05414283225053742
  0.05728214646764863  0.06292929971475072  0.06936297136955011  0.07470030995210672
  0.08054222330140770  0.08764761132193274  0.09615352653428502  0.10485634282931496
  0.11221442525913761  0.11929564878303650  0.12688278023234384  0.13227663586769950
  0.13653445664813407  0.14103465673534565  0.14591742736988725  0.15102201539421026
  0.15753879121673650  0.16772743081076330  0.17660910364888968  0.18392705770329426
  0.19193957145132082  0.20069293007034050  0.21207645004983533  0.22069613656375445
  0.22769879257649150  0.23526915176594460  0.24329077472132535  0.25381226186445027
  0.26570199458909538  0.27862202387488799  0.29145749166691742  0.30528261225155456
  0.31888459824610821  0.33185121349588870  0.34500531389554606  0.35867498927650737
  0.37130338625975406  0.38281916856603737  0.39362932291173441  0.40447409379718152
  0.41687157571400335  0.42772793608173315  0.43929148039548899  0.44913197028784629
  0.45839984239706327  0.46866163016220841  0.48006715760356422  0.49172439979776472
  0.50312005132785009  0.51422409853161699  0.52484124912640640  0.54070399126128976
  0.55603650881805877  0.57030146837447793  0.58412747400838960  0.59609390389266426
  0.60876683416111343  0.62189647123339320  0.63724945747642558  0.65343406156728423
  0.66903416234321522  0.68334739290043478  0.69641263275520571  0.70858537491935436
  0.72214520424263529  0.73737391093115912  0.75580282955194666  0.77246954354096531
  0.78832754355516388  0.80277165161060449  0.81821860533633550  0.83421698584736048
  0.84968483203676093  0.86482116064980552  0.88015144114588151  0.89623410795539304
  0.91390996974247096  0.93063714604352243  0.94391773357362163  0.95792210428577906
  0.96887868528112586  0.97994079715901272  0.99000444970135182  1.00000000000000000
 -0.00210413945682263  0.00569851441874172  0.01362443593063952  0.02144975045407465
  0.02899938746044560  0.03776932715049234  0.05007256249200987  0.06201526803429777
  0.07505813899185049  0.08704895570283222  0.09599286351394627  0.10517949394980317
  0.11483006838422774  0.12461345206792143  0.13356335986717743  0.14069382460304397
  0.15068044233306044  0.16137023753795601  0.17371140203174312  0.18605655723796208
  0.19622416677246043  0.20735492603620406  0.21776830948442261  0.22960937167972520
  0.24155847986515586  0.25397920474643604  0.26711034791003069  0.27939828926875193
  0.29084855728981240  0.29961025088289978  0.30812712451000107  0.31680648690537311
  0.32648595938150377  0.33705448187561388  0.34690426639854699  0.35694074209743598
  0.36879487641353659  0.38320962401872388  0.39876391630712987  0.41404191543314001
  0.42726132923535814  0.43976242497764545  0.45184735610925569  0.46376421718968164
  0.47557939192148396  0.48771614174659261  0.50103362955304354  0.51092206096892878
  0.52183205655517440  0.53171070154243527  0.54322673571036972  0.55257422483399499
  0.56006554808393749  0.56772470192894953  0.57715286571489754  0.58983953177832671
  0.60358893689933835  0.61258563597503635  0.62120534008638517  0.62901074707936644
  0.63683094430263365  0.64400538339705660  0.64873516912393292  0.65529734713114229
  0.66258667058044018  0.67403600760148530  0.68457693296028521  0.69496011681051384
  0.70645246727566802  0.72030672978618127  0.73291717079938878  0.74574380839213517
  0.75835023942515800  0.77202297521103103  0.78431402719849042  0.79511897485431093
  0.80537496733997271  0.81492587789707271  0.82351696497100579  0.83219857667529440
  0.84147111684461617  0.85260534268175103  0.86567262341560236  0.87782295342272121
  0.89000795321830295  0.90250753969853803  0.91465241852457779  0.92342162158305674
  0.93085586336720938  0.93900299536910659  0.94711069557745897  0.95543544501215649
  0.96616582740845602  0.97834863636298475  0.98924404345500250  1.00000000000000000
 -0.00200296203142650  0.00861438129887732  0.01733943762348115  0.02229005500303985
  0.02653206181244548  0.03002543971585862  0.03353405927865558  0.03754924814640267
  0.04370034230191502  0.05283846114844652  0.06269040106182071  0.07197275628949058
  0.08178955917190930  0.09108825517738493  0.10091956903681573  0.11011974275551085
  0.11769291055290072  0.12503234504067004  0.13268184190023896  0.14105650745047596
  0.15039174724815726  0.16114392642497682  0.17313940717834078  0.18598089104276755
  0.19987343004504143  0.21520545883176909  0.22896746309124810  0.24092330704319068
  0.24980969200523287  0.25827561311693220  0.26686059688678387  0.27579427428128755
  0.28758119212954170  0.30076965822599622  0.31423583838420238  0.32759873819905500
  0.34022516940668029  0.35028502603567080  0.35949881873188622  0.36960719869611336
  0.38103573203484697  0.39184231436886313  0.40318587762121832  0.41518064552716549
  0.42656854959365470  0.43794187686079133  0.44913633845850492  0.45869699379106027
  0.46691070610491875  0.47418760412929645  0.48298263075639530  0.49516846551030697
  0.50927226155870742  0.52380969318282067  0.54007950523147819  0.55294154563458753
  0.56412698424194518  0.57427477038766117  0.58347762740663378  0.59211084843253003
  0.60104831954372717  0.61022712311985217  0.62133652666590755  0.63481479558536369
  0.65096517246059715  0.66471615618606039  0.67441096229524811  0.68062839660149843
  0.68647328180178246  0.69354511369479099  0.70324452660358783  0.71474644500947959
  0.72542901969973128  0.73618200997301031  0.74791993779038313  0.76206021459163342
  0.77678188094849854  0.79239556654430943  0.80758626879488093  0.82283337435214321
  0.83723775128120081  0.85168401205493083  0.86651940333678246  0.88202394917224392
  0.89443549240303200  0.90339780284157223  0.91104711274078543  0.91923274330884552
  0.92858230016161092  0.93814718085076310  0.94941075635278271  0.96009915357717068
  0.96884596615005991  0.97767056981981071  0.98632174403192285  1.00000000000000000
  0.00002813680384131  0.00010628443961018  0.00018443207537905  0.00026403671442576
  0.00034681824074056  0.00042959976705536  0.00049702267964255  0.00055702386090818
  0.00061199033881055  0.00065396045919303  0.00069598163488392  0.00074228580189398
  0.00078858996890403  0.00083891826372953  0.00088948600071320  0.00094077921684334
  0.00099171349124838  0.00104135422532956  0.00109527326106937  0.00115916829730856
  0.00122555834124113  0.00129677768426773  0.00137247543569940  0.00145200783973164
  0.00153886150831846  0.00162662260874345  0.00171475709469527  0.00180780925344838
  0.00190049895594231  0.00199114588069083  0.00208818202346917  0.00218927604609244
  0.00229495416868844  0.00240213835794575  0.00251145182168743  0.00262492179677183
  0.00275706110220190  0.00288881129800581  0.00301458608894373  0.00313185392530014
  0.00325579795934625  0.00338888437757870  0.00353173927107014  0.00366495917243854
  0.00379273605914296  0.00391656621619367  0.00404638470680103  0.00418954163659339
  0.00434772864060274  0.00450907225786924  0.00465899155124947  0.00480888115979063
  0.00496334112578853  0.00513322604816002  0.00533497313725497  0.00552426031740072
  0.00561273196803568  0.00570120361867063  0.00579026056881086  0.00588007584201157
  0.00596989111521228  0.00607341187319130  0.00618055714730706  0.00632338064748921
  0.00665340533367467  0.00701052925302600  0.00730949055297842  0.00758704209742323
  0.00785208043286599  0.00817439239878671  0.00846927728807392  0.00870335142451854
  0.00892950129273338  0.00915488223435251  0.00941143375084667  0.00974441378718201
  0.01012949748862341  0.01053445130230492  0.01107522002327040  0.01194086497487345
  0.01228403270483031  0.01254596139604084  0.01281405544424388  0.01320539489398814
  0.01405464381819183  0.01478929369347752  0.01518967289015153  0.01567390179212461
  0.01854298081495281  0.01916979707814571  0.01982754594584538  0.02096575474983216
  0.02529567441101343  0.02621772199322146  0.33055555825090172  1.00000000000000000
 -0.00248078565875827  0.01239429494075625  0.02517189898903367  0.03912451832241794
  0.05167962011095298  0.06593421120997993  0.08064865576142864  0.09774555447309743
  0.11478809618108113  0.13253606410230226  0.15180463400950872  0.16871365260247148
  0.18136878554579186  0.19328976873525652  0.20637721676227522  0.21948943608884650
  0.23277642627255976  0.24584858373693042  0.25738692993775031  0.26806728999414298
  0.27880808388189460  0.28887740205000706  0.29799754810479262  0.30709133151594520
  0.31644116330411248  0.32701609686302491  0.33630754326039136  0.34507637485204362
  0.35416971661911612  0.36250553572024513  0.37066268669096164  0.38100567941887736
  0.39023208341483301  0.39973349529249702  0.40888576535312238  0.41802908439107156
  0.42793604861670131  0.43784085293084885  0.44767924763571720  0.45687150739263249
  0.46401211814537646  0.47136628917515633  0.47838126152598087  0.48532900394011147
  0.49321304951576828  0.50017103379483741  0.50726663413550943  0.51567765904075324
  0.52512623331635000  0.53208009352975594  0.53910647869078210  0.54627442400237569
  0.55360929495550248  0.56094159954251177  0.56880375862472210  0.57721017124027052
  0.58714821680062412  0.59840439797322109  0.60832383588924122  0.61834845875584044
  0.62982262013311974  0.64215661649951661  0.65244195938306970  0.66168698618302701
  0.66992414218412133  0.67724827636570550  0.68210126212089262  0.68690760843313059
  0.69276922944499242  0.69916974356038231  0.70453394110172030  0.71253733158206367
  0.72370253199567836  0.73552923856737551  0.74837671908436065  0.76176699024326333
  0.77480401492644002  0.78545748582569908  0.79509703273917909  0.80700392896433992
  0.81792746270440597  0.82848686766488489  0.83903431797574191  0.84978549067720188
  0.85892287004956336  0.86693394295830761  0.87444497553196476  0.88424329838541538
  0.89723798833111723  0.91036023321013326  0.92996057059514248  0.94853793511567175
  0.96289285373785238  0.97481243862736100  0.98612022919845510  1.00000000000000000
  0.50405213093639345  0.56931917052610792  0.58666745926152009  0.60402645368926644
  0.61947825136358192  0.63322865843006126  0.64420548500299635  0.65330644181847586
  0.66183385619418733  0.67129336497791803  0.68319161998899358  0.69410296679864758
  0.70272986457012876  0.71153263659476651  0.72162538208427773  0.72967801790763276
  0.73604899366734911  0.74269360580105714  0.75031553645827331  0.75452155631637352
  0.75863580444123269  0.76270708448674529  0.76676806604250769  0.77203581524052811
  0.77731246599031845  0.78235062112259124  0.78756066075984899  0.79309594175727560
  0.79867103064358413  0.80405823141631338  0.80914835466698132  0.81410980005022893
  0.81916693675926178  0.82397366501001301  0.82866838098391826  0.83337445652764330
  0.83750803223739489  0.84202437761528959  0.84614551897437784  0.85067663554893280
  0.85531006343824489  0.85930175237838780  0.86378322111146177  0.86816985469803754
  0.87299757799699340  0.87696810879435239  0.88074971919943268  0.88425546990817860
  0.88751023047622024  0.89012664630822380  0.89256268195752986  0.89499667627308988
  0.89725742130737585  0.89957468538154894  0.90229957895015278  0.90481791845689741
  0.90749044294747894  0.90988874635671302  0.91213332709572748  0.91436287972358155
  0.91648001663038103  0.91846430467018247  0.92061927682970923  0.92304793267702767
  0.92589447311602502  0.92968834437833314  0.93362174775439943  0.93689083474852752
  0.93948978581386122  0.94174497685973568  0.94387701611278396  0.94618346007810472
  0.94868025546301338  0.95142642223181562  0.95408768802211652  0.95610915088021153
  0.95787870971867239  0.95961209737509212  0.96128650042283070  0.96306893456695986
  0.96523936170132041  0.96737166248478024  0.96949512375721003  0.97223084759385536
  0.97478605480447145  0.97705431317276492  0.97938639371483927  0.98149976512158654
  0.98374662392949452  0.98586459742972821  0.98785390408741403  0.98999419816878620
  0.99237365188824533  0.99492671800474719  0.99757350986349147  1.00000000000000000
 -0.02500418042527228  0.10342477576384163  0.17622398294815061  0.19470613662591232
  0.20805681525880948  0.22535297254798783  0.24467400373482889  0.26317889685586693
  0.27333485969178717  0.28167281508745767  0.28991954269227033  0.29782861442787872
  0.30694531450904988  0.31762243824677083  0.32741769503940327  0.33585635109380485
  0.34389019995598796  0.35431391201910950  0.36593420565972384  0.37602198985115803
  0.38480797464545774  0.39117691832363655  0.39674339636539596  0.40228002002213209
  0.40807792026104417  0.41528078790400608  0.42302787795477720  0.43061949888687201
  0.43795253044299498  0.44496824081944952  0.45222698434054370  0.45905363510930003
  0.46606893151646422  0.47308788417503345  0.47938243615917492  0.48479631453066052
  0.48956205744703091  0.49472770093025575  0.50011151985214275  0.50609470198503914
  0.51199324100378552  0.51799394057702297  0.52287523144627590  0.52709042473081402
  0.53128787247686182  0.53561750589080692  0.54018850642467364  0.54582297300942972
  0.55238303156226454  0.55864034800010287  0.56365274489811146  0.56826801845384800
  0.57260360727742809  0.57682130492139472  0.58185768958111539  0.58818918378949581
  0.59228466560867277  0.59544389061727088  0.59859081523247348  0.60159787084629390
  0.60448876300959919  0.60749134508583624  0.61227404200927804  0.61835167246855161
  0.62412073752525932  0.63017000749039165  0.63509884522062310  0.64053671459115424
  0.64636523824314385  0.65307901519961997  0.66174493369969867  0.66876876610915037
  0.67524289351162126  0.68184014961655104  0.68880767643752305  0.69715306633971497
  0.70586798137742757  0.71437531759413120  0.72306268046306266  0.73172399583824288
  0.73939413825458866  0.74430424855429034  0.74876971467401221  0.75294985475853116
  0.75633862741535773  0.76197585868733142  0.76996529437483285  0.77656094272221865
  0.78240295886414890  0.78980788351739939  0.79943223420551524  0.80996116714856781
  0.82860269008975773  0.84723773815941883  0.94011364463937319  1.00000000000000000
   1.7736234339643299E-005  -1.0000000000000000     
 F F F F F F F F F F F F F F F F F F F F F F F F F F F F F F F F F F F F F F F F F F F F F F F F F F F F F F F F F F F F F F F F F F F F F F F F F F F F F F F F F F F F F F F F F F F F F F F F F F F F F F F F F F F F F F F F F F F F F F F F F F F F F F F F F F F F F F F F F F F F F F F F F F F F F F F F F F F F F F F F F F F F F F F F F F F F F F F F F F F F F F F F F F F F F F F F F F F F F F F F F F F F F F F F F F F F F F F F F F F F F F F F F F F F F F F F F F F F F F F F F F F F F F F F F F F F F F F F
  <DiscreteSampler_grid>
  grouped_processes
  1 # 1 for a reference and 2 for a running grid.
  10 # Attribute 'min_bin_probing_points' of the grid.
  1 # Attribute 'grid_mode' of the grid. 1=='default',2=='initialization'
  0.0000000000000000 # Attribute 'small_contrib_threshold' of the grid.
  0.5000000000000000 # Attribute 'damping_power' of the grid.
 # binID   n_entries weight   weight_sqr   abs_weight
    70   10   9.585962352072919E+001   9.145461991163806E+004   9.585962352072919E+001
    73   10   9.840943069119808E+001   9.641189305472923E+004   9.840943069119808E+001
    74   10   9.840943069119791E+001   9.641189305472889E+004   9.840943069119791E+001
    76   10   9.692188259548632E+001   9.340284087403303E+004   9.692188259548632E+001
    77   10   9.692188259548621E+001   9.340284087403283E+004   9.692188259548621E+001
    85   10   9.220580142226788E+001   8.460813649218774E+004   9.220580142226788E+001
    86   10   9.220580142226780E+001   8.460813649218754E+004   9.220580142226780E+001
    88   10   9.440510946953540E+001   8.867029347055516E+004   9.440510946953540E+001
    89   10   9.440510946953528E+001   8.867029347055496E+004   9.440510946953528E+001
    100   10   4.961219410504476E+000   2.178607467823893E+002   4.961219410504476E+000
    101   10   4.961219410504462E+000   2.178607467823880E+002   4.961219410504462E+000
    142   10   9.613266301154969E+000   8.122416348288026E+002   9.613266301154969E+000
    148   10   9.977479529372394E+000   8.949269624115839E+002   9.977479529372394E+000
    149   10   9.977479529372371E+000   8.949269624115790E+002   9.977479529372371E+000
    151   10   4.961219410504476E+000   2.178607467823892E+002   4.961219410504476E+000
    152   10   4.961219410504464E+000   2.178607467823882E+002   4.961219410504464E+000
  </DiscreteSampler_grid>
