  0.00263808369605969  0.01396782091342636  0.02594481639070948  0.03762245284903976
  0.04885512058743400  0.06006386454491408  0.07101782986955681  0.08187053598832088
  0.09271766120993241  0.10370252360642872  0.11414311034465682  0.12385009486081722
  0.13284324532883462  0.14193484937032391  0.15113630396747071  0.16129474739734159
  0.17195309314161167  0.18304504837363589  0.19355446866438475  0.20428882408023297
  0.21461884716557214  0.22580216579024101  0.23687594496078865  0.24804111520430336
  0.25860578766977960  0.26886005069819785  0.27866308165457454  0.28840248924024353
  0.29833326897997514  0.30846789877944925  0.31885399740472992  0.32931749854993531
  0.34012103594749804  0.35102323823509862  0.36201219196646911  0.37292895519339775
  0.38427926047387850  0.39562522683851004  0.40680329065554299  0.41745882802004025
  0.42819448159603063  0.43881907792103181  0.44940434308025778  0.45998475715699233
  0.47050988103357166  0.48076355815674260  0.49041585682253425  0.50024213277600049
  0.51054379498147184  0.52118754507839693  0.53170608783175832  0.54228206388085032
  0.55284121505664330  0.56306003682583994  0.57304260485713665  0.58326308803868965
  0.59379491284803188  0.60449827491697095  0.61515730177907357  0.62589595767305795
  0.63659279647284939  0.64690305174677221  0.65701291550211038  0.66715696909502253
  0.67758243592209511  0.68819762578260246  0.69887968844841775  0.70929381205564701
  0.71942215578300672  0.72962097741139498  0.74012641121112388  0.75092153058979982
  0.76146346845205126  0.77169728789533099  0.78152862147474367  0.79121508477400848
  0.80111973544910109  0.81105197489296676  0.82079880766300894  0.83021247902858919
  0.84012886875407522  0.84984817911024757  0.85974596944876458  0.86917339450769959
  0.87916717671587408  0.88942110630837090  0.90019054040825985  0.91076986688403938
  0.92123756750162988  0.93162396911477763  0.94213902291032081  0.95276676319607845
  0.96279213265377961  0.97270129911756320  0.98233066849585871  1.00000000000000000
  0.00294464683391261  0.01336460277250691  0.02492699592078848  0.03622030190067186
  0.04734917113797124  0.05875743369900743  0.07002853489580187  0.08115849728698511
  0.09214604260137003  0.10326934658095284  0.11465644213014879  0.12574273989324677
  0.13665015605361208  0.14730376542048657  0.15828802095584235  0.16938048999873570
  0.18058795184694343  0.19138627188613677  0.20152597406816267  0.21144409053302943
  0.22125032064647612  0.23144226926008493  0.24177606540473037  0.25249415084176546
  0.26318309005378332  0.27405533845581392  0.28521773273201900  0.29654154580083791
  0.30751024916981035  0.31806083005945368  0.32875247425199133  0.33979284158643996
  0.35096136244501075  0.36148794063126249  0.37110343018194791  0.38022363776745460
  0.38922051746376651  0.39876949177755738  0.40878994900519616  0.41899320758532799
  0.42916337128411769  0.43917353492194472  0.44910846486472100  0.45918856985893802
  0.46962907334228621  0.48029470344797731  0.49098353578921911  0.50177639092624504
  0.51279280857100207  0.52404273676451274  0.53536581526365268  0.54639160861320157
  0.55684763925112279  0.56692809183172699  0.57689352047537845  0.58711824930301626
  0.59759835597658473  0.60807002835481938  0.61854259063264050  0.62926253109940411
  0.64021303168973132  0.65080156251191446  0.66065451360976757  0.67056689962954519
  0.68082532678625496  0.69189650939289382  0.70314862679248746  0.71455366128385001
  0.72622318881859793  0.73784980982602377  0.74918620374137068  0.76003869206191665
  0.77058821436514824  0.78112993762464433  0.79186519087342577  0.80264084282505499
  0.81331315379714331  0.82377275725897436  0.83397234367498485  0.84401209306034242
  0.85387571049920497  0.86385166970975968  0.87360150470287645  0.88343111516470263
  0.89364135431585445  0.90417114763072737  0.91500553626068892  0.92516899446065659
  0.93484442768264131  0.94424895139265064  0.95383648215038064  0.96352766324459382
  0.97249767585854108  0.98142915067846370  0.99028027573671296  1.00000000000000000
  0.00000819363439332  0.00000864427095364  0.00000902645590021  0.00000956305258158
  0.00001013080250109  0.00001070362410176  0.00001129546965032  0.00001190812305649
  0.00001259084519994  0.00001340884232367  0.00001430136289678  0.00001530511469396
  0.00001640438775490  0.00001768641919133  0.00001911169762266  0.00002061468918127
  0.00002225306469110  0.00002407656799909  0.00002611900073334  0.00002844812322210
  0.00003110042321610  0.00003419978774570  0.00003789798640332  0.00004215646152422
  0.00004710458190088  0.00005297644765543  0.00005986490225498  0.00006812687046801
  0.00007806031033653  0.00008955485851548  0.00010222228698213  0.00011662091649928
  0.00013260018921629  0.00015025715362784  0.00016910405696106  0.00018944477563619
  0.00021140470654066  0.00023499189471948  0.00026003250288443  0.00028600854593624
  0.00031409031662166  0.00034324498779472  0.00037344641492759  0.00040465300136544
  0.00043836207175620  0.00047414873109890  0.00051261210016368  0.00055282161942881
  0.00059523612265628  0.00063788612346489  0.00068346627339480  0.00073017154572166
  0.00078026410661806  0.00083331344120590  0.00089019150758879  0.00095096748140206
  0.00101440879039841  0.00107829188166183  0.00114531127513076  0.00121801271365253
  0.00129096818502245  0.00136837109463529  0.00145515298126751  0.00155177608446110
  0.00167624035271212  0.00181367261210097  0.00195985087746656  0.00211343380287224
  0.00227522151422307  0.00242277314016248  0.00255341369651765  0.00268642037282770
  0.00278764339606940  0.00290101823073674  0.00302075902029083  0.00313213765678128
  0.00324166440904790  0.00345272118532774  0.00366416013119778  0.00389124268403437
  0.00414551205257846  0.00443751937356136  0.00474762849156530  0.00510708814376601
  0.00550922468008956  0.00599414125027538  0.00663637989031005  0.00709324044502788
  0.00746444754888678  0.00786313141355229  0.00825760411895304  0.00888703659823502
  0.00965907298469276  0.01086281102159419  0.02163523267700995  1.00000000000000000
  0.00000560324860659  0.00000707138937415  0.00000847251688069  0.00001000833527855
  0.00001173175918403  0.00001351892021972  0.00001535467621940  0.00001726326430781
  0.00001922107234034  0.00002149574007755  0.00002420307851568  0.00002735408413167
  0.00003097940351397  0.00003501910342397  0.00003954977827903  0.00004471114662160
  0.00005057106871939  0.00005731094951901  0.00006494765177648  0.00007351361981625
  0.00008279956149812  0.00009273590018875  0.00010344513561477  0.00011515927296123
  0.00012781995068254  0.00014133005964743  0.00015569655232767  0.00017104808681280
  0.00018733296701079  0.00020463361283953  0.00022266339588342  0.00024169086407228
  0.00026190178987211  0.00028351987874760  0.00030620740534942  0.00033047987074410
  0.00035625321149642  0.00038309617940030  0.00041161042861908  0.00044168770395830
  0.00047434805368824  0.00050890133246955  0.00054362064598462  0.00057908948779491
  0.00061746822171238  0.00065955347497611  0.00070549719550155  0.00075604711676141
  0.00080922153028673  0.00086357151656514  0.00092110856722955  0.00098086512717015
  0.00104885431585631  0.00111816373851628  0.00118601281860685  0.00125640400627792
  0.00133410368500478  0.00141349120671483  0.00149597041177941  0.00158443436301847
  0.00167400722617219  0.00176628000668620  0.00186963590328873  0.00197499595040076
  0.00209442722524052  0.00222783066645184  0.00237905740959681  0.00255404645047764
  0.00269679520599805  0.00283231486039143  0.00297045770103297  0.00313102937469027
  0.00331264635118149  0.00349363408172220  0.00370000209716556  0.00389791869473545
  0.00409334802473643  0.00429319004391903  0.00446032333186820  0.00465065932315073
  0.00488929310727474  0.00518365066095234  0.00550171322444584  0.00581482923846264
  0.00607731505519808  0.00636651122803279  0.00675465682386901  0.00730275080003778
  0.00791384451295372  0.00858490399564676  0.00935052147203710  0.01031208364235264
  0.01159564780679557  0.01351311198085677  0.02442779800217774  1.00000000000000000
 -0.00254968082204369  0.01175386567464553  0.02341232591868725  0.03618154865072323
  0.04869169529854186  0.06149086523445189  0.07422757515674444  0.08733948559866997
  0.10032318505885308  0.11336432272526739  0.12672793740118318  0.13979926456107108
  0.15226894255837564  0.16409306886503325  0.17556794942753878  0.18696151325063312
  0.19844076214097517  0.21006356176887658  0.22160892353601752  0.23300984838842254
  0.24399652720022832  0.25465989107166365  0.26531076456785579  0.27621234758470792
  0.28727582562475390  0.29837396873249916  0.30925387118113301  0.31977803042401903
  0.33000157562237781  0.34038078455046866  0.35097671439109723  0.36158113656339702
  0.37182595808326813  0.38197119668973362  0.39231200009402833  0.40251568200708632
  0.41237611836168958  0.42198261387286740  0.43154566129903738  0.44118319991062327
  0.45073040011689292  0.46040193241089838  0.47014364926543256  0.47983377292486934
  0.48954483086480000  0.49940784429559287  0.50935492355360579  0.51910987222646221
  0.52864884347579311  0.53804455975058552  0.54741317454219696  0.55682796857357819
  0.56640828838742840  0.57625609820193069  0.58618325219701473  0.59626188694180438
  0.60645879391204760  0.61669692151486577  0.62640070057948460  0.63560537562596298
  0.64472260046236007  0.65393342547635047  0.66374092423128439  0.67350187588398469
  0.68330022438948346  0.69295974280925821  0.70262926083709143  0.71194699151640362
  0.72145510486164532  0.73121467845266375  0.74138150861732721  0.75198264936719050
  0.76255326324636130  0.77352888909018702  0.78485337925780041  0.79617011940710158
  0.80687555592564775  0.81686844737777764  0.82656480862036230  0.83636469525315549
  0.84672055065536733  0.85695903121668571  0.86711006356219367  0.87728105051714178
  0.88817194713441616  0.89928446414145802  0.90971593454884703  0.92003430325013236
  0.93057000266391565  0.94166803095118290  0.95256954281079331  0.96309997315760132
  0.97268579387819754  0.98210060530354171  0.99121964160858178  1.00000000000000000
 -0.00254522885151624  0.01016463113548185  0.02084765849121280  0.03153305873840805
  0.04213755444066757  0.05255251842220122  0.06336482304544587  0.07442894731512584
  0.08536720012696719  0.09622257247083556  0.10672717961672283  0.11795616653501904
  0.12902700856544666  0.13997638262699733  0.15038337762172527  0.16070123057201960
  0.17088156238350460  0.18103881365515942  0.19120043757906235  0.20196079331349967
  0.21278377287061032  0.22356607081449492  0.23361431112306608  0.24311943582266807
  0.25255987730538920  0.26209264760561568  0.27172589277746623  0.28130373388186447
  0.29073678706192446  0.30114454262615420  0.31161741834717210  0.32200546916817663
  0.33271342207371446  0.34337361621949197  0.35423173035461608  0.36479496089319263
  0.37549462871877137  0.38612954992241472  0.39637213551525802  0.40656431921639558
  0.41679000846469977  0.42789232892972401  0.43895172591792914  0.45002321115532090
  0.46083187527890451  0.47154008097054567  0.48218844304589131  0.49304384791779338
  0.50380679700424602  0.51391742595150580  0.52386463252312432  0.53410380813637037
  0.54474096278077677  0.55563059616982757  0.56657578115412399  0.57750888441484305
  0.58839158990702223  0.59944360625062054  0.61047105242484168  0.62143671648501331
  0.63224724890851702  0.64297035223087684  0.65352636991966395  0.66396208612265495
  0.67452060158622063  0.68459815213496411  0.69445973451582665  0.70435261691198459
  0.71469778374606152  0.72544704646152292  0.73653030112966766  0.74766470569988364
  0.75872777000638814  0.76987635892967043  0.78126659737268711  0.79279687714423275
  0.80420630592065079  0.81533970307771830  0.82609648829155302  0.83656235225815267
  0.84714176622149284  0.85799840695927199  0.86891588955728016  0.87988554134935326
  0.89062914208370358  0.90087376217966475  0.91047160864163379  0.91996206192360797
  0.92976074676770226  0.93961136869878414  0.94967436842775699  0.95968667036111022
  0.96979394502061866  0.97981323448512392  0.98985529239805903  1.00000000000000000
 -0.00307654885466664  0.01355303761685624  0.02702780289915544  0.04077769059508540
  0.05409672297253205  0.06745640169539299  0.08091961209063997  0.09435310324660878
  0.10741382952288425  0.12007599856320936  0.13256599071143294  0.14449784509052624
  0.15580463058569960  0.16688603188398604  0.17819204337246428  0.18974024179136978
  0.20131345217939906  0.21264806189109850  0.22417190951002158  0.23559491268446348
  0.24687085456208122  0.25816862058905027  0.26940720346935515  0.28032885026505000
  0.29100998089601265  0.30169246047264914  0.31201540370259623  0.32185388289363709
  0.33144438502279450  0.34132094673630525  0.35151037873229091  0.36193232481215609
  0.37262990785879752  0.38316095033357656  0.39335950591405322  0.40333658050226051
  0.41327161804955947  0.42308121377681474  0.43269695863455709  0.44247788860114196
  0.45241869115932409  0.46208344697926190  0.47116981987410173  0.48005298126531826
  0.48920361677627289  0.49874697366583637  0.50865889452746549  0.51879756567026214
  0.52901996109289506  0.53927277287163855  0.54929396505012251  0.55941371350973579
  0.56937439995430983  0.57903328266198872  0.58868041469209687  0.59845757003706845
  0.60839213704156303  0.61830455419352770  0.62812763058155918  0.63822448366512041
  0.64819917781089986  0.65799296760494519  0.66730829619205512  0.67670994214682700
  0.68626969329626097  0.69626488910414608  0.70560465041654152  0.71449212647648419
  0.72326504351872356  0.73244730465578622  0.74238030466960769  0.75247682335906962
  0.76258881326410799  0.77252436474189312  0.78192733085768906  0.79102142788772112
  0.80002171483867413  0.81011884364222020  0.82081466569558137  0.83136839699910337
  0.84176260006210157  0.85194876251807006  0.86229116324086941  0.87265446132821323
  0.88296024491339642  0.89335710816439273  0.90386409624659669  0.91427275993968049
  0.92500847911242812  0.93571243492791178  0.94618202169646470  0.95646869880221841
  0.96711285875175090  0.97817017635006809  0.98911633344839489  1.00000000000000000
 -0.00261889505924715  0.01002463955464795  0.01983340410823425  0.03027691261568008
  0.04043439145182791  0.05119456186951100  0.06192625912846191  0.07300449048941751
  0.08412790188806872  0.09502866232921847  0.10587337525436570  0.11642282516050208
  0.12646747812262699  0.13650419389429008  0.14673269576498627  0.15779201625666273
  0.16859316348536604  0.17934098027082415  0.18999878357109359  0.20064858941849062
  0.21076624580140330  0.22082199216655693  0.23094078284415662  0.24154492271844411
  0.25211530174228480  0.26250386537849507  0.27283394222990914  0.28334276583996670
  0.29376905682924037  0.30442399951585253  0.31516969757528596  0.32621531117079616
  0.33746059183106825  0.34871296833929250  0.35988118943643921  0.37053436209054874
  0.38095401764558923  0.39151098979791848  0.40250199421772298  0.41380924006898312
  0.42481347864505903  0.43573659679749904  0.44656138616668656  0.45708579049120734
  0.46715986729314973  0.47732934658091036  0.48791238745578475  0.49887496703662632
  0.50976037146368725  0.52069051870523786  0.53139512798646549  0.54196896962410135
  0.55240540345789502  0.56274639459971232  0.57284724243665419  0.58304261397333124
  0.59337177994234802  0.60428692920199589  0.61487775652386978  0.62506543097290679
  0.63495041275388875  0.64481149506521185  0.65499433315569910  0.66566650710400899
  0.67668835871857236  0.68726757946371309  0.69709664586540276  0.70647238060637918
  0.71560588881973763  0.72517054279675519  0.73513909300210856  0.74553246488597846
  0.75632531631950672  0.76724871954595864  0.77813749939060795  0.78857224857391828
  0.79906994439099854  0.80984930697065127  0.82049836357842210  0.83099124447158501
  0.84088056903452424  0.85118216527565804  0.86142239980816759  0.87214850334537874
  0.88317377703856137  0.89294909593839855  0.90268097798629332  0.91225999762142251
  0.92287804537998042  0.93374742245771580  0.94494403499925850  0.95624233043285722
  0.96742275115680720  0.97826511357445256  0.98917421648021420  1.00000000000000000
 -0.00252933075920399  0.00926499213991096  0.01940903070738923  0.02983318063763201
  0.04032403093398117  0.05071845611149355  0.06118852473481483  0.07185717753342258
  0.08305540653375487  0.09415739072500812  0.10480051064560429  0.11479372893147266
  0.12447272757594319  0.13410520962899405  0.14350718782548960  0.15340559091200920
  0.16290893768413883  0.17286458540849189  0.18288071533899095  0.19338141638063011
  0.20386093800600422  0.21433938752994244  0.22479683179357177  0.23564837004438849
  0.24668273017351391  0.25724368162670447  0.26731501253881718  0.27765554844926610
  0.28871049261222265  0.30052997295592410  0.31236692850522785  0.32393459714685763
  0.33551150799842072  0.34605055916250926  0.35644061672622313  0.36664592000889890
  0.37745874190011414  0.38826946172205196  0.39875014490454924  0.40891169626125068
  0.41917199852066317  0.42978411100554675  0.44056535739035740  0.45132669273945791
  0.46167217816923189  0.47190927137792527  0.48164900451347925  0.49139082606878792
  0.50123895381641592  0.51127461870247126  0.52139987973012092  0.53156464697937966
  0.54175421849318928  0.55165036712031945  0.56140470243433671  0.57136386153031782
  0.58201634962001303  0.59324186319338001  0.60437533963218748  0.61552450551575133
  0.62579108384950666  0.63568419956064681  0.64534504640821977  0.65534248098010761
  0.66591871646215695  0.67649498940117292  0.68728945301667166  0.69838444882090034
  0.70958413958278976  0.72035808725773431  0.73072260696218361  0.74081840621052608
  0.75112220300591770  0.76149901546853449  0.77200324689446198  0.78242673202777280
  0.79281876320346101  0.80338728918181435  0.81403877914145006  0.82454710369180251
  0.83484948656212443  0.84534555067565187  0.85630629693976645  0.86778995147152294
  0.87924653697760824  0.89040196597432220  0.90165636227582735  0.91278513793359506
  0.92344075010090731  0.93404708928209879  0.94494984348799205  0.95619269104542248
  0.96732945972317552  0.97815627664019356  0.98921568645584412  1.00000000000000000
 -0.00008751274448039  0.00011120276714181  0.00031474780168509  0.00056413530815214
  0.00078350148301424  0.00092583551843446  0.00107270593953601  0.00122327766676273
  0.00137331037743997  0.00152304851342335  0.00167192052977991  0.00181901870744369
  0.00196435393188389  0.00210781138708367  0.00225091764563437  0.00239668184934116
  0.00254482955658610  0.00269645435800637  0.00284434134403864  0.00299104303999823
  0.00313939297529779  0.00328699154924464  0.00343274301431559  0.00358358160979766
  0.00374103454151105  0.00390397122076393  0.00406975386373787  0.00424862431719359
  0.00442972789060432  0.00461302095948066  0.00480847859137088  0.00499860447834556
  0.00518204566928517  0.00535824777868320  0.00552775294260023  0.00568750930286633
  0.00586950772545436  0.00606209234369425  0.00625876478207326  0.00646394826448804
  0.00667510637226155  0.00689143851961184  0.00712632234935217  0.00739178513185120
  0.00765737818627822  0.00791526305384357  0.00816952048364676  0.00842390676644571
  0.00867409194396093  0.00892146737174995  0.00917048727619854  0.00942032240529559
  0.00966853828360228  0.00993492536216238  0.01021337319196447  0.01048808609138122
  0.01074517194563729  0.01099201305996367  0.01122689864461325  0.01144280286823302
  0.01168444233415829  0.01194079293996405  0.01219533451616909  0.01244086332854887
  0.01268621152667930  0.01293508405993633  0.01319986975176062  0.01351604964289524
  0.01388990431529317  0.01431634128763363  0.01490981247931573  0.01537641869501637
  0.01580581714100592  0.01622233819326598  0.01666404603031746  0.01718298807874914
  0.01785200074557382  0.01865805432693913  0.01942270872066491  0.02007421250084218
  0.02053039303022821  0.02126997748779624  0.02232675796549980  0.02279164197175932
  0.02308129293054425  0.02343401267572907  0.02379902976261284  0.02413642946389793
  0.02452716598116564  0.03018618657557469  0.03089861082249511  0.03176769517466472
  0.03604246304501152  0.03731520394752843  0.04863578227248896  1.00000000000000000
 -0.00211556044506343  0.00791097961383209  0.01672364539049502  0.02543909425673248
  0.03400632073273944  0.04262238174343237  0.05102997469772901  0.05932053580543661
  0.06757374264927078  0.07590286522198361  0.08462628882943551  0.09381318452863138
  0.10313694310252949  0.11262918538437071  0.12244568476397812  0.13241509786850367
  0.14252574632134513  0.15266059763261050  0.16302602986297346  0.17367720126206795
  0.18456590662851327  0.19551086496668199  0.20664592009150268  0.21777589806136383
  0.22887025228387978  0.24012299214431285  0.25185739292881049  0.26398992761748513
  0.27584867942661595  0.28742491500224265  0.29900817528975882  0.31081914294630841
  0.32272019727931112  0.33451420956149031  0.34630842755681962  0.35760775592888933
  0.36828153046511020  0.37892368334460813  0.38973427248185905  0.40098835531079907
  0.41263270291034559  0.42486089520427417  0.43697235159591530  0.44886017130078332
  0.46078897508987082  0.47289297820465404  0.48526113597753096  0.49755475513998615
  0.50879689353656454  0.51957452237176338  0.53010334736524056  0.54122378199648269
  0.55236194898421576  0.56365113527941324  0.57482884894616293  0.58609375222275417
  0.59700303489853557  0.60885575274753012  0.62085131973641972  0.63248700910651556
  0.64375936713630522  0.65537709909275288  0.66709217977689039  0.67864723489942680
  0.69020116642251861  0.70165454053253629  0.71316937400876323  0.72476427751005257
  0.73610503708172959  0.74684633140532108  0.75755491373741046  0.76844412904656478
  0.77977610868595149  0.79104558178668716  0.80206745439238480  0.81277497168787172
  0.82329465502837484  0.83382672938289193  0.84448185702132184  0.85499978392906884
  0.86518472187605655  0.87519459857750581  0.88487600237661979  0.89430420630604113
  0.90354641753199050  0.91275980498500342  0.92203560188625944  0.93124101609490295
  0.94033705945843726  0.94923418452118014  0.95788903973548667  0.96625587907911625
  0.97428118855453327  0.98256553853711615  0.99075240988126512  1.00000000000000000
  0.46479835578191830  0.55039727659143745  0.56768026253668336  0.57917670015081613
  0.59047108025953965  0.60249124499273010  0.61440412935032362  0.62580593903741932
  0.63658529467961300  0.64701259553434820  0.65685083880723627  0.66622467405514352
  0.67486522014998418  0.68306932915835472  0.69073358872857948  0.69790310732020477
  0.70482046186569203  0.71142741558369138  0.71780191549722749  0.72402045130283399
  0.72999879347077190  0.73572063264005760  0.74137619562010948  0.74698522187611438
  0.75243875319224351  0.75767948219000891  0.76277332918352037  0.76773512925273135
  0.77256007370523294  0.77728331238272363  0.78193318576741400  0.78651864062826793
  0.79099659165611946  0.79533246886781095  0.79957602973341846  0.80378472549914248
  0.80794625738094850  0.81203575661107030  0.81598360169161399  0.81986445745893244
  0.82371647732431474  0.82754078707695877  0.83136798217176189  0.83512072121408520
  0.83871244243453047  0.84229938873515142  0.84581784826385320  0.84925995813114152
  0.85264870941947701  0.85604387532247073  0.85948181384346956  0.86293002308129618
  0.86631813019727888  0.86962824057277333  0.87291404524481697  0.87618703088046246
  0.87934654182416216  0.88245662161617733  0.88549216328513558  0.88850571632131170
  0.89144914852170376  0.89440549803298175  0.89736637773938188  0.90037573069802790
  0.90343764066781762  0.90649932774574216  0.90953738958064434  0.91256261256976245
  0.91557906819593071  0.91855780510802743  0.92142488912021903  0.92422789747448530
  0.92701701750078613  0.92991990379331269  0.93293864452398367  0.93606938523646654
  0.93910977713686339  0.94210669206099307  0.94494118137089644  0.94763292656280607
  0.95030393135932101  0.95293521552578975  0.95557641025892859  0.95838363010616512
  0.96131175580062678  0.96431298346626770  0.96749732415780754  0.97041928743001382
  0.97344691112702075  0.97648404387222809  0.97950281089170210  0.98275912527259968
  0.98610168256887865  0.98981493262204823  0.99433605266028768  1.00000000000000000
  0.05112166881825248  0.10156314603688352  0.14707723982930665  0.18949917898513793
  0.21724424636091974  0.23912640632177498  0.25789465110421522  0.27294500268963928
  0.28667614317427886  0.29978496237004498  0.31228144103733524  0.32378091072756238
  0.33477117571423154  0.34560554726527121  0.35647512399090486  0.36597736845378143
  0.37530753431072816  0.38422189639528070  0.39349788224597415  0.40249726240090822
  0.41127365178950032  0.41966904907088720  0.42780562569608899  0.43561456566234319
  0.44326116257166215  0.45079028246316372  0.45835807246969257  0.46590475471681086
  0.47327058141391376  0.48053600477252656  0.48727733059790651  0.49406309234820239
  0.50068787589154562  0.50744192701426716  0.51415784464101366  0.52083460966390493
  0.52716599805259601  0.53340627592226320  0.53941836824636025  0.54560607204649036
  0.55168727962884678  0.55781457576125948  0.56376179264489934  0.56965351565870026
  0.57552704837275803  0.58125698948511040  0.58690642317712283  0.59240060135234018
  0.59790798514971155  0.60344154219476975  0.60896894103401589  0.61452501805915050
  0.62009507526689978  0.62567392833651581  0.63128875164811560  0.63690069168544639
  0.64237017808822006  0.64768982240413353  0.65293566843282169  0.65816031732252467
  0.66347573498626655  0.66879383897059641  0.67422930174764706  0.67969100017183048
  0.68522477023028483  0.69067396900217259  0.69612055830338049  0.70162697105671645
  0.70680771133619946  0.71181281847244904  0.71676272836747379  0.72159709250907633
  0.72663480194284502  0.73188174911583159  0.73713275615251883  0.74254583153614451
  0.74823316432259368  0.75409029204342992  0.76009128334685727  0.76611622822725256
  0.77225241276050238  0.77865430029493565  0.78518244813689675  0.79180766053063745
  0.79820385984844044  0.80488225221191090  0.81207028807130566  0.82047041483272842
  0.82901437348323981  0.83841865635486268  0.85002400293838909  0.86194527632527673
  0.87583202676564409  0.89169090586135835  0.98269888529296212  1.00000000000000000
   1.4721462148679283E-009  -1.0000000000000000     
 F F F F F F F F F F F F F F F F F F F F F F F F F F F F F F F F F F F F F F F F F F F F F F F F F F F F F F F F F F F F F F F F F F F F F F F F F F F F F F F F F F F F F F F F F F F F F F F F F F F F F F F F F F F F F F F F F F F F F F F F F F F F F F F F F F F F F F F F F F F F F F F F F F F F F F F F F F F F F F F F F F F F F F F F F F F F F F F F F F F F F F F F F F F F F F F F F F F F F F F F F F F F F F F F F F F F F F F F F F F F F F F F F F F F F F F F F F F F F F F F F F F F F F F F F F F F F F F F
  <DiscreteSampler_grid>
  grouped_processes
  1 # 1 for a reference and 2 for a running grid.
  10 # Attribute 'min_bin_probing_points' of the grid.
  1 # Attribute 'grid_mode' of the grid. 1=='default',2=='initialization'
  0.0000000000000000 # Attribute 'small_contrib_threshold' of the grid.
  0.5000000000000000 # Attribute 'damping_power' of the grid.
 # binID   n_entries weight   weight_sqr   abs_weight
    19   10   1.506292326055461E-002   8.814275537292561E-004   1.506292326055461E-002
    20   10   1.506292326055462E-002   8.814275537292572E-004   1.506292326055462E-002
    22   10   3.012584652110922E-002   3.525710214917024E-003   3.012584652110922E-002
    23   10   3.012584652110923E-002   3.525710214917029E-003   3.012584652110923E-002
    25   10   3.146648763582282E-002   3.857557733500471E-003   3.146648763582282E-002
    26   10   3.146648763582282E-002   3.857557733500472E-003   3.146648763582282E-002
    28   10   6.293297527164564E-002   1.543023093400188E-002   6.293297527164564E-002
    29   10   6.293297527164564E-002   1.543023093400189E-002   6.293297527164564E-002
    34   10   1.506292326055461E-002   8.814275537292566E-004   1.506292326055461E-002
    35   10   1.506292326055462E-002   8.814275537292580E-004   1.506292326055462E-002
    37   10   3.012584652110923E-002   3.525710214917026E-003   3.012584652110923E-002
    38   10   3.012584652110924E-002   3.525710214917032E-003   3.012584652110924E-002
    40   10   3.146648763582283E-002   3.857557733500471E-003   3.146648763582283E-002
    41   10   3.146648763582284E-002   3.857557733500475E-003   3.146648763582284E-002
    43   10   6.293297527164565E-002   1.543023093400188E-002   6.293297527164565E-002
    44   10   6.293297527164568E-002   1.543023093400190E-002   6.293297527164568E-002
  </DiscreteSampler_grid>
