  0.00288488088271694  0.01280851013687561  0.02438961495038122  0.03561668476893348
  0.04648733955335037  0.05698388399659152  0.06726483348853685  0.07730993787902486
  0.08784740790864351  0.09857282741918824  0.10955710686255533  0.12039204964313320
  0.13105779163242395  0.14163640466486832  0.15238659803638963  0.16323070882347415
  0.17405800602762966  0.18499646746572532  0.19602393849876321  0.20692187232275808
  0.21797546432037612  0.22883421773050144  0.23961829028492754  0.25035512381003477
  0.26098560476113158  0.27148554534574765  0.28171191817842367  0.29201166077822716
  0.30227847383494000  0.31267838225950256  0.32336959746978056  0.33441056393556345
  0.34546389259250715  0.35607178188122768  0.36674366454609869  0.37717328739529654
  0.38767156181267604  0.39793519542765110  0.40834244269856096  0.41869253018774033
  0.42906742983435386  0.43966304139819623  0.45064264433412343  0.46139560358736392
  0.47173670689145791  0.48183900088751641  0.49207438891392768  0.50227304794343575
  0.51250020379850347  0.52281876667804861  0.53330915233688370  0.54363546326443957
  0.55404423072932263  0.56428926121418355  0.57408144349373857  0.58410368398563683
  0.59427332861391535  0.60478779632790491  0.61515911392133382  0.62536216161762070
  0.63625194907680704  0.64685635219221638  0.65706664524219160  0.66725782291857438
  0.67772503901774239  0.68817913914320972  0.69829386786301406  0.70853472047867805
  0.71862478724405821  0.72889066030433725  0.73900156270293949  0.74914292888185718
  0.75912116337883284  0.76919630968111985  0.77953936533603230  0.79007320204920117
  0.80053219122793018  0.81092134663149007  0.82132566702828858  0.83145641432697726
  0.84155869043412346  0.85178090927260930  0.86248613534258289  0.87364978943245841
  0.88460921253117064  0.89555058017622702  0.90615267580010816  0.91698881278374056
  0.92745969480643842  0.93822249063989316  0.94896545477563887  0.95973913837848535
  0.97022279442608284  0.98054002564599185  0.99037981967326361  1.00000000000000000
  0.00305308561644463  0.01282697851146682  0.02424356817679576  0.03482306646084649
  0.04548635668210838  0.05644914340008040  0.06728635149760753  0.07774200066791859
  0.08807536770807207  0.09842049785095580  0.10888657590078002  0.11945064339133736
  0.13018228054675518  0.14109056189918945  0.15179885271358351  0.16214575444089563
  0.17248360671368146  0.18280989696802372  0.19369814549306197  0.20458318228493319
  0.21547461925136180  0.22646230592253389  0.23761813225416706  0.24860661962218672
  0.25919681169448006  0.26936626999966906  0.27967503180680248  0.29009787623558614
  0.30097282015402149  0.31218985789659720  0.32267719201865602  0.33326844339661482
  0.34415306437792809  0.35534272602976391  0.36590538798312255  0.37649915174003856
  0.38717353674947763  0.39768728973674550  0.40787230621706794  0.41831985885593270
  0.42946320527018034  0.44060200000547550  0.45160366641064453  0.46246164852807331
  0.47311107572486427  0.48342432810982849  0.49354955579900661  0.50380143075746187
  0.51431710707069733  0.52497864313133524  0.53547364842924094  0.54584216094777183
  0.55619739433154758  0.56681134854604753  0.57734103543279769  0.58775145716151500
  0.59810783548553126  0.60853428338389826  0.61901665007311668  0.62944540755611356
  0.63956133454376252  0.64965955316608615  0.65941322491598742  0.66947527334004653
  0.67973132374069345  0.69024737376798795  0.70069023746016679  0.71117437255044003
  0.72171979184948398  0.73223613970771118  0.74243503351163265  0.75253378066878185
  0.76281818652513822  0.77339487799944850  0.78396563149230891  0.79439763823940146
  0.80485094883694464  0.81521679709743555  0.82502428817394879  0.83484251056575076
  0.84478333395664684  0.85521278632010744  0.86537453249650476  0.87572040331978063
  0.88624290106530013  0.89667303273048726  0.90699895508217876  0.91725040635354416
  0.92800426003551673  0.93849335765228803  0.94863033653091300  0.95855140977189313
  0.96866678050093691  0.97878084581982550  0.98933003926802410  1.00000000000000000
  0.00011857721163108  0.00014467926700716  0.00017704280545199  0.00020523555697029
  0.00022565729488089  0.00024293645970756  0.00025892804530594  0.00027433643648169
  0.00028942621498364  0.00030420084719725  0.00031899877163514  0.00033384306070454
  0.00034882790071683  0.00036405570134079  0.00037946884344802  0.00039524650858200
  0.00041138493374080  0.00042744846728906  0.00044383891019380  0.00046090245170451
  0.00047853701000926  0.00049700854812710  0.00051634570624988  0.00053649176718943
  0.00055744616075220  0.00057887012031998  0.00059942910388451  0.00062042080150226
  0.00064239696277743  0.00066490335875284  0.00068842280961254  0.00071314751190734
  0.00073844173433232  0.00076455241155521  0.00079372005178950  0.00082258679786520
  0.00085321074344416  0.00088516458415080  0.00091818141812598  0.00095192728719579
  0.00098609580172928  0.00102231105460879  0.00105869007267646  0.00109985540507274
  0.00114142608329604  0.00118510745413237  0.00123135330498140  0.00128054295473789
  0.00133041986085702  0.00138154197248714  0.00143335599988461  0.00148571500766491
  0.00154522597153025  0.00160860185109284  0.00167247645490647  0.00173782386983451
  0.00180565777855330  0.00188083473056232  0.00196065077489584  0.00203921722771675
  0.00211813693229727  0.00220316404706553  0.00229359230544849  0.00239242821445091
  0.00249648289337929  0.00260733718873700  0.00274268422410452  0.00289111576374477
  0.00303191749232943  0.00317309808486879  0.00330556971976283  0.00346658939706426
  0.00365017189511874  0.00383703202665067  0.00402298433156640  0.00420992946771190
  0.00441199794999611  0.00465395289624068  0.00493636977894961  0.00523418708220165
  0.00552389681339754  0.00581668173706333  0.00614151796758389  0.00648173441658587
  0.00687491749353808  0.00737964630513867  0.00811541710039133  0.00889344697950134
  0.00958421484614885  0.01020350836692104  0.01081011228175668  0.01162715981130734
  0.01224864191324232  0.01336382666022458  0.02566466967739086  1.00000000000000000
  0.00000287956755343  0.00000368446299586  0.00000425454918245  0.00000484568213209
  0.00000552477117195  0.00000632418504373  0.00000728133694096  0.00000839411634001
  0.00000967112217346  0.00001123605508400  0.00001312391181142  0.00001535185778453
  0.00001793687959381  0.00002090680046830  0.00002416053248647  0.00002772177363721
  0.00003176275397985  0.00003635462905385  0.00004130667488487  0.00004664686049242
  0.00005268056888007  0.00005909563758119  0.00006595787757153  0.00007346107130721
  0.00008135941804285  0.00008961706901878  0.00009860007513486  0.00010815329909003
  0.00011845891345234  0.00012932775416170  0.00014072273341691  0.00015293952392753
  0.00016587347038122  0.00017978340802506  0.00019442371585882  0.00020963371798177
  0.00022560136530390  0.00024234080683729  0.00025988238968513  0.00027855189300143
  0.00029780756957743  0.00031863475460981  0.00033982828520036  0.00036320966503933
  0.00038694090344523  0.00041244020326692  0.00043859048099365  0.00046520862470649
  0.00049547331994588  0.00052614501704605  0.00055952190574027  0.00059494924821056
  0.00063155129650041  0.00067036462692884  0.00071112519426435  0.00075360641322737
  0.00080043403023867  0.00084778316707682  0.00090035528237372  0.00095464090622269
  0.00101387180809372  0.00107788100701985  0.00114563134950623  0.00121747864519013
  0.00129455202006147  0.00137815220880503  0.00146854650108864  0.00156057065728150
  0.00166336343352910  0.00177688378813264  0.00190254913846980  0.00203643396554288
  0.00217110057283285  0.00232119368529195  0.00250267813603416  0.00271842168414812
  0.00295898666478208  0.00321689043337551  0.00348127265290993  0.00378463467414422
  0.00413476009886308  0.00452885035737918  0.00499945659529539  0.00554929421839176
  0.00614182087983178  0.00677086152645208  0.00737364861813726  0.00780700776365468
  0.00841832278040723  0.00926371163914102  0.01034365268809043  0.01231704455993461
  0.01512394174367917  0.01861546529886028  0.05291598359498471  1.00000000000000000
 -0.00191499149142888  0.00921785531819821  0.01885979356530902  0.02947856636476130
  0.03965160134992173  0.04964730591618861  0.05985706875548251  0.07029067427827027
  0.08090279916001612  0.09108361381157208  0.10114757423694309  0.11098752233065418
  0.12092342661507399  0.13081416595728942  0.14070621295322636  0.15034942621404954
  0.16023424898976010  0.17022085808696635  0.18002439239194790  0.18947215309339366
  0.19908966863603325  0.20886777785496813  0.21881126613605245  0.22861513655852486
  0.23854617606668715  0.24856119098800888  0.25888766831652121  0.26921192137451627
  0.27946688261992653  0.28969173248781277  0.30026032917011436  0.31136125509813972
  0.32238900833395301  0.33308068775621652  0.34349023806285506  0.35384423396796555
  0.36421415266480450  0.37466017058439000  0.38553761664302622  0.39663917370933327
  0.40756788797724880  0.41818695698947039  0.42871027273196555  0.43942950171580814
  0.45018240494685513  0.46124789044537706  0.47221459747040356  0.48294816772978977
  0.49342028557817008  0.50397864496400402  0.51458142197781631  0.52510536315319900
  0.53545398891733520  0.54615893533748816  0.55710759602728288  0.56823026436675839
  0.57920157290867269  0.59007956989836707  0.60075635591671206  0.61139971607735666
  0.62215183093238668  0.63301295057775586  0.64345409031142509  0.65381936662683449
  0.66401693155431585  0.67427121123245726  0.68455229532251494  0.69518398202910370
  0.70594934382859842  0.71669272029496489  0.72732642753751831  0.73797781683011610
  0.74869822270517883  0.75944473388618294  0.77027250097859778  0.78093508444947279
  0.79129403038406032  0.80157873836412552  0.81230214595938177  0.82359103614251505
  0.83493725769797633  0.84579191669890874  0.85682971499810745  0.86833364982004735
  0.88017780391781364  0.89179437690276309  0.90311003781957855  0.91411558955765204
  0.92495323854217837  0.93584924403937308  0.94695986937830168  0.95801551376807292
  0.96885350096904843  0.97935971170173808  0.98975831792611424  1.00000000000000000
 -0.00280042983437780  0.01010186442190803  0.02057758505145509  0.03112896647744093
  0.04138752036438970  0.05192773004030485  0.06256547787432985  0.07335737542939899
  0.08390873869520443  0.09443301199830795  0.10506418967469060  0.11592829078281182
  0.12661422535989117  0.13692685428265206  0.14726081286426332  0.15739162311702454
  0.16770939419292860  0.17788646609635467  0.18816938155224591  0.19897430029405941
  0.20937929574879327  0.22022758934177675  0.23067081944955278  0.24131016780241774
  0.25176570460313930  0.26234636486162827  0.27296852551873635  0.28344327382850087
  0.29358498966443225  0.30383160807532800  0.31431497505307116  0.32515017586498485
  0.33552750564914269  0.34603079031686673  0.35604460787163689  0.36620035970169135
  0.37624687333669699  0.38650048681513710  0.39671171446801928  0.40717318624069021
  0.41781084895954479  0.42898646619424430  0.44021416483712938  0.45140969547201737
  0.46213844478622979  0.47268348405648702  0.48309243186943579  0.49336057649175624
  0.50332073401549626  0.51316025518207198  0.52294091263069475  0.53331496503256259
  0.54404597461596427  0.55521137134724396  0.56609315473009236  0.57708306479088034
  0.58793462698758914  0.59855482614019595  0.60932330969089143  0.62021445112111961
  0.63121968414689333  0.64224419284357182  0.65317357333059967  0.66383446878135544
  0.67409115981017542  0.68404291131595474  0.69379508582406735  0.70373098486461216
  0.71420063071611206  0.72526387118536439  0.73633133963048913  0.74721493452312482
  0.75766913103521027  0.76777858112526454  0.77777289808882200  0.78795329282281701
  0.79865140391261669  0.80959209069898275  0.82074653636540795  0.83161829925701902
  0.84218618659535471  0.85240336779502257  0.86272246301818067  0.87299402599545128
  0.88339025234274005  0.89401114159479622  0.90461463638688266  0.91535729779456076
  0.92577608081764906  0.93664918123316476  0.94750452569142141  0.95823351012568181
  0.96874801044577197  0.97909201484199992  0.98957357341711971  1.00000000000000000
 -0.00301332729138699  0.01212023772835359  0.02496337869716971  0.03798118539336909
  0.05170627276558366  0.06497174443526410  0.07750834428999856  0.08962896376405421
  0.10174914412334984  0.11373101552469819  0.12564112778126335  0.13763261962246892
  0.14969142323209975  0.16162142321916317  0.17350549799196319  0.18539890309532447
  0.19735673057362496  0.20916142968236481  0.22067436039830579  0.23185138767335814
  0.24294925294001873  0.25431330069957064  0.26570853010751661  0.27677428108521640
  0.28760583454366062  0.29851963618438387  0.30960375323786044  0.32058137024858141
  0.33142226126978097  0.34201017399441030  0.35253016624225247  0.36304956181204368
  0.37385033285143743  0.38465030368568698  0.39530572474594844  0.40580066564620826
  0.41616789600361009  0.42671256074178665  0.43712971245356091  0.44771522947448056
  0.45813280188015421  0.46840044887237497  0.47862493811219237  0.48881050602619097
  0.49907545561187805  0.50919159013310389  0.51922403197870148  0.52911418182549663
  0.53902184171322720  0.54896386532875951  0.55903622365809114  0.56913920447584920
  0.57914357055270127  0.58915525316667972  0.59908772616153250  0.60890454078864475
  0.61867622357523022  0.62850606931275033  0.63838931682617006  0.64839407856477815
  0.65851945041673610  0.66869783360369017  0.67879382463390459  0.68859012839279254
  0.69816476683881667  0.70785884266490817  0.71786816082852678  0.72813842056967759
  0.73847983503965953  0.74863532488096318  0.75868161129667744  0.76865800354926161
  0.77846890341997810  0.78825561695687318  0.79798448590176529  0.80755549937345084
  0.81713627341552253  0.82647681648254701  0.83582544064327602  0.84531721828098283
  0.85478507218397737  0.86458063874256974  0.87426074148615274  0.88396540784483846
  0.89353151304613643  0.90301135117189157  0.91262876794178371  0.92230247607864801
  0.93186801797140006  0.94149393219588762  0.95103267878998365  0.96061073481299675
  0.97015583020789786  0.97989330431425326  0.98986846591517208  1.00000000000000000
 -0.00266940898401829  0.01016222779113204  0.02101264683940861  0.03194194722074790
  0.04276998673718550  0.05364187767671934  0.06413629364190301  0.07436006292612141
  0.08458834936302806  0.09520060700909244  0.10617067569923022  0.11705031660651194
  0.12782902318527706  0.13860337465418740  0.14955741984619042  0.16035408417729727
  0.17103471141387588  0.18167620663567496  0.19262037550898475  0.20364352441244504
  0.21448101946767781  0.22508122004010653  0.23560424825097953  0.24586605876841736
  0.25622704971292998  0.26676158846105941  0.27798959569334047  0.28944524170631225
  0.30009663891406019  0.31063120081546369  0.32105445793032983  0.33181099838414829
  0.34244736506429119  0.35297068024381179  0.36371494859450793  0.37450568293221714
  0.38506150916700022  0.39541849532427709  0.40552216090761650  0.41554939134381758
  0.42547071970286449  0.43532047312900846  0.44572251707431254  0.45619837990916828
  0.46672775383360321  0.47685168177307463  0.48691572141562794  0.49693372819924148
  0.50699037862891883  0.51700403154454955  0.52738147282675540  0.53791439119501538
  0.54862969877302403  0.55902187059709385  0.56952181326073981  0.58024148975071321
  0.59106693682761224  0.60166896941827097  0.61183352933737922  0.62184842200028922
  0.63203566907274011  0.64245430818929150  0.65347178473090572  0.66441797494233701
  0.67546398163560739  0.68631242564597050  0.69729900517555343  0.70811657484328694
  0.71850380911711753  0.72870833626662646  0.73908700308144260  0.74966611557984575
  0.76015964120956814  0.77061907893479042  0.78139984053438127  0.79227436395843343
  0.80313432880926972  0.81369296205122288  0.82421144085404641  0.83457215197978152
  0.84508718517929238  0.85544543725605104  0.86570612233081556  0.87584711528669457
  0.88635073575763590  0.89668299589108347  0.90699272563816313  0.91735752617113431
  0.92806289832632272  0.93851773540255601  0.94847816952735864  0.95856080642807062
  0.96907584206803721  0.97972130954886738  0.98989639932057705  1.00000000000000000
 -0.00119626437587338  0.00316420506657655  0.00777301928676166  0.01221633228496793
  0.01672767912491815  0.02165561311058681  0.02699240729027352  0.03247772397810302
  0.03798602517728968  0.04372294494380126  0.04979454999406309  0.05611582489800186
  0.06283741418156102  0.06982779627454561  0.07695374019233663  0.08433108458473662
  0.09209702646113144  0.10019462068616826  0.10844008190803302  0.11676841487067084
  0.12531380778927959  0.13428496833560066  0.14368448706112269  0.15334200893979996
  0.16339421909352064  0.17388983783818357  0.18477619111386115  0.19576112021591369
  0.20695786776888958  0.21839052251016514  0.23014857325214536  0.24223844143514883
  0.25465486602576937  0.26727509248340331  0.28008484717746823  0.29309352336616712
  0.30646452919028166  0.32011170031180541  0.33429995879680274  0.34904519663725542
  0.36417095608595457  0.37918088296604247  0.39427647216204387  0.40921339092860581
  0.42438684759177325  0.43977289490931137  0.45541880600766438  0.47105699708316690
  0.48697715335694775  0.50353508885921061  0.52047002721525082  0.53754022801446211
  0.55450439570430377  0.57145156371837769  0.58810200511493749  0.60474745396685781
  0.62134200095451653  0.63748217293816600  0.65313588806186074  0.66855865986643115
  0.68332018752285517  0.69786480599781375  0.71222262344352738  0.72649219583407354
  0.74032002631011384  0.75353614183020534  0.76612180892784221  0.77799978299226458
  0.78935782356427098  0.80062025381964330  0.81221530735172287  0.82406369459238737
  0.83520112320783446  0.84538995220070845  0.85518729110623493  0.86491816903829322
  0.87443833305314644  0.88355691716588580  0.89237155534494828  0.90115746715773304
  0.90980722320885532  0.91787138412258906  0.92529201868772415  0.93236655934722990
  0.93928230640246368  0.94606558772407068  0.95271102164977028  0.95916175423470740
  0.96516135091042154  0.97083622604999320  0.97621706435210853  0.98131132361925877
  0.98620407584685421  0.99091337114360423  0.99545463733630835  1.00000000000000000
 -0.00263103838928571  0.00987318459069059  0.02043351516899868  0.03123435365660023
  0.04228831630687359  0.05349463243074355  0.06468599531065648  0.07527836507582356
  0.08567863369276485  0.09604317521770657  0.10642943867558202  0.11651138390002543
  0.12635944271077668  0.13640153685573847  0.14651752304683607  0.15721507938244611
  0.16796113770624224  0.17907640568112068  0.18993138737580179  0.20101059624554338
  0.21211769017991791  0.22350567898149259  0.23458203375195502  0.24548194398851528
  0.25616005725399038  0.26698365539447771  0.27760635411913875  0.28802314864211764
  0.29844758541768612  0.30890018399543451  0.31953728537683584  0.33037583338250504
  0.34129810124409760  0.35198768702355454  0.36282063899329597  0.37369469253530635
  0.38471525860884598  0.39559068438285216  0.40613830042567950  0.41654589132194825
  0.42674798495742766  0.43698017820038276  0.44749662195795076  0.45829021220589061
  0.46842775789358310  0.47853996840238056  0.48855284130232257  0.49889436891378530
  0.50898462713237680  0.51917335604462078  0.52962953332036944  0.54045471948528578
  0.55113215596992615  0.56178734321821988  0.57234335071133713  0.58286755247409638
  0.59352446002200365  0.60407407173073624  0.61464247810266948  0.62516366579315175
  0.63581801286279438  0.64652080091097541  0.65712335981120629  0.66785647582960606
  0.67848966928593990  0.68936904927490283  0.70008752694905330  0.71092547094151926
  0.72141175545692593  0.73156404083004034  0.74152507531787382  0.75149872664357487
  0.76200943949142752  0.77256405445063514  0.78313667754317051  0.79338840864261850
  0.80334833123043792  0.81329263632898430  0.82344455589388699  0.83379371222866061
  0.84400282102334234  0.85401964478428827  0.86432691933062822  0.87463105768293758
  0.88510996708569589  0.89551012743296665  0.90596920397951075  0.91647015177979740
  0.92699431415799105  0.93786369606273789  0.94879562478996493  0.95960317000822504
  0.96988979707758649  0.97986929424918234  0.98986442533313834  1.00000000000000000
 -0.00245990857799745  0.00928874104454779  0.01892199945189888  0.02938428761832252
  0.03973445348600864  0.05057375272946530  0.06121307983547963  0.07220697304521155
  0.08300104561359985  0.09363970787724386  0.10431327275362458  0.11503132669454966
  0.12537647836991653  0.13512690773460942  0.14451817040930356  0.15427996099311772
  0.16444928586272073  0.17508800719754561  0.18548152560120301  0.19571626451113067
  0.20599700719716268  0.21629738795957176  0.22671807972235147  0.23703927380874773
  0.24726613124869623  0.25772232054925559  0.26847694474446943  0.27934254387436819
  0.29016735291993223  0.30081590296759597  0.31184275173806048  0.32255867083455020
  0.33331874199661243  0.34389553848818227  0.35431593689155866  0.36469497494180136
  0.37519921297649933  0.38584437157934554  0.39659651838708382  0.40675356749380659
  0.41728263746331334  0.42762928280867657  0.43771225654032725  0.44774981741127484
  0.45795106532360691  0.46844629860756737  0.47877888711558197  0.48905778167736863
  0.49921318670827819  0.50932458370534905  0.51957152325300515  0.53033690499316621
  0.54151295680372091  0.55240640059584212  0.56327051651099735  0.57402462316231806
  0.58480713907917670  0.59577957734797860  0.60664372862508975  0.61785534070737735
  0.62872098483899674  0.63927434621538748  0.65002302844452953  0.66069361420630335
  0.67127586300645625  0.68165607608224832  0.69222057984208596  0.70325933869322987
  0.71385923598441525  0.72427409843824475  0.73493399781069446  0.74567564798277319
  0.75637701285280134  0.76706676860951195  0.77786768225389880  0.78864728094795544
  0.79885725134339092  0.80910880755054115  0.81945194156332901  0.83012537720958224
  0.84092495784893839  0.85137482750184701  0.86204614808664737  0.87276939449245694
  0.88403654909145934  0.89534104063123610  0.90594168700214517  0.91647936127835394
  0.92698148648160283  0.93736841205129884  0.94733562762565315  0.95763578881904787
  0.96880990403034495  0.97976504781295903  0.99000306268471649  1.00000000000000000
  0.42657527164146897  0.60262932090398136  0.62773233705725517  0.64763946324972999
  0.66297487768672303  0.67632199391208270  0.68803089801635464  0.69785031884658300
  0.70672682420500688  0.71484389752004418  0.72248207749598481  0.72963831269894175
  0.73617134945071550  0.74237906966964873  0.74841233397055307  0.75423935247642493
  0.75980088759655706  0.76520020394430588  0.77035176326395804  0.77529802686299354
  0.78002308997686898  0.78463575130425078  0.78902793333908483  0.79329598861495676
  0.79737068656135268  0.80139821843047687  0.80539622645025788  0.80934895730408185
  0.81322734994169377  0.81698751272482106  0.82069695194768499  0.82434318172207433
  0.82784833865143725  0.83125289603116359  0.83454065961944623  0.83774121405658575
  0.84090803761573785  0.84400050739187760  0.84705954826810792  0.85017608721775129
  0.85329445819440419  0.85629791363270258  0.85914550672914913  0.86194404250692624
  0.86474103135123870  0.86753954461012817  0.87031316150343940  0.87305450156399933
  0.87576897077474947  0.87843200508294894  0.88104154371937182  0.88360293246905608
  0.88612789935420655  0.88861890080849393  0.89107989661715770  0.89359320062642122
  0.89618897199458891  0.89876025377911217  0.90126567601133978  0.90372944809439659
  0.90617758492577272  0.90864139872628102  0.91112824195871644  0.91357953608684817
  0.91594868152011322  0.91826406834945939  0.92055785943002855  0.92286480002607152
  0.92524145500174948  0.92758326344296604  0.92995611034536496  0.93232963286321224
  0.93470147461813990  0.93701868006312850  0.93927705686836738  0.94153222044438811
  0.94380887713807948  0.94613588840882390  0.94848132640257665  0.95079820718059771
  0.95313652188128029  0.95547259868632928  0.95786540107036888  0.96036031205956995
  0.96287893529611746  0.96536033597171722  0.96789164864869004  0.97047280868417507
  0.97312656416683863  0.97594827909209114  0.97897269737489234  0.98221277120995865
  0.98563157803537882  0.98936143601925086  0.99388210701617330  1.00000000000000000
  0.00304000037012990  0.11085522524897135  0.12701671914542009  0.14020327107877115
  0.15066363529561519  0.15952598825730874  0.16818143942615749  0.17680467510563172
  0.18477708719856797  0.19191971463180568  0.19848032071439409  0.20498265008479039
  0.21170381686957618  0.21843058402883528  0.22526865753124617  0.23166299443208624
  0.23765583205128363  0.24368862504671435  0.24972040350558755  0.25564957849333964
  0.26141712229071284  0.26707299382216848  0.27258596610483243  0.27796615338281322
  0.28329566663521960  0.28862814701030731  0.29410367881583693  0.29974065255589716
  0.30541668664088784  0.31116136444579162  0.31699426578070228  0.32279691151922085
  0.32838456533144217  0.33371185453887264  0.33894155668153397  0.34425509589980413
  0.34967707624796451  0.35515753062904171  0.36069648585591202  0.36627480590101624
  0.37192086730816581  0.37750602903603875  0.38295506883355646  0.38838640853953438
  0.39377790998851891  0.39942818506716771  0.40514779351675623  0.41080791812054002
  0.41639816365712579  0.42202864532763223  0.42773769459738997  0.43352499866950001
  0.43943703795985933  0.44543880703050509  0.45148490792468615  0.45750076872345391
  0.46340613433115996  0.46919126095723512  0.47514824116564547  0.48132187621569050
  0.48769630977489109  0.49419851956945515  0.50062412330246631  0.50709722330199847
  0.51358619639533498  0.52006396735417615  0.52657320906680793  0.53309482786822115
  0.53979756250227240  0.54677735304641617  0.55386849614482692  0.56094517241612918
  0.56803375416942614  0.57535163816062562  0.58303167305476422  0.59110898763316055
  0.59942145704236260  0.60787571281223662  0.61659122995700100  0.62557406807578553
  0.63495780595413853  0.64473830769275198  0.65490469348048042  0.66525195097671919
  0.67597609123900615  0.68730218924660635  0.69946992353310811  0.71216197479830812
  0.72536102542179148  0.73930301959628375  0.75453226165871246  0.77151203294668780
  0.79073750550994470  0.81327968047429333  0.84785351382468721  1.00000000000000000
   3.8735513415070824E-008  -1.0000000000000000     
 F F F F F F F F F F F F F F F F F F F F F F F F F F F F F F F F F F F F F F F F F F F F F F F F F F F F F F F F F F F F F F F F F F F F F F F F F F F F F F F F F F F F F F F F F F F F F F F F F F F F F F F F F F F F F F F F F F F F F F F F F F F F F F F F F F F F F F F F F F F F F F F F F F F F F F F F F F F F F F F F F F F F F F F F F F F F F F F F F F F F F F F F F F F F F F F F F F F F F F F F F F F F F F F F F F F F F F F F F F F F F F F F F F F F F F F F F F F F F F F F F F F F F F F F F F F F F F F F
  <DiscreteSampler_grid>
  grouped_processes
  1 # 1 for a reference and 2 for a running grid.
  10 # Attribute 'min_bin_probing_points' of the grid.
  1 # Attribute 'grid_mode' of the grid. 1=='default',2=='initialization'
  0.0000000000000000 # Attribute 'small_contrib_threshold' of the grid.
  0.5000000000000000 # Attribute 'damping_power' of the grid.
 # binID   n_entries weight   weight_sqr   abs_weight
    19   10   6.574840999719009E-002   8.638665757037754E-003   6.574840999719009E-002
    20   10   6.574840999719006E-002   8.638665757037759E-003   6.574840999719006E-002
    22   10   6.574840999719009E-002   8.638665757037754E-003   6.574840999719009E-002
    23   10   6.574840999719006E-002   8.638665757037759E-003   6.574840999719006E-002
    25   10   1.242786568418920E-001   5.334804921325452E-002   1.242786568418920E-001
    26   10   1.242786568418920E-001   5.334804921325457E-002   1.242786568418920E-001
    28   10   1.242786568418920E-001   5.334804921325452E-002   1.242786568418920E-001
    29   10   1.242786568418920E-001   5.334804921325457E-002   1.242786568418920E-001
  </DiscreteSampler_grid>
