  0.00000221904201153  0.00000239861481463  0.00000248762473868  0.00000254741419592
  0.00000261433205139  0.00000268816369426  0.00000276104798598  0.00000284543944404
  0.00000293674618695  0.00000301980781908  0.00000309358033204  0.00000316212985864
  0.00000322511538909  0.00000329739260077  0.00000337980777470  0.00000347039691697
  0.00000357336858714  0.00000368513559380  0.00000381548352312  0.00000397263837965
  0.00000414980657234  0.00000431934326254  0.00000449541920054  0.00000466298253761
  0.00000482677853315  0.00000499099520785  0.00000516160563686  0.00000534203128927
  0.00000552946022763  0.00000572068579494  0.00000595837920616  0.00000622802179217
  0.00000651791479666  0.00000682167492654  0.00000715188332646  0.00000749715772964
  0.00000779710078098  0.00000811194722193  0.00000841998950365  0.00000869427424915
  0.00000896797304952  0.00000925380695704  0.00000956275263950  0.00000991389391003
  0.00001030476716977  0.00001072156506814  0.00001122288275636  0.00001176151858967
  0.00001230624383368  0.00001286164647015  0.00001343752142096  0.00001403116275754
  0.00001466331384649  0.00001536980466844  0.00001617985708874  0.00001688496193459
  0.00001764953793315  0.00001846888282926  0.00001931939333427  0.00002030985084605
  0.00002145600353069  0.00002270465792121  0.00002401386837336  0.00002533193243661
  0.00002665510107249  0.00002804833689688  0.00002949422841715  0.00003114005826525
  0.00003302041199125  0.00003502822855145  0.00003680535932327  0.00003905833927948
  0.00004146930881589  0.00004489062790562  0.00004934636482374  0.00005494225670462
  0.00006134782577050  0.00006880367720397  0.00007728896664405  0.00008712056090912
  0.00009826308514496  0.00011085882647160  0.00012467239113608  0.00013915890799199
  0.00016063976538016  0.00019050213268659  0.00022964042131129  0.00028137749124481
  0.00035424469715696  0.00045866139698709  0.00064372125673225  0.00098689867936445
  0.00167595706392128  0.00607978486260964  0.08384134809570933  1.00000000000000000
  0.00314270093200756  0.01404199327762441  0.02418539788827309  0.03529827614169889
  0.04708041413151457  0.05867380224891273  0.06999618757985507  0.08131248773537775
  0.09258944521379130  0.10391048547537299  0.11484523836181672  0.12620074165458445
  0.13787757556916352  0.14972389068219200  0.16127202423244497  0.17277479847884672
  0.18479692797077660  0.19655125438605095  0.20839143738184396  0.22018827034660027
  0.23287663019788615  0.24517538154340479  0.25711653009777619  0.26865145704694982
  0.28060376730005282  0.29245876501013285  0.30353792722417033  0.31288086520398861
  0.32008676730570390  0.32762679722661503  0.33625460151819864  0.34549872886953897
  0.35554561541594171  0.36483932739855240  0.37348891118400473  0.38232151490137956
  0.39227385958018662  0.40395532974807369  0.41601916686671570  0.42566766750914453
  0.43398700172978805  0.44256339966972269  0.45228910930015798  0.46126374629649625
  0.46975389508104487  0.47892212025444469  0.48983174949370684  0.50161322962466970
  0.51330244403169978  0.52455102415726962  0.53524576805537172  0.54613679843753693
  0.55897806513164316  0.57249737400932532  0.58485636564598986  0.59575591555537033
  0.60620208688468635  0.61515063022994609  0.62404209974009028  0.63343459609056618
  0.64345963819935592  0.65335146224856222  0.66307688370365958  0.67380637935491072
  0.68536417342881972  0.69568693639844281  0.70571731023363715  0.71541062981673587
  0.72586994944562311  0.73539414478337628  0.74489053525257909  0.75502590865074970
  0.76484107204074114  0.77404793437389341  0.78301698036703171  0.79214229734736086
  0.80183990527717797  0.81133838437396943  0.82115495782105674  0.83098852446631888
  0.84063145235774273  0.85065845425970887  0.86180034301202857  0.87303332526474520
  0.88288401471994460  0.89197186310606158  0.90139538015725007  0.91170696899050474
  0.92230243117929411  0.93225709885961416  0.94304778675880618  0.95542597165957788
  0.96914219406685842  0.98133589509464736  0.99203287066007173  1.00000000000000000
  0.00000284459324538  0.00000331853450712  0.00000353886338580  0.00000376489212802
  0.00000398383137401  0.00000427410613008  0.00000468063309156  0.00000525637019494
  0.00000603420141670  0.00000681084201367  0.00000757353576467  0.00000837815964266
  0.00000930600035865  0.00001037020481570  0.00001147980651301  0.00001265600368917
  0.00001404209474532  0.00001551560107114  0.00001696698580697  0.00001855355385696
  0.00002037635474744  0.00002250628486107  0.00002495015048374  0.00002771472153254
  0.00003069852698413  0.00003374474822395  0.00003669646659225  0.00004003181300504
  0.00004384631837941  0.00004783726391897  0.00005218073361900  0.00005670678301414
  0.00006130613870066  0.00006616527341947  0.00007139326727773  0.00007675558279892
  0.00008191371317073  0.00008706305233322  0.00009245708489509  0.00009847492773160
  0.00010474460359850  0.00011166100791475  0.00011921030868182  0.00012802530235060
  0.00013831214003833  0.00014890457809781  0.00016039007713206  0.00017234138961172
  0.00018622189165866  0.00020044807595192  0.00021593152955526  0.00023212595295597
  0.00025164999938582  0.00027219742005827  0.00029090415238264  0.00031012199918475
  0.00033297678027681  0.00035611394050615  0.00038025412577335  0.00040219175219640
  0.00042886094675564  0.00046321210348054  0.00050331280957957  0.00055223168407471
  0.00060754081571770  0.00066781454666337  0.00072711398621389  0.00077124951257049
  0.00081292156361322  0.00085890039528626  0.00090718398644642  0.00095963868457014
  0.00101645581120139  0.00108638239120528  0.00116409533102880  0.00126005000634600
  0.00139653072549962  0.00154481492761612  0.00168782532032166  0.00180303573965028
  0.00189378109084234  0.00199286508944164  0.00209442436768151  0.00219858740750739
  0.00239739914620378  0.00272651750812509  0.00313355733536616  0.00350296805893328
  0.00400519740452232  0.00465359168964282  0.00553063473461465  0.00650798684763657
  0.00761475867807643  0.01321341485121112  0.02696632104758329  1.00000000000000000
  0.00000466069346952  0.00000534862184779  0.00000611424792277  0.00000692168730378
  0.00000786303887377  0.00000876381123813  0.00000986525352218  0.00001120183025026
  0.00001228982246222  0.00001340185347568  0.00001454502884681  0.00001582779496918
  0.00001724321531698  0.00001858831755914  0.00001993770428491  0.00002153029677504
  0.00002338207328518  0.00002562611747731  0.00002829134983025  0.00003089233330913
  0.00003358231167810  0.00003653087145150  0.00004001596383227  0.00004389838978079
  0.00004848923733929  0.00005371426768139  0.00005908452241758  0.00006428370967577
  0.00006967564990639  0.00007553820230978  0.00008203756735375  0.00008928585648155
  0.00009697012572044  0.00010496272736874  0.00011352369242677  0.00012272982219118
  0.00013240146004659  0.00014265543837506  0.00015358723410578  0.00016544472395953
  0.00017932575891893  0.00019304463901990  0.00020635788914700  0.00021936208951223
  0.00023221196626106  0.00024475632627666  0.00025695503225714  0.00026928755762706
  0.00028310502266196  0.00030199068538019  0.00032025182256473  0.00034032648347161
  0.00035952196158582  0.00038277058407096  0.00040843954747745  0.00043537022264603
  0.00046365517207481  0.00048998550600085  0.00051429926322009  0.00054066295156460
  0.00056895858941008  0.00060055457151846  0.00063756558530480  0.00067676707166238
  0.00071898733900295  0.00076492912237081  0.00081045674262283  0.00085137412408454
  0.00088951925783178  0.00092825388317068  0.00096964796732654  0.00101770235699833
  0.00106953802781587  0.00111605864360397  0.00116171027767057  0.00120721009129737
  0.00128495000046810  0.00140735662519762  0.00153001284282890  0.00164447748079989
  0.00174861619519879  0.00184791001263396  0.00195617828480496  0.00207164340906825
  0.00219179907786854  0.00235043097509047  0.00255358034988024  0.00289003196979893
  0.00343131944912565  0.00405349706578842  0.00455781605722095  0.00506128758536380
  0.00602561281312102  0.00695492952392970  0.11800284072687861  1.00000000000000000
 -0.00181615243502950  0.00754180411798721  0.01662686556988948  0.02490077521905639
  0.03300963684951237  0.04050182561868776  0.04747214012117834  0.05501327220328622
  0.06378359250066082  0.07272105226609109  0.08181310658250952  0.09099274589938737
  0.09991785941986701  0.10968824953486662  0.11907035186817649  0.12865986816352390
  0.13809829810361510  0.14813434934618547  0.15949582830596440  0.17175402205057461
  0.18420218521937573  0.19722048831764702  0.20772517630928966  0.21678652179777205
  0.22543245415096566  0.23407021425174393  0.24452493624119429  0.25708199751257227
  0.26938690632859030  0.28074757897107028  0.29172641197918725  0.30255091926594119
  0.31375439609060951  0.32554302347791930  0.33770254242675823  0.35032842179019086
  0.36323920418547667  0.37659010326237702  0.39029784094119407  0.40631713674491338
  0.42090561162569240  0.43321481933255623  0.44502345967260715  0.45726388563499221
  0.46980139683073147  0.48314575275715038  0.49731898832315879  0.51111623958427588
  0.52397908077118671  0.53631913086227567  0.54933061960250962  0.56363371951692831
  0.57931330584702545  0.59603086272144790  0.61275594134984590  0.62638773486091759
  0.63826700989603169  0.64879276426088173  0.65951727173603103  0.67133733439390153
  0.68356173192119818  0.69531611957531436  0.70648015332960146  0.71865830981469381
  0.73164125217945009  0.74475510343394924  0.75656556287973897  0.76707227498823283
  0.77666620038378353  0.78614205445928298  0.79628599242484988  0.80702783296023439
  0.81843206250860123  0.82853694614516682  0.83771712809065835  0.84717826207030222
  0.85706665970041496  0.86701777550426351  0.87671214354746718  0.88602804778360622
  0.89455069597173520  0.90249513636347090  0.90959236424636780  0.91616204614766872
  0.92375736019549115  0.93162774017334515  0.93944091129025320  0.94766005787982377
  0.95580516364190471  0.96191901947043001  0.96775564778404477  0.97396239637978932
  0.98073565051579936  0.98716236717828310  0.99373612930582667  1.00000000000000000
 -0.00226137007940407  0.01101100123868975  0.02102692546429719  0.03150415959957660
  0.04249431595006820  0.05501693096983349  0.06760890658727832  0.07992698026431018
  0.09190772463907576  0.10354425099390513  0.11520030298649038  0.12731481186905066
  0.14021123887064590  0.15307727865916507  0.16538127205995129  0.17818521866110290
  0.19085249363969384  0.20246069699503844  0.21359966756203844  0.22387010149524608
  0.23381960842043414  0.24413658830676535  0.25499160720087138  0.26684442692790666
  0.27753924117246298  0.28734009334766930  0.29718704072242230  0.30721179538217241
  0.31734223954203505  0.32797221954049105  0.33790370826089167  0.34797585773929274
  0.35796582620064510  0.36771418377751841  0.37668928063141760  0.38459671033531334
  0.39349156778201733  0.40278541275859536  0.41172510481535457  0.41961647534888663
  0.42748366316373215  0.43568925625844018  0.44559607653513944  0.45624428116261612
  0.46630126339359951  0.47542052050076150  0.48492972931976941  0.49416268635923544
  0.50305782907545871  0.51138648356947292  0.51986500036287009  0.52873800859075193
  0.53798674417460990  0.54810449816164020  0.56007955650186236  0.57238992017545787
  0.58491637934950147  0.59810666584450667  0.61073739685423212  0.62356033850957771
  0.63467959109612959  0.64533595842307589  0.65566557601000264  0.66580046553512995
  0.67536746074303811  0.68711017659868900  0.69999581020300095  0.71364136657147514
  0.72567253320067571  0.73716540930369212  0.74801137898068970  0.75720211163784767
  0.76674188185008196  0.77636306646827435  0.78606005508307841  0.79590749327764110
  0.80533321107876565  0.81560766582007282  0.82611804995413596  0.83733632022460891
  0.84907753726269097  0.86086940552840219  0.87132386118463478  0.88033805706993062
  0.88938180527637689  0.89817881406837685  0.90736683473172297  0.91599117246610939
  0.92431700813141349  0.93256988548618969  0.94146987830903395  0.95110090978145190
  0.96266863162456029  0.97518869132611630  0.98741580456318145  1.00000000000000000
 -0.00220515586720927  0.00913931426757829  0.01938600413020218  0.02950705669565385
  0.03987550500372261  0.05105443308750065  0.06409614714284269  0.07815630815571945
  0.09114053387027198  0.10342798144628504  0.11608573716008437  0.12945558398490090
  0.14319948579372280  0.15682315493818638  0.17033581740147380  0.18301876224252334
  0.19476374853581885  0.20584575153709486  0.21657121073974600  0.22836688734108623
  0.24092531342215662  0.25492992226338934  0.26894276378036880  0.28146324791015742
  0.29210674014391641  0.30306288180406654  0.31366753248608326  0.32458098085248721
  0.33554138353029944  0.34643264975743943  0.35809813637260224  0.36977727358637313
  0.38135941744229435  0.39285258731091677  0.40429855658688452  0.41583166157203272
  0.42725490114321513  0.43863157775351502  0.44999015157215916  0.46119917840911934
  0.47256362829511539  0.48322500180120376  0.49358264407552144  0.50385297376315441
  0.51435378818955724  0.52467071802846665  0.53488163134759481  0.54526643043887579
  0.55602278704468533  0.56687095919279840  0.57810838292331246  0.59018016400782591
  0.60128397503866560  0.61154727752135640  0.62126922489570524  0.63160926011301877
  0.64278858320280952  0.65258812144570510  0.66194607778455905  0.67128926757964125
  0.68093287112943313  0.69138533093050347  0.70287413962846879  0.71398544506405481
  0.72476741911383813  0.73570667805662782  0.74677786058368334  0.75713699614415830
  0.76605667690170487  0.77469645858126235  0.78369967506279192  0.79345021187371967
  0.80428446517826013  0.81412308956162915  0.82325303784611181  0.83272804798769473
  0.84357403449819091  0.85335036295381528  0.86083371492673078  0.86835556218123355
  0.87502564114509229  0.88340977758702799  0.89335432959809924  0.90202776213783253
  0.91060735801037962  0.91980377177048822  0.93071233857266644  0.94161567849603212
  0.95064791785293423  0.95929977965730051  0.96802056603172937  0.97598456435715175
  0.98224919529676580  0.98768670730310715  0.99359895167564816  1.00000000000000000
 -0.00183228715464435  0.00779812110927592  0.01637174564789362  0.02625032203378676
  0.03644997729006887  0.04664261961955908  0.05612937763844307  0.06669459479782845
  0.07789960948633373  0.08936257805627168  0.10099031725343460  0.11228583622058604
  0.12330783601598598  0.13395536515167591  0.14442635720257532  0.15498121730717568
  0.16531746509710366  0.17506491803071633  0.18461358856945861  0.19470355271083364
  0.20409979135164277  0.21362611819888994  0.22309443607241122  0.23408753041033620
  0.24652692499806389  0.25963706029804612  0.27389028086671707  0.28536841054402123
  0.29441925035750827  0.30130524598427844  0.30903874130755760  0.31761761160176649
  0.32589411850231159  0.33374501212249191  0.34147511997319258  0.34903747732769297
  0.35767683687994611  0.36774115478827951  0.37900577914798439  0.39168669631446218
  0.40499963339198558  0.41654136475948983  0.42651693782129285  0.43619478695415920
  0.44542000969943191  0.45556945121011655  0.46781716894418729  0.48141576438867928
  0.49506934336707026  0.50918087234428688  0.52264298852254942  0.53474436805597758
  0.54608265891772545  0.55723630328662710  0.56927628832757393  0.58192428873396562
  0.59329807692963099  0.60355732421017461  0.61420300374099901  0.62469716949361132
  0.63582316052633037  0.64668900482115466  0.65719381028941160  0.66806523909602522
  0.67931482924690223  0.69043668027642813  0.70086637026266763  0.71045317390214002
  0.71942296260709404  0.72880769000233425  0.73921499493030574  0.75073015177766755
  0.76204275045919856  0.77163331925130385  0.77994062213855553  0.78844021547520171
  0.79752422017932445  0.80759034275826036  0.81739171468827754  0.82669832721660708
  0.83573489123235822  0.84462200958077760  0.85366972359130466  0.86308537025377663
  0.87193543214502822  0.88155136972825621  0.89171750756074608  0.90446142416339570
  0.91838210641960538  0.93149965284685332  0.94342141896097942  0.95466085089833330
  0.96477106190706285  0.97523234644000212  0.98699367276707828  1.00000000000000000
 -0.00258975674518459  0.01174320833937143  0.02389437024260867  0.03731587464128454
  0.04838206843474541  0.05865454721414112  0.06952318250622923  0.08191082559568628
  0.09373734643811230  0.10493084581055973  0.11513469810193826  0.12483070334819289
  0.13431470882564367  0.14412629152644849  0.15631448422149100  0.16845398507998127
  0.17902277491953383  0.18853991148870985  0.19770411900237334  0.20719760120641403
  0.21820073479985463  0.22983006833048542  0.24012186504579258  0.25118303379108264
  0.26218457164901277  0.27178601167711663  0.28103662083565434  0.29070851915096996
  0.30141364155969230  0.31267410720920330  0.32338036591948960  0.33348298780722874
  0.34148512552444155  0.34888173532172145  0.35659087110307958  0.36553370376644562
  0.37592965956248797  0.38551234783223676  0.39492771117328229  0.40478645960888676
  0.41461676271215447  0.42431047387614174  0.43429251993193946  0.44465652327640209
  0.45420907930746002  0.46301565505657610  0.47242492382849827  0.48275286630862718
  0.49475049931343956  0.50705019486286829  0.51941241610835764  0.53117766723685722
  0.54223566948775892  0.55295297371349672  0.56386832391999930  0.57543600997390765
  0.58713579703140351  0.59797455735535454  0.60850305589263731  0.61951570364340347
  0.63080804415051206  0.64185874904598172  0.65133895604850689  0.66082619150697941
  0.67010679438749354  0.67846179689358277  0.68786420190840070  0.69627988929325269
  0.70475224800764580  0.71387920491337165  0.72428733681812540  0.73559664582060058
  0.74695911347233734  0.75876367621222851  0.76988728272560203  0.78082674404215524
  0.79167480235638943  0.80231402493799464  0.81290599771517924  0.82321174825519172
  0.83305168116074801  0.84371656378702509  0.85456105724240150  0.86558288735597522
  0.87672390254838906  0.88794760168007392  0.89995595084009139  0.91030430839368248
  0.92076088086717589  0.93229661880733250  0.94431739139287985  0.95655309578659009
  0.96772384431775504  0.97880594255234277  0.98888828713156907  1.00000000000000000
 -0.00005239725551909  0.00008502022917419  0.00024186658791929  0.00047825620147415
  0.00066341952968736  0.00077756028043714  0.00089035681311141  0.00100233872594529
  0.00110812173521378  0.00121227331107836  0.00130546298647274  0.00139822396593960
  0.00149742333904781  0.00159653384398200  0.00169415813748919  0.00179238060519146
  0.00189257457364986  0.00199077197091755  0.00208572050279871  0.00218156378316242
  0.00227861189484204  0.00238304044094239  0.00249370757501374  0.00260840142229479
  0.00272401477119016  0.00284061506655700  0.00295927252949314  0.00307925920271017
  0.00320849364336747  0.00334521362053368  0.00349436431575972  0.00362053608992384
  0.00373704410240183  0.00383621438264868  0.00393553719800107  0.00403537165726501
  0.00413581109742325  0.00424399045704532  0.00435552566804635  0.00450476175513561
  0.00464949989223615  0.00479046882627491  0.00492630216245828  0.00506303480822061
  0.00520382925570400  0.00536184586224149  0.00554187050501700  0.00570000380306010
  0.00583904488951614  0.00599091791956888  0.00614994921502105  0.00633775011371531
  0.00657668539308993  0.00686068520969982  0.00713055085812757  0.00732983135317855
  0.00755253845723664  0.00782575421260404  0.00801841192773078  0.00820710318253803
  0.00839953470956886  0.00860034387971390  0.00896953695898149  0.00944641313556022
  0.00979866799500470  0.01002968882268004  0.01025494691093662  0.01070820938695853
  0.01131235271532796  0.01159115641282044  0.01176443615611373  0.01192957493534079
  0.01207896170918416  0.01211649292881698  0.01215402414844979  0.01219155536808261
  0.01222908658771542  0.01226661780734823  0.01230414902698105  0.01234168024661386
  0.01248297363179140  0.01267915782024629  0.01283690491177409  0.01295748326570937
  0.01309879525978719  0.01367382611367166  0.01448087755387334  0.01523543448047805
  0.01621679143560728  0.01973433400987061  0.02059595311784411  0.02217501992790181
  0.02575534447829212  0.03965522345612237  0.22223086684782326  1.00000000000000000
 -0.00176557806381271  0.00528880329549010  0.01144392595245418  0.01752747168600086
  0.02417969037702829  0.03108826250836552  0.03795063795818064  0.04495920696316315
  0.05187920297864272  0.05899108050981700  0.06581143328642514  0.07218405299261663
  0.07822196389187470  0.08411035703819099  0.09002427886007594  0.09612365309207704
  0.10297770545041193  0.11111072072141008  0.11950841706329579  0.12801982064870188
  0.13536622280377336  0.14341619217263119  0.15235487440285575  0.16189894789171200
  0.17119763669288013  0.18020837096088496  0.18988597607320956  0.20028976171310098
  0.21043624780055722  0.22019982264881716  0.23036800998257709  0.24143122783935761
  0.25278011182477361  0.26525943106945232  0.27749753023755142  0.29014512754010713
  0.30408462867558617  0.31884066768869912  0.33447669616606512  0.35098845396714407
  0.36819313208872184  0.38497339723455432  0.39955742875226097  0.41210209712640472
  0.42520361738399715  0.44172158726477356  0.46216425127839095  0.47979311705616884
  0.49889431187819105  0.52091161013848020  0.54384918395194903  0.56602944372323460
  0.58555034319852284  0.60366079307217946  0.62142606476097750  0.63886677696338690
  0.65396257933285140  0.66786203635375152  0.68177432297397333  0.69872041792486583
  0.71385289224224679  0.72463003305071139  0.73366988482404760  0.74222283071604889
  0.75210436721226204  0.76256797760360828  0.77320031503551068  0.78518131398594293
  0.79701297028821028  0.80816886774369856  0.81896138291168463  0.82918392118944872
  0.83851338943059950  0.84713477737055798  0.85481481583283425  0.86249671973573938
  0.87040600134926271  0.87959256421840004  0.88823051961857158  0.89536702959840042
  0.90191950339420124  0.90829199658697990  0.91551194464312158  0.92275322547142313
  0.92957990046375383  0.93561729703920016  0.94158619136565058  0.94764525624616114
  0.95345853822310733  0.95911809156855710  0.96480972352426497  0.97042155864311852
  0.97680926013371872  0.98441913921517654  0.99246716196722173  1.00000000000000000
  0.38395386875800930  0.55164382085585062  0.56306558579498023  0.57329915097975936
  0.58345916974187562  0.59436951435721175  0.60444239454114035  0.61191825651805287
  0.61820115397189279  0.62599377657839772  0.63222373006157817  0.63990678310233173
  0.64941686670032839  0.65872330027519632  0.66691475347467044  0.67319662878579722
  0.67958129764792319  0.68566848082489273  0.69214593949728542  0.69867606704312923
  0.70481935437933729  0.71049926950809950  0.71589695185994062  0.72168832274594819
  0.72777210267946391  0.73361310817860415  0.73881970528006602  0.74418935506819350
  0.74897290357577062  0.75340598503980305  0.75785332800112393  0.76303879377884543
  0.76882232551605634  0.77460295703387416  0.77979763503385569  0.78433296771676864
  0.78822714847516584  0.79233441854473052  0.79684175392852497  0.80109288303752224
  0.80520635617775782  0.80946150039867470  0.81439581332026245  0.81894665267438682
  0.82312625982305820  0.82719380661959874  0.83150817264697718  0.83589663842585260
  0.84000329999514456  0.84392592239998732  0.84742002169649966  0.85144928880433768
  0.85521140185737698  0.85940583828683548  0.86371761872757757  0.86790327938518486
  0.87206754409068521  0.87639752821010064  0.88086739458000585  0.88509218824873459
  0.88887339633615370  0.89243254374966519  0.89578821961210298  0.89885913839162723
  0.90176313933478713  0.90447697953964445  0.90714463937843137  0.91003201468560924
  0.91311675379757007  0.91632130223791963  0.91960249591097776  0.92276162530593375
  0.92597228071389959  0.92941157269440977  0.93304092193051280  0.93704239335455186
  0.94073538052005645  0.94432131264168473  0.94755149509265491  0.95040967087890893
  0.95321485734072087  0.95585239963346436  0.95855895612072661  0.96142333131708635
  0.96446253405746962  0.96761202482214181  0.97077042861271789  0.97350961667868552
  0.97612651259355943  0.97865815083251162  0.98141132883409032  0.98438897279974014
  0.98759064650249229  0.99097757927074237  0.99506146873593426  1.00000000000000000
 -0.02186679573362601  0.12544265044843264  0.14757753773950161  0.16426583676628850
  0.17661316017812898  0.18592434397857993  0.19318782565844725  0.19942026110864092
  0.20528036101524710  0.21100523200413152  0.21659392508908351  0.22219115291851832
  0.22813031496479277  0.23475120909086336  0.24113051660680049  0.24738369171460142
  0.25368089989485720  0.25986467038029887  0.26645791880886899  0.27289125911261553
  0.27930643321572057  0.28568363937795305  0.29196722935850228  0.29821137581042284
  0.30392248015140660  0.30936607845698494  0.31462943217438405  0.32029338536579893
  0.32562642344966880  0.33052449123092054  0.33523412383460310  0.33997501300640293
  0.34526121970451934  0.35141459198428088  0.35745575242153999  0.36271177106830688
  0.36794888321184638  0.37317822845486054  0.37813166415303157  0.38278693258831797
  0.38728447846036756  0.39205565099233142  0.39717786443856684  0.40240674892688438
  0.40687420907671834  0.41093378738875952  0.41509639080098171  0.42016318526298652
  0.42565204090695574  0.43096848638108581  0.43620318580568501  0.44227837157669664
  0.44845231336003910  0.45459456980072560  0.46112695332509074  0.46780202753651612
  0.47443236988430770  0.48112825337468029  0.48768787550734799  0.49404251525221093
  0.50014693832937773  0.50628772711310754  0.51293766995008050  0.51998282392927120
  0.52732045550330953  0.53496997080327469  0.54240431395017707  0.54935889467325028
  0.55665651779644776  0.56402278590191046  0.57232335693481073  0.58047512708163929
  0.58912640325027466  0.59798016562701028  0.60699748499742079  0.61541319251739035
  0.62334461265511076  0.63146020248710732  0.63953812492025075  0.64829866589195340
  0.65666079941839217  0.66463055713424357  0.67251266606241977  0.68081781362573712
  0.68989249919912343  0.70035316340838139  0.71066857020422192  0.71916208483771504
  0.72752418483023540  0.73679175428929466  0.75232259234737409  0.77093299646687419
  0.79365463715735396  0.81654332450677680  0.83862093439631302  1.00000000000000000
   3.1523214428732050E-005  -1.0000000000000000     
 F F F F F F F F F F F F F F F F F F F F F F F F F F F F F F F F F F F F F F F F F F F F F F F F F F F F F F F F F F F F F F F F F F F F F F F F F F F F F F F F F F F F F F F F F F F F F F F F F F F F F F F F F F F F F F F F F F F F F F F F F F F F F F F F F F F F F F F F F F F F F F F F F F F F F F F F F F F F F F F F F F F F F F F F F F F F F F F F F F F F F F F F F F F F F F F F F F F F F F F F F F F F F F F F F F F F F F F F F F F F F F F F F F F F F F F F F F F F F F F F F F F F F F F F F F F F F F F F
  <DiscreteSampler_grid>
  grouped_processes
  1 # 1 for a reference and 2 for a running grid.
  10 # Attribute 'min_bin_probing_points' of the grid.
  1 # Attribute 'grid_mode' of the grid. 1=='default',2=='initialization'
  0.0000000000000000 # Attribute 'small_contrib_threshold' of the grid.
  0.5000000000000000 # Attribute 'damping_power' of the grid.
 # binID   n_entries weight   weight_sqr   abs_weight
    13   10   7.609867982992204E+000   2.034877058265471E+002   7.609867982992204E+000
    14   10   7.609867982992199E+000   2.034877058265472E+002   7.609867982992199E+000
    16   10   5.671258564703625E+001   1.701043400024584E+004   5.671258564703625E+001
    17   10   5.671258564703633E+001   1.701043400024588E+004   5.671258564703633E+001
  </DiscreteSampler_grid>
