  0.00000211990637719  0.00000228411391699  0.00000239865823743  0.00000251614411391
  0.00000262777099986  0.00000273586451340  0.00000285202702311  0.00000298358000718
  0.00000312516023308  0.00000327652880468  0.00000343554203849  0.00000360049558581
  0.00000377467396162  0.00000395629518218  0.00000414560480329  0.00000434156461329
  0.00000455215193829  0.00000476599126357  0.00000498344427492  0.00000520889524990
  0.00000546255731688  0.00000573592217229  0.00000605484482406  0.00000641379371706
  0.00000678136672515  0.00000716325446272  0.00000756744589151  0.00000799690127561
  0.00000845137658062  0.00000892822427751  0.00000942102815715  0.00000992176075769
  0.00001043133297942  0.00001096673359994  0.00001154145127435  0.00001219735754103
  0.00001289060120171  0.00001365863576500  0.00001447315584499  0.00001535717013262
  0.00001634944266796  0.00001745243330644  0.00001863527777718  0.00001994850655960
  0.00002142959350802  0.00002304363810910  0.00002490157065713  0.00002694269765918
  0.00002910190770763  0.00003136627193911  0.00003380563047094  0.00003647039967931
  0.00003944628465488  0.00004268898496908  0.00004674011713905  0.00005123024640969
  0.00005613347024109  0.00006159765107460  0.00006742621268708  0.00007392162004276
  0.00008070573318967  0.00008836550522210  0.00009623002961659  0.00010496470329220
  0.00011489661040975  0.00012626185613339  0.00013980799195851  0.00015321031029409
  0.00016761161577812  0.00018465815372422  0.00020240673481151  0.00022065122404855
  0.00024057809276812  0.00026264054702933  0.00029234012624532  0.00032271102973756
  0.00035653821579280  0.00039079865469612  0.00042517015714079  0.00046238698384728
  0.00051297629478455  0.00058451009970221  0.00066589369897393  0.00076203496279662
  0.00088192022334390  0.00103471693900160  0.00122148829448254  0.00145601663362601
  0.00174062896276260  0.00205854782934865  0.00244771516789537  0.00297033499959652
  0.00373801567823315  0.00562520699267281  0.02971504249589730  1.00000000000000000
  0.00001071716991347  0.03339583479159531  0.05314838410408317  0.06913033070059396
  0.08365710081890927  0.09707515126397291  0.10981110881141194  0.12217187707754237
  0.13414151137722061  0.14576696994876842  0.15737071410581990  0.16855512461977701
  0.17920052138618003  0.18968858868366389  0.20013648968729431  0.21039160215571673
  0.22008851011125199  0.22949145344906474  0.23915817015002533  0.24855284004625611
  0.25827909124589288  0.26781332975487909  0.27848724971427702  0.28979808695779469
  0.30061458085345816  0.31126819043827059  0.32211676595719274  0.33271004518524888
  0.34322555261611976  0.35314738409293689  0.36273071559543363  0.37237203496321519
  0.38243889866571890  0.39319799655377768  0.40471209721978968  0.41638536912998281
  0.42833530262845831  0.43930532484358037  0.44884010986479861  0.45858985482158937
  0.46855553094134211  0.47881044636293524  0.48870077055408717  0.49849883197682221
  0.50845913937031284  0.51882531722873493  0.52913125243675629  0.53927532549548207
  0.54879503814311681  0.55815959222693656  0.56758316879023452  0.57711255905775305
  0.58672473082716270  0.59642171393180743  0.60622229862210353  0.61579244903187613
  0.62535270001409127  0.63492912347192954  0.64523183484815139  0.65554702521217867
  0.66609878267594846  0.67600193388848906  0.68571375482161634  0.69523796167838436
  0.70500991707906224  0.71539054143180159  0.72627966621323026  0.73691245775380854
  0.74708576099363133  0.75668689318506421  0.76639160893596070  0.77608387232782439
  0.78562078988057704  0.79508962868367872  0.80441254280011454  0.81381626216754432
  0.82326415180400236  0.83258146312579362  0.84142685347914192  0.84991261397319340
  0.85874234350055367  0.86820933125936384  0.87871751479303561  0.88918334049918346
  0.89900372918286386  0.90872556253729730  0.91843308384883160  0.92880056177522241
  0.93939460117616758  0.94872447343220012  0.95789983589571315  0.96677112128537890
  0.97578764987665678  0.98445531619554016  0.99253182454860189  1.00000000000000000
  0.00000253416853311  0.00000299425225813  0.00000366720085812  0.00000431028574854
  0.00000481996602356  0.00000536438043155  0.00000597517827296  0.00000667909046546
  0.00000737558888252  0.00000806529832600  0.00000879877109377  0.00000960366769498
  0.00001045747726231  0.00001138874131887  0.00001241739695607  0.00001358663978037
  0.00001491948782011  0.00001641442538627  0.00001810264816890  0.00001995855607961
  0.00002213485645979  0.00002456460877603  0.00002713316086369  0.00002995045530399
  0.00003301287508583  0.00003627431772180  0.00003976431543622  0.00004349730278982
  0.00004739051723322  0.00005157761788260  0.00005598015429988  0.00006054459774482
  0.00006517471885829  0.00007006242943005  0.00007524890894234  0.00008090205923886
  0.00008682473926275  0.00009296758646476  0.00009942195063795  0.00010589749139395
  0.00011253453369740  0.00011924732065605  0.00012672596788519  0.00013494769279759
  0.00014362565505896  0.00015264536146713  0.00016211108703410  0.00017317854943754
  0.00018413269488512  0.00019562271148367  0.00020755604947094  0.00021974971477560
  0.00023310864951499  0.00024791520082222  0.00026404144310541  0.00028272830975849
  0.00030366356010911  0.00032601282005163  0.00034693876981947  0.00036829369237896
  0.00039032873444749  0.00041324244072551  0.00043961916023784  0.00046628302492634
  0.00049319925075513  0.00052174717679466  0.00055241149688227  0.00058438475598321
  0.00061597876078960  0.00064679703558616  0.00069590005707431  0.00073732295362837
  0.00077480086965442  0.00082330411035279  0.00087873100187398  0.00093601881627567
  0.00099765061288546  0.00105576460930440  0.00110795465970420  0.00116940106089637
  0.00123764853026113  0.00131551565466773  0.00147102145514373  0.00169369911122838
  0.00197025714806108  0.00223871322275260  0.00250867871474135  0.00295023709612012
  0.00337865659988126  0.00369948416075219  0.00408020289370749  0.00473863641019454
  0.00566901831726740  0.00763511456779241  0.02740718627695511  1.00000000000000000
 -0.00263498627304229  0.01016897275907653  0.02148575931675914  0.03297879323639295
  0.04530867937512173  0.05774866989971585  0.07021368845480445  0.08247741926356625
  0.09426740761093452  0.10628619143106199  0.11948115951524260  0.13300238422095662
  0.14449993321018928  0.15436636307019524  0.16341772921146200  0.17361214363397712
  0.18528764745063403  0.19668728256966506  0.20788987077547982  0.21933567015195171
  0.23130567333390797  0.24304696788262006  0.25414357552283268  0.26491145253783571
  0.27520313620074299  0.28533619337978849  0.29491942521965286  0.30411046953763127
  0.31334902564473349  0.32254387571845039  0.33220574643385842  0.34207424699846561
  0.35250263848304320  0.36272663462204829  0.37335617260515069  0.38333499912070806
  0.39377038858080216  0.40412773751687986  0.41440990177271103  0.42395610222829361
  0.43351956650996853  0.44374171675859270  0.45419228406568790  0.46429110192024964
  0.47388540475782398  0.48419033432933389  0.49472226110416972  0.50479603064536083
  0.51483364312916557  0.52466521511421593  0.53484003875640707  0.54532345562485995
  0.55608719495888304  0.56746984797986733  0.57888068061166353  0.58991044790945857
  0.60095346224457047  0.61162556216123198  0.62208176516609948  0.63277644191058713
  0.64307184896983782  0.65292117963352392  0.66177467423120784  0.67085971963398450
  0.68038391582904811  0.69091496538425279  0.70174119914644306  0.71251175713661985
  0.72328956327470384  0.73424838715891727  0.74565057973133253  0.75760373330527009
  0.76847610617467899  0.77800690720540144  0.78692057371453661  0.79615995073022972
  0.80565653395323611  0.81516754740192165  0.82493581321762011  0.83529860972178993
  0.84608553719359891  0.85671265626573345  0.86659549303586814  0.87604145953716561
  0.88586933607761376  0.89628930177879285  0.90740465676970450  0.91913474502452053
  0.93073570137467565  0.94156043110505627  0.95126022192509996  0.96108410199937577
  0.97148449156865324  0.98161838806401436  0.99093107397526581  1.00000000000000000
 -0.00293455776749437  0.01101123246301539  0.02224391294031544  0.03345158738717974
  0.04509402530614048  0.05746735802776767  0.06872028564374555  0.07943709876226897
  0.09029492078880789  0.10173748977311044  0.11297682974602587  0.12374330833120670
  0.13441054401466296  0.14516287805642539  0.15639322634206845  0.16819074285950888
  0.17968616744121718  0.18989305116839542  0.19940041467929978  0.20884871271302491
  0.21881788526526336  0.22978760820367186  0.24072687188354186  0.25131813457830288
  0.26175338346048149  0.27125428206227498  0.28074300173724764  0.29007308130563803
  0.29979384707225992  0.30945589566221654  0.31910151891374244  0.32925199727350307
  0.34036680766593497  0.35155220498462719  0.36147901681312838  0.37108271957312566
  0.38129456120275934  0.39146037972216846  0.40125121390965318  0.41123002900708511
  0.42174212818169610  0.43221625128384372  0.44199646180053048  0.45176891686424814
  0.46187516471876666  0.47231582400299160  0.48269046746492422  0.49292920680556701
  0.50306392269053568  0.51277151781864660  0.52306684595900543  0.53324445299138246
  0.54315058051197951  0.55297873861158642  0.56210431927925453  0.57116826045092350
  0.58048484507994236  0.59024488216576010  0.60148579112338918  0.61257091670139086
  0.62352406008937067  0.63373742116209064  0.64362353499170266  0.65327902851025343
  0.66351078651496687  0.67413763291473061  0.68522733830707627  0.69661779023604575
  0.70792982686519657  0.71922609468975041  0.73092040742833209  0.74270226672095396
  0.75368076095232128  0.76377242186993310  0.77377817733515342  0.78416465145931125
  0.79447942621775691  0.80478534799743218  0.81488722615567888  0.82482461669303653
  0.83499040679423520  0.84492340674104827  0.85591263405130458  0.86742902479059714
  0.87905432125736271  0.89029146278607896  0.90107741807959907  0.91221518482156949
  0.92343647069616308  0.93376410186131531  0.94383106548947304  0.95451913104097252
  0.96605530479721713  0.97766772035130545  0.98872403090010919  1.00000000000000000
 -0.00155389010747612  0.00544164007486092  0.01180515124206519  0.01760187735734744
  0.02332949174407110  0.02924610033293997  0.03544326358653146  0.04193053558317466
  0.04851853575229802  0.05506548733598027  0.06180293941679389  0.06879569165094550
  0.07577153697776308  0.08263922551804394  0.08933040023609076  0.09609521376729301
  0.10338544674005443  0.11062220312070310  0.11772285643966370  0.12462234942012239
  0.13161354152033602  0.13899221337757722  0.14674380666474374  0.15446926502765476
  0.16199568694901664  0.16940005234383732  0.17689591093225490  0.18470154561455779
  0.19299221142248738  0.20163583824778730  0.20982195155887512  0.21761714510981353
  0.22517658544834793  0.23274780527413422  0.24045899101982671  0.24781304915555499
  0.25523927448504452  0.26235101296312291  0.26983015617661454  0.27766528752383307
  0.28589801764389344  0.29408636275770011  0.30224022479232271  0.31070021027680905
  0.31961912896257605  0.32846464001695452  0.33690772182809536  0.34515564032321677
  0.35379318266490745  0.36253842655911339  0.37094079137379093  0.37935697788474826
  0.38806336167604827  0.39738445466134165  0.40660323746398597  0.41585608906409627
  0.42497895927917489  0.43415946965338886  0.44363921992184618  0.45334545938151949
  0.46309381596653948  0.47288892171606806  0.48296781731519484  0.49334694031588844
  0.50336293678083321  0.51321129017795641  0.52322571124056871  0.53464195315850449
  0.54627374006351570  0.55837246435277166  0.57015666291169376  0.58181683954741192
  0.59410810272713532  0.60731412083348613  0.62081061058391329  0.63359296843394408
  0.64561143616799033  0.65793781781897676  0.67150498646852919  0.68619302413440575
  0.70082117727181181  0.71618783396255092  0.73251846971163348  0.74903221493204220
  0.76624292980756425  0.78421562367071140  0.80280742306577135  0.82013336743324983
  0.83664564226726890  0.85321456886557789  0.87152798695090095  0.89205793500042840
  0.91508192962674262  0.94041978042171748  0.96830051115390792  1.00000000000000000
 -0.00252098831610685  0.01016892507560206  0.02090645053924117  0.03084406978042552
  0.04105197837788319  0.05144031230365445  0.06248373646779920  0.07344846788075926
  0.08304631344866528  0.09238143214245036  0.10168493222765852  0.11221023217649757
  0.12353610128016643  0.13515405670891009  0.14609884891899011  0.15680918473175226
  0.16760328100037045  0.17822902114691194  0.18971940940385049  0.19937351000404974
  0.20884538549490667  0.21785154197893866  0.22746277187774894  0.23666954428533704
  0.24582728055375108  0.25554974824732984  0.26602804378816808  0.27677954068298549
  0.28719348929494548  0.29809347285229004  0.30895952920299818  0.32031422108171875
  0.33122359230697612  0.34164035001674692  0.35109685757753756  0.36043307126870666
  0.37021675844083268  0.38068365081893790  0.39163256037791011  0.40272727697470873
  0.41396377096072962  0.42536249150209671  0.43692417514592519  0.44830835217362758
  0.45958648848510497  0.47080419662065043  0.48189985255813150  0.49249068136736818
  0.50246631089275506  0.51215372940449722  0.52255960395201106  0.53400647286098657
  0.54535870927011654  0.55589220345465029  0.56607965568955343  0.57621296359029373
  0.58635380875433174  0.59620883343694542  0.60631694154426008  0.61660407690925856
  0.62718273751747367  0.63852403845143468  0.64989509907107390  0.66088458376753045
  0.67026503221438016  0.67967659261245339  0.68884108773467800  0.69949858997447001
  0.71049657389886245  0.72178079750596791  0.73244715571266239  0.74324285504372900
  0.75397123690385537  0.76458051035539942  0.77515364336151815  0.78643211822999148
  0.79734848054995588  0.80773148344993617  0.81781761495478400  0.82804658937823383
  0.83873316561715117  0.84925962495627927  0.85991146054759948  0.87086229162350781
  0.88161709454726267  0.89207730515542338  0.90240883089377810  0.91281446149029388
  0.92367659410444403  0.93436132103604508  0.94499500736168740  0.95592372323919061
  0.96706350344286163  0.97892486496434450  0.98977905509089692  1.00000000000000000
 -0.00214641652192764  0.01019219530024766  0.02025063603103432  0.03014776798649575
  0.04095916868740535  0.05193158223093077  0.06167339516740619  0.07184835737368582
  0.08206914370613619  0.09320207112737214  0.10452540286209211  0.11564819772164260
  0.12670357200718488  0.13690986403423808  0.14760456194353067  0.15750096048869919
  0.16756847245619869  0.17785881037409379  0.18895803040382483  0.20014572253155316
  0.21067087814149110  0.22054926614290252  0.22938983101794319  0.23822189939045452
  0.24712468655421369  0.25726707751306005  0.26759504029430897  0.27849314922554330
  0.28918334832225534  0.30035398010974385  0.31100501181861784  0.32195529718912153
  0.33325684158640495  0.34498695217082365  0.35642452700390792  0.36704382399871549
  0.37663367038877388  0.38627738698899566  0.39578301327735077  0.40634237606212131
  0.41702256325023884  0.42772726409014855  0.43808552847741622  0.44769383842959914
  0.45683677393817856  0.46575750740237964  0.47517533296108594  0.48525436328448168
  0.49575698413357444  0.50613848405803874  0.51641321332651535  0.52688573829978813
  0.53765478046801285  0.54834084813829242  0.55888120568851418  0.56962746937540365
  0.58041170412846066  0.59095601704923428  0.60084403834689726  0.61068849546887805
  0.62087050723371706  0.63155077598376619  0.64283836837365349  0.65417006480953477
  0.66612561530593450  0.67862578301358722  0.69117420480111202  0.70354516667660694
  0.71576044500717217  0.72740792524482822  0.73832779561897877  0.74861824987165659
  0.75820830316291699  0.76819292384036997  0.77837180048971766  0.78969621258387535
  0.80054928103465806  0.81070654829840771  0.82100578929685264  0.83154769142115681
  0.84290670328141770  0.85401990842924280  0.86587027756496060  0.87670066956604642
  0.88727487455749443  0.89734728090213745  0.90820870550670085  0.91979946273228164
  0.93158563117820137  0.94251107492114627  0.95226530821312294  0.96185613596265218
  0.97127824726967338  0.98145166530465067  0.99074902965822431  1.00000000000000000
  0.15367804595816445  0.36713815551805995  0.44708692587026655  0.47942056884527251
  0.49611829425221909  0.50746174703742131  0.51854862886815611  0.53220831361805587
  0.54290342209649067  0.55198453490014265  0.56007218030314998  0.56682383685305837
  0.57291221196854225  0.57871621055476641  0.58487412911792624  0.59141210160038526
  0.59815586171634072  0.60439034421184878  0.61013340462178323  0.61579593595414905
  0.62171056394584989  0.62774078365628450  0.63358209528544995  0.63915092913545291
  0.64428082637787853  0.64948765292000521  0.65443533032142986  0.65932154686421929
  0.66428531891016318  0.66891490327251479  0.67357340793660614  0.67827642811163502
  0.68311796885739573  0.68776524807707962  0.69210217474224622  0.69622360458621368
  0.70033706780317717  0.70467191889058389  0.70930707200365395  0.71402830344045398
  0.71879626265836738  0.72350243505341694  0.72832923041619091  0.73311623811952176
  0.73793787684920986  0.74289093788280880  0.74772154122720058  0.75238543855844642
  0.75658667673278290  0.76060243766310487  0.76463806616458541  0.76894521053393605
  0.77338715638568356  0.77783766725651160  0.78223907319985519  0.78662869859266160
  0.79104402285172304  0.79552494142627295  0.80004689862309297  0.80451891657957253
  0.80904334556646440  0.81360934315049671  0.81809004704561339  0.82260960369248737
  0.82718821521951713  0.83181263816263629  0.83689461063320281  0.84185909058155006
  0.84682407213239796  0.85176462749406079  0.85657221448025622  0.86118967243702882
  0.86566467254636570  0.87012865431555986  0.87480788935893483  0.87983412148124351
  0.88487246935463426  0.88993504277040492  0.89508488663564700  0.90025281779466659
  0.90514319588980896  0.91008337741822121  0.91521921838618858  0.92060875838425815
  0.92620101896801998  0.93182951331406039  0.93738960685314232  0.94315237822081999
  0.94888161171160912  0.95468484020262812  0.96075574103527006  0.96691862876795120
  0.97352310102197814  0.98084331012816994  0.98962781632658425  1.00000000000000000
 -0.03751024993908954  0.18138306656229486  0.20412727805790906  0.22208289015631930
  0.23808747710163616  0.25273284471696811  0.26616767948152348  0.27907056258853008
  0.29094248060149253  0.30160106376992263  0.31162115011668701  0.32158562216366982
  0.33134722818059120  0.34124599060058075  0.35059757822887266  0.35965772667311668
  0.36808722415288375  0.37618697704604814  0.38367939037576720  0.39147043792313491
  0.39940800466749199  0.40715920737542066  0.41448114601652125  0.42181286328576822
  0.42924372148603868  0.43647028540269989  0.44351363499359459  0.45002694304747282
  0.45652913859872041  0.46272480958505136  0.46882164519714453  0.47496414067336951
  0.48086298078205536  0.48631423679099739  0.49186592082110786  0.49777618791465350
  0.50387748682871758  0.51017521359225293  0.51651049609047350  0.52289531287173463
  0.52914792111260522  0.53506640521501125  0.54061298123184065  0.54594012556255200
  0.55123885922576676  0.55644063599658866  0.56184497612207696  0.56756501340214927
  0.57319646592423434  0.57887215806567982  0.58429706572608175  0.58985299580205874
  0.59503507380531850  0.60025456531675825  0.60548713763767825  0.61080649134045772
  0.61633920789373731  0.62194261729912881  0.62748415037935013  0.63313469342963435
  0.63883361092961233  0.64429042148062421  0.64937315209175872  0.65417381276579689
  0.65893560520026473  0.66357116799835114  0.66838359552550675  0.67295115118021542
  0.67774435013576806  0.68264317342428815  0.68768768006420422  0.69282254665022469
  0.69789608548944349  0.70311486091647912  0.70871716561666831  0.71454547933253865
  0.72041535921492283  0.72595198376583625  0.73112360224276485  0.73635013158242613
  0.74169894121046809  0.74726781191532188  0.75304186584478428  0.75895598509655693
  0.76512941925429123  0.77179878987911021  0.77902601552107653  0.78586109948703498
  0.79289288492296917  0.80028969557696250  0.80789353894618166  0.81683637998369807
  0.82916464026602688  0.83997337555268159  0.89210947561737475  1.00000000000000000
   4.5673701817528342E-005  -1.0000000000000000     
 F F F F F F F F F F F F F F F F F F F F F F F F F F F F F F F F F F F F F F F F F F F F F F F F F F F F F F F F F F F F F F F F F F F F F F F F F F F F F F F F F F F F F F F F F F F F F F F F F F F F F F F F F F F F F F F F F F F F F F F F F F F F F F F F
  <DiscreteSampler_grid>
  grouped_processes
  1 # 1 for a reference and 2 for a running grid.
  10 # Attribute 'min_bin_probing_points' of the grid.
  1 # Attribute 'grid_mode' of the grid. 1=='default',2=='initialization'
  0.0000000000000000 # Attribute 'small_contrib_threshold' of the grid.
  0.5000000000000000 # Attribute 'damping_power' of the grid.
 # binID   n_entries weight   weight_sqr   abs_weight
    76   10   8.283910710548347E+002   1.673648496069909E+006   8.283910710548347E+002
    77   10   8.283910710548259E+002   1.673648496069892E+006   8.283910710548259E+002
    79   10   7.097550535136241E+002   1.075088002950646E+006   7.097550535136241E+002
    80   10   7.097550535136161E+002   1.075088002950632E+006   7.097550535136161E+002
    82   10   6.715886068799389E+002   9.135273765755758E+005   6.715886068799389E+002
    83   10   6.715886068799348E+002   9.135273765755721E+005   6.715886068799348E+002
  </DiscreteSampler_grid>
