  0.00000206187329561  0.00000217401764517  0.00000229755147620  0.00000237784131147
  0.00000242990073872  0.00000249175561003  0.00000256621359591  0.00000266194038648
  0.00000279231030181  0.00000289913751505  0.00000297941866557  0.00000305531510076
  0.00000312637040531  0.00000319087663601  0.00000325678846034  0.00000332504761007
  0.00000340821340696  0.00000349272437631  0.00000358094735355  0.00000367475134751
  0.00000379515745540  0.00000398092763245  0.00000416163011917  0.00000433187332368
  0.00000452849094762  0.00000472126174350  0.00000489584063747  0.00000505784057975
  0.00000523904338235  0.00000542622329702  0.00000562639124846  0.00000585613681732
  0.00000609140247905  0.00000635462094333  0.00000663910155953  0.00000698294548444
  0.00000734889451337  0.00000772012647463  0.00000803732611488  0.00000831531042070
  0.00000857905805053  0.00000885350602221  0.00000909741901175  0.00000943146405057
  0.00000978310094851  0.00001015852262985  0.00001056316656868  0.00001100150173144
  0.00001151848719947  0.00001213023319138  0.00001280461458053  0.00001352589761407
  0.00001434607025478  0.00001522346081119  0.00001624425573771  0.00001729808899112
  0.00001840137975667  0.00001950970158412  0.00002055754656891  0.00002158691681931
  0.00002275851165667  0.00002412936639718  0.00002573901310571  0.00002766558431770
  0.00002989592624224  0.00003229022239645  0.00003455372778490  0.00003657169828610
  0.00003863885677598  0.00004071764899167  0.00004240715601993  0.00004408099842557
  0.00004628675480247  0.00004868744557434  0.00005182124412041  0.00005728999818917
  0.00006340395100628  0.00007057290920406  0.00007884763863854  0.00008621578284091
  0.00009371137013839  0.00010521866182062  0.00012182365232482  0.00013939208780211
  0.00015944710955203  0.00019198084984911  0.00023728799339148  0.00030149749703381
  0.00039729799127245  0.00051224773858837  0.00066861409972946  0.00095899474307252
  0.00189411700093673  0.00471008904179400  0.15394845615024527  1.00000000000000000
  0.00214425497877555  0.01673470011545400  0.02683692216382740  0.03565617669155276
  0.04447423906666678  0.05305180279467154  0.06143781769100641  0.06935984948464476
  0.07761149370713601  0.08816517216834553  0.09865783726978428  0.10856161833769380
  0.11799123151727342  0.12638183913258336  0.13552423462158181  0.14552495469146745
  0.15632523485267610  0.16594250097327351  0.17467354517830200  0.18346442520932224
  0.19240506633515053  0.20246829503037789  0.21313584042226463  0.22484119261332591
  0.23692378084960400  0.24817596437567027  0.25945661098871375  0.27087758575164955
  0.28154060478597320  0.29216506944078163  0.30346304902917265  0.31512905898123506
  0.32770807188588036  0.33901073042396851  0.34965395362988333  0.36024048660861652
  0.37385859714854103  0.38743075041627595  0.39945028527263371  0.41091290273136044
  0.42266018711333436  0.43515696449465652  0.44551419804214792  0.45420671325001877
  0.46407842907239305  0.47555209561992867  0.48796363124152220  0.49895112265832992
  0.50967473123928986  0.51807789075276389  0.52671375613432470  0.53547826184553193
  0.54390481995258977  0.55168034689384970  0.55949293904291875  0.56725185611380269
  0.57603003216885718  0.58725895484760438  0.59877769819248694  0.61123457133604853
  0.62345061997530582  0.63584164389196141  0.64832044880171902  0.66153731080382649
  0.67488207663474509  0.68715773513229683  0.69843917247729359  0.71078709420740926
  0.72432455041722410  0.73679814170447033  0.74861293661206596  0.75978724179538371
  0.77055809156856736  0.78011730066862806  0.78918287740108473  0.79891692262497493
  0.80868643698719289  0.81896454609332869  0.82989379533872154  0.84052201202439092
  0.85024579400270583  0.85990562046711849  0.87017406153196364  0.88170000705599483
  0.89306503797002557  0.90360352694687285  0.91484416338275876  0.92612735125474599
  0.93811826583308489  0.94666221907889159  0.95364667429379824  0.96047584540059860
  0.96744018687694622  0.97543816234379843  0.98516588273747818  1.00000000000000000
  0.00001025953406102  0.00001087072213410  0.00001134749286109  0.00001179289121883
  0.00001235563344032  0.00001283822827685  0.00001326134422743  0.00001363522575845
  0.00001397752061242  0.00001429052103171  0.00001461189137977  0.00001496359418390
  0.00001537072127057  0.00001583922845428  0.00001631569030939  0.00001685561026527
  0.00001745384310394  0.00001806510727708  0.00001865460304362  0.00001923019129484
  0.00001982855156161  0.00002021814994806  0.00002051349862953  0.00002080815913988
  0.00002109220903943  0.00002137819541736  0.00002168776381647  0.00002199020605565
  0.00002242598229478  0.00002289798773765  0.00002339134624606  0.00002394050375449
  0.00002456499194041  0.00002522306296543  0.00002591894569772  0.00002665040108005
  0.00002748917906640  0.00002823126877509  0.00002902885200345  0.00002980943182943
  0.00003059196783563  0.00003151240639873  0.00003249202483017  0.00003361294168233
  0.00003485889684875  0.00003620472425667  0.00003799817862444  0.00004029959394269
  0.00004278963189476  0.00004519401559675  0.00004746683530736  0.00004956580312707
  0.00005173706731706  0.00005429233094666  0.00005734060559582  0.00006113479769347
  0.00006540598124544  0.00007032815649112  0.00007581161872631  0.00008219897000812
  0.00008951936204380  0.00009837889219701  0.00010765719219378  0.00011756657914052
  0.00012990929170652  0.00014638411737529  0.00016653115318072  0.00018912279513668
  0.00021421139505133  0.00024035099380376  0.00026710566333629  0.00029848132935895
  0.00033971412375633  0.00039232318908283  0.00044394865741070  0.00049513801743305
  0.00054895305542901  0.00062809188185765  0.00072358221522943  0.00084437124085376
  0.00097974207878593  0.00114850647031127  0.00127237796123484  0.00141128233745107
  0.00161442245707601  0.00190122837683756  0.00225985810516404  0.00268480113324718
  0.00317029509111427  0.00376191639018048  0.00444604736080503  0.00544134614458692
  0.00695009820038635  0.01097154971795922  0.11288866993293574  1.00000000000000000
  0.00000408542551131  0.00000470099838608  0.00000533010641494  0.00000604794107453
  0.00000682429545623  0.00000751137948586  0.00000822679906676  0.00000916020804888
  0.00001023005900070  0.00001126654064440  0.00001205163398446  0.00001252378855435
  0.00001302974704416  0.00001351757784384  0.00001406729201306  0.00001468133503541
  0.00001545604914764  0.00001656715714206  0.00001786153003264  0.00001915626297100
  0.00002039068599602  0.00002186054272067  0.00002319006983779  0.00002422470500552
  0.00002540919435494  0.00002665647249949  0.00002788719603362  0.00002949668540038
  0.00003135563685457  0.00003322887294559  0.00003515499270282  0.00003703612205364
  0.00003896075677700  0.00004106833847016  0.00004362926985501  0.00004678977117711
  0.00005040440316547  0.00005444614515426  0.00005846609822718  0.00006232821833135
  0.00006646646795898  0.00007079909561988  0.00007544527218931  0.00008000186732648
  0.00008504992074443  0.00009094239164574  0.00009771063730160  0.00010480036564532
  0.00011188824648664  0.00011883819729173  0.00012512007557176  0.00013227326657531
  0.00013976861172532  0.00014732509404995  0.00015411850844272  0.00016077592286651
  0.00016861840399875  0.00017872744530711  0.00019179118091466  0.00020688873944837
  0.00022303662824026  0.00024041977363409  0.00025914171157733  0.00027951106272973
  0.00030558037243772  0.00033791760830268  0.00038919655847732  0.00044216292675530
  0.00049851532197690  0.00055176927666027  0.00059344064587055  0.00063114050249457
  0.00067689220864553  0.00074483420086483  0.00081789183912195  0.00088869578013504
  0.00097279419568221  0.00106208503415720  0.00115678574101314  0.00126773990343765
  0.00140865765641121  0.00159322378600433  0.00181276146279055  0.00205133037297990
  0.00230048383917800  0.00253549917980138  0.00283163979626252  0.00322536561654930
  0.00378134619961327  0.00414672991562067  0.00461711765619825  0.00508694108561534
  0.00566646598373267  0.00654113223365568  0.08369560190338585  1.00000000000000000
 -0.00435452640712328  0.02074865208181840  0.04291875433454340  0.06386859068090432
  0.08392899904532901  0.10581628666954884  0.12897745640212152  0.15086965403527866
  0.17106026518383860  0.19356977579676399  0.21739296908840308  0.23751715803697876
  0.25719917359885053  0.27728733352262158  0.29761709416478549  0.31790932197832239
  0.33751104427551709  0.35709679321355203  0.37695082666393170  0.39708687319666219
  0.41763946933955065  0.43584633113990334  0.45135261524487669  0.46513734069000506
  0.47870860181180724  0.49284413644490827  0.50691465566278671  0.52109701660116170
  0.53702624383324438  0.55484877063067417  0.57138485115114812  0.58559024300465190
  0.59806533214362612  0.60985366214456704  0.62092795407870194  0.63149429888804010
  0.64187183224399946  0.65286080520797385  0.66477058414171986  0.67698918708516764
  0.68942291584183124  0.70088598490506226  0.71090973553003534  0.71994094825206489
  0.72920595152621892  0.73634658209660464  0.74448362172551219  0.75380031841993089
  0.76242274673773447  0.77058455359448841  0.77780221231182511  0.78457465202947874
  0.79068170968014584  0.79511992014371746  0.79869608165532024  0.80230519829012625
  0.80625618020185186  0.81111780661674171  0.81667374226202127  0.82322777151686388
  0.82977044688638624  0.83456221309374223  0.83894306084625403  0.84350302666800059
  0.84756952866531987  0.85181965422538031  0.85888208549275125  0.86451042683837143
  0.86857279334636894  0.87339087102320112  0.87818977479761473  0.88297859263811951
  0.88773055333735873  0.89123107755647002  0.89601001646194212  0.90101698016519249
  0.90566790722804980  0.91041868505019274  0.91521663874184345  0.92077562180728079
  0.92734342210892373  0.93447578224957850  0.94083131238372009  0.94671940056183357
  0.95116830364027716  0.95544514708266282  0.95953364582467038  0.96379296045243079
  0.96792500084111188  0.97159988195678293  0.97585348115252557  0.98052804365578783
  0.98528134287996694  0.99002050380909634  0.99494163803520108  1.00000000000000000
 -0.00260210064428952  0.01151274737061024  0.02469825826347594  0.03779980026148202
  0.05008406352348673  0.06170992041568774  0.07474270564316091  0.08649627128612773
  0.09513573072602718  0.10448464378701244  0.11344806005982379  0.12133063787855022
  0.13105443989715046  0.14362971998951271  0.15429088885589470  0.16317138297242736
  0.17173166711488130  0.17972602738666188  0.18705165389632986  0.19452435656748196
  0.20280108699568664  0.21340150511632353  0.22492747062919169  0.23391053594370484
  0.24294390334903476  0.25250705754078273  0.26413644161102290  0.27672445467207241
  0.28884523717419019  0.29938481022229019  0.30874900247617609  0.31895421671488178
  0.32816078676826299  0.33651656451064282  0.34477651530869496  0.35564010691049652
  0.36661126924050397  0.37641477951137214  0.38518956058249854  0.39251851028163565
  0.39834436019620473  0.40481514656223311  0.41205664265209219  0.42056082958934204
  0.43230572060135358  0.44485040480502475  0.45650505472162939  0.46653201267798916
  0.47710707190135349  0.48827857475815861  0.50116496847733549  0.51297751769265743
  0.52413739847444285  0.53672416887523144  0.54783226426609044  0.55787369312086910
  0.56835705906613965  0.58030524883232282  0.59192084659503841  0.60245828169384930
  0.61466884464207905  0.62442605045676469  0.63592563388239898  0.64733521474105093
  0.65805541771637044  0.66803951492052949  0.67681366190866576  0.68482713531148820
  0.69295091645290630  0.70248717176872111  0.71429323804646916  0.72924451416253200
  0.74680116536684871  0.76214108223722299  0.77585235725462687  0.78807891440670685
  0.80136009407290731  0.81287387190798310  0.82278945053463659  0.83201850383322806
  0.84070768859620948  0.85092473515158507  0.86345420213747148  0.87676327193496140
  0.88952403370647726  0.89989170858457801  0.91026513482403437  0.92235880989239494
  0.93442855382244516  0.94591681451152765  0.95590802446666356  0.96587759965400910
  0.97521816964879970  0.98421534123276622  0.99247792430522463  1.00000000000000000
 -0.00397443479483617  0.01891153080036327  0.03121897842108036  0.04148901036617995
  0.05067310681297727  0.06117356606706827  0.07259194390394329  0.08216386633029282
  0.09144651139552622  0.10189324610515464  0.11324571274672396  0.12454468248285210
  0.13456658616732983  0.14267505988771473  0.15029352594334078  0.15806736167308302
  0.16622784026931892  0.17963977104171847  0.19528845802550435  0.21059644873106798
  0.22308269291453020  0.23407713667246735  0.24366059825601566  0.25415695790002002
  0.26105529549556811  0.26823844006777997  0.27529215598806178  0.28185166209082019
  0.28888581280301018  0.29879587301724636  0.30746068040408553  0.31695537010980973
  0.32498993536239701  0.33362599299023782  0.33933767265744802  0.34659233933944467
  0.35412067270637748  0.36406937831371017  0.37624528265016999  0.38844907822641411
  0.40235497962639094  0.41667646229605099  0.43174581076786323  0.44765776502578031
  0.46354799117628781  0.47874943598942826  0.49357551866331972  0.50714433173105544
  0.51894336032472366  0.52912362681189906  0.54074763357554345  0.55321268960232262
  0.56717565541136961  0.58124784098142768  0.59388819194644160  0.60726508873639207
  0.62039559634022012  0.63345319238278974  0.64535125038424790  0.65600337801951625
  0.66653834480080554  0.67772391163877455  0.68879486773956422  0.69858160051336649
  0.70666692242807372  0.71390691484209323  0.72101454083552585  0.72924574427373612
  0.73835359917559018  0.74825887269007707  0.75782188191424205  0.76583122988496166
  0.77480258648099032  0.78509978574116879  0.79695059132328983  0.80952074092877147
  0.82052691793212784  0.82931417736503632  0.83808158468147242  0.84768904634167741
  0.86007785118526714  0.87417163085616956  0.88751254415766390  0.89793375781077867
  0.90735888576564039  0.91664970865857731  0.92578617272381103  0.93436359125184887
  0.94221752346416099  0.95139920557743396  0.95982844626147823  0.96820994867105625
  0.97664681417753663  0.98437000472854697  0.99120687762279613  1.00000000000000000
 -0.00092551143484304  0.00410055297963042  0.01005068981244733  0.01568419475249976
  0.02082235779044909  0.02787359509437649  0.03690775279457639  0.04752305100048777
  0.05886956205201319  0.06816919651832218  0.07641269752965062  0.08481947849648452
  0.09496305814822734  0.10778602505878049  0.11939702417301397  0.13184948200617733
  0.14494236397010274  0.15740711337392480  0.16925926292720267  0.18005698987928551
  0.18977887589253442  0.19884562548606277  0.21068988441817457  0.22301672868283448
  0.23763431847113772  0.24819109641712958  0.25897235976673277  0.27072987993698078
  0.28474472460335437  0.30204270732448213  0.31699122229236537  0.32871215870861958
  0.33935604706343808  0.34923589935004518  0.36241416112244196  0.37633457832671374
  0.38871203629373363  0.40008632409120437  0.41074908788469372  0.42161293358553625
  0.43334632024152964  0.44355641017876191  0.45226196964622400  0.46088358961624898
  0.46936888298088558  0.48055988436351627  0.49171312017488050  0.50108799993795616
  0.51002633726002633  0.51649589958155906  0.52447333416821640  0.53288684258438401
  0.54254055605862472  0.55250331450410517  0.56067734838639283  0.56821861372403681
  0.57647915658094462  0.58625659282219278  0.59705307709579480  0.60729178979659704
  0.61659810213332855  0.62616574356883670  0.63549054348414691  0.64577777338940245
  0.65610162636081248  0.66686067919219383  0.67945553240281176  0.69332007732038436
  0.70795312409065003  0.72174604235882123  0.73330352250370490  0.74463746959437727
  0.75459515268538724  0.76397998618590168  0.77374125444212938  0.78451560688536559
  0.79683786884518282  0.80679903744846526  0.81528296318609950  0.82372071698166460
  0.83192594946773424  0.84512672696593139  0.85746300400786457  0.86897675760803783
  0.88135455312732425  0.89487915754035408  0.90555257361053498  0.91504973795194999
  0.92473860986788381  0.93467919307683456  0.94637470599169826  0.95877820237601452
  0.96795274187350200  0.97855036460911826  0.98921419457836191  1.00000000000000000
 -0.00199831613803244  0.00845402229458270  0.01811715271630595  0.02648401037517482
  0.03440962889548786  0.04231852490974154  0.05128957798315811  0.06130405067279449
  0.07154921023962489  0.08265484306577975  0.09427179347235130  0.10507460676882231
  0.11565632834085070  0.12665211687713784  0.13675055318985210  0.14469977058353650
  0.15159721671299517  0.15789483970901849  0.16339538611367016  0.17058301401961667
  0.17953454307655300  0.18830385292092813  0.19713396916740353  0.20634612972275435
  0.21620002146558662  0.22576801153049716  0.23722336265433611  0.24721094439713176
  0.25653394783072675  0.26582006345814990  0.27692046948244614  0.28736052679639551
  0.29509972225955944  0.30350995198386549  0.31322017352240267  0.32560950918533266
  0.33733460855765685  0.34780001596287224  0.35852934965592481  0.37038252049284504
  0.38255262899665515  0.39423632188001195  0.40764867042346420  0.42278418842144477
  0.43860262567998870  0.45301522699826480  0.46601880841658239  0.47837540949778318
  0.49130409655038498  0.50564542605504637  0.52011173483976458  0.53336109185627867
  0.54529417750838505  0.55683169693355627  0.56891696818789861  0.58154109545369992
  0.59386780808032213  0.60627899567377319  0.61785948700790660  0.62806383384485720
  0.63755020034691701  0.64658258834040927  0.65333521966697727  0.66045656016949694
  0.66794929946045956  0.67582253790043967  0.68431968807334353  0.69329636916477955
  0.70311394964371543  0.71366722078173239  0.72659453807884022  0.73962064919872184
  0.75138357463622418  0.76166509184998432  0.77054014034066531  0.78043545610231924
  0.79154736082811450  0.80359338963515814  0.81705647228951928  0.82829626607197571
  0.83980918737100130  0.85191733189611729  0.86432101915051252  0.87728503974355476
  0.88997737987507730  0.90141756198193945  0.91176167329320623  0.92124373595809406
  0.93007824503246728  0.93879982123731742  0.94717134292261840  0.95456167878979381
  0.96368861204900436  0.97237712316160030  0.98397456358935476  1.00000000000000000
  0.00000974172907243  0.00007012780803460  0.00013310259517181  0.00021435302276632
  0.00031533326135064  0.00043155442211742  0.00055133294662839  0.00066399724732269
  0.00074101649266206  0.00082709696492017  0.00092185378398293  0.00102758714856509
  0.00114972479061225  0.00127481513391050  0.00139125436717486  0.00149580350394586
  0.00159989803939913  0.00170264153982139  0.00180521068404839  0.00191237561100419
  0.00202720773039563  0.00214655661338995  0.00226641854329186  0.00237264321174587
  0.00245603194822148  0.00253919088468349  0.00262123120225004  0.00270418895564740
  0.00277805939906661  0.00287627248927322  0.00299318817725957  0.00312083678316450
  0.00325378503952250  0.00334571122839720  0.00341941462695416  0.00349156019518474
  0.00356796566811205  0.00370112781224932  0.00384048593095624  0.00400432347392881
  0.00420853473547901  0.00441585032431832  0.00460107102413270  0.00474110209070637
  0.00488543676000523  0.00503334798095636  0.00518382975865465  0.00536656301278134
  0.00554210766269200  0.00574371737272483  0.00593119044240030  0.00613414183450525
  0.00631016161642130  0.00646444239258771  0.00665127902419811  0.00685073219566345
  0.00703550889302011  0.00730930566157965  0.00758324053724330  0.00780841978177541
  0.00798332339518776  0.00810432487261242  0.00821576260158888  0.00830956835327178
  0.00838636387390591  0.00846022933500034  0.00852365345216726  0.00859998733883345
  0.00867560373883162  0.00875331374065054  0.00883891190524207  0.00891508450930030
  0.00904639930185168  0.00937210506781134  0.00956438798883186  0.00973649294891979
  0.00993590630065737  0.01014444350347870  0.01034251993165762  0.01065682447860834
  0.01094901120369974  0.01119853985073536  0.01138206792150854  0.01156703245929805
  0.01190756895497756  0.01276384538594138  0.01353612687251764  0.01436316226975855
  0.01507084766577237  0.01573209302910769  0.01673056979201192  0.01722458710662521
  0.01858662402158791  0.02089942884431429  0.10243298526931560  1.00000000000000000
 -0.00235066680486014  0.00905816638517007  0.01707785689356205  0.02558935178669255
  0.03407756104164236  0.04246008215818344  0.05027183575909918  0.05778645690880719
  0.06435863323771175  0.06998396681828042  0.07534459488359299  0.08074251863914619
  0.08637110687283132  0.09382384976895322  0.10161932738451557  0.10898367481943037
  0.11620335541107142  0.12323867782112213  0.13107961132834864  0.13912388717091329
  0.14792590937334549  0.15807118504109682  0.16970877540819543  0.18114414246538127
  0.19109641476967620  0.20011429592833277  0.20777559705504667  0.21594056147126883
  0.22482074816931064  0.23472253887183195  0.24570651566500451  0.25688918496004320
  0.26787478713751989  0.27896051656694271  0.29029438060128737  0.30253193763614866
  0.31852119479504803  0.33389350291775538  0.34681661493089450  0.35836117239123250
  0.36966264780395580  0.38106074557369712  0.39312385475858169  0.40529947945921674
  0.41883127487399208  0.43188416331419532  0.44401535048932295  0.45532376353382853
  0.47026566026806088  0.49004632856220554  0.51041211410272147  0.53218408673815387
  0.55248850577146580  0.57487818163491367  0.59793964242888176  0.61479419577811334
  0.62747532052856114  0.63874592638154859  0.65005805881162748  0.66055674068206005
  0.67156131613448944  0.68189678585847735  0.69260150050365832  0.70353882300869353
  0.71470366913537464  0.72667406020346770  0.73441856093705160  0.74279081809036063
  0.75268167151306264  0.76223026441767272  0.77202527677493360  0.78145485715926077
  0.78998661504430723  0.79865505594455155  0.80669504368552258  0.81316003356793098
  0.81942091164722353  0.82619495017605282  0.83509001218065326  0.84539891252979116
  0.85601667458417907  0.86683211560136564  0.87795249560648947  0.88909761982861091
  0.89985344878208084  0.90957938552055417  0.91873045206359782  0.92716392722526808
  0.93556567892688258  0.94471115619895718  0.95244623328610933  0.96034340977246191
  0.96932576130479176  0.97776782415423702  0.98623149692729162  1.00000000000000000
  0.53262536590874909  0.56912801616428588  0.59673353578242716  0.63027611617823265
  0.65089988178424063  0.66376963955442558  0.67699229100271296  0.69116309245130381
  0.70572464563025794  0.71838712623807643  0.73027646037381222  0.74058251154150423
  0.74972705244274951  0.75794235567340995  0.76567509809358325  0.77395173461896061
  0.78210004682249334  0.79168492219135533  0.79996544067670217  0.80669421503108751
  0.81268651191918095  0.81971203991799724  0.82608506636898815  0.83266246956195311
  0.83927700480634793  0.84494425790183592  0.84981649246598201  0.85471646433247139
  0.85947069388464614  0.86424446954374989  0.86899467871313518  0.87373755336417103
  0.87842354157419156  0.88307500974784836  0.88736499869156016  0.89117277757897084
  0.89474758656506315  0.89823241446905588  0.90147671500020821  0.90453513033342769
  0.90750716404539200  0.91065940884719165  0.91387243731526913  0.91645330296864358
  0.91828136000575467  0.92005761024892951  0.92186249394617892  0.92389139393942499
  0.92590926914843719  0.92795552835883677  0.92996814378673232  0.93200835333996257
  0.93409845686167070  0.93626656764137228  0.93814731634235160  0.93991787320173825
  0.94169988618919920  0.94357696408285940  0.94550145947848108  0.94744146306574295
  0.94931057387433970  0.95119311697355236  0.95295941006339335  0.95446896373896961
  0.95592485040724540  0.95752411117955771  0.95914164628731935  0.96054702254615010
  0.96195790264111058  0.96335347939145921  0.96467150484636810  0.96602565579341837
  0.96745451404445393  0.96898553200638149  0.97061795724265831  0.97201503310182924
  0.97342179581922250  0.97481436432536717  0.97618167836324876  0.97754162590750149
  0.97888699785449396  0.98020412167011139  0.98151165470991775  0.98286800460171975
  0.98416340199851071  0.98538139403322567  0.98655830138056144  0.98762122579583467
  0.98873153864580088  0.98999219772644975  0.99146510423782608  0.99306217919129713
  0.99471007294149416  0.99637528990109270  0.99815131585990735  1.00000000000000000
 -0.01198246547541198  0.18299569954415446  0.21543200191282796  0.23406576710653759
  0.24820590704795004  0.25773041823023768  0.26884436454817939  0.27874185955270281
  0.29049110978578901  0.30132807183365151  0.31093983047751261  0.31967312123894259
  0.32793428706288391  0.33550670967963991  0.34306777922563153  0.35081867946694040
  0.35855886869919357  0.36599428362725334  0.37278321489631022  0.37873004330198434
  0.38411674145432800  0.38992174567472271  0.39648363015666516  0.40303264685687740
  0.40886972197745175  0.41447012758066909  0.42027394827171605  0.42586551624142671
  0.43131854553601812  0.43664115833293776  0.44261927621194097  0.44972802064863010
  0.45608242176897801  0.46388708960964148  0.47140830799549743  0.47867638848524535
  0.48584930982887231  0.49275115724513807  0.49952797422743117  0.50607397165819323
  0.51190470980884384  0.51773411951886195  0.52285998892093744  0.52792904712908850
  0.53344794661901984  0.53813105766051250  0.54217488961628713  0.54626964758274588
  0.55042836619999547  0.55544705100236635  0.56126186220919305  0.56656748350113528
  0.57149517582181319  0.57654402434989604  0.58174576096317454  0.58670148399050370
  0.59174530597855857  0.59658733666984864  0.60113755879543340  0.60561523595427647
  0.61000721592206031  0.61380780960244330  0.61787700057075490  0.62193372530288116
  0.62490796450974750  0.62859495752595729  0.63223786272196825  0.63562349447174937
  0.63973857223539410  0.64475657490065363  0.64966707931441525  0.65470188026191267
  0.65976805935262539  0.66494637953187075  0.66976187763829020  0.67458430900610677
  0.67940350521160087  0.68453239007237654  0.69007068132659977  0.69624203466001322
  0.70346799584951425  0.71185405058773776  0.72122112212233092  0.73024988024726378
  0.73903259639785090  0.74811177614274293  0.75782536678050361  0.76708514859433341
  0.77361334343157229  0.77933751687690278  0.78565623834115550  0.79505634500005529
  0.80718324225483362  0.82140895019191218  0.83616546708470429  1.00000000000000000
   1.2854634871527233E-005  -1.0000000000000000     
 F F F F F F F F F F F F F F F F F F F F F F F F F F F F F F F F F F F F F F F F F F F F F F F F F F F F F F F F F F F F F F F F F F F F F F F F F F F F F F F F F F F F F F F F F F F F F F F F F F F F F F F F F F F F F F F F F F F F F F F F F F F F F F F F F F F F F F F F F F F F F F F F F F F F F F F F F F F F F F F F F F F F F F F F F F F F F F F F F F F F F F F F F F F F F F F F F F F F F F F F F F F F F F F F F F F F F F F F F F F F F F F F F F F F F F F F F F F F F F F F F F F F F F F F F F F F F F F F
  <DiscreteSampler_grid>
  grouped_processes
  1 # 1 for a reference and 2 for a running grid.
  10 # Attribute 'min_bin_probing_points' of the grid.
  1 # Attribute 'grid_mode' of the grid. 1=='default',2=='initialization'
  0.0000000000000000 # Attribute 'small_contrib_threshold' of the grid.
  0.5000000000000000 # Attribute 'damping_power' of the grid.
 # binID   n_entries weight   weight_sqr   abs_weight
    55   10   7.351609125040523E-002   1.988989139587543E-002   7.351609125040523E-002
    56   10   7.351609125040545E-002   1.988989139587550E-002   7.351609125040545E-002
    58   10   1.673203832161990E-001   1.450990071197516E-001   1.673203832161990E-001
    59   10   1.673203832161996E-001   1.450990071197522E-001   1.673203832161996E-001
    61   10   1.019484116961239E-001   2.629124570110034E-002   1.019484116961239E-001
    62   10   1.019484116961245E-001   2.629124570110066E-002   1.019484116961245E-001
    67   10   1.007695653285048E-001   2.645609186121912E-002   1.007695653285048E-001
    68   10   1.007695653285055E-001   2.645609186121944E-002   1.007695653285055E-001
    82   10   8.233462982886100E-002   1.375431422096911E-002   8.233462982886100E-002
    83   10   8.233462982886156E-002   1.375431422096923E-002   8.233462982886156E-002
    91   10   7.894729113453869E-002   1.447365865467006E-002   7.894729113453869E-002
    94   10   7.506631070975081E-002   1.344937757721353E-002   7.506631070975081E-002
    95   10   7.506631070975138E-002   1.344937757721371E-002   7.506631070975138E-002
    106   10   7.351609125040523E-002   1.988989139587543E-002   7.351609125040523E-002
    107   10   7.351609125040544E-002   1.988989139587549E-002   7.351609125040544E-002
    121   10   1.666409610425083E-001   1.393414769129009E-001   1.666409610425083E-001
  </DiscreteSampler_grid>
