  0.00295810350112376  0.01527755265917640  0.02689475435311671  0.03849530981316543
  0.05030911857815981  0.06134171962217566  0.07137070339141394  0.08066427328940728
  0.09024334028600613  0.10109204957285287  0.11304661266398890  0.12689422472838147
  0.13677160213905262  0.14542795372463846  0.15353063955120388  0.16287721468042446
  0.17309859913415376  0.18273978396773896  0.19402840746583114  0.20584772795406706
  0.21673084633840500  0.22582128603194834  0.23676308996668102  0.24753561933846852
  0.25860977547950120  0.26915128132272054  0.27950526226051620  0.29016000805645026
  0.30108794004924655  0.31235085253631134  0.32197221586102837  0.33131587002623525
  0.34090665155249927  0.35067611048979258  0.36016887662762437  0.36964611755465487
  0.37937538258298470  0.38954131419309163  0.39911062795274344  0.40837264035931814
  0.41839398619797141  0.43044308349945543  0.44265005615013447  0.45407403181518913
  0.46401347971826501  0.47328592252751622  0.48244668434339510  0.49154091415602796
  0.50044116496404856  0.50892251656292586  0.51763219800851190  0.52653696638313419
  0.53561065977528166  0.54518336753559082  0.55542916984500468  0.56630778100069790
  0.57853615642745726  0.58987375563097699  0.60044418774752473  0.61135575499577444
  0.62263475326639917  0.63471345128418222  0.64665324833152127  0.65851301572248655
  0.67014750964493552  0.68107972243830095  0.69207967678780979  0.70320207008280899
  0.71505274694454257  0.72619140768786172  0.73764353417318729  0.74880420579146001
  0.75981593905830980  0.77020191670189697  0.77933785865655625  0.78845959556274547
  0.79774093052501827  0.80662145544833819  0.81648766602408462  0.82598355215455477
  0.83442946365621551  0.84539845265218394  0.85741642337987700  0.87197910096735509
  0.88527538311898046  0.89764714356974318  0.90800941683778680  0.91721145382649982
  0.92672493730039984  0.93491474470824631  0.94359556862888072  0.95261433272815965
  0.96120009653567218  0.97091839749336029  0.98111788104043829  1.00000000000000000
  0.00000324817512118  0.00000343406455369  0.00000362024876201  0.00000377377179284
  0.00000391909603469  0.00000406408185966  0.00000420170940447  0.00000435940120262
  0.00000453563955788  0.00000472064512391  0.00000491325528481  0.00000511859295317
  0.00000533582326639  0.00000556472310150  0.00000576858394183  0.00000597156120337
  0.00000618600954083  0.00000640044271834  0.00000661239978806  0.00000682395761400
  0.00000705693297111  0.00000730646034350  0.00000758542273493  0.00000788184231963
  0.00000818384509818  0.00000851441801481  0.00000884711182261  0.00000919962212924
  0.00000956335171292  0.00000991163456747  0.00001023253376492  0.00001054721848742
  0.00001089094717258  0.00001127720600729  0.00001170033314976  0.00001212873445621
  0.00001254913881092  0.00001297670244270  0.00001340229939564  0.00001381455990593
  0.00001424038123060  0.00001469477521765  0.00001522029755611  0.00001579225086809
  0.00001635302505770  0.00001694973097897  0.00001760705650100  0.00001841813731719
  0.00001921767498422  0.00001996706981065  0.00002070855898301  0.00002145785716870
  0.00002221327489340  0.00002296750672956  0.00002383258045448  0.00002485497428618
  0.00002587150591904  0.00002690094681702  0.00002830313089341  0.00002977608369107
  0.00003133772738901  0.00003288373322657  0.00003439166798252  0.00003594465105151
  0.00003780949344005  0.00003995931508743  0.00004252609288559  0.00004515027763969
  0.00004802327810274  0.00005128978403608  0.00005494214801768  0.00005895187535539
  0.00006343541440353  0.00006850522702352  0.00007542817757915  0.00008289217557687
  0.00009070693577612  0.00009899350160087  0.00010847603077006  0.00011994099764782
  0.00013314164884700  0.00014790925804047  0.00016257242531093  0.00018142708729813
  0.00020479103159758  0.00024057004053447  0.00028949350271139  0.00034608857053373
  0.00040838910812729  0.00048517785623307  0.00061439732809490  0.00086748296431805
  0.00148394379346428  0.00303896930523743  0.25288528167396873  1.00000000000000000
  0.00000787775301815  0.00000823979429404  0.00000846549650507  0.00000869536362893
  0.00000891106608758  0.00000912723131411  0.00000933309327328  0.00000949432778051
  0.00000963572443834  0.00000977203509459  0.00000990212379255  0.00001003748037995
  0.00001019279560894  0.00001035853173912  0.00001053206742626  0.00001066629805579
  0.00001079715072122  0.00001093408251626  0.00001108853502580  0.00001127231127431
  0.00001147806542558  0.00001170614105638  0.00001195763620460  0.00001221403137179
  0.00001246849933407  0.00001285430062898  0.00001337950203496  0.00001377346911322
  0.00001414318234765  0.00001448436937132  0.00001489975771834  0.00001556309844175
  0.00001629581459794  0.00001699309782074  0.00001795976361881  0.00001893267482142
  0.00001984559073896  0.00002093461303838  0.00002202004453383  0.00002309488708785
  0.00002417656899309  0.00002525063016908  0.00002640714159499  0.00002768623843723
  0.00002906614762749  0.00003056694041684  0.00003236658300344  0.00003454483505723
  0.00003701543976435  0.00003994676554951  0.00004336809431122  0.00004711518295350
  0.00005102466819467  0.00005507066925587  0.00005952239854099  0.00006464442916019
  0.00007023450588932  0.00007618529584776  0.00008268153257186  0.00008986959536137
  0.00009800285179979  0.00010666703960937  0.00011589425377649  0.00012607331445197
  0.00013876389961429  0.00015404232232405  0.00017111698329819  0.00018984514366970
  0.00021019246591948  0.00023016972213753  0.00024958375182614  0.00027136959729895
  0.00029597681929221  0.00032552575425735  0.00035615888186897  0.00038786084475458
  0.00042125232632941  0.00045790094957302  0.00050208749145067  0.00055969589555164
  0.00062408890128936  0.00069992640171049  0.00079187236639905  0.00090147216905729
  0.00105067178586830  0.00124095257079542  0.00142852006555524  0.00159609665124899
  0.00178859446085133  0.00206747711656761  0.00243095452701673  0.00302933196396417
  0.00359350895134000  0.00460441788528436  0.16113437465135985  1.00000000000000000
  0.00000564248116309  0.00000580784156841  0.00000596351637193  0.00000619974248242
  0.00000647364634899  0.00000675911897723  0.00000709604740852  0.00000741024811447
  0.00000766105016626  0.00000789456778144  0.00000812354858187  0.00000842876250449
  0.00000874971032536  0.00000906145451762  0.00000937619243777  0.00000969564618497
  0.00001001732283057  0.00001035300558754  0.00001072399153027  0.00001115680273875
  0.00001162669233923  0.00001207608536830  0.00001251109628737  0.00001298182826312
  0.00001350150044709  0.00001403110060404  0.00001463033058730  0.00001532213156342
  0.00001597880367993  0.00001660592304226  0.00001723068320895  0.00001792581059238
  0.00001869195953996  0.00001947386054538  0.00002030732874784  0.00002112722517123
  0.00002197227742263  0.00002280687682754  0.00002371292516263  0.00002471630462122
  0.00002575274447904  0.00002675399838158  0.00002787579578286  0.00002904924786186
  0.00003022402367153  0.00003165683988282  0.00003321167425973  0.00003483125216010
  0.00003646549092780  0.00003832186917392  0.00004020317998487  0.00004205375564469
  0.00004427586910912  0.00004675450901690  0.00004947398761642  0.00005257210244368
  0.00005594994303153  0.00005964371694701  0.00006396878690069  0.00006865608196688
  0.00007364630908125  0.00007914712641303  0.00008556056670798  0.00009256101110268
  0.00009907377645021  0.00010542638996989  0.00011238332875057  0.00011998231608310
  0.00012951715609044  0.00013995111239441  0.00015217499415866  0.00016484190980483
  0.00018023584400682  0.00019779980608805  0.00021866724143265  0.00024200834906816
  0.00026663525399147  0.00029189496654466  0.00032095870382349  0.00035558113482756
  0.00039616102541432  0.00044175010699212  0.00050068701037149  0.00057523686465538
  0.00067592506057038  0.00079807576394925  0.00094268269293033  0.00111364852638751
  0.00132417965508849  0.00161505016668379  0.00205854544779429  0.00281006396652127
  0.00352384105226343  0.00443568999680407  0.17282392566186319  1.00000000000000000
 -0.00146891025301804  0.01123506400093681  0.02094890949722196  0.03129402006528535
  0.04165678362909659  0.05284671034334153  0.06549902013346059  0.07765344896982550
  0.08931616439618534  0.10024220254803105  0.11127522107867710  0.12161981997904923
  0.13441002333302959  0.14759500458692978  0.16210752844120127  0.17657971657956012
  0.18996603245164972  0.20163127526056088  0.21297347432361929  0.22480145201777524
  0.23739710683014578  0.24830989891189406  0.25812413334912099  0.26722902379537750
  0.27631299107526464  0.28540351938777264  0.29451987001669350  0.30411025629823984
  0.31447977923040982  0.32485829444683767  0.33812771217526971  0.35062159601120141
  0.36249009569192359  0.37431952210992986  0.38710082436892018  0.39953290926896917
  0.41129940180127267  0.42252825630204821  0.43372667103333956  0.44422202258551485
  0.45536808880660457  0.46687359770441550  0.47889121721452793  0.48864313874371007
  0.49900231055573746  0.50933168756397440  0.51918097573345112  0.52944656974624804
  0.54049057900279596  0.55239677817424460  0.56357990733675678  0.57420199622538626
  0.58447645519611280  0.59408948383784699  0.60336586990157781  0.61177471860860599
  0.62003212360105620  0.62936757406378807  0.63954252017097990  0.65109257534873777
  0.66225085745036139  0.67354415953163682  0.68538709796180008  0.69788536803484014
  0.71033612306028016  0.72136845578295572  0.73151473447916215  0.74159020750604643
  0.75187848875900698  0.76207783827035669  0.77095186177820030  0.77871540106923176
  0.78603039393123975  0.79360560612786057  0.80191624756483615  0.81097143523474136
  0.82133403759235213  0.83051047622340901  0.84178580923415613  0.85218983823254379
  0.86199863543517119  0.87179442198273571  0.88134543288298961  0.89076335235385407
  0.89936995321588853  0.90797491863239732  0.91715738435761385  0.92717529680692257
  0.93820007215726531  0.94649386270959313  0.95516463444152988  0.96406729850177042
  0.97450666496582528  0.98423249264884449  0.99234336118924904  1.00000000000000000
 -0.00229426048426853  0.00951579756848186  0.02022165098470057  0.03223045211354485
  0.04517664938531273  0.05762406691369595  0.06832979592783474  0.07767346210613713
  0.08664623244228660  0.09488320205410951  0.10366335706361939  0.11246255178787747
  0.12282962698316487  0.13436803559269422  0.14658675393713030  0.15847528560529645
  0.16903483486323517  0.17855636626319452  0.18845365245246484  0.19992768872289607
  0.21236027000393767  0.22498831134703184  0.23720605590548555  0.24939192130005230
  0.26078881341477189  0.27135216873493095  0.28193591888427105  0.29295727922735376
  0.30583518436952584  0.31739524451986467  0.32695212959491332  0.33630281272994289
  0.34627125966251099  0.35654040283626293  0.36673429596830698  0.37758619201703114
  0.38785560631453075  0.39796430413608991  0.40820251444850048  0.41974774188772207
  0.43252717497212539  0.44543655707808572  0.45838359314959692  0.47016445925742761
  0.48238312680677514  0.49430149863684780  0.50557923099783741  0.51684788576808449
  0.52988544973791152  0.54415744399829180  0.55700847989486368  0.56892233685676630
  0.58082646844988961  0.59267030057737624  0.60369368644103516  0.61193324577129393
  0.61926108397389301  0.62666213948874505  0.63448508180665786  0.64292842556144769
  0.65127368319581291  0.65917131466853929  0.66755606761564690  0.67748191988055839
  0.68714128759941140  0.69647024400739066  0.70573936469918785  0.71571803953819235
  0.72448887398504414  0.73305550223230764  0.74195442617513985  0.75169573804178524
  0.76203250349077223  0.77239473741317366  0.78236896531192512  0.79164394814764538
  0.80073005367294336  0.80990242721349481  0.82137216853372286  0.83264749309669805
  0.84347580560453517  0.85360905285246913  0.86497448141460265  0.87771678585774238
  0.89037075406720567  0.90157852192359444  0.91202842256525829  0.92348545476036636
  0.93574887689466657  0.94697481202811407  0.95677610904133048  0.96574146143051209
  0.97360280642622377  0.98210070459426613  0.98998135340721338  1.00000000000000000
 -0.00241334373576494  0.01043444990391584  0.02109624128736280  0.03086465401586607
  0.04056465241333326  0.05039016370195816  0.06022939705945363  0.07086214291450407
  0.08162004123039833  0.09168680034453983  0.10147255545407659  0.11078315827627828
  0.12046425256501909  0.13004083749936785  0.13999603066367747  0.15024948030761767
  0.16071206527854370  0.17267850119595998  0.18516810537826803  0.19676325062390135
  0.20591379656620093  0.21521435387821469  0.22505669070600595  0.23594743480806077
  0.24896731021748372  0.26046245980397231  0.27108042254432019  0.28118723233423787
  0.29182519245975169  0.30289678933705699  0.31447427993189736  0.32371156916609128
  0.33338431267621965  0.34287790726391326  0.35264975573182006  0.36276762255280631
  0.37379833268168089  0.38600716100417098  0.39639675882312314  0.40553568105032822
  0.41399438136534217  0.42333227886983932  0.43331056920779559  0.44249908861961218
  0.45148422196134480  0.46102457580000639  0.47165138795032757  0.48286718456520283
  0.49269041323841239  0.50180066620596631  0.51064334152633328  0.51971389171967897
  0.52933223357678405  0.53955717778654033  0.54997057171493302  0.55992025222401842
  0.56856081521337154  0.57658075233331663  0.58490553545271262  0.59515598923859803
  0.60605057554649766  0.61838069706536736  0.62940933518736353  0.64059517042911840
  0.65220385147475513  0.66340506043814584  0.67440493202180840  0.68549446619859711
  0.69784681181383468  0.70977809824116600  0.72166095083829385  0.73422398524376253
  0.74586389345064841  0.75742326166011598  0.76863378721918418  0.78034194912502741
  0.79243525985051411  0.80318567179126177  0.81256760959143270  0.82171872616170394
  0.83185240905879398  0.84349585546762862  0.85533247087336517  0.86603329010939589
  0.87671760694951684  0.88718161079372748  0.89724278214886211  0.90676778285839921
  0.91632168104590661  0.92855185096310167  0.94120190254883029  0.95360951637673941
  0.96558697123121173  0.97723326989235548  0.98873906467481498  1.00000000000000000
 -0.00008074052101496  0.00037010979551669  0.00070073388773536  0.00095321310010175
  0.00116093233070592  0.00134541321476084  0.00152271465175338  0.00169368604496593
  0.00186210758352784  0.00203046577760128  0.00220577048026560  0.00238576476291950
  0.00256815416292862  0.00274906794508835  0.00291601323989250  0.00307586380798870
  0.00322499793183948  0.00338014997332296  0.00354185690868003  0.00371626923945186
  0.00389298156118552  0.00405722070883379  0.00421947092703463  0.00437906737370462
  0.00453348523575480  0.00468511448956955  0.00485891755133474  0.00504190964596498
  0.00521207690186450  0.00538495089352628  0.00556556937295969  0.00572877361160945
  0.00587772709487397  0.00603776108526807  0.00620601830099480  0.00638713873139901
  0.00651724050750500  0.00664170588579928  0.00676376592062584  0.00688131158405950
  0.00699315962637651  0.00712498219029116  0.00727375939458191  0.00741624306220135
  0.00758202649276873  0.00776426389618355  0.00795589848368623  0.00818195351455811
  0.00840190981506760  0.00865165995304407  0.00889004370556769  0.00905745529772462
  0.00922564513120644  0.00938763588315524  0.00950225935634479  0.00961699283281323
  0.00973300911634001  0.00984388618929050  0.00994060657255562  0.01004076769505848
  0.01017426195925115  0.01032301444036321  0.01048588930440181  0.01070302289095694
  0.01094393524844754  0.01119270041983834  0.01155826467492049  0.01217503585839554
  0.01280998174980735  0.01312740682316389  0.01332232446674172  0.01348875256258194
  0.01365756718838735  0.01387163848243384  0.01407642725885565  0.01424427846984988
  0.01440583946463828  0.01458673793122549  0.01506488524226442  0.01601168442459701
  0.01660407117652515  0.01701509758212690  0.01928079599450520  0.01981805742056270
  0.02029103878720871  0.02083818675625725  0.02114251909002578  0.02181596232053329
  0.02248716930454111  0.02276582927468897  0.02400962584375462  0.02727229708684539
  0.03135456105403969  0.03741926127765867  0.14942080038013475  1.00000000000000000
 -0.00276131008733055  0.01188479525533436  0.02436365650323626  0.03679450892571796
  0.04736733439389232  0.05850144331826548  0.06888760134404802  0.07910401598692360
  0.08974672863757371  0.10054941288117931  0.11197940936295772  0.12487109461604406
  0.13861605912478353  0.15024402104459192  0.16050114821679265  0.17140787394428408
  0.18166155427447755  0.19058793090731121  0.19907505304109255  0.20756259879984018
  0.21645294969629525  0.22555850873919736  0.23520612893141285  0.24484968667050805
  0.25493407088880643  0.26533210877989116  0.27663267795179564  0.28768916399687056
  0.29647195958996381  0.30363327816365371  0.31094612146331752  0.31911057002757259
  0.32742950562706030  0.33563573914300077  0.34436563661486896  0.35429567384429156
  0.36534965890311361  0.37659357583796332  0.38746227806660460  0.39845377852887820
  0.40966812116737938  0.42003959845031669  0.42985485001141516  0.43954374355206755
  0.44859262216631623  0.45731819878763963  0.46633135867776215  0.47595256804904257
  0.48711729467288695  0.49882856609077719  0.51030049924243381  0.52209158871280337
  0.53497984048278036  0.54944972327651653  0.56328028570529731  0.57521974947129073
  0.58606257470530487  0.59692625229839580  0.60794963876562336  0.61938931252117413
  0.63135366790479519  0.64396981266908027  0.65725325015417735  0.67035534983887934
  0.68215533007547768  0.69264820348722822  0.70359158096206897  0.71535657256631946
  0.72807164861544382  0.74027789596089488  0.75262988332674885  0.76505193427384721
  0.77705448103429531  0.78736177442242383  0.79538480322222760  0.80253197434422086
  0.80902364981436603  0.81615842766658209  0.82386443413258159  0.83282795581077329
  0.84415537897257886  0.85634122812754765  0.86934152209127136  0.88248838871088253
  0.89574694833477242  0.90971760572553340  0.92304369636193162  0.93470939691762589
  0.94451728904870969  0.95376926514928051  0.96318063999842463  0.96998118543422740
  0.97639002925145435  0.98292996047940628  0.99092023129039331  1.00000000000000000
 -0.00010332585861318 -0.00000194263216419  0.00009944059428480  0.00033037369319057
  0.00056997776472084  0.00069419596389873  0.00079641387483310  0.00089949094228823
  0.00100283287107641  0.00110046252326117  0.00119577520040671  0.00128983294121192
  0.00138240817829518  0.00147466012749094  0.00156265337425274  0.00165064662101454
  0.00174002897758899  0.00183051016852653  0.00192111251653482  0.00201256400806706
  0.00210401549959931  0.00219742222199919  0.00229157720258120  0.00238214839285025
  0.00246712694949648  0.00255210550614271  0.00263221933838107  0.00271227062989160
  0.00279524356682309  0.00288174785515781  0.00296857168390123  0.00305805588061511
  0.00314754007732900  0.00323325260309909  0.00331819336598274  0.00339951119876658
  0.00347605079182259  0.00355259038487861  0.00362783852535134  0.00370277014181802
  0.00378527979422122  0.00387793672437058  0.00397491803191206  0.00407611513341143
  0.00416361081353241  0.00424647380252068  0.00433211433145262  0.00442057681120738
  0.00451310517678075  0.00461287105497404  0.00473976514217150  0.00487870247295249
  0.00503619220907091  0.00517270218434583  0.00529120933159918  0.00539238063877299
  0.00548472887448407  0.00557567380623883  0.00567343738873716  0.00575702000657352
  0.00582801844981447  0.00589535119199076  0.00596080519907890  0.00602035645242959
  0.00609790600469922  0.00620688659108367  0.00632843151796918  0.00644853153897679
  0.00656275124890693  0.00668785857381150  0.00682438188756888  0.00696047626465847
  0.00713945946529244  0.00726647351833725  0.00738622346586060  0.00750396304228552
  0.00762509914252346  0.00787880608180014  0.00840928965368510  0.00866697016770242
  0.00888908900079188  0.00909179788041722  0.00931998805768995  0.00953796715790187
  0.00971795698227900  0.00982674562438007  0.00993553426648114  0.01004432290858221
  0.01015536113075831  0.01027089782756451  0.01046460644407000  0.01075089828993924
  0.01580980589864330  0.02944742031387239  0.07885650149101839  1.00000000000000000
 -0.00295776095111687  0.01299619428782923  0.02603237322475463  0.03851212538073440
  0.05251969664349822  0.06667541617949788  0.08092400277309134  0.09522816943255193
  0.10847288910042691  0.12013015962394834  0.13166807130959449  0.14382522070343387
  0.15604236086942350  0.16930855445787238  0.18329701297538292  0.19776902748738745
  0.21145118477502389  0.22408748690883604  0.23611614882419538  0.24791120689896493
  0.25929819239222890  0.27099886142563556  0.28308169892194085  0.29569351357631396
  0.30856274320350757  0.31916924039858546  0.32783222932391209  0.33565812526733346
  0.34299823954817998  0.35042378395113838  0.35728134747037904  0.36409996924105775
  0.37102385447002051  0.37962196998444148  0.38862752881885543  0.39677566422565241
  0.40354493454428569  0.41024336651584392  0.41717728665830162  0.42464524343358978
  0.43337416109041033  0.44375344516692727  0.45407247761220620  0.46580892730814377
  0.47680814704547453  0.48563235796858950  0.49249507655125535  0.49901716254336037
  0.50469856635041233  0.50994084024086672  0.51582148481045387  0.52148128005418337
  0.52751216565746806  0.53345384491292536  0.53997312453951618  0.54732263484921295
  0.55533846280428800  0.56440082753453646  0.57416368700892073  0.58328600564215705
  0.59141279138791336  0.59969252888876035  0.60783540093809751  0.61636134241096929
  0.62514273882759330  0.63326447700955224  0.64107083539435972  0.64991765207284757
  0.65981909065052846  0.67015530821067903  0.68108196332210369  0.69229153258603304
  0.70331729332508186  0.71389035472575324  0.72447636541368410  0.73522015534150875
  0.74706965768926792  0.75926478014321463  0.77107141830613013  0.78251371798710478
  0.79445454883344435  0.80686641695571326  0.81906234681743151  0.83137963067975817
  0.84420761387355725  0.85811066006513215  0.87322109701254247  0.88794769346248970
  0.90222685404034442  0.91579340646750118  0.93089051510689991  0.94563972756128289
  0.96012010642053436  0.97292888824635904  0.98612541731195213  1.00000000000000000
  0.52020447335461373  0.59937865994819683  0.61123980963303981  0.62258540428499165
  0.63180442934004477  0.64195308820003660  0.65521426113636383  0.66697794182854242
  0.67717388840301140  0.68723454810230089  0.69623477421636093  0.70478245776231385
  0.71498279393703534  0.72441932574810908  0.73218256813295257  0.74016593907610650
  0.74766544625287334  0.75495021274207019  0.76269297548892545  0.77058051975257724
  0.77778024087969178  0.78435277012993720  0.79092045116637311  0.79743639993296866
  0.80407989508485700  0.81086271225697049  0.81688808060473206  0.82242593359775351
  0.82769420344392097  0.83275027427939308  0.83739469228003205  0.84199614721203064
  0.84625144245927897  0.85039421977186591  0.85436521005784105  0.85861732635182964
  0.86299379669915133  0.86739909461843323  0.87155193791175423  0.87556137082002350
  0.87931898610252324  0.88284003728011551  0.88626721968937394  0.88953122853606470
  0.89270541606439369  0.89582469580394530  0.89884785402602241  0.90189408965468398
  0.90513781420143635  0.90830928681066947  0.91082019913374501  0.91325241456165240
  0.91566678917230604  0.91789953607238284  0.92042614550278634  0.92276144985340158
  0.92499552865297741  0.92717591986502301  0.92943812319139307  0.93176142385151361
  0.93404734045979543  0.93645041428869835  0.93872705104941023  0.94087849506802224
  0.94311454267317063  0.94549741032065038  0.94781080840640475  0.94981884264044025
  0.95171956167814886  0.95347509029817790  0.95530796109621641  0.95728172520711752
  0.95917440670382126  0.96098083003478918  0.96273166384614972  0.96445737946097532
  0.96623737907782148  0.96801508930968971  0.96978197330848892  0.97153602149877138
  0.97334886846839930  0.97527574948995277  0.97719445020960050  0.97905099532348616
  0.98086416861903836  0.98253474955942788  0.98403286539877988  0.98547570569770049
  0.98700310011499703  0.98852322613776333  0.99010838491125841  0.99183643053324544
  0.99351574816053367  0.99530304900882505  0.99738659151588738  1.00000000000000000
  0.04707559535434945  0.13906828143681538  0.15666426023487476  0.17067898498440545
  0.18555877518591557  0.19467225322464693  0.20173163448885303  0.20821700685621658
  0.21365018968966287  0.21990756401436024  0.22617771153648034  0.23206286916375907
  0.23806675285382128  0.24414931587092004  0.25081347367856383  0.25806035095366725
  0.26445438737286669  0.27059274818061801  0.27625438065501856  0.28205228242675279
  0.28756032498393258  0.29248062869012609  0.29706021248986469  0.30171373147835229
  0.30655689544387726  0.31243425721634904  0.31874526460237307  0.32482889344480625
  0.33077177458952817  0.33610896940966961  0.34085430705195841  0.34537175569875306
  0.34996454402968952  0.35513298216646155  0.36046057930677072  0.36550527950236145
  0.37038232055206399  0.37531944509928811  0.38008493255603215  0.38454066699171630
  0.38879167358949118  0.39275822731904159  0.39685633186074565  0.40172841923536207
  0.40645829034800640  0.41115484336329111  0.41622658952990749  0.42144917137736992
  0.42650303229305492  0.43122636711022355  0.43591628066017696  0.44086711174293347
  0.44619174536831180  0.45173737467240194  0.45773437204680473  0.46336659173096539
  0.46865283697287025  0.47355522182347098  0.47787182073839557  0.48186686989320493
  0.48553840864486691  0.48944597264090101  0.49355742242195383  0.49792565790824284
  0.50247257800018041  0.50699447706749723  0.51144925914669448  0.51608542853671868
  0.52104427674059550  0.52640417816905061  0.53207709063539432  0.53812081183829830
  0.54491320690374023  0.55203558901941496  0.55926555364753761  0.56654725814618367
  0.57412198751106702  0.58188202174731141  0.58976599587650280  0.59810253423669402
  0.60694556547919831  0.61607207150149390  0.62562905307517391  0.63541574280797819
  0.64567681692612466  0.65703517965640457  0.67021956221030976  0.68480188473360193
  0.70059135230712544  0.71632329811404039  0.73498805905629772  0.75569461786630920
  0.77736383978222845  0.80535857182973059  0.97288825580368576  1.00000000000000000
   2.3171426488494652E-004  -1.0000000000000000     
 F F F F F F F F F F F F F F F F F F F F F F F F F F F F F F F F F F F F F F F F F F F F F F F F F F F F F F F F F F F F F F F F F F F F F F F F F F F F F F F F F F F F F F F F F F F F F F F F F F F F F F F F F F F F F F F F F F F F F F F F F F F F F F F F F F F F F F F F F F F F F F F F F F F F F F F F F F F F F F F F F F F F F F F F F F F F F F F F F F F F F F F F F F F F F F F F F F F F F F F F F F F F F F F F F F F F F F F F F F F F F F F F F F F F F F F F F F F F F F F F F F F F F F F F F F F F F F F F
  <DiscreteSampler_grid>
  grouped_processes
  1 # 1 for a reference and 2 for a running grid.
  10 # Attribute 'min_bin_probing_points' of the grid.
  1 # Attribute 'grid_mode' of the grid. 1=='default',2=='initialization'
  0.0000000000000000 # Attribute 'small_contrib_threshold' of the grid.
  0.5000000000000000 # Attribute 'damping_power' of the grid.
 # binID   n_entries weight   weight_sqr   abs_weight
    13   10   2.000121192368539E+002   3.409700785965399E+005   2.000121192368539E+002
    14   10   2.000121192368539E+002   3.409700785965392E+005   2.000121192368539E+002
    16   10   3.228698365857859E+002   8.444249902013059E+005   3.228698365857859E+002
    17   10   3.228698365857857E+002   8.444249902013043E+005   3.228698365857857E+002
    22   10   2.000121192368540E+002   3.409700785965401E+005   2.000121192368540E+002
    23   10   2.000121192368538E+002   3.409700785965390E+005   2.000121192368538E+002
    25   10   3.228698365857859E+002   8.444249902013059E+005   3.228698365857859E+002
    26   10   3.228698365857857E+002   8.444249902013043E+005   3.228698365857857E+002
  </DiscreteSampler_grid>
