  0.00000209446087154  0.00000218306975260  0.00000224994270308  0.00000231832783639
  0.00000238844492010  0.00000246222748333  0.00000253976804048  0.00000262706698282
  0.00000271235806814  0.00000279641530879  0.00000288546099697  0.00000298631732262
  0.00000309621809034  0.00000321188251297  0.00000332793603620  0.00000344264235881
  0.00000355927203647  0.00000366979536861  0.00000377848926694  0.00000389346126916
  0.00000401640279785  0.00000414118455921  0.00000426347886662  0.00000439173466492
  0.00000453466932658  0.00000469276766732  0.00000485262733684  0.00000500867476352
  0.00000517472250992  0.00000534652398929  0.00000551999226117  0.00000569524366976
  0.00000588655466337  0.00000609779656583  0.00000634484352895  0.00000659158345680
  0.00000683794082670  0.00000709072635640  0.00000735521542607  0.00000763091710658
  0.00000788092399697  0.00000815061258587  0.00000842794690839  0.00000871332417086
  0.00000902250097140  0.00000936671791080  0.00000976476093212  0.00001019214315713
  0.00001062880069281  0.00001110765086152  0.00001167584517406  0.00001229556739538
  0.00001292278894481  0.00001357982933240  0.00001422649734315  0.00001489468026296
  0.00001565777465558  0.00001648432745905  0.00001742053230183  0.00001855254410244
  0.00001971730892319  0.00002098431741004  0.00002229877312876  0.00002378881254099
  0.00002540598142962  0.00002718712548576  0.00002921373606107  0.00003140146953218
  0.00003408372394741  0.00003664463921037  0.00003974214075729  0.00004315145405640
  0.00004711142522215  0.00005159149474745  0.00005615842227800  0.00006087805592145
  0.00006596176570621  0.00007296219111551  0.00008228602735156  0.00009361451196313
  0.00010760433040117  0.00012372151349880  0.00014351082855076  0.00016991628889613
  0.00020280066738302  0.00024247777204306  0.00029296062692583  0.00037219396297634
  0.00050578613825779  0.00072362805087156  0.00106582945937026  0.00160669087123344
  0.00244853246530706  0.00404670265131026  0.05249959420633311  1.00000000000000000
  0.00286788863456007  0.01618000320995562  0.02845217000559632  0.04019773145565470
  0.05129201458732904  0.06246192830135713  0.07350423844906930  0.08496112397521460
  0.09513882517499231  0.10529185297156696  0.11529531977844301  0.12433396519000309
  0.13342051707326283  0.14322137683388403  0.15506670033002926  0.16719905193513501
  0.17862209821175631  0.18982393305071424  0.20116511290667238  0.21261843873725833
  0.22433079540613238  0.23503520312498405  0.24549489296463836  0.25630045334243073
  0.26679283004458659  0.27707296568625484  0.28717684474481781  0.29693034862767381
  0.30641575036643720  0.31577162953990157  0.32493696842524161  0.33593542493828743
  0.34723877253864704  0.35764518978889115  0.36715868115041095  0.37690990094376764
  0.38700609757051962  0.39758215951338266  0.40822609844596819  0.41890714275700086
  0.42974334735229625  0.44060853632070807  0.45122843219414560  0.46181081756401815
  0.47188050982324747  0.48130551166233754  0.49090506366911324  0.50124652171838513
  0.51209873725835053  0.52258283939751282  0.53246648846756539  0.54297330131873711
  0.55396621019651238  0.56561816844266788  0.57730910435879801  0.58800082815033838
  0.59811613632003524  0.60781876993429262  0.61843529466783698  0.62945168566789100
  0.64116339051638027  0.65342384672049847  0.66606406721006961  0.67995407987914047
  0.69172887612422873  0.70218051895024902  0.71185771780487617  0.72002220555455898
  0.72969093615805369  0.73958728986815536  0.75015667614549619  0.76176910137372134
  0.77182204781465324  0.78323632019445988  0.79453363570093050  0.80637411625517175
  0.81752997835450436  0.82837258139908343  0.83846686644244262  0.84819431735154538
  0.85729385645120204  0.86693600947943739  0.87645322683013160  0.88602832426665279
  0.89503646534983650  0.90441963468826259  0.91358584316611346  0.92294342179366218
  0.93226178894202016  0.94154592993534925  0.95092754025185799  0.96018593484373349
  0.96872664019888943  0.97681351879119527  0.98490602771238156  1.00000000000000000
  0.00000252725780381  0.00000275703849313  0.00000291445063690  0.00000303001446169
  0.00000313206729071  0.00000324226376434  0.00000335935950773  0.00000348532851787
  0.00000364554873134  0.00000382746521188  0.00000404827554741  0.00000427086860432
  0.00000450069545625  0.00000473110672209  0.00000496777468854  0.00000519784958921
  0.00000543805550071  0.00000567823970312  0.00000592885335747  0.00000619587188747
  0.00000644859643590  0.00000669544656082  0.00000696892407987  0.00000729674976230
  0.00000766693838032  0.00000807946813537  0.00000853979413507  0.00000903289160383
  0.00000952296041719  0.00001001717210913  0.00001050981037004  0.00001104347428143
  0.00001162026032736  0.00001221226475340  0.00001282669489454  0.00001347564263700
  0.00001414817422267  0.00001488275073900  0.00001572253914044  0.00001660492806699
  0.00001756724697331  0.00001872323124326  0.00001987828401383  0.00002112567565564
  0.00002240560514887  0.00002371575025954  0.00002513041576228  0.00002661926633815
  0.00002816398445111  0.00002979773021702  0.00003156462768775  0.00003362062055498
  0.00003601163683655  0.00003841897115272  0.00004099467935356  0.00004368043787454
  0.00004643999742738  0.00004944160708847  0.00005294169965504  0.00005696892524640
  0.00006139021113838  0.00006608124131866  0.00007108698960001  0.00007677953849050
  0.00008297891889697  0.00008996672604050  0.00009719446293257  0.00010504951875315
  0.00011307596195623  0.00012243683819232  0.00013229975347814  0.00014190024020429
  0.00015426628378247  0.00016830107736192  0.00018759098648779  0.00021029636355212
  0.00023666270249957  0.00026754446992196  0.00030346730878272  0.00035086397438935
  0.00040269072547775  0.00045882535807268  0.00051976260332511  0.00059879263892286
  0.00069988423600008  0.00081545777957120  0.00096157891133141  0.00117660211701346
  0.00151503723996664  0.00194805334703489  0.00241302484090185  0.00295616163121406
  0.00371193537006422  0.00494287355168801  0.07123483692976237  1.00000000000000000
  0.00000501388963483  0.00000550686933685  0.00000659532009105  0.00000776312474410
  0.00000900882690450  0.00001016449572225  0.00001129763554277  0.00001254849084627
  0.00001383569736467  0.00001524841062680  0.00001679017288848  0.00001841951945259
  0.00002014986786300  0.00002209660095748  0.00002424569477353  0.00002655313513606
  0.00002909272734751  0.00003179500455669  0.00003469126149270  0.00003791642628821
  0.00004177461117886  0.00004578226639146  0.00005030236309630  0.00005537297159116
  0.00006072001384714  0.00006628820839720  0.00007244305376133  0.00007906332987146
  0.00008625074190115  0.00009384817714200  0.00010200061779380  0.00011104474397153
  0.00012116247188350  0.00013285276396904  0.00014643732695562  0.00016040312403446
  0.00017519587418118  0.00019063585134166  0.00020785100328061  0.00022673009363885
  0.00024605428197521  0.00026654981830964  0.00029018603126861  0.00031694354629123
  0.00034439244107357  0.00037440023646316  0.00040796629931823  0.00044466340182221
  0.00048023782357233  0.00051609790753788  0.00055131099485531  0.00058616384171230
  0.00062122830901353  0.00066226662969096  0.00071335096123127  0.00077240760191562
  0.00083937928739720  0.00090957932129040  0.00098091462149511  0.00105021982361830
  0.00111280078935667  0.00118274266510098  0.00126059835936616  0.00135315248780126
  0.00146315225357006  0.00156446008285361  0.00165392939689516  0.00173969909431635
  0.00181942639582444  0.00189379997003278  0.00197204673008634  0.00207107072109779
  0.00220103301987201  0.00236903545328343  0.00257478087402444  0.00282557178119889
  0.00316044567846722  0.00337264676800198  0.00355840603492279  0.00371148606120096
  0.00384101881393511  0.00398034290090586  0.00413669265796253  0.00431962891172704
  0.00470910593590798  0.00505671051953665  0.00531969109594233  0.00553559869393396
  0.00574373814548565  0.00598256325836888  0.00630201361076010  0.00665135631064546
  0.00721267688837176  0.00847440644010682  0.03488021132113197  1.00000000000000000
 -0.00137106870960442  0.00672441939166513  0.01386781108995584  0.02049113205001905
  0.02732457962448995  0.03469164943040128  0.04273148818716352  0.05114189058235723
  0.05950507389198264  0.06785646608568373  0.07638972962604101  0.08509859897906166
  0.09365397296505032  0.10211220471899232  0.11029151238659751  0.11818849150167035
  0.12621909465378492  0.13451064400598520  0.14338500565462931  0.15244171969015946
  0.16114771225600011  0.17003995512755365  0.17900802250245670  0.18928805688069589
  0.19981249578030982  0.21067078919663629  0.22166774062346581  0.23338760855402021
  0.24603647057566466  0.25798764210422093  0.26958961810773935  0.28094001852940326
  0.29259277169913867  0.30454761068438874  0.31619154911828345  0.32748876058159004
  0.33939474816551962  0.35284790836455315  0.36794592724117503  0.38229751461712119
  0.39589161927106664  0.40934412432426320  0.42252548629701819  0.43700375300557220
  0.45181693383678428  0.46705784012828488  0.48201447697910138  0.49673962207172923
  0.51062129629885888  0.52405886768183541  0.53793157536399583  0.55224761566737990
  0.56747898484087134  0.58385966671282619  0.60095025625246801  0.61750562914764640
  0.63211574539670046  0.64543002902981772  0.65881963949623146  0.67244672105008862
  0.68551894401167235  0.69543562883963617  0.70540778340486865  0.71588286435974335
  0.72826278371557351  0.73988869432082915  0.75101052488917597  0.76170494600467920
  0.77167351698770525  0.78047655622911272  0.78911270267862188  0.79746399189902450
  0.80613884711428685  0.81476308788043017  0.82414680555708286  0.83385902304328607
  0.84346941596623837  0.85214790310562138  0.86093917441397183  0.86976745536302535
  0.87901055198205424  0.88868724320455572  0.89845367752170557  0.90796192658313002
  0.91665321159925528  0.92431859566526198  0.93176860874106793  0.93983370980996594
  0.94797277671946678  0.95603073874398969  0.96374867235556405  0.97136316147609858
  0.97897653304899712  0.98634629394111806  0.99315794532813328  1.00000000000000000
 -0.00221388437144467  0.01010422505423828  0.02041955627406408  0.03116249077035707
  0.04127635488914935  0.04994271530088849  0.05863104788163057  0.06754303758505434
  0.07757247128401142  0.08732903026417993  0.09658404248892657  0.10528805986910222
  0.11376460387011424  0.12266608734803051  0.13218898657717104  0.14220736053544911
  0.15252029367153147  0.16091162693358521  0.16893171016824773  0.17723140762100062
  0.18583101992048581  0.19562799533615582  0.20619821530087032  0.21758709087712200
  0.22983551449246570  0.24187643465409328  0.25386424503457150  0.26583130360277868
  0.27778500514285626  0.29044493751110867  0.30266273241202818  0.31468452722010842
  0.32643637127217656  0.33797957612559859  0.34898092415841331  0.35921148972322431
  0.36911931844094248  0.37911553038764728  0.38984946339483445  0.40103229546092889
  0.41270381365742065  0.42416551572664651  0.43422373190842145  0.44355758204798068
  0.45276148133129790  0.46293519889453660  0.47484599716506681  0.48643528386869489
  0.49658744176809727  0.50578821777326544  0.51479386956184514  0.52392194201970199
  0.53327126329370422  0.54264212415665170  0.55209853102839657  0.56173507545406487
  0.57182859657138241  0.58272949149772302  0.59318548439812913  0.60375206056540665
  0.61438865960990174  0.62485371591485384  0.63525608847252846  0.64558247798906154
  0.65708290339164532  0.66891843342066881  0.68108314899317524  0.69335107024420173
  0.70528608977227403  0.71790977248081178  0.73028291343188612  0.74185456567706987
  0.75265317692558487  0.76251729254529710  0.77230723147411851  0.78258189392649802
  0.79287952729846345  0.80304932773762572  0.81370963780900984  0.82439310977253766
  0.83483334221333694  0.84454050416698678  0.85474493487368719  0.86595954054575397
  0.87707117484095831  0.88780133615071377  0.89800001951411024  0.90781571822402463
  0.91751810003305567  0.92748539570331345  0.93926136905503077  0.95272413874868289
  0.96524696749460714  0.97712347493489826  0.98853392922766226  1.00000000000000000
 -0.00707896880153628  0.04013695199888510  0.07459339738498585  0.10208998103595410
  0.12651225257480778  0.15320728078182336  0.17952383346166739  0.20331868718899762
  0.22660970135403047  0.24869781806349744  0.26849107995116717  0.28698553835672830
  0.30362124800965368  0.32054421708136493  0.33788521447024122  0.35496741794835113
  0.37112506809434737  0.38738559508496556  0.40298752044420327  0.41796944439077532
  0.43307577965177119  0.44811017389296431  0.46202867488667171  0.47530217188809631
  0.48801541798556208  0.49996958557035043  0.51131181740420828  0.52241686962340994
  0.53427503641205631  0.54635238956289001  0.55785857620313783  0.56950921002958366
  0.58088802555596730  0.59095058713862247  0.60148664702283805  0.60933748529010423
  0.61774062320394851  0.62583662659979267  0.63375298785436407  0.64140304487254285
  0.64926837178935271  0.65741634721492259  0.66414691211822785  0.67145790879893297
  0.67858454340698937  0.68556078963250167  0.69311568891932118  0.70108852614051509
  0.70925977934286977  0.71773125122628112  0.72626703116890567  0.73478094694015661
  0.74326342934617129  0.75153133023803853  0.75919096505303185  0.76653251237366016
  0.77348261515447414  0.78042468981051727  0.78702506893023427  0.79391507152730056
  0.80052509620915246  0.80712690848280211  0.81351100417708044  0.81973357282921144
  0.82590867875365370  0.83191655581760704  0.83800640297610562  0.84370731835819046
  0.84921618037288915  0.85443939265191415  0.85979619093905479  0.86493412585035423
  0.87067860156216514  0.87635502274586752  0.88219006740928141  0.88847093235324381
  0.89473832899605721  0.90093661285129611  0.90675340435878526  0.91244874898417161
  0.91808771831181391  0.92361595986224954  0.92904493331207116  0.93429246371103736
  0.93933428446029243  0.94432974975905437  0.94946021338878783  0.95457281293887108
  0.96027005815762878  0.96611286003179897  0.97196987206961183  0.97759991700677673
  0.98317582668457704  0.98872063205573557  0.99426430459216331  1.00000000000000000
 -0.00242329419459427  0.01108487734326723  0.02249832171978874  0.03419746773576696
  0.04548455046366811  0.05697626981862018  0.06863732203321329  0.08036525249888891
  0.09249284736930855  0.10466720794293249  0.11583024591364033  0.12636268806416995
  0.13638005531683028  0.14663029771095934  0.15677498534246101  0.16725489523123693
  0.17830310202652991  0.18919573009836824  0.20032941675973354  0.21182694922341572
  0.22410667008215762  0.23616451367988656  0.24842973698513030  0.26097576235359349
  0.27327808030249950  0.28487897292594727  0.29630541696615059  0.30649932889194004
  0.31695623276986740  0.32693546442339338  0.33614772385263192  0.34545872841458986
  0.35489483329120491  0.36637730328884305  0.37823990943953761  0.38921468522992181
  0.39822310030716840  0.40672677189589723  0.41547812172527149  0.42510992778579171
  0.43607665232865434  0.44708562058451684  0.45795010981521039  0.46872868395740219
  0.47921569392555191  0.48962227777168477  0.49944130974318268  0.50944791031623493
  0.52011874293456950  0.53119779172491410  0.54232730123518591  0.55373524329869706
  0.56515078810746722  0.57695716464814317  0.58852609462232974  0.59972957037852159
  0.61073957086990649  0.62181008585850783  0.63254334010494695  0.64296697151617854
  0.65309745727040747  0.66403423589782817  0.67455697068225950  0.68529778791241380
  0.69632100984529921  0.70801601446611950  0.71914676844668834  0.72977302153652379
  0.73899731244051448  0.74791704704912443  0.75676478222650478  0.76582013972168406
  0.77567854838533568  0.78596699429215433  0.79681901328700599  0.80825582570684296
  0.81990493103342243  0.83162869531634354  0.84255600068564718  0.85270212476156004
  0.86194595781281114  0.87098044937769170  0.88027295168396325  0.88971616893319527
  0.89973781504071870  0.91049592429618287  0.92138770518529234  0.93098842394467518
  0.94000079075302800  0.94833641432199345  0.95640327978197248  0.96460311583155034
  0.97303288981534575  0.98150071218090040  0.99044969220481394  1.00000000000000000
 -0.00217163462413658  0.00948522726036444  0.01914468232566595  0.02872429455889896
  0.03848798976322802  0.04889446792106394  0.05998281194658038  0.07139009021357724
  0.08291168970881824  0.09430267106536928  0.10475788669209887  0.11413867716888285
  0.12345976239190039  0.13238161922638822  0.14201338808483824  0.15213398623133420
  0.16242645839522321  0.17329074928872468  0.18398971551663773  0.19447616780728771
  0.20485531989292008  0.21455197765204229  0.22352223166438273  0.23245654627958445
  0.24265085512081880  0.25375379958285865  0.26392246029904853  0.27383018097926154
  0.28377156625609307  0.29429993424067713  0.30441652581463680  0.31482087869950703
  0.32605650114927631  0.33737558611473717  0.34835716951817958  0.35888185334836936
  0.36864654088940996  0.37806789367428700  0.38783993438404668  0.39794424585067412
  0.40934449741379958  0.42233475141204496  0.43557905310694089  0.44795155453770719
  0.45898747610489538  0.46973092312524062  0.48048220160898081  0.49138753753017950
  0.50260445909965923  0.51453632402005167  0.52573262631638362  0.53576414106127812
  0.54553679056623794  0.55569785923124804  0.56596023920955807  0.57570127361687884
  0.58560646364891100  0.59579256898519606  0.60572619931084837  0.61520626969669856
  0.62509453961332906  0.63578779396562035  0.64657424640851413  0.65725808417122278
  0.66834813229667156  0.67963946690854349  0.69063540687732305  0.70129634923335527
  0.71167932374135390  0.72225286332161909  0.73245774945585373  0.74288428201239232
  0.75243625244611612  0.76268122598654475  0.77316227267556270  0.78415995493916735
  0.79579035162991796  0.80575804511833360  0.81562425377701109  0.82511321284716088
  0.83608500885743453  0.84828645717755169  0.86032016226124342  0.87100705873228668
  0.88122850640880923  0.89114917544901850  0.90092669720071483  0.91072353016342478
  0.92049399576888657  0.93024187775123812  0.94021619800815903  0.95095575842085989
  0.96288909769111752  0.97550421351999683  0.98797865662001894  1.00000000000000000
 -0.00007725442768718  0.00030188135965638  0.00060782544489820  0.00084661409016179
  0.00102289754433408  0.00118953292553080  0.00134751303236949  0.00149675695549308
  0.00164979546574533  0.00180704302412631  0.00196463284104219  0.00211635308114725
  0.00226225193809759  0.00240733861446531  0.00255235546979581  0.00270393396992641
  0.00285230506300858  0.00299947097260018  0.00315291549495554  0.00331194291887449
  0.00347567524251737  0.00365263591629997  0.00384052389935289  0.00403721153288699
  0.00423491198849646  0.00439398683691574  0.00453803905619136  0.00463779942698208
  0.00473755979777280  0.00483307026126677  0.00492544748666905  0.00501803381456969
  0.00511381126073748  0.00520958870690528  0.00539650705012362  0.00559843231193037
  0.00581089060852577  0.00602457915076904  0.00622710409762859  0.00641769249226780
  0.00659590374492277  0.00675801038733554  0.00690376858908864  0.00705835792742453
  0.00721525527333562  0.00736911559602170  0.00753551782233550  0.00767834959080126
  0.00783816035502089  0.00799667183491603  0.00818211712166684  0.00833871932752892
  0.00849264707415117  0.00865651998684668  0.00888380288362309  0.00912672070617819
  0.00939320567948533  0.00972888684510023  0.01010674833892887  0.01050728603507183
  0.01095633553315575  0.01117460397622671  0.01138421991279439  0.01159536492770077
  0.01183919535313516  0.01214410065240081  0.01243759875380875  0.01278976275474424
  0.01364486820154134  0.01429437543335021  0.01486414191883564  0.01540081991231522
  0.01591683452027077  0.01726548859405528  0.01804680638964641  0.01825505180118650
  0.01846337790936049  0.01867190129092782  0.01887117250080602  0.01905211272602336
  0.01931184340648408  0.01975353248806831  0.02018711446198241  0.02062044956440922
  0.02110240335079565  0.02199008597512390  0.02291375955445413  0.02413566065958431
  0.03025094578057509  0.03106645714837663  0.03195179260099303  0.03292058271547977
  0.03412427728865146  0.04278217761685437  0.09682094485040875  1.00000000000000000
 -0.00260195007063120  0.00938379760015018  0.01947227807956842  0.03045626111516039
  0.04113940868999091  0.05124865787706696  0.06082202243184900  0.07003454664857504
  0.07929330409675478  0.08927043533647043  0.09989761288115376  0.11091007835612052
  0.12288847150318988  0.13411842180544356  0.14593748126407496  0.15773663926211670
  0.17009943086553311  0.18255463854179851  0.19414193964849538  0.20340476152585010
  0.21185895272379446  0.21953660508750764  0.22894461680384817  0.23916025256036758
  0.24943662453809121  0.25873058469370885  0.26795253193678320  0.27860315462095830
  0.28883552788864175  0.29653582249846500  0.30394136834537244  0.31095217818971638
  0.31955497578467928  0.32918932856095862  0.33944858726385047  0.35015465074373459
  0.36045901614088727  0.37045835624356382  0.38081409405009015  0.39188544230385847
  0.40286562421162031  0.41344796521805138  0.42399827478990371  0.43387838306122706
  0.44453381212175458  0.45644068699500717  0.46997941750461120  0.48457240917230415
  0.49791896062463803  0.51035308908656618  0.52335877273582299  0.53585323420744924
  0.54766304911777997  0.55867485522591143  0.56839766014568083  0.57794250639789013
  0.58727854401482060  0.59689337874848847  0.60689523800946399  0.61695869499000366
  0.62718186966949852  0.63864957268292233  0.64983585717908943  0.65940692035742077
  0.66867303459454253  0.67801324871544655  0.68764466327750140  0.69841584050904881
  0.70933881767125406  0.71958718087145301  0.73027735150206818  0.74181702257737758
  0.75414454805347797  0.76542864548541123  0.77691126101437380  0.78860840768003504
  0.80015468171125814  0.81128263210464457  0.82177502462156615  0.83272283476556397
  0.84342615074690164  0.85410657911921750  0.86475810744347803  0.87598211141801208
  0.88748704369685738  0.89819300467324559  0.90773622015765576  0.91713133943709757
  0.92659627118439569  0.93596391474130169  0.94558518695166960  0.95526529886073241
  0.96675897965614099  0.97849018796479403  0.98971207167094555  1.00000000000000000
  0.51392873827282226  0.57357043704973221  0.58902587775037574  0.59967305845944019
  0.60803380726046563  0.61602165338114978  0.62447792970943317  0.63398414265087433
  0.64424582479875070  0.65282356896125260  0.65964002402878741  0.66588485520742058
  0.67160226097812636  0.67751059005019987  0.68391173776535297  0.69028317686611018
  0.69619411274634391  0.70198794753956162  0.70739160800095369  0.71267508222221954
  0.71797661245205924  0.72357735587325689  0.72912366147850982  0.73448377267905340
  0.73973036231503475  0.74527323926390665  0.75095036056319453  0.75653520281296716
  0.76226438198651703  0.76785689276465052  0.77292722276403703  0.77696469456577355
  0.78123259949408763  0.78544995958948560  0.79009406856411080  0.79479278782238827
  0.79952736484653664  0.80428279167165651  0.80888637975764377  0.81326935527677291
  0.81720169549106469  0.82110093124641126  0.82510677946966526  0.82926298226231032
  0.83330294835006102  0.83743366065167824  0.84171633186500883  0.84603642118955302
  0.85024209778500615  0.85433913237673120  0.85826467080296165  0.86213455446667397
  0.86590221853662463  0.86963467879144718  0.87304432454790037  0.87647428772288882
  0.88000385926356239  0.88368176342653437  0.88740546300223933  0.89103522501293297
  0.89460583414829153  0.89817996786105758  0.90170297187165893  0.90503964667561487
  0.90815358387602485  0.91115911247353598  0.91419053077053125  0.91734614473165688
  0.92061673780815456  0.92372807855750916  0.92671491483243507  0.92960284538360527
  0.93247175285423711  0.93563756960083233  0.93882021812320104  0.94197217733185845
  0.94520727245572522  0.94849131821052479  0.95177089306570506  0.95485952496950544
  0.95772755485369376  0.96046647954509989  0.96315577464977853  0.96592582164037832
  0.96851771597690139  0.97107002057341685  0.97357531316963786  0.97612783210414711
  0.97885030740387180  0.98176450095901813  0.98463687967604596  0.98731038999938314
  0.98998113880750738  0.99261203240009510  0.99608199668067254  1.00000000000000000
  0.01681306195978369  0.14297666845762022  0.18827857116746929  0.21913177751401541
  0.24411756178051530  0.26581223750273641  0.28621696282735493  0.30392642436963907
  0.32061029401727348  0.33625370395234100  0.35021683483836324  0.36363005603221449
  0.37635363316152476  0.38804276298704987  0.39902370491846956  0.40935354124411655
  0.41904218095981827  0.42804083805409870  0.43674869175014858  0.44556032545364943
  0.45416422089002950  0.46231177539475560  0.47031595273061555  0.47853032591293704
  0.48685457990455733  0.49496343379608720  0.50266103182400812  0.51032400700953051
  0.51795547401133946  0.52519614488234145  0.53158556105406218  0.53774381817438355
  0.54379571495420986  0.54987927417950866  0.55630264778991012  0.56264108438734051
  0.56867225089746765  0.57436086063079361  0.57979510003629653  0.58556713171791941
  0.59157100775002791  0.59800481184086862  0.60433642195155024  0.61027124894883733
  0.61586819918410474  0.62166986155342596  0.62749280856691214  0.63228162411030830
  0.63669085853331309  0.64094019086858156  0.64528783574436610  0.65004863925818734
  0.65510191808503238  0.66024090073648145  0.66555003184922157  0.67135896103872161
  0.67692917951117570  0.68229571864135463  0.68733876126685833  0.69211122552385851
  0.69692502707149750  0.70214406049067257  0.70763035452587963  0.71355988727655084
  0.71944824733009483  0.72552501455548135  0.73118033692421036  0.73627605128413176
  0.74111013008029358  0.74574564741032501  0.75030843247351564  0.75477756612422009
  0.75897573850720479  0.76311164725539826  0.76745274875528746  0.77223051945714338
  0.77734395312101778  0.78219549671065858  0.78694160605328656  0.79153569269600332
  0.79696814514964998  0.80304628593892802  0.80921264361953948  0.81591901194049110
  0.82392639765821152  0.83199245319246795  0.83956873602032733  0.84626169667051732
  0.85289412226332662  0.85813951192484061  0.86405563183858425  0.86992675404012698
  0.87761341607188004  0.90033111772785768  0.96815171943275480  1.00000000000000000
   1.0311596920081345E-005  -1.0000000000000000     
 F F F F F F F F F F F F F F F F F F F F F F F F F F F F F F F F F F F F F F F F F F F F F F F F F F F F F F F F F F F F F F F F F F F F F F F F F F F F F F F F F F F F F F F F F F F F F F F F F F F F F F F F F F F F F F F F F F F F F F F F F F F F F F F F F F F F F F F F F F F F F F F F F F F F F F F F F F F F F F F F F F F F F F F F F F F F F F F F F F F F F F F F F F F F F F F F F F F F F F F F F F F F F F F F F F F F F F F F F F F F F F F F F F F F F F F F F F F F F F F F F F F F F F F F F F F F F F F F
  <DiscreteSampler_grid>
  grouped_processes
  1 # 1 for a reference and 2 for a running grid.
  10 # Attribute 'min_bin_probing_points' of the grid.
  1 # Attribute 'grid_mode' of the grid. 1=='default',2=='initialization'
  0.0000000000000000 # Attribute 'small_contrib_threshold' of the grid.
  0.5000000000000000 # Attribute 'damping_power' of the grid.
 # binID   n_entries weight   weight_sqr   abs_weight
    10   10   4.604710521134048E+001   9.160766276423874E+003   4.604710521134048E+001
    11   10   4.604710521134047E+001   9.160766276423863E+003   4.604710521134047E+001
    16   10   4.604710521134048E+001   9.160766276423872E+003   4.604710521134048E+001
    17   10   4.604710521134048E+001   9.160766276423863E+003   4.604710521134048E+001
  </DiscreteSampler_grid>
