  0.00000213914080943  0.00000220978648631  0.00000228651382036  0.00000237354652947
  0.00000245768264531  0.00000256302186236  0.00000266964296278  0.00000276621369404
  0.00000287811429476  0.00000299329992718  0.00000311849021192  0.00000324613697005
  0.00000336318846607  0.00000347351736599  0.00000358302901868  0.00000369768241159
  0.00000386237390550  0.00000403585135332  0.00000421318138121  0.00000439706853499
  0.00000460307857823  0.00000481844946998  0.00000502810796041  0.00000527207428031
  0.00000552790016736  0.00000578633764235  0.00000604416306294  0.00000629647486358
  0.00000654146610445  0.00000679460200058  0.00000708166815665  0.00000740066277785
  0.00000774726520677  0.00000811265973510  0.00000849485687110  0.00000888251705097
  0.00000926083223822  0.00000964810430308  0.00001004704535266  0.00001045207211349
  0.00001086075033520  0.00001128824706871  0.00001176279622965  0.00001227338739672
  0.00001287680542661  0.00001352411958601  0.00001423946507502  0.00001500475795940
  0.00001580369376975  0.00001661444968191  0.00001743539728886  0.00001837567344294
  0.00001934336756236  0.00002039471756534  0.00002152939428216  0.00002264587303353
  0.00002399219803368  0.00002550150396241  0.00002719608303144  0.00002901610288575
  0.00003086920864942  0.00003278825946384  0.00003485224230854  0.00003707012965840
  0.00003938034499302  0.00004186680947025  0.00004470116146254  0.00004818074402506
  0.00005177505548226  0.00005550925876205  0.00005961664113468  0.00006433477669929
  0.00006952156956339  0.00007500875643542  0.00008113115508667  0.00008840751604805
  0.00009711903523492  0.00010745235833568  0.00011966447274792  0.00013245556046296
  0.00014578516058038  0.00016028120658542  0.00017901396830469  0.00020305371531664
  0.00023481649039635  0.00028151223442647  0.00033875805849938  0.00040949063804316
  0.00051796548443412  0.00067292479894731  0.00084123278088127  0.00119862574340637
  0.00192810302244049  0.00357998038977866  0.09047980203253336  1.00000000000000000
  0.00294080705216786  0.01349223882243935  0.02514190086059557  0.03755543877977913
  0.04903434199416670  0.05918333544731532  0.06895557760606350  0.07932415704795119
  0.09014738512071875  0.10097163570316733  0.11199751768983215  0.12390512426530749
  0.13559012922514077  0.14705606080925218  0.15915697606864856  0.17119331629081588
  0.18225438471819377  0.19252269406124942  0.20300856653739460  0.21358917978628994
  0.22393404166180028  0.23427479855501482  0.24511435585980115  0.25606385834492473
  0.26642582084334948  0.27624135563454894  0.28623842357792356  0.29762771519705750
  0.30866878189441843  0.31822674598816786  0.32767488088435792  0.33808242919155507
  0.34993821411926862  0.36199282226940083  0.37328833289395918  0.38365006638829985
  0.39338472057266988  0.40271163304190649  0.41258178600429890  0.42297728730907153
  0.43458017255660608  0.44456511075357780  0.45461589979217609  0.46478122255892229
  0.47508235074083111  0.48340741482279609  0.49139058729960666  0.49951940942828876
  0.50962152821884898  0.52059486455089832  0.53120499100572216  0.54102916855649941
  0.55062252528278810  0.56076847517055706  0.57135183724621186  0.58268193963360226
  0.59391562108655183  0.60425969572164395  0.61425043157452330  0.62457097701102826
  0.63549243185925008  0.64664485613974954  0.65811504103129581  0.66959514748077442
  0.68105358044116782  0.69237675410713795  0.70250987349821026  0.71176870014419713
  0.72061911762206987  0.73014427490018075  0.74029222323257848  0.75003591618454879
  0.76001702458684217  0.77006614856832301  0.77998082360067489  0.78917271146983736
  0.79818677196995702  0.80813304577607881  0.81822074525237110  0.82826014135482695
  0.83846550064538261  0.85022370657521873  0.86107501613309922  0.87127944622562092
  0.88156564916957392  0.89244023032193165  0.90357114939753846  0.91380807765976413
  0.92381696635052624  0.93412708949732359  0.94494280677075826  0.95598588911619287
  0.96676290737261783  0.97750152183130434  0.98867230735296230  1.00000000000000000
  0.00005319836651022  0.00006885338296093  0.00007391935699099  0.00007825916952598
  0.00008257959125729  0.00008731559451188  0.00009329401374123  0.00009895484991856
  0.00010429880761733  0.00010970242388358  0.00011553479253727  0.00012181653996021
  0.00012821260780330  0.00013431930475174  0.00014057820337795  0.00014724765795774
  0.00015430335809846  0.00016158788973021  0.00016908315152453  0.00017677291583908
  0.00018464624333437  0.00019260979982528  0.00020053207209990  0.00020858625489617
  0.00021674076202784  0.00022503509895953  0.00023409939586928  0.00024366533240229
  0.00025384303815429  0.00026487968244621  0.00027640327869316  0.00028866090933684
  0.00030195848464144  0.00031643591781940  0.00033100560971500  0.00034538567773473
  0.00035972322844077  0.00037451611085852  0.00039015607585121  0.00040602605883657
  0.00042358707355672  0.00044400358001388  0.00046572788165626  0.00048831437112348
  0.00051215374657395  0.00053765837868909  0.00056532185554688  0.00059550282927307
  0.00062448767620295  0.00065582927829632  0.00068830236277285  0.00072365722288658
  0.00076125528386016  0.00079942264669513  0.00083653991620283  0.00087321967352713
  0.00091203897431766  0.00095011022208780  0.00099167559395240  0.00102771288605910
  0.00106491070767468  0.00110454394018917  0.00115029130727828  0.00121071771866677
  0.00127208509819161  0.00134991632658213  0.00143413917904743  0.00152681106952275
  0.00164056384863593  0.00176082395699284  0.00187118440334912  0.00196753424608037
  0.00206885834926337  0.00217793232448777  0.00229669367520741  0.00244107107197766
  0.00259472599528157  0.00275063957089597  0.00295039918443753  0.00315703921455180
  0.00341360453894583  0.00370779946143763  0.00403309250685418  0.00437175375729186
  0.00474852255606826  0.00504778298270880  0.00537425060223378  0.00573165379334032
  0.00638320000120353  0.00731397292820120  0.00828875392925472  0.00970507912712968
  0.01233984752689146  0.01810846226477465  0.16354627643234082  1.00000000000000000
  0.00000263244750658  0.00000267702193636  0.00000272472095520  0.00000282094372279
  0.00000291744634239  0.00000301856247329  0.00000312255555205  0.00000323416135663
  0.00000335216492276  0.00000348375697292  0.00000362765635930  0.00000377108190719
  0.00000390522211193  0.00000403657394941  0.00000417648164241  0.00000432137703969
  0.00000448029858038  0.00000465552180202  0.00000484056475102  0.00000505362574268
  0.00000529608870985  0.00000554960728954  0.00000580889993096  0.00000609298516321
  0.00000641797674281  0.00000676139251935  0.00000710294671616  0.00000747521609148
  0.00000786727675960  0.00000831238356691  0.00000878165122736  0.00000926561624794
  0.00000977707871443  0.00001032151884618  0.00001089341399764  0.00001157645588556
  0.00001233603169766  0.00001312965266785  0.00001398338372635  0.00001493437603190
  0.00001600746177997  0.00001719377957291  0.00001837030477955  0.00001959338661772
  0.00002097609056112  0.00002253919754308  0.00002424911941565  0.00002603128858105
  0.00002809415028606  0.00003048017918118  0.00003318057523782  0.00003627980713116
  0.00003963845629339  0.00004337690839267  0.00004713066391653  0.00005149034249259
  0.00005632285337422  0.00006195445926421  0.00006797974519549  0.00007545143401443
  0.00008419566518468  0.00009396846698970  0.00010438361829556  0.00011500641609071
  0.00012608478767068  0.00013817399926582  0.00015188172666414  0.00016788801829007
  0.00018678505787083  0.00020794300817562  0.00023105112603866  0.00025775765434537
  0.00028858651995305  0.00032273219911990  0.00036178561669553  0.00040584223973510
  0.00045644313149283  0.00051532665075156  0.00058880113961242  0.00065955932976764
  0.00073744041775121  0.00082907076448363  0.00095388983968324  0.00112776268739326
  0.00133097490380468  0.00155130276002310  0.00177085089395418  0.00203204374101628
  0.00247803507457375  0.00329176490110158  0.00404123723051560  0.00470911459415495
  0.00571570265126265  0.00809748092218599  0.13248274793544546  1.00000000000000000
 -0.00202559033791366  0.00868504592335190  0.01937153742025351  0.03033880844512363
  0.04312329624218349  0.05652673645672829  0.06939335880053850  0.08238314867491521
  0.09472219457788471  0.10696331051173130  0.11905123481043926  0.13183727010507906
  0.14433395489905473  0.15721218834707237  0.16893333173073097  0.18026218027128818
  0.19316552456377403  0.20642032043384717  0.21864297659091500  0.23022801834462459
  0.24251130477260274  0.25600771029070069  0.27010620741126362  0.28348367394410540
  0.29684605689782151  0.31027476954202782  0.32189133807621673  0.33326994504016866
  0.34456833057811009  0.35691977308798217  0.37081645516423678  0.38451161512506105
  0.39702767068719819  0.40878894876412147  0.41997062441968808  0.43171530202632807
  0.44419681640894604  0.45654693698489685  0.46884301175923560  0.48164233563447073
  0.49451037900516459  0.50630172881643909  0.51693902902951494  0.52715585548222155
  0.53746569559147950  0.54846478000149979  0.55992816902353171  0.57159781869409221
  0.58323050237546037  0.59502123906339666  0.60659983093142489  0.61780865298093124
  0.62873860034327367  0.63982871060082847  0.65063166206442669  0.66078836007593478
  0.67062055738489401  0.68085495538817198  0.69142583500462096  0.70190289038068920
  0.71156511267965639  0.72114884402637314  0.73134019176934228  0.74196131367229157
  0.75208449867962346  0.76167022383975969  0.77211276665067452  0.78322536640841189
  0.79340194719737189  0.80218042684689872  0.81079822590303119  0.82014094339354071
  0.82950590488110276  0.83809193968504736  0.84591960476410644  0.85354898328096762
  0.86145364775190192  0.87002154416334010  0.87884390916718791  0.88756368384085760
  0.89602768320309190  0.90456124045122688  0.91274225063109393  0.92057732229799571
  0.92825049765344769  0.93545239154961179  0.94264215349269653  0.94943875269972056
  0.95637546103582782  0.96293578322111628  0.96925343301127742  0.97558772934949745
  0.98188222385494472  0.98794511282793884  0.99403289494113978  1.00000000000000000
 -0.00220779771883737  0.01051995174316191  0.01988798263614466  0.03014032071650368
  0.04006736019986269  0.05140463346008724  0.06210467614029458  0.07386670212421063
  0.08528887966766491  0.09698962803421145  0.10858828245938425  0.11971043355033449
  0.13114443093321826  0.14243296065967256  0.15281552374996291  0.16238405672299744
  0.17218330851859417  0.18279108585356102  0.19455850428903193  0.20731638719431539
  0.21982669427533033  0.23167512614363309  0.24364857494785497  0.25486326995845865
  0.26525196447231159  0.27520951592744924  0.28512504134461381  0.29519913594314051
  0.30538293974004438  0.31582020640897046  0.32646380013180037  0.33702834478255322
  0.34705873068667425  0.35702893232304628  0.36689195835584343  0.37747238256566096
  0.38878224528347283  0.40032881494549816  0.41182233530843032  0.42296627219832855
  0.43351419347886805  0.44353590672703125  0.45326184998238378  0.46349922802546595
  0.47339326397698517  0.48371724598282423  0.49461044957131794  0.50562439961319872
  0.51691546999748061  0.52829219224165425  0.54013520648296665  0.55260217352970198
  0.56413127215113867  0.57423126570385075  0.58432507180871096  0.59384156612662120
  0.60408766761351840  0.61410373371746740  0.62394201108285796  0.63362989765591260
  0.64299928257981032  0.65226925217739495  0.66128897389591046  0.66999678629934045
  0.67883022279206962  0.68901790518928685  0.70109974147856713  0.71297489499653477
  0.72324121456952728  0.73398773133349260  0.74503502050864723  0.75597921563687021
  0.76635938942402060  0.77625013351792604  0.78628060218396512  0.79583105621505046
  0.80550340391023612  0.81468362534763594  0.82496698097996046  0.83553050146998864
  0.84646737099745983  0.85794123988118909  0.86897736716009621  0.87948536280277823
  0.88975805647901407  0.90042481524552920  0.91063547412150836  0.92001661479062635
  0.92916883560857944  0.93943507909699520  0.95017366722265906  0.96019588564913894
  0.96932529633217102  0.97907651941807128  0.98925965756933232  1.00000000000000000
 -0.00144061491426130  0.00766488650849020  0.01536498824598775  0.02299812210883865
  0.03103360423097346  0.03941508175480585  0.04880947268411759  0.05778827137380758
  0.06594193894631736  0.07373738268576151  0.08228259852388850  0.09122731944151725
  0.10047123309821114  0.10930841270238408  0.11821176253213631  0.12718454291761877
  0.13653339258670344  0.14548042285918256  0.15405308916388352  0.16231573786561962
  0.17087163414572640  0.18010230049062137  0.18959899467838467  0.19880673874270088
  0.20747971187062164  0.21614877921012635  0.22516831191747741  0.23501692335908275
  0.24635587862944511  0.25723637352522294  0.26816330977041131  0.27884236261985273
  0.28883277515332090  0.29846229503004251  0.30857238584662183  0.31933185808415787
  0.33059518269820770  0.34196161921862089  0.35346662836817427  0.36430198304091749
  0.37458260624222711  0.38463710445867982  0.39472860862419673  0.40486316719016341
  0.41525832607864172  0.42621778721531606  0.43710796166111698  0.44717777032852540
  0.45658736825064344  0.46532846738668160  0.47415003912560366  0.48316841075494116
  0.49241806957058942  0.50187409590246934  0.51153484896658097  0.52173873943407445
  0.53247790936967065  0.54305779953101241  0.55333546742982298  0.56325280830338365
  0.57315358567742047  0.58376179201762590  0.59462949330098336  0.60490938562094920
  0.61458164204933985  0.62507260660228925  0.63683225092527207  0.64922278404758260
  0.66134204594123469  0.67279273018004571  0.68438986497051901  0.69710767802175788
  0.71058296701459922  0.72347882242573025  0.73528222094645168  0.74672996598136709
  0.75795460685684657  0.76971915305754457  0.78198706692355202  0.79432535792987724
  0.80654991913568241  0.81882104671554212  0.83101614590524153  0.84402128699481482
  0.85679006620334330  0.86899789238411973  0.88167105322020978  0.89379630201651261
  0.90453440926361439  0.91462964481293252  0.92644686249054753  0.94030373667455203
  0.95562551996503931  0.97137711421468664  0.98621709693245807  1.00000000000000000
 -0.00287365788033307  0.01089359125869070  0.02111402324253561  0.03191417762875270
  0.04328170001594662  0.05488017171224518  0.06621208460121944  0.07739783386591428
  0.08862385533727356  0.09872253041036332  0.10799922557421940  0.11705262596016960
  0.12746065377416244  0.13838508188951915  0.15094757408681825  0.16304931804701320
  0.17492449737029828  0.18700184805500308  0.19956021190347034  0.21292462817033470
  0.22531660847111823  0.23601602130236457  0.24530610412686046  0.25389647240901109
  0.26243439684571884  0.27126164191593116  0.28033597218580392  0.28985314477053409
  0.29945494518711607  0.30955940949548622  0.31965721749832871  0.33016544443504942
  0.34095708133838654  0.35245850502589282  0.36474471724077512  0.37777764404412645
  0.39123137603451164  0.40320494550482627  0.41379619626978437  0.42432893804900296
  0.43551486461178096  0.44667272197812080  0.45785100954474062  0.46827775389160425
  0.47865569160903848  0.48906838776907263  0.49997492387597375  0.51012989525665864
  0.51943252523380368  0.52871491755850697  0.53855104739321147  0.55014040231668837
  0.56135651805935760  0.57124412325457785  0.58103195952055442  0.59011504987632524
  0.59912781434893470  0.60845655696245193  0.61872178225940799  0.62981270189800542
  0.64116570916231319  0.65270819916265155  0.66450966066374195  0.67566328895755323
  0.68708742158393843  0.69839200816997571  0.70958987944587537  0.72000087732187745
  0.73146313370640170  0.74374385765452278  0.75461117097258246  0.76410991470706568
  0.77337563559305933  0.78377864213039550  0.79362758889797425  0.80392031618499349
  0.81308967151373490  0.82352485063078062  0.83345276370550059  0.84289686612482639
  0.85216421807032083  0.86168471247839518  0.87092152674024392  0.88074266804549695
  0.89018489744853679  0.90025604999831454  0.91065256312665521  0.92103257036024488
  0.93124908079867319  0.94155344462344481  0.95170739806775129  0.96162228927319426
  0.97103829051107848  0.98034820805659784  0.98993471275529943  1.00000000000000000
 -0.00232282095167401  0.00958776819159768  0.01939336367830834  0.02810395290224511
  0.03554302579135032  0.04209888315078284  0.04877364035565730  0.05570570153672216
  0.06365486883613676  0.07131523397963382  0.07869470106690850  0.08597619635950710
  0.09413768589826660  0.10216937457303335  0.11007773730679790  0.11814543316193538
  0.12600083850120455  0.13321478664278216  0.14032622135345779  0.14732268756369918
  0.15524857481067283  0.16357133386183104  0.17165924945281527  0.17978610881185189
  0.18810720958912003  0.19674877856980502  0.20559535019401953  0.21428258847058726
  0.22262968202310379  0.23081368765574697  0.23923759281568860  0.24789917750300802
  0.25761751256328025  0.26738628549159138  0.27777424025899983  0.28856920061221114
  0.30008885027313736  0.31163154365238888  0.32292767894093899  0.33407008150827433
  0.34512287772339756  0.35673650709724330  0.36897563776286668  0.38047781848592366
  0.39148801792668703  0.40156558413751409  0.41176880255396320  0.42292359719180450
  0.43443406154649178  0.44468710829892977  0.45413857691250581  0.46387328760907376
  0.47505779459018932  0.48597472629466537  0.49804116819199529  0.51041765189171540
  0.52258842815339224  0.53421255953498770  0.54614525186732044  0.55908642998177227
  0.57164354781084226  0.58362616222434538  0.59514925958383369  0.60630328465965366
  0.61722799614519008  0.62818052917838141  0.63902142714780374  0.65053465656398690
  0.66221700598671895  0.67352754393322645  0.68472379382688731  0.69677336883564267
  0.70922233220737674  0.72054687125043282  0.73149891800062217  0.74288075069806858
  0.75625009402328625  0.76998527371762227  0.78222105203275172  0.79377368444830432
  0.80500810998686623  0.81707317782373434  0.82865688129385928  0.84028372476631619
  0.85123615347983284  0.86259021525824886  0.87515710680885417  0.88937757339199885
  0.90363219251931226  0.91707004072576381  0.93015806698056513  0.94369365197360666
  0.95743967453836631  0.97206105085890182  0.98579027583394352  1.00000000000000000
 -0.00316306859675957  0.01247903593172327  0.02462293289768685  0.03352077666234173
  0.04191885427622531  0.04986489113439936  0.05809561538586626  0.06695578290008129
  0.07674522985493845  0.08769928652165064  0.09993638323162882  0.11254868381629543
  0.12449039189409102  0.13480092973779159  0.14536984284306292  0.15555193038815548
  0.16606681679615815  0.17665334223666507  0.18770381196444649  0.19804421331612646
  0.20796404505868207  0.21754330680296310  0.22758719258113452  0.23798259738376967
  0.24838960358425097  0.26007704393808295  0.27184790237785827  0.28265541727187843
  0.29309401308847460  0.30338622162094098  0.31449635643412660  0.32529972581646727
  0.33526548157740860  0.34560267764608232  0.35586645257157357  0.36675196978878061
  0.37853585933629619  0.38997009334782856  0.39989689852312771  0.40899843291058169
  0.41854946558334793  0.42936355675889365  0.44017575106884932  0.45087486801885673
  0.46166930433787290  0.47285265669711379  0.48301246327618863  0.49270248249018328
  0.50264775578147680  0.51377868320635156  0.52537528228295416  0.53643767983360813
  0.54658415324614806  0.55602531343605044  0.56572427897074673  0.57534437165452268
  0.58515342372718049  0.59533607069597350  0.60615950272379171  0.61662195502448069
  0.62663349927942524  0.63562096734805551  0.64453843580889170  0.65354227301478229
  0.66251270874386492  0.67196651301082333  0.68181110871716100  0.69335938987074075
  0.70512507342592112  0.71657987489640218  0.72788301185950921  0.73916877456097085
  0.75053637366750037  0.76131181751757071  0.77230462790126764  0.78308870045374668
  0.79371901252050892  0.80454785503961468  0.81532820841301590  0.82595035866004629
  0.83637130691171457  0.84642143659632230  0.85577706556370237  0.86503867866474937
  0.87444183944289666  0.88420129156267169  0.89541023657619856  0.90589204264771894
  0.91633416193437067  0.92669562053577925  0.93780211052237050  0.95001445945426466
  0.96239255014050185  0.97417943100103876  0.98711658293035920  1.00000000000000000
 -0.00261929360374705  0.01126077981864004  0.02325482712641438  0.03567940406744048
  0.04656757677041534  0.05696731178215414  0.06739608560255632  0.07816320865768328
  0.08954856421079409  0.10132824563873219  0.11332635557280547  0.12442391221648318
  0.13446665046723433  0.14468893516623102  0.15560416178294761  0.16800837785011496
  0.18121287061802466  0.19270442395405740  0.20355439438188672  0.21501070054522511
  0.22686615475347519  0.23847252665127180  0.25018293647763518  0.26086318148400195
  0.27059980939413264  0.28002722806756031  0.28915362439687414  0.29775938473982327
  0.30629956791696661  0.31542379039685758  0.32542150926102814  0.33640822840150342
  0.34789248234356401  0.35990074973115310  0.37245255078850997  0.38447850459557664
  0.39544742880877859  0.40572358686381915  0.41503469912320445  0.42587345746276312
  0.43698436869169044  0.44772209662213092  0.45705524483292609  0.46593614088692925
  0.47485965803173724  0.48390975920832408  0.49226073853232089  0.50060411280267036
  0.51002472259925247  0.51973853899897626  0.52978245556530912  0.53937059531382026
  0.54907490574222217  0.55879990055814033  0.56828296201068684  0.57873534305284124
  0.59057328431679545  0.60201591111265751  0.61246810009466779  0.62260077669782710
  0.63348536345039264  0.64522802774097465  0.65727990323102869  0.66881095840250016
  0.67979986731854014  0.69084118311632470  0.70171838554945165  0.71247316951936646
  0.72160966311751140  0.73068094741936185  0.73969833694062792  0.74947050470908139
  0.75794583692906670  0.76656342982851489  0.77466825864832478  0.78357417901749293
  0.79349413019037229  0.80421915979071301  0.81601428525841602  0.82846849352755014
  0.84021132617270800  0.85121972737725848  0.86109067491160973  0.87108561894251901
  0.88321670634888638  0.89606188817476873  0.90800881909541353  0.91989580450306396
  0.93111059496699533  0.94201632474774455  0.95255741712039788  0.96234528810174991
  0.97206418141941342  0.98131420923012069  0.99071788739898770  1.00000000000000000
  0.50456538832897846  0.56871742867989505  0.58888721768449792  0.60426969182980572
  0.61599507792086317  0.62843470895805220  0.63962128049702638  0.65017210268042180
  0.65929553452448231  0.66841226471251647  0.67780743621108475  0.68676679094401172
  0.69375939460715830  0.70035053289947702  0.70776815779793190  0.71648145008698627
  0.72476892600961673  0.73187283228426125  0.73867699268716158  0.74512237046706986
  0.75152900174541626  0.75763051906062895  0.76407573851692179  0.77082233416307511
  0.77741893379219229  0.78381378697334447  0.78999951267453861  0.79572188814608769
  0.80097683428407196  0.80614959780538542  0.81130295772382932  0.81610251087508756
  0.82044657630240414  0.82465761141520588  0.82885131994404881  0.83302936861949584
  0.83701735599483751  0.84101275183639568  0.84522588122008480  0.84960254028201376
  0.85392610829054516  0.85788157558889200  0.86154908624327164  0.86533139623257560
  0.86904980964020651  0.87260846366390976  0.87582610647399872  0.87884596349170074
  0.88208784135883866  0.88508463129089110  0.88801493865594250  0.89097039110505538
  0.89384160353830011  0.89717268911329195  0.90044233779225114  0.90360898174410287
  0.90664372522748560  0.90961631895371242  0.91241102913908567  0.91506402578937307
  0.91767342643342154  0.92020038532687565  0.92279546767971565  0.92544234558912830
  0.92810640996873395  0.93074220717494616  0.93325928645349876  0.93564305989137253
  0.93797901199926126  0.94043305070665295  0.94292470059790756  0.94537415574300043
  0.94778066894210644  0.94999633837379371  0.95214813859752989  0.95426034334998044
  0.95631496754397038  0.95838200587635891  0.96063492022634167  0.96294467085736579
  0.96523940249931539  0.96753363404813797  0.96984213628623583  0.97219170079085215
  0.97447618410410219  0.97680601485880392  0.97917305124188514  0.98151754927628898
  0.98367465454234315  0.98587823683355225  0.98806029475593404  0.99016071654697912
  0.99231461935209253  0.99471442969638646  0.99731193442058752  1.00000000000000000
 -0.02822634058175308  0.18631258426207331  0.20921772345675826  0.23356081720558330
  0.25326742061848090  0.26992983322129155  0.28344618972827690  0.29607027899277755
  0.30693854967311662  0.31738266804766235  0.32647622311543806  0.33562596484369289
  0.34417297759718024  0.35256007271919809  0.36107857149397210  0.36958533847722114
  0.37821860839266813  0.38618424049185890  0.39374594046461536  0.40136449185317624
  0.40898852756532161  0.41606557685789436  0.42307056815161986  0.42985014099419683
  0.43646795529787241  0.44286192302621946  0.44914512470687129  0.45560242072290091
  0.46223950876033415  0.46864712417123117  0.47503686374896470  0.48126734127735515
  0.48735903499979166  0.49309700217151281  0.49845814443677738  0.50342611957456995
  0.50788861751195169  0.51261839788535279  0.51753252423848406  0.52241844093036882
  0.52742216892654070  0.53200147994317126  0.53649145883199389  0.54085380512996017
  0.54534240861716321  0.54996230963382109  0.55470803854131212  0.55940065735515920
  0.56395498276844780  0.56863677723125172  0.57326478961348515  0.57817289486772239
  0.58321556937999142  0.58846625582180279  0.59395761340448028  0.59948765766752021
  0.60463873198952167  0.60987364957853707  0.61494683273445883  0.62022650019287484
  0.62538802752197997  0.63044237363375277  0.63544185805226949  0.64043015772710443
  0.64539799690785726  0.65047248942906666  0.65535575365931253  0.66020240603536473
  0.66503653949139307  0.66978112454159111  0.67431177780790330  0.67889985977882006
  0.68324696759692882  0.68758125202753340  0.69222505814085422  0.69737419821213831
  0.70330065404794884  0.70916544632487422  0.71475667944382548  0.72012392345053400
  0.72575110472941262  0.73199134954931411  0.73859649377180037  0.74553346668048981
  0.75274072009293203  0.76058326357828610  0.76883163208443173  0.77737301761855759
  0.78637382417844648  0.79618587912436367  0.80575931863541439  0.81564680056979499
  0.82768412732554342  0.84349399704585870  0.86090849894545218  1.00000000000000000
   2.1854632953266295E-005  -1.0000000000000000     
 F F F F F F F F F F F F F F F F F F F F F F F F F F F F F F F F F F F F F F F F F F F F F F F F F F F F F F F F F F F F F F F F F F F F F F F F F F F F F F F F F F F F F F F F F F F F F F F F F F F F F F F F F F F F F F F F F F F F F F F F F F F F F F F F F F F F F F F F F F F F F F F F F F F F F F F F F F F F F F F F F F F F F F F F F F F F F F F F F F F F F F F F F F F F F F F F F F F F F F F F F F F F F F F F F F F F F F F F F F F F F F F F F F F F F F F F F F F F F F F F F F F F F F F F F F F F F F F F
  <DiscreteSampler_grid>
  grouped_processes
  1 # 1 for a reference and 2 for a running grid.
  10 # Attribute 'min_bin_probing_points' of the grid.
  1 # Attribute 'grid_mode' of the grid. 1=='default',2=='initialization'
  0.0000000000000000 # Attribute 'small_contrib_threshold' of the grid.
  0.5000000000000000 # Attribute 'damping_power' of the grid.
 # binID   n_entries weight   weight_sqr   abs_weight
    70   10   9.928512109875912E-001   3.929247970916189E+000   9.928512109875912E-001
    73   10   9.311607433135789E-001   3.176331786299646E+000   9.311607433135789E-001
    74   10   9.311607433135777E-001   3.176331786299632E+000   9.311607433135777E-001
    76   10   1.295514338958256E+000   6.692274360564525E+000   1.295514338958256E+000
    77   10   1.295514338958255E+000   6.692274360564507E+000   1.295514338958255E+000
    85   10   9.601392469649681E-001   3.384492508641556E+000   9.601392469649681E-001
    86   10   9.601392469649668E-001   3.384492508641542E+000   9.601392469649668E-001
    88   10   9.543665335800859E-001   3.383898545283639E+000   9.543665335800859E-001
    89   10   9.543665335800844E-001   3.383898545283626E+000   9.543665335800844E-001
    100   10   4.845012191596865E-001   6.807856411273758E-001   4.845012191596865E-001
    101   10   4.845012191596861E-001   6.807856411273745E-001   4.845012191596861E-001
    142   10   1.026386921025678E+000   3.119272279760629E+000   1.026386921025678E+000
    148   10   9.962833894562360E-001   2.957933513857214E+000   9.962833894562360E-001
    149   10   9.962833894562353E-001   2.957933513857209E+000   9.962833894562353E-001
    151   10   4.845012191596865E-001   6.807856411273756E-001   4.845012191596865E-001
    152   10   4.845012191596861E-001   6.807856411273745E-001   4.845012191596861E-001
  </DiscreteSampler_grid>
