  0.00000204531169996  0.00000217475817722  0.00000232625627384  0.00000244045412704
  0.00000255032284797  0.00000265898165888  0.00000277606475036  0.00000290296094160
  0.00000304361289031  0.00000319826571518  0.00000336088314763  0.00000351994122222
  0.00000364520882131  0.00000377004668198  0.00000390745748506  0.00000405671183929
  0.00000420127441987  0.00000433933930763  0.00000453179397548  0.00000472210395690
  0.00000492152412614  0.00000512844244245  0.00000534506158132  0.00000558928561541
  0.00000582824020551  0.00000606806787854  0.00000634336213198  0.00000663947297362
  0.00000687574678663  0.00000713648641874  0.00000740568726634  0.00000768587166092
  0.00000798888505738  0.00000832803767056  0.00000872661682161  0.00000911214053837
  0.00000953754170812  0.00000997118840413  0.00001039097045278  0.00001085351415889
  0.00001137287313532  0.00001193042815443  0.00001253307522149  0.00001320499386660
  0.00001389598281089  0.00001461794801673  0.00001538861829432  0.00001615119835293
  0.00001685839621658  0.00001757804566236  0.00001832585983978  0.00001912777167982
  0.00001999894992558  0.00002104009082388  0.00002221774202084  0.00002357444488073
  0.00002508072792184  0.00002671791494093  0.00002854241088351  0.00003049389354217
  0.00003263014354415  0.00003490339698265  0.00003748602242760  0.00004016930291091
  0.00004303356664869  0.00004591423264211  0.00004903022109976  0.00005251402605139
  0.00005675791796051  0.00006150525002003  0.00006722600811267  0.00007363892301830
  0.00008101492258741  0.00008926046902896  0.00009907987347515  0.00011108192327918
  0.00012495886279221  0.00014077456302174  0.00015791328159502  0.00017725850146050
  0.00019989354786873  0.00022830313587675  0.00026466811573384  0.00030374361403939
  0.00036750178190317  0.00044956943859984  0.00054193438591803  0.00068176196578556
  0.00092305876223181  0.00123559452843648  0.00150261366384889  0.00210509729930896
  0.00360204988383749  0.00634348922873269  0.03516053729299596  1.00000000000000000
  0.00268824104385011  0.01582223742029959  0.02951313047430174  0.04104014364654551
  0.05120281722160469  0.06110430925425731  0.07149658714109162  0.08236581000587978
  0.09241565604718618  0.10173861526137225  0.11181994770885052  0.12305464765173230
  0.13360466405694055  0.14415887995727580  0.15544015370061953  0.16775780317690553
  0.17933530887491556  0.18979559647592811  0.20033246938640287  0.21143224975070513
  0.22347927583345026  0.23549716241963292  0.24774953560701590  0.25700319525179555
  0.26642409476180079  0.27639416773808057  0.28729372037721590  0.29775715224124638
  0.30680316842181610  0.31540013701528991  0.32462784441772152  0.33453818263497132
  0.34582820841713952  0.35820534075607091  0.36954636465381141  0.38130531368542780
  0.39164695966513835  0.40108243842662766  0.41033164589326182  0.42023194076772796
  0.43205086831053868  0.44362182476227763  0.45476466219317430  0.46576294569560883
  0.47713277229013201  0.48783925496209340  0.49794713347463276  0.50633017956976190
  0.51456167172041756  0.52349290489050349  0.53390298877257969  0.54432835360019605
  0.55302556603270003  0.56072466799422338  0.56994031290431713  0.58046850987641074
  0.59140746378594267  0.60085301245937850  0.61045418436105048  0.62137371699245880
  0.63120548268634646  0.64066056559812723  0.65025516618536261  0.66024917417450157
  0.67001534894072179  0.67910994405875924  0.68820836745258029  0.69841460364906660
  0.71044161657799032  0.72254905156533877  0.73522735323406851  0.74680425454027610
  0.75842218251589477  0.76986230754687490  0.78172117722890377  0.79308976342406368
  0.80539275860831006  0.81623969780845729  0.82626154347381164  0.83656571749040376
  0.84747364881051712  0.85885174993621782  0.86913142268567711  0.88023033339627166
  0.89014674992510157  0.89982856763578434  0.90728002601334312  0.91603361931635230
  0.92516731264371332  0.93503592313773609  0.94686287420699200  0.95841406005103336
  0.97170748373637472  0.98211834042003621  0.99192520024380482  1.00000000000000000
  0.00005462322870668  0.00005784842557408  0.00006313578529802  0.00007012846334881
  0.00007580724862432  0.00008131850774785  0.00008613261433578  0.00009064376451774
  0.00009566222984230  0.00010098772067975  0.00010614507347470  0.00011119671535108
  0.00011625622758846  0.00012136921865036  0.00012660834451679  0.00013278088410410
  0.00013946930085836  0.00014627844033868  0.00015335019411077  0.00016078696214965
  0.00016875217435325  0.00017650388371884  0.00018429888211592  0.00019237760764559
  0.00020093385968710  0.00021044175555735  0.00022014411353261  0.00023089175470345
  0.00024213942593463  0.00025381491018237  0.00026612798878869  0.00027833014219999
  0.00028983199338144  0.00030163994877241  0.00031385818390238  0.00032630960912899
  0.00033923893366594  0.00035290401927795  0.00036699240358757  0.00038128957962306
  0.00039683323582819  0.00041286775253282  0.00043104652720632  0.00045043308184136
  0.00047178279208257  0.00049551839146801  0.00051868729309376  0.00054039277406011
  0.00056597863913727  0.00059309465790327  0.00062190326381412  0.00065616968350771
  0.00069440690256329  0.00073376304068332  0.00077412284863168  0.00081852930506636
  0.00086449705708857  0.00091163069055002  0.00095951566649510  0.00100969403328737
  0.00106929382041976  0.00113617329554420  0.00120188915795542  0.00126688991305026
  0.00133292333710214  0.00140052587302637  0.00148479797389117  0.00158037948242949
  0.00168889243052616  0.00181465173003804  0.00195075654787115  0.00212267413751349
  0.00233214699956415  0.00255295041168139  0.00278908850087135  0.00306617446777171
  0.00335467736697325  0.00367137608455685  0.00403509808602614  0.00440377573531564
  0.00470706003475313  0.00503397590363943  0.00546941805249647  0.00586859414046194
  0.00626062779993696  0.00714941435535545  0.00808944353208812  0.00902090095625892
  0.01034824873493217  0.01209824324892519  0.01392222394046609  0.01598940621920748
  0.02002072818063715  0.02991613017152889  0.23550969203900085  1.00000000000000000
  0.00000264311176569  0.00000269827162939  0.00000278113988871  0.00000286516969069
  0.00000295114203447  0.00000305431243419  0.00000318717097567  0.00000332311300514
  0.00000344239239979  0.00000358084416193  0.00000373725204440  0.00000391125111276
  0.00000410255962063  0.00000429570217855  0.00000454157436366  0.00000478589093326
  0.00000500034983888  0.00000521655919033  0.00000544620528201  0.00000570255976598
  0.00000600014136748  0.00000634364218917  0.00000674668882372  0.00000723069349913
  0.00000773603502338  0.00000832902696665  0.00000892036626711  0.00000953340233289
  0.00001020400263707  0.00001093323833319  0.00001174784324822  0.00001273138213362
  0.00001382615263594  0.00001495284459874  0.00001627804377804  0.00001755429551710
  0.00001894001106942  0.00002051030999436  0.00002230171972427  0.00002431967290401
  0.00002658466833010  0.00002912262204033  0.00003182212500233  0.00003461110511548
  0.00003759459874462  0.00004088399202407  0.00004463630119484  0.00004909218928745
  0.00005359263733333  0.00005854886259329  0.00006410580510496  0.00007041956093718
  0.00007775771379384  0.00008626044228131  0.00009512266357491  0.00010402113775666
  0.00011363275931841  0.00012443691347751  0.00013638057481467  0.00014869469867370
  0.00016148561349128  0.00017602003138674  0.00019282221968200  0.00021048945860055
  0.00022991701882136  0.00025221887086052  0.00027977408304149  0.00031398019528569
  0.00035039875692404  0.00038750836481180  0.00042654516802357  0.00046825930819759
  0.00051329615765347  0.00056744042949011  0.00062638672100176  0.00069926199289547
  0.00078231000105781  0.00087794389425692  0.00096751550666196  0.00106079809007709
  0.00115175488661276  0.00126361733034834  0.00140565591124145  0.00153115823418870
  0.00165149261699716  0.00180155271764023  0.00204192070762934  0.00249887684665278
  0.00334793866518842  0.00447092418321324  0.00541996230199129  0.00648285313610221
  0.00782338147872258  0.01117112220266092  0.36659349679029685  1.00000000000000000
 -0.00166864003533557  0.00545483924401919  0.01266374920970711  0.01954830340114326
  0.02647845373338858  0.03328882742794646  0.03998302086119870  0.04734472365111092
  0.05488338890861690  0.06208809507966555  0.06885779824251981  0.07516576964021843
  0.08126864484915493  0.08743761300150163  0.09397872345833123  0.10073788503596866
  0.10752999328926666  0.11513672515567723  0.12322883043887226  0.13142834133945427
  0.13999016962262922  0.14830982994503886  0.15636906724743926  0.16459637474554759
  0.17317783270682507  0.18187471973304398  0.19021919255544142  0.19820025423267701
  0.20677552869450491  0.21640352169585492  0.22774697962833532  0.23937543118291685
  0.24946812920435202  0.25893398981454352  0.26776226947303433  0.27691525044245480
  0.28474582819875166  0.29340871132002688  0.30190969789760441  0.30992172559367775
  0.31808105154576699  0.32661208279193216  0.33641378351200718  0.34866944378594600
  0.36205412789227426  0.37607883991964636  0.38956057793529442  0.40286636143068050
  0.41622680253807515  0.42874297221017188  0.44117206055773067  0.45284131701526076
  0.46441198584212795  0.47571496747894043  0.48826691548424855  0.50125445928437773
  0.51431584784132700  0.52666413428992342  0.53900332424834374  0.55229308679304023
  0.56607791153593989  0.57948339700026752  0.59148413890634144  0.60237935399310916
  0.61430640972506556  0.62761403109418135  0.64254003173046803  0.65713329400899045
  0.67110521507776610  0.68380587452751374  0.69594898202786692  0.70803917913937631
  0.71888929183782035  0.72952401603442274  0.74107734012202175  0.75338954648882828
  0.76536619810679629  0.77724788632380837  0.78978079420895764  0.80301177533165602
  0.81543624765738376  0.82675595978378458  0.83770958361752512  0.85019281116975531
  0.86138897344396037  0.87184196621418220  0.88266249704804156  0.89495547625282801
  0.90842213616028589  0.92313713012841370  0.93766520406249587  0.95136663609819450
  0.96431994545092681  0.97622745615834539  0.98816992458693698  1.00000000000000000
 -0.00249065556603900  0.01004449364922716  0.02032051592107294  0.03204313512943217
  0.04304325043356735  0.05328821747372997  0.06326415341022068  0.07289801097392215
  0.08333518118923541  0.09349783863826096  0.10318323517134588  0.11202825832267652
  0.12104952266801865  0.13100221599780404  0.14122989829049815  0.14981279597528763
  0.15808387610875044  0.16817413409504967  0.17946915840032468  0.18893467854342541
  0.19731569801553006  0.20594575816968422  0.21589392732559412  0.22707448303647068
  0.23840229436808791  0.25008038038171027  0.26096134721348785  0.27118112016584128
  0.28088578414383958  0.29034311627944265  0.30137819714036318  0.31198977342720063
  0.32259069635071602  0.33267821607080977  0.34285054545160992  0.35325292879807518
  0.36390095739217304  0.37482247756673942  0.38505891693009320  0.39599276308045039
  0.40791476268868576  0.41885988030518928  0.43093602838277717  0.44214018165557767
  0.45495484546633758  0.46556257099666903  0.47645239731358907  0.48712008126027800
  0.50065780997208809  0.51520916213962664  0.52844354065793442  0.53936756253797979
  0.54967836202884546  0.55995498583946657  0.57054505493313012  0.58227351408279016
  0.59361071218047978  0.60513732002763110  0.61525858014518398  0.62522482385659561
  0.63584765646458052  0.64718927796302994  0.65802016873661451  0.66788704226307016
  0.67710372554600817  0.68597207651859404  0.69518204742473255  0.70447035811664771
  0.71510661172643686  0.72762495891672851  0.73922192960372035  0.75172418033366140
  0.76385808734725436  0.77671802322215411  0.78929039839348625  0.80249231994977799
  0.81687514840249431  0.82945302130214216  0.84013468946045533  0.85019194181075042
  0.85947120480128980  0.86765644115834795  0.87586009688817890  0.88456083842310884
  0.89746954154166469  0.90820214709907010  0.91633363667749224  0.92379779819776942
  0.93140092588719370  0.94077589848103560  0.94974745731917498  0.95898840049857514
  0.96820323299377020  0.97871814355664954  0.98906855661911597  1.00000000000000000
 -0.00339691571814754  0.01592779648399533  0.03010599570312618  0.04109773106277697
  0.05007187288457268  0.05813611278819104  0.06626714503140255  0.07500941028662389
  0.08430037122238812  0.09378970616439640  0.10449817035707845  0.11556850879282715
  0.12682982544116242  0.13728801178766409  0.14757183804066282  0.15839207285470394
  0.17045608527994502  0.18393862767185504  0.19786937920546946  0.21024438247136387
  0.22080595159367006  0.23129548177892148  0.24173272660340372  0.25226392380447493
  0.26244639736394965  0.27275643301045738  0.28491038014848802  0.29841239098754568
  0.31144285050110521  0.32369171661424062  0.33558731971941336  0.34697898548080625
  0.35755473596820136  0.36719108178976884  0.37627631738525263  0.38584853317532175
  0.39600333750842986  0.40720141883449773  0.41865628741196159  0.42907117392294231
  0.43896381168735904  0.44902808146910039  0.46065996718211899  0.47334299184028045
  0.48467724102488818  0.49454860411403612  0.50376956406513296  0.51279508050357725
  0.52237276805894306  0.53323158789010761  0.54396400143686496  0.55496330686657680
  0.56538116660836624  0.57647975148798924  0.58793162340009597  0.60019797448053358
  0.61231329535359602  0.62414024564019499  0.63552049074862127  0.64590292304870556
  0.65603726286250330  0.66623480695884441  0.67672776952436875  0.68709548523312447
  0.69614684957606932  0.70381299389627272  0.71195765281677148  0.72127754309195746
  0.73256167678160855  0.74387052291217659  0.75546924836174389  0.76652182287833537
  0.77790167987424785  0.78794246484845276  0.79830259110831059  0.80896338851114269
  0.82013240735741566  0.83064600008820466  0.84020424716988984  0.84939036779357768
  0.85849272763616735  0.86831676630916432  0.87974996924171589  0.89103588680634760
  0.90041156307785875  0.90873072971432201  0.91726638995465604  0.92620191813303376
  0.93457818822486705  0.94272728875377465  0.95079676750379238  0.95965944115184043
  0.96941076588268726  0.97941139424467261  0.99006141682082105  1.00000000000000000
 -0.00218996353011192  0.00996944537245768  0.02182037010383039  0.03503088944224388
  0.04725499335456472  0.05859381227977286  0.07019138984091092  0.08157128616153583
  0.09199100501855573  0.10204059666067077  0.11239218886457292  0.12322130268988518
  0.13434416000991861  0.14487294537917406  0.15512371864154342  0.16605772282636896
  0.17844116678643832  0.19025850103018913  0.20135366182099063  0.21223519244344738
  0.22339962334308880  0.23515124860469860  0.24660553665591917  0.25793919767583667
  0.26986225349737708  0.28172783823636832  0.29352031218408031  0.30448439949223444
  0.31485963566807890  0.32501651981982826  0.33546233360749383  0.34655958553407723
  0.35723354530472073  0.36736956516082742  0.37800455563938762  0.38948142564410537
  0.40122368054093072  0.41158427575211326  0.42057223430021057  0.42920729253469347
  0.43845685315015864  0.44896447117113902  0.45991854810401561  0.47105390613564663
  0.48198136029281263  0.49279864879078489  0.50252028499550960  0.51156407287221972
  0.51944487677726492  0.52758340760964773  0.53647335565174836  0.54547635881157752
  0.55629240124364454  0.56674071837075413  0.57871164493659533  0.59018810952892509
  0.60128238987263549  0.61136572262104416  0.62117014602725973  0.63127829695082571
  0.64088519239386510  0.65083237436955144  0.66056997139626983  0.67036445135618639
  0.68026219000264532  0.68809140156858939  0.69605711462945441  0.70434462412569454
  0.71300625504233306  0.72207485627106038  0.73049782490738813  0.73807076854908027
  0.74570568309172114  0.75392790856903635  0.76294350127793775  0.77267681943869904
  0.78414867500144025  0.79488294968690398  0.80572033234761331  0.81570215445445182
  0.82670915910421761  0.83837435037705643  0.85008972202843647  0.86185849506682821
  0.87382475706022777  0.88606122212689620  0.89798842621161756  0.90957146853816773
  0.92025409927822821  0.93043015289907294  0.94066695576691239  0.94962829088404932
  0.96183583939578654  0.97388353339129385  0.98735542022053857  1.00000000000000000
 -0.00365241791545490  0.01292873067293312  0.02629569962406521  0.04058614694657138
  0.05498259678097082  0.07082726248519508  0.08562898938685265  0.09968670109685024
  0.11438285466147886  0.12808640661602094  0.14041728892321853  0.15247007096018197
  0.16554232585924045  0.17859305537804571  0.19135323696576781  0.20403566279743543
  0.21698404743507341  0.22919527439696430  0.24190475279404269  0.25496504014782417
  0.26814878264068748  0.28211388252417952  0.29563730791141840  0.30860690639012867
  0.32113272772928153  0.33425287991042013  0.34661599070573224  0.35910145059917042
  0.37131122210311923  0.38627671084377613  0.40181298059923670  0.41665651930052172
  0.43124969134569702  0.44512322328006532  0.45758438808115537  0.46916784827222885
  0.48096264068132349  0.49317991176944531  0.50449065311450569  0.51502071380265746
  0.52604791718581556  0.53788314301432016  0.54772084084391670  0.55649593986073109
  0.56630299143150664  0.57755661975994599  0.59013218193441042  0.60115772885448593
  0.61166970132055509  0.62174626672015953  0.63137271214720925  0.64147277153762172
  0.65196550349394822  0.66271546648401491  0.67339702535003543  0.68325923545685863
  0.69271400740478528  0.70247585678130819  0.71204574037237778  0.72302534731090029
  0.73288782925829221  0.74278076650965630  0.75277026670387193  0.76241604316076994
  0.77154028463731050  0.77993991920760453  0.78775595846649582  0.79581518703921605
  0.80462035226412176  0.81379775651432251  0.82311566951764858  0.83206042487301424
  0.84089634113698619  0.84927741970034842  0.85865916393860975  0.86776388179763220
  0.87625535050425418  0.88395127092015069  0.89111273226877741  0.89756766264568977
  0.90341503735661932  0.90923039741145062  0.91545706100957414  0.92228214315101842
  0.92937226066183409  0.93604093688759615  0.94301742199214200  0.95075553765297238
  0.95822853927169116  0.96468935468374417  0.97112120356226839  0.97789661364306701
  0.98405372867460406  0.98974383892116824  0.99497919694976522  1.00000000000000000
 -0.00213929235377287  0.01056590842689348  0.02003766678466406  0.02934114156766367
  0.03880187769580084  0.04857540068192978  0.05850004530955082  0.07039517240113870
  0.08416361740203010  0.09637271169228054  0.10747610114974213  0.11741894148824766
  0.12737243204252263  0.13756419578016615  0.14818065822626050  0.15921126315406861
  0.17032218401835769  0.18104683212879688  0.19160755246418831  0.20213431211577199
  0.21251764722220351  0.22271259838190816  0.23259265181708685  0.24337678763211440
  0.25525487169604422  0.26769796718050320  0.28002496893259127  0.29249067097134440
  0.30513022927536582  0.31757960557240389  0.32967261082185934  0.34045556577270764
  0.35166067310456134  0.36310212207552806  0.37535487531052353  0.38901464452910017
  0.40164424360342649  0.41363232944218059  0.42459177017852173  0.43563095953225650
  0.44708088251218786  0.45749828927989894  0.46636178035845155  0.47404137484927783
  0.48230061963612653  0.49254207446779524  0.50399048815275749  0.51551888903685839
  0.52632112133417086  0.53564902728035491  0.54503090861454240  0.55467952951885791
  0.56461740931879090  0.57533645447107939  0.58607751952483156  0.59750331345028584
  0.60790739524881299  0.61926212842518980  0.62987532353540376  0.64055987128363623
  0.65023712009550505  0.66091188400909795  0.67038400848789337  0.67917101235051469
  0.68783917550716678  0.69722100546439858  0.70807275864919483  0.71988402369798676
  0.73159596994811282  0.74318210527835116  0.75430392342817665  0.76502045383588357
  0.77437624522799109  0.78244799925271746  0.79013863856932576  0.79890700403636572
  0.80840030385329931  0.81791005702072339  0.82688363117010866  0.83552798259010153
  0.84437992251500804  0.85362890208907605  0.86286976492344847  0.87297010239459616
  0.88517924356088640  0.89800199142901216  0.91021264219670572  0.92143920359261611
  0.93231434023734350  0.94210571017095768  0.95180144383679088  0.96156542404757039
  0.97128366022421919  0.98065585793958632  0.99011020534758698  1.00000000000000000
 -0.00261021004725586  0.01045259692649442  0.02238721295106395  0.03492853828581513
  0.04929532958698923  0.06234622855992740  0.07375760752163989  0.08533739835529419
  0.09712413878505681  0.10843417770689441  0.11946418865648936  0.13152655490590037
  0.14404712785772497  0.15558852368001216  0.16616970649109802  0.17643956194240693
  0.18696837402511488  0.19774593477119035  0.20800310083697149  0.21786790341280851
  0.22739097126414709  0.23607747051672912  0.24371774574146315  0.25186508141272451
  0.26076833812107042  0.27062692406269045  0.27980015760822863  0.28903678650351616
  0.29844473617830164  0.30809475514462886  0.31789320924708664  0.32682170839715979
  0.33613061396622501  0.34464869902880074  0.35245408450190507  0.36013953382396396
  0.36646889608163263  0.37306160757867346  0.38095004173402158  0.38941769407293769
  0.39765763502490259  0.40687795912890712  0.41638316804495618  0.42878039577352400
  0.44065127102301443  0.45114055560524974  0.46203478182729318  0.47252838068310593
  0.48189731961273041  0.49153583431073461  0.50187825458056556  0.51295697542885732
  0.52310377110923545  0.53317416318689315  0.54326224053806393  0.55361765862168277
  0.56379561953392920  0.57508472993856863  0.58727124487325244  0.59844393202920065
  0.60875565357718187  0.61803061700627226  0.62663531428030350  0.63599052730338645
  0.64599303913738459  0.65845880477768781  0.67096960479996492  0.68359497858673923
  0.69425214251705414  0.70480293170451536  0.71578351990104117  0.72735786428905080
  0.74064742327416944  0.75280308007214569  0.76554439274544694  0.77728279233329678
  0.78881655772125692  0.80027176541581557  0.81228867083669709  0.82495531126442101
  0.83714862664956335  0.84871217241090768  0.86050733512456068  0.87355637946240849
  0.88703480039250282  0.89986621892139729  0.91188449865578247  0.92325015189122028
  0.93453690932150557  0.94654908201510191  0.95879528482484400  0.96945536568121804
  0.97799876479714642  0.98566425817006587  0.99294285311014618  1.00000000000000000
  0.50123622082405828  0.56368663620455650  0.58261897760638437  0.59564076406347133
  0.60784776415297936  0.62066241581788462  0.63096016157527557  0.64082314634929849
  0.65458309207159482  0.66996441482727254  0.68093868057211981  0.69039126530822481
  0.69976789429305042  0.70842393815371851  0.71601258316241412  0.72290529504957490
  0.73052814383010434  0.73831202138675689  0.74548352761514991  0.75190820417172333
  0.75903471086925356  0.76724220413800104  0.77463110496311349  0.78082465039024196
  0.78703688657952031  0.79349449920500714  0.79989319876737541  0.80553201522792073
  0.81034639052954782  0.81512776666482012  0.82021145503661774  0.82575380017062061
  0.83058631521416126  0.83493160093271168  0.83919691639244209  0.84349483181344342
  0.84802047295480332  0.85245108374182110  0.85683717305838270  0.86101965532607727
  0.86521831921753556  0.86941510054929472  0.87340214676256189  0.87731293154934342
  0.88070531728368073  0.88398318970317502  0.88711726425916104  0.89025221136776622
  0.89353769920278858  0.89680039682258839  0.89996430110877801  0.90302353030333649
  0.90636972752530065  0.90970679243783281  0.91293414638548687  0.91591348993452149
  0.91859188517135215  0.92139312889909575  0.92414068670276117  0.92662368771862691
  0.92899559841026413  0.93126538365452693  0.93346341915590958  0.93585195053071513
  0.93819402457312950  0.94042384301136306  0.94266701488560145  0.94499408126772944
  0.94727559604938594  0.94935258878485751  0.95135231817321342  0.95329256920335914
  0.95529359521844137  0.95730499473679764  0.95928140333103562  0.96130185270505675
  0.96324865372613622  0.96511022488952736  0.96690318869595859  0.96873137230813933
  0.97062890401437718  0.97261768226182654  0.97468701387505430  0.97673032525563463
  0.97864943851766428  0.98055213020942811  0.98237704695401262  0.98428770814290545
  0.98627877844319467  0.98826937243874446  0.99025888028248388  0.99224968568398897
  0.99406443681194689  0.99599579037246022  0.99799441273152212  1.00000000000000000
 -0.02239485070908923  0.13717724636442225  0.16673131236733388  0.19112720571382613
  0.20825683001008455  0.22265147535680224  0.23723241415313331  0.25072225035791157
  0.26067677392464400  0.27045408780516145  0.27980850927341305  0.29186246719373582
  0.30284950167595381  0.31284195703938722  0.32219460977145276  0.33106598468031201
  0.33995422246323953  0.34848764754394218  0.35632334027356050  0.36352200413792879
  0.37042119373973448  0.37713346221879074  0.38335646791037031  0.38944819024367294
  0.39576871011431458  0.40251039705136410  0.40943743021465934  0.41611013055320784
  0.42275434906177339  0.42904002699920724  0.43485480851714475  0.44059779256297776
  0.44651733407281091  0.45251413418873138  0.45840636377239308  0.46406304086252748
  0.46964556910186611  0.47511365305224657  0.48026928907452265  0.48573673322155003
  0.49138435673754882  0.49698800934949677  0.50254313247477167  0.50785786681741685
  0.51313340634532600  0.51850292272962983  0.52393174338079906  0.52929890117211842
  0.53461167026740386  0.54024802358051405  0.54609608474998361  0.55143996442787369
  0.55674745064275855  0.56214792912992573  0.56753484421580813  0.57345462549134452
  0.57998172750551846  0.58638743732362431  0.59243157905066124  0.59831645655150645
  0.60426399328428271  0.61015121386310889  0.61633226723763113  0.62195570251831633
  0.62740106974947030  0.63287370521291353  0.63828992851366206  0.64392259140422003
  0.65004875370561876  0.65641682298823500  0.66279108000831011  0.66954748879742121
  0.67643515391938436  0.68346436690918566  0.69008028059591531  0.69668785946574285
  0.70377360404367129  0.71054758330701173  0.71673576351688839  0.72250547860544245
  0.72797453061077588  0.73423060736993329  0.74101399790917799  0.74737455460080737
  0.75421855689337225  0.76136104218697076  0.76997717100043039  0.77867795927445482
  0.78765036018467804  0.79752561581377091  0.80892311679047046  0.82034308107682297
  0.83245092174545343  0.84849208347361293  0.87902256329501927  1.00000000000000000
   2.6264245656279621E-005  -1.0000000000000000     
 F F F F F F F F F F F F F F F F F F F F F F F F F F F F F F F F F F F F F F F F F F F F F F F F F F F F F F F F F F F F F F F F F F F F F F F F F F F F F F F F F F F F F F F F F F F F F F F F F F F F F F F F F F F F F F F F F F F F F F F F F F F F F F F F F F F F F F F F F F F F F F F F F F F F F F F F F F F F F F F F F F F F F F F F F F F F F F F F F F F F F F F F F F F F F F F F F F F F F F F F F F F F F F F F F F F F F F F F F F F F F F F F F F F F F F F F F F F F F F F F F F F F F F F F F F F F F F F F
  <DiscreteSampler_grid>
  grouped_processes
  1 # 1 for a reference and 2 for a running grid.
  10 # Attribute 'min_bin_probing_points' of the grid.
  1 # Attribute 'grid_mode' of the grid. 1=='default',2=='initialization'
  0.0000000000000000 # Attribute 'small_contrib_threshold' of the grid.
  0.5000000000000000 # Attribute 'damping_power' of the grid.
 # binID   n_entries weight   weight_sqr   abs_weight
    55   10   3.141576438266807E+000   2.014502520581537E+001   3.141576438266807E+000
    58   10   2.820275815878582E+000   1.581147868676540E+001   2.820275815878582E+000
    59   10   2.820275815878577E+000   1.581147868676531E+001   2.820275815878577E+000
    76   11   5.907289393719819E+000   8.372912260952283E+001   5.907289393719819E+000
    77   11   5.907289393719797E+000   8.372912260952205E+001   5.907289393719797E+000
    85   11   5.044354059361453E+000   5.814188226666986E+001   5.044354059361453E+000
    86   11   5.044354059361431E+000   5.814188226666895E+001   5.044354059361431E+000
    88   11   5.239630042123916E+000   6.217856873391241E+001   5.239630042123916E+000
    89   11   5.239630042123878E+000   6.217856873391099E+001   5.239630042123878E+000
    91   11   2.999153972699294E+000   1.984579616659135E+001   2.999153972699294E+000
    92   11   2.999153972699282E+000   1.984579616659107E+001   2.999153972699282E+000
    94   11   4.827876222615409E+000   5.567874796051996E+001   4.827876222615409E+000
    95   11   4.827876222615386E+000   5.567874796051906E+001   4.827876222615386E+000
    142   11   2.999153972699294E+000   1.984579616659135E+001   2.999153972699294E+000
    143   11   2.999153972699282E+000   1.984579616659107E+001   2.999153972699282E+000
    148   11   4.911546956238980E+000   5.661448514096832E+001   4.911546956238980E+000
  </DiscreteSampler_grid>
