  0.00000238649877328  0.00000260266174352  0.00000274756746069  0.00000290831221178
  0.00000306592531402  0.00000320385063808  0.00000334636835580  0.00000349924531616
  0.00000365149706857  0.00000380857125056  0.00000396044199476  0.00000409057405223
  0.00000419644722442  0.00000429963490950  0.00000442207168340  0.00000457190354647
  0.00000472001220169  0.00000488516578913  0.00000508158557268  0.00000528274955378
  0.00000546010497354  0.00000563106685813  0.00000585824569436  0.00000611929504772
  0.00000640704002697  0.00000669517778140  0.00000700416679172  0.00000736952502750
  0.00000768667223406  0.00000799545084991  0.00000831525118601  0.00000868192637113
  0.00000906876102049  0.00000946485261868  0.00000984723890352  0.00001020564614792
  0.00001059347031605  0.00001099757813992  0.00001143413183715  0.00001185096316705
  0.00001225679963984  0.00001274995598875  0.00001334872610766  0.00001402843507101
  0.00001474455445078  0.00001552657821406  0.00001623998942401  0.00001714913194517
  0.00001817671290730  0.00001943379462486  0.00002096896201560  0.00002281062265938
  0.00002473043207558  0.00002689896571027  0.00002924725867589  0.00003170483930872
  0.00003379327361288  0.00003557490762148  0.00003750106253678  0.00003956440521827
  0.00004150732052169  0.00004477613493052  0.00004844760984393  0.00005275335042929
  0.00005786952753901  0.00006458597756180  0.00007295786731858  0.00008304698709521
  0.00009497146931599  0.00010938131462524  0.00012649081761759  0.00014583839147621
  0.00016786555331774  0.00019321295911668  0.00022342923573248  0.00026132848165109
  0.00031192467641532  0.00038356169094165  0.00048002229551954  0.00060553227018925
  0.00076642930970893  0.00098210898601941  0.00124586462461625  0.00162118705466930
  0.00216503840207499  0.00298124625393773  0.00427110922861294  0.00580388121555279
  0.00668402027925086  0.00756415934294893  0.02114715739357753  0.14722082208733478
  0.27329448678109208  0.39936815147484939  0.52262502595012750  1.00000000000000000
  0.00175633025185365  0.01830943840443317  0.03268175048554802  0.04649593385734239
  0.05900877512672199  0.07050978658212448  0.08178812089034238  0.09292794657131156
  0.10402858329114144  0.11570186343831977  0.12594629961809847  0.13518562849049845
  0.14473270201414079  0.15437052406154839  0.16355645055339163  0.17119374041215069
  0.17883944604212623  0.18774191294305778  0.20093640482800518  0.21507503175353390
  0.22788088572918097  0.23990559890358665  0.25117530521622689  0.26113626342551055
  0.27033103455805607  0.27959173257206804  0.28963872319805178  0.30049974507202321
  0.31246390210663338  0.32494057787294767  0.33691881838798915  0.34909502899498751
  0.36068044800107574  0.37191717741946068  0.38361972530046451  0.39583169009029928
  0.40836829613624098  0.41987626717409376  0.42987161969192739  0.43975327270669712
  0.45028996911360619  0.46205801256707668  0.47585765488040910  0.48859424555657882
  0.50022443736062583  0.51144943188379821  0.52199169745690588  0.53146577786424776
  0.54106811108302899  0.55085849722104818  0.56153487849293249  0.57233949483700908
  0.58329015661990158  0.59621062002764236  0.60771132407496420  0.61826118250403506
  0.62879472006340986  0.63779238745737910  0.64537194882918725  0.65255641490189775
  0.66087717769887622  0.67103134902758965  0.68226064346377213  0.69320347463329346
  0.70343934111049788  0.71328645021392645  0.72261367380829256  0.73122790933247450
  0.73973720820060018  0.74697948401190950  0.75231020973357343  0.75833781826606772
  0.76462216866758603  0.77111043693704107  0.77709214661951609  0.78812351228224808
  0.80037595788567240  0.81295133914908091  0.82434954945631633  0.83449453560569486
  0.84404178427401189  0.85435589625866970  0.86586365259413822  0.87627456342728727
  0.88537616852097212  0.89388288639189095  0.90261721937649841  0.91242733291752287
  0.92272890135282848  0.93301981229314079  0.94401072042182699  0.95462614442089844
  0.96579215905305138  0.97792221556064374  0.98874870377220958  1.00000000000000000
 -0.00067993764087000  0.02668181895605405  0.04674557085963774  0.06176020645683793
  0.07551013444850642  0.08895222725070095  0.10181706517351223  0.11468974298244063
  0.12654537756178388  0.13710907840139708  0.14707439912523673  0.15724619601936141
  0.16794689135946841  0.17948386336465516  0.19177186859197695  0.20325081183437360
  0.21452953508853373  0.22519220826677416  0.23505818091778882  0.24066022023746797
  0.24719624312827601  0.25372444158815266  0.26009436307839690  0.26587728037160957
  0.27324872829649521  0.28315776854194863  0.29291390361227315  0.30396621288151010
  0.31548473303527891  0.32689468418136297  0.33845619013574196  0.35008151614213934
  0.36171492889570245  0.37278415987800856  0.38375814732710578  0.39464631575515174
  0.40574322322226963  0.41677257584609817  0.42725190204655789  0.43796816584250331
  0.44883530075684686  0.45982059299779465  0.47106407326291622  0.48271127405868053
  0.49562542565496598  0.50863338473757291  0.52144583127159982  0.53265819787972501
  0.54361733878823704  0.55381818313135012  0.56379790420305975  0.57351304723287211
  0.58355403573952536  0.59556307216313742  0.60888729152118182  0.62225982523283818
  0.63291514461793397  0.64320504882893859  0.65283252615107790  0.66179546287720026
  0.67249077191137041  0.68333103649592719  0.69504926029733616  0.70741926026057700
  0.71911874002144183  0.72890640956011199  0.73742088855730858  0.74591807535219479
  0.75441921911319254  0.76360159167927300  0.77299946385203544  0.78200790546464194
  0.79075327137881057  0.80011516033534458  0.81095873163170784  0.82251002572710241
  0.83413890576788807  0.84549433559323506  0.85646794250114622  0.86778289462360481
  0.87919174949782986  0.89013003069777608  0.89826842519010086  0.90484128576914269
  0.91134283021499063  0.91836084419000996  0.92657163956373290  0.93557564685650785
  0.94340075861145889  0.95106192528082767  0.95733818420983030  0.96322758975277600
  0.96984777357417440  0.97801700922897661  0.98861730576967377  1.00000000000000000
  0.00000828776050813  0.00001005471806327  0.00001120644014449  0.00001233804029074
  0.00001353107918653  0.00001466883131646  0.00001589714052067  0.00001718000391193
  0.00001857602681260  0.00002022284341687  0.00002220436967539  0.00002437629688310
  0.00002669827686850  0.00002961723024856  0.00003335216416038  0.00003785983871370
  0.00004244781531081  0.00004765471651554  0.00005346494493565  0.00006002953884719
  0.00006743699110381  0.00007668880182308  0.00008870053889614  0.00010403523766144
  0.00012265693567542  0.00014416488951657  0.00017060006030791  0.00019999813279053
  0.00023145859761576  0.00026514172387938  0.00029744765479771  0.00032941223138606
  0.00036285854437981  0.00039998408393810  0.00044516563813001  0.00049709840294114
  0.00055065970177461  0.00060701135065635  0.00066887064346264  0.00074019426737428
  0.00080503394753364  0.00085505061353819  0.00089715344722953  0.00094264424192196
  0.00099220960428910  0.00104756389844468  0.00111213423368472  0.00117288495877899
  0.00123626952593915  0.00130848976258005  0.00137732560790552  0.00144624527165032
  0.00152271119524146  0.00157559637377727  0.00162134669047624  0.00167469875845325
  0.00173694583660242  0.00178947762557671  0.00184583791403129  0.00189801277725983
  0.00200723860071365  0.00211749752572326  0.00223943162145751  0.00237707125862506
  0.00252225945602969  0.00265618491571932  0.00274866137714033  0.00286107899563145
  0.00300044014139171  0.00317250726356665  0.00331284718633204  0.00343095789238054
  0.00357495087551459  0.00374108646342927  0.00394500079822594  0.00420482845485952
  0.00448463863445589  0.00471379065223447  0.00491695550131750  0.00518566590833197
  0.00550034447647798  0.00580939525172973  0.00609517825033065  0.00642798242613070
  0.00693694089121067  0.00758953994482445  0.00829089271012534  0.00896937972082321
  0.01005268782812107  0.01162194205477623  0.01273619045127663  0.02201642143305619
  0.03491865066818624  0.05060456992821994  0.07852901998982328  1.00000000000000000
  0.00000426548552296  0.00000609873730992  0.00000791066895211  0.00000918950598091
  0.00001065577274139  0.00001275243732814  0.00001474376686218  0.00001620821808037
  0.00001793677115645  0.00002009915780847  0.00002258723412381  0.00002521844320522
  0.00002809947638772  0.00003104954347003  0.00003435072597416  0.00003799031182215
  0.00004192902070338  0.00004716237155972  0.00005468216685641  0.00006491400212971
  0.00007864348302224  0.00009618803091936  0.00011590626768400  0.00013646387769498
  0.00015807234133591  0.00018094579267330  0.00020509061935902  0.00023143682806635
  0.00026262731965960  0.00029591650290708  0.00033011580396717  0.00036827300575488
  0.00040900799797022  0.00045090050599003  0.00049143378197512  0.00052807394590325
  0.00056221818491552  0.00059921654905134  0.00064496992916514  0.00069784285524551
  0.00075099072704154  0.00079941616720625  0.00084746131855320  0.00089841305910683
  0.00095413568242499  0.00101986510058960  0.00109770306161407  0.00117676114849346
  0.00123487629927455  0.00128004191039030  0.00133978572285857  0.00140334060406882
  0.00145873710545370  0.00150682054028247  0.00156595302070691  0.00162820740588479
  0.00169597971008398  0.00177518327394479  0.00189622826557748  0.00203247370945910
  0.00216791204304815  0.00230647810180540  0.00244680269446910  0.00262251971334209
  0.00281290262611535  0.00302016284893878  0.00327101226445798  0.00352751484869918
  0.00373995035171082  0.00397768451201825  0.00420363387015104  0.00440588645040953
  0.00459452232519764  0.00478081908048667  0.00497207616774605  0.00520656643248869
  0.00546035818691275  0.00563323944412921  0.00580956199052264  0.00599534165929673
  0.00618004467079916  0.00636310412364651  0.00666324952208571  0.00715039806921778
  0.00740701672738801  0.00751861245739389  0.00760064972816890  0.00767741379392373
  0.00773968390528672  0.00832175577392854  0.00960981316085066  0.01140362116431663
  0.01396063393898403  0.01619818064330068  0.02076128234136610  1.00000000000000000
 -0.00292952452618866  0.01231867053233383  0.02619736246039546  0.04004040099738888
  0.05225848815198837  0.06435609666841886  0.07572554449670213  0.08810030179299139
  0.10028974397736999  0.11183084006561425  0.12417346700938631  0.13560105927301491
  0.14842826993921990  0.16164208298021909  0.17453791006985606  0.18625333758604445
  0.19628999492646979  0.20526078243342913  0.21470496136504647  0.22490971029053328
  0.23508560587287866  0.24511392437077470  0.25517484917265326  0.26521057756339267
  0.27518669030692461  0.28583889618505176  0.29714194261446225  0.30850698518221359
  0.31947177370248070  0.33014606905651012  0.34093020953370923  0.35186368296072995
  0.36227092734570415  0.37214023887122349  0.38287484490252582  0.39376199083427738
  0.40488350536838003  0.41556752811113645  0.42568008694029796  0.43539749944933431
  0.44390563146257100  0.45233722696818046  0.46100240221397137  0.47030172970270318
  0.48069387258238611  0.49235647137269978  0.50485238939615540  0.51678032672186158
  0.52857700487683534  0.54025728918336968  0.55251021576611670  0.56398797880735207
  0.57579616207950224  0.58788651756644550  0.60026439366576478  0.61155034968176825
  0.62271363062926655  0.63321654048361697  0.64487869562395905  0.65668266237799744
  0.66706531891986387  0.67594385862076511  0.68182795903209659  0.68657802941874857
  0.69210411878058853  0.69820108747875931  0.70446192992992263  0.71100651672163628
  0.72088804309908860  0.73202680917823726  0.74274339229465325  0.75202244307764055
  0.75917030247525019  0.76533210248898464  0.77181647821143728  0.77916011660005735
  0.78802392562296131  0.79674126471507900  0.80502832457967144  0.81354504204216704
  0.82318214397448097  0.83300161083263069  0.84218836313916301  0.85266209657184933
  0.86591170795600969  0.88028077311396968  0.89576172195179626  0.91056286285548893
  0.92395361328096293  0.93647642987378621  0.94754180810398125  0.95943688040031549
  0.97085525702946796  0.98141827490809264  0.99109044702496052  1.00000000000000000
 -0.00271276625163019  0.00960387190731554  0.02190917409565570  0.03470522386368041
  0.04719253136722918  0.05982852996756680  0.07298756179207874  0.08695683570945860
  0.10034280095558984  0.11214649103019066  0.12327343558696280  0.13423516777739766
  0.14503119718931587  0.15577494392770885  0.16610355615461375  0.17754280202653086
  0.18934833502978027  0.20034077845064682  0.21136976435581520  0.22277321640283945
  0.23494364625679393  0.24749551022686506  0.26005081929013979  0.26935536557592604
  0.27504603119743115  0.28080497842950292  0.28660822475138825  0.29274886758162022
  0.29898228007933220  0.31004906284321976  0.31997565050904697  0.32993081213695014
  0.34006987834342950  0.35169867306345309  0.36389731401988529  0.37596627358889334
  0.38758260442387144  0.39805012169973902  0.40867388229175733  0.41842140538186345
  0.42891050205250142  0.43868109709290187  0.44824155681719774  0.45852021875478682
  0.46753834276839740  0.47558581793794069  0.48264529080233615  0.48809707992638007
  0.49289941937584236  0.49949607709741356  0.50976759536973182  0.52225247748982406
  0.53365116299721893  0.54631870810702732  0.55976443060109682  0.57128037469424109
  0.58194325971264693  0.59189940102020433  0.60126436577166298  0.61244863180117337
  0.62275086486838871  0.63458722856557015  0.64627520851966236  0.65917009811008731
  0.67175890531405746  0.68300662844167925  0.69441526946429855  0.70462641410377502
  0.71446741535807257  0.72360696048057993  0.73305872557191842  0.74338314125715688
  0.75445431970474797  0.76567956246608293  0.77629847096958715  0.78703596605460047
  0.79791103094536164  0.80845706348476998  0.81983828514616675  0.83200656232956993
  0.84366189753055154  0.85424976483392012  0.86396928512492011  0.87415245810411013
  0.88533656898845225  0.89756523548213585  0.90911715911385438  0.91908614847939585
  0.92751242835870673  0.93546244835432057  0.94489708892387447  0.95574537956407890
  0.96665759186444311  0.97747786931155167  0.98819685457696138  1.00000000000000000
 -0.00097649360374058  0.00379661911459206  0.00951637467643164  0.01497601991365910
  0.02126451282589600  0.02798498024050067  0.03638891506553348  0.04337477624782105
  0.04932021065021826  0.05494063130337234  0.06059476261197284  0.06678800643068433
  0.07312589367591847  0.07910417060453299  0.08539241673731453  0.09158018650777643
  0.09734913408060202  0.10307305865688143  0.10990690071305284  0.11800352626290128
  0.12624940452354294  0.13354552863228702  0.14065177579883173  0.14760129712327294
  0.15473729379467735  0.16248733277982330  0.17058424617588014  0.17875653736940428
  0.18626038707662002  0.19396459742642783  0.20164785571765315  0.20978597983207345
  0.21898488301401525  0.22814719884206822  0.23732508296453081  0.24684268087643846
  0.25611464962518721  0.26498961877838351  0.27306654303059985  0.28113679856695839
  0.28974015236785167  0.29845796891971527  0.30644067488733034  0.31373951013041784
  0.32172767189208390  0.33101965158697005  0.34095708362178007  0.35074926926943278
  0.36016625860620810  0.36887633771981976  0.37795712323271069  0.38689131813974909
  0.39685256975945227  0.40739650515479953  0.41807699950861649  0.42894200293525092
  0.43479064021318969  0.44056471482455478  0.44625570042922219  0.45219035860653828
  0.45830849605000168  0.46627692631462125  0.47777400936394288  0.48931135252332025
  0.50038358685419748  0.50944724912996886  0.51803355228096670  0.52638066845584797
  0.53462859985399991  0.54365644083546161  0.55304053184918356  0.56377188859599570
  0.57539931992199378  0.58696241523103421  0.59913561565457074  0.61182480504985548
  0.62535813272850871  0.63988930972060021  0.65471364828989309  0.66961749032977003
  0.68386376238038782  0.69811068547536770  0.71353325877978668  0.73082548765521915
  0.75062907711768412  0.76773888686671732  0.78227081777627727  0.79564579757114895
  0.81322535896391801  0.83260249356540705  0.85243962755890867  0.87514606977861931
  0.90389404218982738  0.93390151095277329  0.96498466148044859  1.00000000000000000
 -0.00204975499102505  0.00797394120396652  0.01889037867227988  0.03028116437475024
  0.04220814709452281  0.05364501242100966  0.06453811760446369  0.07474834135780742
  0.08420573224829474  0.09382344856947328  0.10434161607785548  0.11488883573743512
  0.12628070576977526  0.13744117977612480  0.14828188729132127  0.15944513825705720
  0.17086270142403417  0.18245941915331060  0.19461573981180391  0.20630757930693619
  0.21777946073645066  0.22912315780320552  0.24066134406034884  0.25254429726831040
  0.26425050318540438  0.27635994814778392  0.28797445687840628  0.29921339867336738
  0.31001005274574017  0.32159415646034312  0.33421351813473210  0.34671777803556159
  0.35861969863397075  0.36949078483934206  0.37813774527748817  0.38507458737259198
  0.39306976383683850  0.40147530906991274  0.40999927333531383  0.41930830618374765
  0.42858316825433757  0.43760059860071782  0.44902302197868466  0.46160442429211884
  0.47338515551418442  0.48479419519305977  0.49525696367393590  0.50579397228292944
  0.51622958216073522  0.52843961147117513  0.54007791941330185  0.55340100320954266
  0.56553741368783916  0.57666835184600018  0.58700309360244751  0.59776957748251025
  0.60887659760693447  0.62004834759720040  0.63031231402725030  0.63924880847807974
  0.64809350294890655  0.65672145044592711  0.66609590684218312  0.67573887737746030
  0.68479024687345691  0.69392313027310326  0.70441736926989762  0.71516185909586827
  0.72619637202915488  0.73726205382347687  0.74846627633087714  0.75966393077673855
  0.77091835121232466  0.78142561476992656  0.79141002226235535  0.80135354977513662
  0.81068863218653020  0.81988397049065920  0.83037096226262153  0.84213223850796992
  0.85474254553557183  0.86749968858545490  0.88070864765005630  0.89306822522107554
  0.90377251137017534  0.91430154026511135  0.92457132283321808  0.93538975793717061
  0.94578952409423178  0.95584253981260758  0.96669038216630210  0.97613831975578702
  0.98249990326415104  0.98879713147120885  0.99448000829788918  1.00000000000000000
 -0.00187607786913640  0.00923479338692233  0.02116111945536948  0.03394658703222005
  0.04735933580968747  0.06027596228660733  0.07259741836871331  0.08495363073171688
  0.09701060796640729  0.10804334033531397  0.11878360022511707  0.13053021022379580
  0.14281774033401221  0.15552533841324598  0.16910666984474565  0.18339088434737866
  0.19770041377905379  0.21150378168173153  0.22526771286780531  0.23795872912685451
  0.24873287079687906  0.25702633153072463  0.26539054163651399  0.27508277564719974
  0.28522459843285852  0.29578878639336004  0.30433236883175507  0.31044859044037493
  0.31797031010515442  0.32741546418680345  0.33716356070075265  0.34662286203429526
  0.35594325892868545  0.36585222187608502  0.37716362588673624  0.38814146381813863
  0.39824696050380060  0.40842277085258488  0.41908441137645697  0.43006816635266604
  0.44143524443512960  0.45294946080704179  0.46439931025958847  0.47589627717766431
  0.48829268997474218  0.49886357234811429  0.50976781785641923  0.52106146935599629
  0.53280208233552373  0.54481385119402215  0.55511453162613078  0.56300541262241410
  0.56746851969018852  0.57184948748591391  0.57656206642300700  0.58100377488155808
  0.58724090818041841  0.59780664299175057  0.60785154809635655  0.61703028314651154
  0.62654406795544937  0.63568845397043472  0.64544362712818215  0.65639410341151694
  0.66928391292540990  0.68198600409804300  0.69301581949969693  0.70382359893439039
  0.71424564685352576  0.72481330202191729  0.73539679002959690  0.74629733090020400
  0.75798749261235654  0.76906202362753928  0.77902189054696214  0.78867566123333288
  0.79860537153445554  0.80931870105580039  0.82060779323807076  0.83192166309621396
  0.84315560804794121  0.85393067156595948  0.86460566002463957  0.87484415710853736
  0.88525207947244766  0.89514319679149323  0.90552012349453059  0.91623019207368950
  0.92652207821224064  0.93670257126505108  0.94704020650676835  0.95781329124199988
  0.96862696915064039  0.97943499193353534  0.99019350819945751  1.00000000000000000
 -0.00214316972103463  0.00842243395746997  0.01954850130076739  0.03155640978599464
  0.04422164271617393  0.05715651142180726  0.06844762951297498  0.07775537302701450
  0.08715639057306088  0.09674066312610237  0.10744629381013765  0.11843546895920497
  0.12884809662719271  0.14008178289064288  0.15275948706696921  0.16449887145860137
  0.17586816742393305  0.18759088456497691  0.20002695433964399  0.21368376556162394
  0.22690708241901486  0.23898096599853577  0.25077255490210171  0.26205182385549425
  0.27374865704580870  0.28626776294753165  0.29900683482635476  0.31095559209025103
  0.32215296751188005  0.33315065906787966  0.34469350318061598  0.35705581778591650
  0.36961250969755494  0.38017288849811182  0.39027631228279053  0.40083864078628390
  0.41041428327637353  0.41815838911206193  0.42545571517944747  0.43384866389638049
  0.44094974854025620  0.44759885923162157  0.45534491797123694  0.46495774663873901
  0.47476104586517609  0.48425366773601075  0.49373728895334451  0.50162897078982982
  0.50698609932985006  0.51326705328518862  0.51979057559982156  0.52704657091070739
  0.53543311468587707  0.54824699503888707  0.55929735743415820  0.56989649026777534
  0.58136478966037330  0.59337117623426450  0.60443256511269228  0.61455639592982814
  0.62487256896549770  0.63653750783889851  0.64951354213718715  0.66275760522060445
  0.67540643222898389  0.68683115977308473  0.69696395089447538  0.70707760811919196
  0.71796371691014449  0.72878885957264816  0.74042935485865635  0.75204037437277771
  0.76286018791657184  0.77307226607204027  0.78309184761434536  0.79321635365481558
  0.80198639941125260  0.81045776207433229  0.81922709285239892  0.82960436146851135
  0.84080262076930479  0.85159349237457349  0.86224139214380335  0.87354303121856003
  0.88528546997059798  0.89750282462156805  0.90868365222069880  0.91960135596515624
  0.93018664637628123  0.94130316982522821  0.95035598779999042  0.95932285872353706
  0.96788394252483823  0.97762524989200150  0.98937004147505236  1.00000000000000000
 -0.00242012687530812  0.00963560847613160  0.01945624261257913  0.02946630957788902
  0.03985465104300932  0.05187139969770434  0.06529816386599196  0.07953789102492442
  0.09206432645012572  0.10318778886958790  0.11246597711987072  0.12115593490058486
  0.12883700527787281  0.13748073175705158  0.14704669069910731  0.15751989078930870
  0.16894656512565892  0.18121825419577170  0.19337683737145711  0.20467554256562165
  0.21538568896270999  0.22608346904968091  0.23723096669623445  0.24892802975415942
  0.26103833954590350  0.27309487520915848  0.28488317117074513  0.29632240739486021
  0.30720305733410258  0.31861456511099318  0.33126264592350496  0.34477856675247920
  0.35831677302145132  0.37100589376600351  0.38324242089682592  0.39537660508842659
  0.40710372097854791  0.41770202137983808  0.42677667899179783  0.43612391635970982
  0.44560591590132120  0.45368782373952471  0.46082652385130646  0.46753251772106108
  0.47496925516000765  0.48437385415179846  0.49582332758426978  0.50676123183375554
  0.51760127475111672  0.52907128161901973  0.54130634326467675  0.55304317636418088
  0.56535866867010298  0.57805683625172855  0.59013941853140750  0.60133658993118677
  0.61356987223519832  0.62468369916972910  0.63563774269803941  0.64607244439190081
  0.65590810346944706  0.66677720347645342  0.67452925512213624  0.67976130934312273
  0.68537976080853724  0.69134371443534004  0.69721218274802321  0.70309108239913110
  0.71374105847521419  0.72342439359679622  0.73355420733956733  0.74415548997109260
  0.75517070020250165  0.76618268201598239  0.77784523430115449  0.78955911713661164
  0.80151692728083213  0.81257709718935578  0.82310965152525750  0.83327787996899449
  0.84301291808207324  0.85292684666082608  0.86366283110592024  0.87463354155483286
  0.88291071851656766  0.88996552498813142  0.89713878697994442  0.90614908742011502
  0.91713042913632725  0.92878585460839591  0.94109012733820141  0.95329614591050205
  0.96460568095867372  0.97585115731982275  0.98802009486838216  1.00000000000000000
  0.00003481148630464  0.00023612053226848  0.00041652202770738  0.00056947342328909
  0.00069308637250578  0.00078579640064571  0.00087503238415161  0.00096235551518316
  0.00105173673304185  0.00114650952861678  0.00124001714353297  0.00133308083014484
  0.00142099981660814  0.00150728037123673  0.00159975326400469  0.00169908947862607
  0.00178613060332076  0.00186667268056751  0.00194737450775694  0.00202420713196702
  0.00209532111244568  0.00215895499358434  0.00222230354976233  0.00229684019421554
  0.00238491718400800  0.00248531765359519  0.00259958596431345  0.00272801536272543
  0.00285564885696799  0.00296480496219774  0.00306451801654323  0.00316858649788543
  0.00327788437247962  0.00340597593843345  0.00355243013339426  0.00366320497328508
  0.00375771680047007  0.00385237826217242  0.00395323887098803  0.00407256215444278
  0.00425728140960472  0.00443151952054167  0.00459382935601883  0.00475730613953105
  0.00495384595104573  0.00515367324803050  0.00535034136485044  0.00554480901670532
  0.00572533658110726  0.00587179252012542  0.00603971312401261  0.00623488194669492
  0.00650864298655505  0.00669451512227422  0.00683272762629694  0.00694689676666095
  0.00703837677785786  0.00715479706546714  0.00731988529306103  0.00749253618098065
  0.00765472024390707  0.00777253609822942  0.00782998882514450  0.00788063186481594
  0.00793769017146482  0.00801232361210007  0.00809590634370546  0.00818596793563243
  0.00827022984583354  0.00835838367177273  0.00844891128486852  0.00855048281949875
  0.00860367665422311  0.00896801691555521  0.00934484889094401  0.00975915175376284
  0.01033778293964763  0.01088138968967746  0.01127160650628908  0.01158813802432213
  0.01180734826610841  0.01197423084995205  0.01226145569924362  0.01269887025528017
  0.01349093166659254  0.01401945638673623  0.01459875848461594  0.01517829634954962
  0.01574078904588500  0.01631905072969262  0.01724874008490087  0.01817824811264436
  0.01910707001755570  0.03932431336496051  0.06917761176846207  1.00000000000000000
 -0.00114212162201594  0.00430733809187027  0.00986509777850959  0.01556262458502676
  0.02163502042765057  0.02896409664115049  0.03707486289905462  0.04560310934401796
  0.05468289433317784  0.06480924426714386  0.07582634498065806  0.08679490814515389
  0.09719448514348565  0.10717121202537851  0.11791984795903968  0.12947719582689329
  0.14165434355404410  0.15388302488236846  0.16433300094232875  0.17284615834857237
  0.18041017629923292  0.18856342170976681  0.19779629590113221  0.20724007153166596
  0.21651559074960941  0.22596308263722123  0.23688508543271458  0.24898999519533346
  0.26074562570057230  0.27226027880923431  0.28386319779432034  0.29549226759778274
  0.30728157316825538  0.31993391933717164  0.33279638065741357  0.34559866919900811
  0.35703180479024804  0.36839501502083799  0.38057041509526196  0.39249827458205933
  0.40572402091414350  0.41912604916598173  0.43021165596349564  0.44007880856759346
  0.45051113317948865  0.46234316533739694  0.47409090006996574  0.48535852265831469
  0.49708799523046426  0.51064252228492779  0.52442177117096000  0.53839049812723039
  0.55113005083126188  0.56328480497695821  0.57554818909975303  0.58876707969677400
  0.60316978381466102  0.61750989810956258  0.63122979274679869  0.64525232269556176
  0.65984370788726798  0.67395792488579420  0.68640541660814047  0.69907062813904952
  0.71227487769221631  0.72407218472076373  0.73379736283445307  0.74266670186333017
  0.75297381450516443  0.76523441847170259  0.77757715492335922  0.78913633129117866
  0.80021456184470419  0.81139156831075820  0.82226098750566357  0.83040434642910466
  0.83679040289602602  0.84312629156499919  0.84971481579646591  0.85575502767363065
  0.86191450038683826  0.87190354927090685  0.88177485272771572  0.89093167255481387
  0.89944464155251280  0.90861710028108822  0.91876380409292469  0.93087627326760347
  0.94332610933741279  0.95231016100822108  0.96001792431434485  0.96747616518736190
  0.97502014395294334  0.98250777568642833  0.99033985931825419  1.00000000000000000
  0.35114581216548701  0.64036726203744632  0.67101963460227021  0.69455776828188232
  0.71278732807723988  0.72649978148002181  0.73835327269330875  0.74989679589648961
  0.75783792577946840  0.76542780281154854  0.77261843648102424  0.77928798172952063
  0.78525154362214677  0.79106171251133950  0.79658214772170111  0.80199602789214697
  0.80720932914647803  0.81227828876048180  0.81722422314188958  0.82224615819878555
  0.82696856647408867  0.83132109317305902  0.83518624896760096  0.83873969930508818
  0.84208611883101325  0.84552200129345134  0.84884356221436885  0.85221845958761233
  0.85578038332073059  0.85921155062965149  0.86257299331054282  0.86585918065594014
  0.86900890600407998  0.87218238176039797  0.87533276758527667  0.87815701488812015
  0.88088678191944869  0.88352216429595398  0.88624511347951107  0.88902776808901995
  0.89180886870234588  0.89447524269754120  0.89680482868061839  0.89899443155113301
  0.90109719647851161  0.90315998369169315  0.90528289167345655  0.90739492338464467
  0.90949540098074011  0.91139249452383109  0.91311213715968953  0.91502526941026785
  0.91714710161003943  0.91938304675759774  0.92147940326123878  0.92327083490374495
  0.92503903170673851  0.92668053240492665  0.92843984071354424  0.93028552283165789
  0.93217577853758893  0.93410306446457247  0.93593781471224891  0.93774969129438679
  0.93953462313328695  0.94126711422364939  0.94285700197671629  0.94440248569334240
  0.94604570949357714  0.94772878952580941  0.94961639158133060  0.95152389987756025
  0.95324576012716278  0.95482364644427409  0.95648995924607005  0.95814394430558092
  0.96011305372653633  0.96229674847430879  0.96446703399269096  0.96669572712499330
  0.96893367703678135  0.97113282335742290  0.97325554075005016  0.97535040182962807
  0.97755733203568662  0.97951700559231092  0.98135762057831322  0.98310202933563706
  0.98490283023187619  0.98637752865586192  0.98752901440768981  0.98882608319675580
  0.99015447092898534  0.99147668305172931  0.99502972112086563  1.00000000000000000
  0.04022450930542329  0.18261658687936938  0.22251636115652840  0.24987406767491499
  0.27292026690228521  0.29263904208458075  0.30974599797023494  0.32462291159481121
  0.33718928516052432  0.34993871732685389  0.36145522091063254  0.37141375284557615
  0.38010814955640471  0.38594271366652549  0.39083981550914232  0.39634333844862912
  0.40184706477867804  0.40730455977202012  0.41378976687736546  0.42296349877390682
  0.43182139603187564  0.43956053024168246  0.44627152373798362  0.45201760723678774
  0.45706713059173015  0.46222378296346067  0.46784296655836666  0.47443710563736513
  0.48031364435732293  0.48560601613990134  0.49081716060381475  0.49649708591986080
  0.50300321813314863  0.50936593918561290  0.51533755266956494  0.52077151684308942
  0.52641530231281153  0.53162220367101409  0.53638714066531512  0.54087272271663267
  0.54455845836668415  0.54829109978054802  0.55259744199448346  0.55719811357744520
  0.56142650703416286  0.56585992133126395  0.56983429172299327  0.57373020558710475
  0.57768209893066469  0.58161239570230849  0.58553896872862332  0.58964956449005057
  0.59381352255315867  0.59772851175877684  0.60136238076428383  0.60500362521474027
  0.60909648374637537  0.61321677467870250  0.61769089922151388  0.62174269310095565
  0.62584533408521947  0.62986322817775009  0.63415502196897089  0.63845174057010090
  0.64316891306421009  0.64808625531642716  0.65298413793946375  0.65797211182320092
  0.66297751379758574  0.66802430020943160  0.67326394887431928  0.67869734699697293
  0.68397331367362679  0.68934621534234208  0.69472936157903498  0.69928254904246545
  0.70427649029378703  0.70917078475948447  0.71517405340042783  0.72080310603850339
  0.72764604823316836  0.73516932298524151  0.74353624621866632  0.75191882423417400
  0.75988023282439898  0.76743023760709006  0.77502812218068862  0.78288168500608635
  0.78921277781611032  0.79682735665904758  0.80644820716218601  0.82084737475509906
  0.83954816367115526  0.86867310144440779  0.95792396972117710  1.00000000000000000
   1.3841249609130676E-010  -1.0000000000000000     
 F F F F F F F F F F F F F F F F F F F F F F F F F F F F F F F F F F F F F F F F F F F F F F F F F F F F F F F F F F F F F F F F F F F F F F F F F F F F F F F F F F F F F F F F F F F F F F F F F F F F F F F F F F F F F F F F F F F F F F F F F F F F F F F F F F F F F F F F F F F F F F F F F F F F F F F F F F F F F F F F F F F F F F F F F F F F F F F F F F F F F F F F F F F F F F F F F F F F F F F F F F F F F F F F F F F F F F F F F F F F F F F F F F F F F F F F F F F F F F F F F F F F F F F F F F F F F F F F F F F F F F F F F F F F F F F F F F F F F F F F F F F F F F F F F F F F F F F F F F F F F F F F F F F F F F F F F F F F F F F F F F F F F F F F F F F F F F F F F F F F F F F F F F F F F F F F F F F F F F F F F F F F F F F F F F F F F F F F F F F F F F F F F F F F F F F F F F F F F F F F F F F F F F F F F F F F F F F F F F F F F F F F F F F F F F F F F F F F F F F F F F F F F F F F F F F F F F F F F F F F F F F F F F F F F F F F F F F F F F F F F F F F F F F F F F F F F F F F F F F F F F F F F F F F F F F F
  <DiscreteSampler_grid>
  grouped_processes
  1 # 1 for a reference and 2 for a running grid.
  10 # Attribute 'min_bin_probing_points' of the grid.
  1 # Attribute 'grid_mode' of the grid. 1=='default',2=='initialization'
  0.0000000000000000 # Attribute 'small_contrib_threshold' of the grid.
  0.5000000000000000 # Attribute 'damping_power' of the grid.
 # binID   n_entries weight   weight_sqr   abs_weight
    187   10   6.570504175577001E-005   1.680363461499340E-008   6.570504175577001E-005
    188   10   6.570504175577001E-005   1.680363461499340E-008   6.570504175577001E-005
    190   10   6.570504175577001E-005   1.680363461499340E-008   6.570504175577001E-005
    191   10   6.570504175577001E-005   1.680363461499340E-008   6.570504175577001E-005
    193   10   5.098912672575369E-005   9.981055938040240E-009   5.098912672575369E-005
    194   10   5.098912672575370E-005   9.981055938040235E-009   5.098912672575370E-005
    196   10   5.098912672575369E-005   9.981055938040240E-009   5.098912672575369E-005
    197   10   5.098912672575370E-005   9.981055938040235E-009   5.098912672575370E-005
    199   10   4.678000595316949E-005   7.383851350689298E-009   4.678000595316949E-005
    200   10   4.678000595316951E-005   7.383851350689298E-009   4.678000595316951E-005
    202   10   4.678000595316949E-005   7.383851350689298E-009   4.678000595316949E-005
    203   10   4.678000595316951E-005   7.383851350689298E-009   4.678000595316951E-005
    205   10   4.172769061766068E-005   6.499042130310990E-009   4.172769061766068E-005
    206   10   4.172769061766068E-005   6.499042130310987E-009   4.172769061766068E-005
    208   10   4.172769061766068E-005   6.499042130310990E-009   4.172769061766068E-005
    209   10   4.172769061766068E-005   6.499042130310987E-009   4.172769061766068E-005
  </DiscreteSampler_grid>
