  0.00318604507318915  0.01318167971051170  0.02417133245640751  0.03329512923198975
  0.04237528653592055  0.05313986414006597  0.06489373234096733  0.07616368167642266
  0.08724279184049409  0.09846621533382201  0.10956850761704558  0.12031753051252880
  0.13113015622015092  0.14205417779075294  0.15294240716894378  0.16372321789110200
  0.17446720636249369  0.18506985911407067  0.19538955024576610  0.20610450287531962
  0.21696993529658051  0.22755534204451752  0.23769158158505901  0.24793272336291561
  0.25859294788119425  0.26931845325471376  0.27977403311117327  0.29005689654130912
  0.30051441430484982  0.31138347091604679  0.32266629986438089  0.33393157494545161
  0.34497891258691338  0.35602311766587641  0.36692842862951547  0.37774378510557799
  0.38852225347210545  0.39971401877825141  0.41196031204792499  0.42431482619385613
  0.43646106778287480  0.44772136543671170  0.45828503581609226  0.46893556329244646
  0.47996069009755460  0.49081569359759730  0.50143835685739335  0.51206884025612309
  0.52263002617481580  0.53302069142462360  0.54346666643104369  0.55481961414076508
  0.56660606881673892  0.57746425524177913  0.58745587997014082  0.59709316208884056
  0.60729150462933146  0.61815869425123093  0.62873255437683484  0.63917405742815558
  0.64917057259206690  0.65959414768945412  0.66991404351868389  0.68084295697533515
  0.69121603950414900  0.70105482764827498  0.71024762254939677  0.71927615085057772
  0.72870656077396190  0.73877200963854506  0.74858869069571421  0.75829043524915130
  0.76819417552424341  0.77845023440577932  0.78894452156109374  0.79896020084782704
  0.80868403279238510  0.81878263247385952  0.82886615568904010  0.83930635562464806
  0.84937703500853656  0.85856903410187968  0.86735914798853453  0.87633801009302104
  0.88606811693318510  0.89681534202149915  0.90805715912278828  0.91923469254068446
  0.92983033668751536  0.94007904288894550  0.95029640894392908  0.96034831670698861
  0.97032166078828908  0.98001147308974734  0.98980528456742600  1.00000000000000000
  0.00002620505059638  0.00005621609566684  0.00007184902286046  0.00008221899862311
  0.00009016555944319  0.00009730441479648  0.00010455150170732  0.00011162251945852
  0.00011876193636233  0.00012610132523848  0.00013350991214278  0.00014200941506109
  0.00015045591817000  0.00015969787701565  0.00016903354677636  0.00017859263322767
  0.00018866312840528  0.00019909293148656  0.00020997046958604  0.00022090648398915
  0.00023196703170860  0.00024357480454444  0.00025574354433771  0.00026872895476975
  0.00028221155739101  0.00029618172576651  0.00031057712841674  0.00032529682840160
  0.00034078949151512  0.00035686859254835  0.00037406985218116  0.00039279690114945
  0.00041314711674320  0.00043381437766042  0.00045564902222215  0.00047784717794589
  0.00050029127436648  0.00052424534328832  0.00055010062750338  0.00057725795622917
  0.00060517729410062  0.00063416600829293  0.00066508084677356  0.00069591492186928
  0.00073086403136133  0.00076812023043147  0.00080897061882642  0.00085253947146900
  0.00089837242202465  0.00094581675937927  0.00099515285468767  0.00104658439783098
  0.00110178733358513  0.00116100927856642  0.00122607615447748  0.00129805600289962
  0.00137469080889719  0.00145581984867709  0.00154301969213591  0.00163392901139761
  0.00173088433148639  0.00183079139953652  0.00192743285428079  0.00202664603669620
  0.00213472593897265  0.00226302341843910  0.00241307245940994  0.00257094283540814
  0.00272941746041977  0.00288406807750676  0.00304252573807536  0.00321805650628687
  0.00341860879443471  0.00364392464724803  0.00388576589380771  0.00414916829370901
  0.00443562725096172  0.00476929888020711  0.00511217576250879  0.00548952734631390
  0.00582312028928787  0.00623090314138802  0.00676831144143546  0.00745707478809588
  0.00816847418152130  0.00884045409178314  0.00955447887850720  0.01027836206921239
  0.01100605560529255  0.01206536307963972  0.01315346685948612  0.01470746735635101
  0.01631350980773425  0.01928658402047212  0.02854399788417250  1.00000000000000000
  0.00225738182869824  0.01493855142327771  0.02823530664437772  0.04031552154391783
  0.05155865441824953  0.06244162442660070  0.07260020897232265  0.08268185141648514
  0.09277805711526635  0.10347938531564491  0.11447785584794284  0.12469839453807433
  0.13444389360398179  0.14379128574004524  0.15422568018590677  0.16466252030574530
  0.17505674147257078  0.18461361951914146  0.19463809181317196  0.20480270420027022
  0.21527471013594005  0.22618868697320219  0.23752104650098857  0.24890686577603105
  0.26040223073815211  0.27220374811954884  0.28449460559178702  0.29593162562416198
  0.30663036297970914  0.31709454471289339  0.32740022461392981  0.33766939397527951
  0.34686681271006070  0.35585847692004574  0.36494624956050492  0.37425131800291661
  0.38460865014840806  0.39505631804416796  0.40448567647210559  0.41319454487999507
  0.42159831588559860  0.43023525060703416  0.43951842691938509  0.44907349888746617
  0.45826950405760669  0.46788068057805543  0.47805069683670576  0.48858930229912140
  0.49906206271115816  0.50936741961812926  0.51958084935828130  0.52969272073473583
  0.53980736379459593  0.55015526613251609  0.56115413610054110  0.57216643408504109
  0.58317753765363955  0.59447135531604567  0.60614820237508737  0.61790504569717197
  0.62892588593046805  0.63947057625367709  0.65017421222966154  0.66137323553194560
  0.67282865298578409  0.68394517845149005  0.69496966378595093  0.70609368356161295
  0.71707016697436510  0.72767789363319491  0.73769252760122539  0.74745065614300477
  0.75726965099608001  0.76716987007432025  0.77730069377359989  0.78790660285093206
  0.79941215140461752  0.81113758239231892  0.82265608314572503  0.83355495630590248
  0.84410502138590948  0.85445995811796305  0.86463415412548783  0.87471933002289781
  0.88466811767471476  0.89480447902038707  0.90544797769868079  0.91597108691166951
  0.92548598797039172  0.93537404337007191  0.94522131836289658  0.95571630350324954
  0.96693363008672983  0.97793286632083232  0.98892326856696522  1.00000000000000000
  0.00000347052117116  0.00000353869089249  0.00000358456401224  0.00000363214805363
  0.00000368591341280  0.00000374520450917  0.00000380486022367  0.00000387597772399
  0.00000395086238484  0.00000401044654465  0.00000407821067351  0.00000415120224948
  0.00000422791158156  0.00000431176608676  0.00000440762578355  0.00000452729019678
  0.00000468334865454  0.00000486449974730  0.00000504140543640  0.00000521568089273
  0.00000538610590454  0.00000555513398255  0.00000573822688189  0.00000593723396447
  0.00000615696596829  0.00000639726116623  0.00000665608743088  0.00000694794409673
  0.00000727242364674  0.00000764264369829  0.00000807727400753  0.00000853084979841
  0.00000900895364843  0.00000951233894585  0.00001004991281119  0.00001064534203570
  0.00001129533137484  0.00001199396659014  0.00001274285591590  0.00001355651457340
  0.00001444656796730  0.00001539274165494  0.00001638133785089  0.00001745893202108
  0.00001865087352593  0.00001994413995726  0.00002137878574453  0.00002295641579731
  0.00002467845021388  0.00002656370289697  0.00002863260510529  0.00003080108182211
  0.00003314009204267  0.00003578505948280  0.00003860889824533  0.00004169573628233
  0.00004514234859527  0.00004880988896853  0.00005278260100036  0.00005727324075225
  0.00006241563924590  0.00006827602736968  0.00007486566525499  0.00008243433486583
  0.00009126492391666  0.00010149465856143  0.00011353104893985  0.00012775711146012
  0.00014442899908613  0.00016390714355557  0.00018639607060400  0.00021202653931503
  0.00024104426424090  0.00027426493451671  0.00031270055736939  0.00036041951347441
  0.00042319813511316  0.00050585221159665  0.00060642792874040  0.00072431292783057
  0.00086971258113837  0.00106012139601660  0.00131359171547350  0.00164129944148295
  0.00210249615619801  0.00258287818178397  0.00303319424328591  0.00354396118904075
  0.00435115807514884  0.00549505587545502  0.00702648526744182  0.00921022403884617
  0.01326057202828611  0.01667197488779362  0.39387604402834425  1.00000000000000000
  0.00000720646797938  0.00000908725457805  0.00001087410449045  0.00001297281147940
  0.00001533518898301  0.00001781993626698  0.00002040338008888  0.00002315391982162
  0.00002599116818945  0.00002846569571609  0.00003095559130757  0.00003354075064225
  0.00003629343047436  0.00003954942335103  0.00004326180393283  0.00004720941859207
  0.00005140406888581  0.00005589600963018  0.00006064139187376  0.00006562178726022
  0.00007092338395828  0.00007650276299323  0.00008256376631779  0.00008879561862278
  0.00009510707052120  0.00010207092196646  0.00010943665182001  0.00011800916604310
  0.00012798066371970  0.00013856327249035  0.00015005742642563  0.00016219627989982
  0.00017497350940447  0.00018803020062789  0.00020175299410823  0.00021658022760599
  0.00023241044075675  0.00024941969049737  0.00026715934716942  0.00028557806035459
  0.00030438093101573  0.00032403219872977  0.00034542759242069  0.00036898085410705
  0.00039439983415507  0.00042140597428313  0.00044977607805449  0.00048079756109027
  0.00051434596575975  0.00055039739873123  0.00058517370558569  0.00062116489407622
  0.00065842765118104  0.00069669004242035  0.00073611136259048  0.00077816352166801
  0.00082559070281166  0.00087985526675018  0.00093989003069099  0.00100275754209415
  0.00106806722944865  0.00113682261300498  0.00120800217451894  0.00128467667864272
  0.00136834131064628  0.00145977036726338  0.00155669894914155  0.00165468093255235
  0.00175588185642855  0.00186361310503776  0.00198317981014481  0.00212448675377959
  0.00229612425833792  0.00248287005602018  0.00268556474108520  0.00289684162159331
  0.00311714050105592  0.00334189505254427  0.00358114634568120  0.00382019815682608
  0.00407569487424490  0.00436718488231408  0.00465921524457585  0.00497557907662915
  0.00533460985717074  0.00573484744130552  0.00618501873555020  0.00668761396151272
  0.00717759572468194  0.00762450592042900  0.00809198456597439  0.00864377636471149
  0.00939161270087252  0.01054954434847327  0.05376389013227141  1.00000000000000000
 -0.00278931063791960  0.01201582416292549  0.02473762900265251  0.03886476491475897
  0.05267234438481810  0.06547339728380440  0.07763449824932313  0.08968690936113204
  0.10219304119466051  0.11467673851853673  0.12698487080261833  0.13906026519623776
  0.15069658490800264  0.16249627615587697  0.17424601375121898  0.18510924820742913
  0.19461933051273819  0.20388799435104482  0.21432097754581664  0.22497449194201541
  0.23532846037422414  0.24543625163413677  0.25556298096925117  0.26534365065245791
  0.27488115190427653  0.28447918637931280  0.29416327868720576  0.30374054063902461
  0.31320055724338902  0.32322338917775834  0.33322913576579816  0.34297976487383491
  0.35201865376832886  0.36057073001984308  0.36899619919827625  0.37720988747120721
  0.38566139398016808  0.39533480566298235  0.40511847697443248  0.41478818964197040
  0.42461915619794044  0.43435142791788373  0.44392554646414917  0.45351017690210826
  0.46311347618085252  0.47287574466450116  0.48272033346466792  0.49258111405705052
  0.50240722944604499  0.51176091150806791  0.52109654874107447  0.53047913604553132
  0.54024613975090030  0.54944696742424870  0.55804989580693354  0.56700932911730906
  0.57571934275789471  0.58498858622487981  0.59440433825832517  0.60401034277925070
  0.61378058487797227  0.62320123600159294  0.63224500714554344  0.64097084540780680
  0.65003384607814152  0.66008258822630306  0.67104820396635234  0.68228275929063631
  0.69235480336795863  0.70137129278850097  0.71012492711258002  0.71905756830019041
  0.72809711732073168  0.73761325704312586  0.74703286990374551  0.75778500607963328
  0.76848161864015518  0.77902694123496907  0.78981540251286519  0.80095568736049383
  0.81246549597241369  0.82455194375584062  0.83693747968941912  0.84916555080389877
  0.86122037896806880  0.87354299050094497  0.88632948168030634  0.89920687341105154
  0.91191198080722546  0.92438312652088817  0.93702653021565541  0.94992854285705930
  0.96278230669641096  0.97523950786306934  0.98738316751339628  1.00000000000000000
 -0.00277528299903566  0.01007595705588818  0.02025152434396603  0.03090947540086916
  0.04187298721517382  0.05376194766014906  0.06477435218251125  0.07519541007639810
  0.08554640594954330  0.09572896510101588  0.10573864313739192  0.11563571648313073
  0.12548219374644354  0.13592998115713145  0.14672096182839608  0.15723406411438859
  0.16777936995728168  0.17831201464248941  0.18866768122326516  0.19871633240021302
  0.20883136038831082  0.21942966399101035  0.23020233070424120  0.24103210765575109
  0.25209199253637821  0.26317921065661964  0.27416279946446553  0.28504929943388607
  0.29589998483234703  0.30660323744908746  0.31727726188753891  0.32794141879813343
  0.33847886737908262  0.34880467608076487  0.35866972071023351  0.36788954380691702
  0.37694538190499766  0.38619375067561307  0.39670455012025019  0.40755013540926444
  0.41836622375516469  0.42912652563393944  0.43975140964110498  0.44940426749644202
  0.45832129987271752  0.46680094309618825  0.47536777877854530  0.48489785428977311
  0.49421266003016678  0.50351161233621844  0.51443147337444306  0.52550611044558881
  0.53698951244132620  0.54887310171238035  0.56060451175180304  0.57147070454525317
  0.58202036694500692  0.59277270974067464  0.60333616469465634  0.61378969560835339
  0.62353160627598025  0.63264738484987038  0.64193555568896365  0.65155905184171237
  0.66232164984877306  0.67401656443999014  0.68579066384115384  0.69721566926985512
  0.70817809061037995  0.71909277860018161  0.73011322074602469  0.74129686454174482
  0.75203610860671954  0.76254778252563027  0.77286931678475523  0.78359861199343483
  0.79447948830706316  0.80580434362502273  0.81672492237292948  0.82771156751243946
  0.83843549023276709  0.84917864164947476  0.86006465069493798  0.87088708280258453
  0.88174237157436919  0.89237707143100686  0.90329517817328664  0.91364782006141110
  0.92419281793154284  0.93470597834962821  0.94531732289067494  0.95658092997658040
  0.96730534286358383  0.97840924043177768  0.98878004019905774  1.00000000000000000
 -0.00638498333347338  0.03027627527507059  0.05917294866609146  0.08566748358574380
  0.11036042564560423  0.13342866466791564  0.15509401163085151  0.17582773889694198
  0.19558045278397374  0.21422461508501867  0.23206806725124965  0.25020850395121186
  0.26797992879122962  0.28550639932830180  0.30291346582274320  0.32007310474908335
  0.33631643490151231  0.35170426146485712  0.36673079595126185  0.38176229839751508
  0.39649540752386014  0.41114637019482092  0.42590206205579295  0.44069245976578236
  0.45487478382224711  0.46816460944856414  0.48077550208575637  0.49332674872020105
  0.50618033977882826  0.51883203243089027  0.53081781790750882  0.54217689958014004
  0.55343892097321823  0.56436684565389361  0.57524859404946638  0.58624445664596825
  0.59735099992555551  0.60885808251582452  0.62029982578267617  0.63150895759482772
  0.64255856931570521  0.65338378218281123  0.66411250423378021  0.67448648063505923
  0.68454555588245347  0.69416606505260947  0.70358328070812237  0.71302104777487585
  0.72246632416709011  0.73193458494937924  0.74104552998448869  0.74955409947589935
  0.75763301364578051  0.76557848911271920  0.77366589018477716  0.78171237748800715
  0.78952816582061580  0.79701528086889528  0.80429166926693918  0.81147306719614087
  0.81846281691711353  0.82561564792444098  0.83270587133366225  0.83987617736182707
  0.84687749965021086  0.85369492731530139  0.85983920381550993  0.86569643562249565
  0.87160812173948521  0.87744267507349782  0.88322018432591209  0.88894883409683323
  0.89468901666413503  0.90055755541751792  0.90627870821448309  0.91140670628015763
  0.91594252242977225  0.92065356897822581  0.92538347762788220  0.93048798302910551
  0.93593631316867310  0.94108943589195992  0.94591506444272289  0.95087554490529214
  0.95575205484185699  0.96049441913151579  0.96517296005213438  0.96979666648282870
  0.97423276025589844  0.97833227108506016  0.98179327585228593  0.98507817028394551
  0.98839643921870024  0.99175417124101350  0.99537673695291728  1.00000000000000000
 -0.00219150888252371  0.00911599507408275  0.01821756069804747  0.02762473815345627
  0.03751508391465450  0.04816362569212359  0.05921056841096428  0.07019924378849338
  0.08098142755907953  0.09187563906168328  0.10277181189189896  0.11346805092322496
  0.12381771862527584  0.13393275973154886  0.14431769152247881  0.15372603495111611
  0.16307826953635729  0.17285178091025374  0.18304228286457933  0.19559806672175487
  0.20803622016696824  0.21976000775636992  0.23130043344313844  0.24260871282021065
  0.25448134032691916  0.26556538649499467  0.27644400953926046  0.28701967867559736
  0.29807571723955495  0.30797504432496348  0.31776920529195879  0.32736776012824426
  0.33800109160344227  0.34864835935767602  0.35934404350683175  0.36970257008263735
  0.38030144491729589  0.39122620101123096  0.40213563362644889  0.41303251128141732
  0.42398996246588633  0.43466334049627453  0.44539917572788346  0.45629151883571578
  0.46727721572323722  0.47812018254273791  0.48868804908627245  0.49951620392092383
  0.51074989921584224  0.52219797062381923  0.53364116300463471  0.54511178878572919
  0.55666376145066909  0.56825560669357922  0.57974688979949895  0.59082346723928136
  0.60116043858813772  0.61101054625754214  0.62119203388262112  0.63237667638979522
  0.64407896875728921  0.65457545665635486  0.66421687083521130  0.67380482491239413
  0.68334925736287988  0.69294610809556600  0.70222770653799071  0.71233130422257263
  0.72309066612694628  0.73397575012225613  0.74407575962078065  0.75427880081398191
  0.76435264480649689  0.77534883552488354  0.78666263100329981  0.79673744059698093
  0.80651324312805706  0.81622098134654697  0.82649462454395761  0.83696128930369396
  0.84726778285516025  0.85745168316285603  0.86773113987752748  0.87840846725542165
  0.88900447534721616  0.89816048190742892  0.90740367487749407  0.91590286062865722
  0.92586089531192139  0.93621142516341127  0.94657295897972482  0.95717695269976588
  0.96754228881228654  0.97805904810731914  0.98827514780611847  1.00000000000000000
 -0.00280082180422188  0.01132555153214138  0.02110791818091104  0.03238542960418193
  0.04280013142755806  0.05486841485503427  0.06674766640787762  0.07881874841930020
  0.09138707435600774  0.10435221538943747  0.11579466664582447  0.12584217460848088
  0.13574472033064772  0.14616727357132073  0.15656644519679483  0.16700160438852718
  0.17766520999819391  0.18812190072147902  0.19820290377019634  0.20840750762886631
  0.21894962682958863  0.22960490348227205  0.24045798091199810  0.25139459864133878
  0.26224160006709740  0.27235734490869895  0.28078683600807436  0.28876450295859374
  0.29686270183730235  0.30577002807218723  0.31501888793898963  0.32481475155437189
  0.33491044568258860  0.34522622981775036  0.35578989842606618  0.36611329694496492
  0.37620759946779425  0.38603764578562499  0.39544330412615336  0.40452050391586269
  0.41352224240087254  0.42268419942415725  0.43192141134113810  0.44094218381175160
  0.44970329432865380  0.45852073485243156  0.46755199599947128  0.47672242702684442
  0.48576872601911109  0.49446359895077280  0.50328758072119950  0.51249169438942510
  0.52175415808150560  0.53086958548108865  0.54004170861673084  0.54941606388051112
  0.55884216102496775  0.56834179267834073  0.57783459046079821  0.58734244718904982
  0.59701812044178326  0.60686971229816167  0.61674213681950596  0.62637200038728258
  0.63593321808499825  0.64578010951341080  0.65622492567802826  0.66677234508212413
  0.67694053263233822  0.68692457238960059  0.69696939970314542  0.70749355575942918
  0.71837744521352787  0.72911569306824842  0.73980075614030927  0.75058860309782560
  0.76157519115180572  0.77252115588500236  0.78320788256646756  0.79373540739859394
  0.80456476106859098  0.81587366350252843  0.82842135685268148  0.84178166411922661
  0.85556028243315485  0.86827256307224632  0.88046388441352885  0.89213630893165963
  0.90476014545440298  0.91775992210273816  0.93147524736786280  0.94478853584429889
  0.95816093367169253  0.97178502789763554  0.98576752684468238  1.00000000000000000
 -0.00273264123780408  0.01071617697765543  0.02070467341880481  0.03172575407332525
  0.04219403551590065  0.05281022820437906  0.06343102093885823  0.07374905492467379
  0.08381535244289257  0.09349593481206164  0.10311669917213216  0.11348359884274185
  0.12428682817303251  0.13537174753118136  0.14632209451677738  0.15646452435993116
  0.16633854183567243  0.17586554473105787  0.18551805054338755  0.19565743341378311
  0.20643817148358951  0.21772515771639273  0.22905117878190306  0.24020260292138726
  0.25115464008751076  0.26172680023116157  0.27188099620527306  0.28211329594900963
  0.29275077690861423  0.30412798405925495  0.31574747607231152  0.32706765192040249
  0.33807148930579156  0.34888014679898000  0.35963094213718066  0.37069700475602363
  0.38177432705897141  0.39285416713963511  0.40399403555828106  0.41505561720016826
  0.42558321971671187  0.43565974822405396  0.44615296209838023  0.45697223003127024
  0.46783561446404015  0.47860193653941197  0.48953601596753699  0.50053421197287840
  0.51150602296003322  0.52217084506109690  0.53284676563925859  0.54333417461116396
  0.55376139752503162  0.56410725669687933  0.57429328545278879  0.58449087921603093
  0.59462906403943394  0.60477316503444922  0.61521941334441421  0.62645152065503007
  0.63821018885125114  0.64997707024316398  0.66149386365018137  0.67319295573359050
  0.68484920672079630  0.69544318692071427  0.70489486800058621  0.71359015967344530
  0.72185542583159656  0.73111851158608565  0.74082421699916545  0.75066808660706108
  0.76032299069919773  0.76960042373570514  0.77915640434462907  0.78893125718686952
  0.79910908852193951  0.80967853083678187  0.82089560350556112  0.83201635829718013
  0.84178179731921665  0.85077324488834860  0.86004582978221267  0.86920627185114085
  0.87856065589636123  0.88811162717588688  0.89774664611527599  0.90839524990881471
  0.91901769353082852  0.93012488420704176  0.94115808866214379  0.95282536897338088
  0.96453914411452435  0.97654150274217089  0.98833228479999535  1.00000000000000000
 -0.00266194388827739  0.00961694855989239  0.02071440613646672  0.03143770425610694
  0.04265202712011802  0.05410701778040519  0.06539951452353163  0.07633037602125439
  0.08711676244109541  0.09809060792099913  0.10944555875333462  0.12087124574115880
  0.13189354837174086  0.14239561145866989  0.15280851150555116  0.16312167196680652
  0.17346827426878883  0.18377198217757049  0.19314696478424448  0.20218363377445239
  0.21156294268546930  0.22131282567344795  0.23113974850579747  0.24045413224107831
  0.24981765225624500  0.26089499608788463  0.27310360310685988  0.28465066477509388
  0.29487404377822252  0.30416823465238030  0.31290618951642030  0.32171308953953454
  0.33151473494324618  0.34203632736921719  0.35295415845395944  0.36341240994492746
  0.37305923393044310  0.38280959797412556  0.39308172624777515  0.40361103739715493
  0.41391922880220033  0.42412501634537003  0.43441375543926880  0.44434548280106373
  0.45364400144134620  0.46326062915542565  0.47384416668450785  0.48459226684423051
  0.49526696699314682  0.50587902423671050  0.51654742931397446  0.52689666844128602
  0.53674537823881341  0.54637510702540759  0.55620866588861151  0.56640215476238065
  0.57692354126397538  0.58775191273158933  0.59880776092280186  0.60973376144985159
  0.62048246636663540  0.63157633168363470  0.64294144504204742  0.65399451730236391
  0.66458916700858994  0.67519815374454584  0.68602076766320585  0.69678753111304192
  0.70775821212147971  0.71900761884011877  0.73051217846928018  0.74166161400383090
  0.75241723471410205  0.76278668775398106  0.77332890754787531  0.78438109800010258
  0.79523876586701125  0.80585794348815076  0.81629321462884874  0.82695887838518556
  0.83794021724755330  0.84870848707603064  0.85929061015540553  0.86981736723049252
  0.88072392605145045  0.89170195733581437  0.90279959194516435  0.91366457398845169
  0.92426960804827396  0.93486495030127958  0.94550812341404733  0.95629790497409761
  0.96722508636880522  0.97787322349770101  0.98908147149381109  1.00000000000000000
  0.00016801455398085  0.00023485880241716  0.00046238008083276  0.00066672904358910
  0.00083675949929825  0.00098617538444232  0.00113890211141645  0.00132669929588465
  0.00151528584162967  0.00170474557108215  0.00189437698414934  0.00208371773579241
  0.00227731490000445  0.00247531451107730  0.00267732442241460  0.00288238389546396
  0.00309000435832430  0.00329962473246701  0.00350993074573747  0.00372440445467775
  0.00393714626945114  0.00415388628309471  0.00436984746343523  0.00458467199447146
  0.00480243437173749  0.00502675430090725  0.00526809694631113  0.00551254655343089
  0.00575970990151010  0.00600407551697102  0.00623852770733388  0.00645812383017411
  0.00666882180802230  0.00688730936815104  0.00711071748954595  0.00733349178778440
  0.00755207106412520  0.00776558911232563  0.00797410667759276  0.00817938704343621
  0.00838338541700517  0.00860753769902598  0.00884960940969322  0.00909134626709117
  0.00932756434534673  0.00956540643460561  0.00984722777231455  0.01011865527855404
  0.01039120846812109  0.01065809257429704  0.01093804434694196  0.01122514582720374
  0.01149901695309151  0.01177943362745008  0.01206313669491291  0.01235321736131277
  0.01263605435979586  0.01290466864175159  0.01321612998233350  0.01357665441709725
  0.01397607832017083  0.01438664798936546  0.01478469423016475  0.01519880354667043
  0.01561152927204971  0.01606391824238262  0.01653884174921402  0.01693414444960665
  0.01730743557364678  0.01773292187997347  0.01831960085781791  0.01880426275898103
  0.01919034989265899  0.01957085283371262  0.01998204186597723  0.02052984068263846
  0.02127456123534129  0.02193746236030526  0.02272620871357135  0.02350567429669677
  0.02453807371032116  0.02552450909134958  0.02652168252127269  0.02751512556554002
  0.02859667436435933  0.02990246882691231  0.03231510591047374  0.03332707441103144
  0.03416965107093341  0.03516371591485647  0.03776254627060609  0.04231617072106054
  0.04412851670406374  0.04739176764268275  0.08437258410184489  1.00000000000000000
 -0.00219545942216274  0.00821404328620606  0.01788459746215149  0.02791667378724968
  0.03814350568405273  0.04782294976634442  0.05755797754977836  0.06776106608498798
  0.07798423192232351  0.08787691060294384  0.09703816464142102  0.10657170815182750
  0.11680864307509120  0.12720684462658624  0.13740872324887260  0.14759988199918056
  0.15821465565663476  0.16882176894387965  0.17926554504571590  0.18921227199194113
  0.19908784761927356  0.20926105416772228  0.22007282599890185  0.23089026961176129
  0.24171446521591744  0.25293126559992585  0.26345723434054291  0.27300122118021936
  0.28251370167081535  0.29196417444795192  0.30309490808152539  0.31472789978867449
  0.32563208433061935  0.33617974369554277  0.34680496126976346  0.35775742041845354
  0.36878075859168497  0.38018133234590551  0.39150815278827444  0.40247549368801672
  0.41317395753626129  0.42362497566578267  0.43465910584558781  0.44593774085702625
  0.45761811205592401  0.46908634830851326  0.48041779118508032  0.49195385415324361
  0.50388038477563535  0.51607145246727060  0.52787617981100654  0.53922532746051999
  0.55072961242442475  0.56268775453882658  0.57444969110222277  0.58615725119575479
  0.59775246322559783  0.60896946444685207  0.61991433016388220  0.63085028511550278
  0.64195439867962656  0.65252566844370663  0.66250318876974257  0.67268351359442691
  0.68345745530853108  0.69438135390247058  0.70516511973547613  0.71675979331967632
  0.72760096233101379  0.73783393815101694  0.74771804839160161  0.75704006815520175
  0.76835494757116463  0.77991002038072121  0.79189402486116112  0.80316684438417729
  0.81421685718495340  0.82475323965850345  0.83508007570127407  0.84517009966034773
  0.85446125012647123  0.86335927208686769  0.87232758726296478  0.88194213871298643
  0.89126832499031339  0.90112285148653137  0.90999624858985317  0.91923872780826810
  0.92943798192320193  0.94003530568104388  0.94993635354940953  0.95983959543451114
  0.97013634811290961  0.98076343934042642  0.99061565999625312  1.00000000000000000
  0.49974823662717083  0.60431467687694729  0.62220569082885491  0.63962423785089995
  0.65642282415835418  0.67138855268899833  0.68467916871524515  0.69703443708916535
  0.70873232462269775  0.71984544859971900  0.73015343347040984  0.73934632174812709
  0.74806842268432461  0.75606974784260217  0.76352182315964201  0.77047023742697385
  0.77666301713552655  0.78225607318365242  0.78740673953493001  0.79237560955424347
  0.79711644357626155  0.80191088319655468  0.80668884631975413  0.81131643135297538
  0.81578021402699818  0.82010606662518903  0.82442599317666954  0.82866442717205446
  0.83255925576092327  0.83629870425775277  0.83994566730885933  0.84361980188340846
  0.84723305715800568  0.85088201124273077  0.85454418149223355  0.85814145142908049
  0.86151570488528750  0.86490614326782378  0.86838677389069674  0.87172056172356693
  0.87505162903095079  0.87811617213858473  0.88124229240336982  0.88440558127989599
  0.88761345275290304  0.89077667593321452  0.89388308033536801  0.89686512460094192
  0.89973006439730552  0.90248567883439690  0.90515222259524586  0.90774214278988430
  0.91030872739839863  0.91288106170482941  0.91540125077583423  0.91783166374166736
  0.92022823443853541  0.92265084738509995  0.92508218450604007  0.92748625448206623
  0.92984887822545503  0.93218463149447461  0.93452751663917111  0.93684981187460625
  0.93901991654183314  0.94095649563797468  0.94284193819941042  0.94478066303611463
  0.94668267938408568  0.94865315562586017  0.95080212529519903  0.95295068786174097
  0.95491664060785497  0.95680864364108265  0.95859903958299009  0.96034762777295413
  0.96215509983712777  0.96395202039096506  0.96568576115995342  0.96739824742096270
  0.96911342767852604  0.97085161930461239  0.97269523658774648  0.97467307929383640
  0.97659053878222313  0.97846902806009017  0.98037732788751042  0.98229038492644294
  0.98422586271313228  0.98620324568402995  0.98821866049979090  0.99034355500298810
  0.99246917789979350  0.99459941842288668  0.99708445753959529  1.00000000000000000
  0.04942754556429599  0.11134106214361786  0.13623638453614648  0.14908833805743801
  0.15995000976069312  0.16925116390131800  0.17787096717988907  0.18564227004525119
  0.19284240570954353  0.19956099672047609  0.20601933392878580  0.21229946035334121
  0.21839618853201118  0.22445586412602880  0.23065613950843439  0.23689243800596413
  0.24324373758045298  0.24950184176818996  0.25540570264217738  0.26106494215697623
  0.26657770891885108  0.27198064177572784  0.27723420688598394  0.28236663929213668
  0.28745721146577774  0.29240162880450465  0.29721963722289324  0.30201679723433406
  0.30684286686511436  0.31147951231248727  0.31625524647108533  0.32081146186029141
  0.32549596414395443  0.33019693438886660  0.33481851610096358  0.33951039358899271
  0.34430754959629351  0.34910530860335237  0.35385570702802599  0.35855734183591820
  0.36314253739729124  0.36777356147477597  0.37250374922776741  0.37726263311772901
  0.38191963735113854  0.38651558080975518  0.39109658489416022  0.39566066836276681
  0.40034380630197358  0.40524776112293687  0.41032672194783998  0.41543962623940911
  0.42044624372269751  0.42536826251107857  0.43028447439120060  0.43510462787593279
  0.44000865561319080  0.44483166030098331  0.44982570901548063  0.45504339839839264
  0.46034343902583819  0.46546908242063539  0.47051361850049350  0.47569946472703084
  0.48130869437128587  0.48741130577891117  0.49352666611038903  0.49921184572657701
  0.50522402769639874  0.51117688922811066  0.51747144006676915  0.52394516940505353
  0.53080095338077438  0.53803219589861295  0.54514115448982126  0.55263672105136952
  0.56019083278712478  0.56831772149435855  0.57673323080697014  0.58530321035902855
  0.59370986439302975  0.60216440906456903  0.61076756094158657  0.61940384730234888
  0.62884381333986994  0.63928514494574795  0.65100601560057292  0.66357576198004520
  0.67710676503332390  0.69204005053273687  0.70988979452901524  0.73107571215812506
  0.75590526602321262  0.78779437333374436  0.83932066512620063  1.00000000000000000
   8.3620397613074710E-010  -1.0000000000000000     
 F F F F F F F F F F F F F F F F F F F F F F F F F F F F F F F F F F F F F F F F F F F F F F F F F F F F F F F F F F F F F F F F F F F F F F F F F F F F F F F F F F F F F F F F F F F F F F F F F F F F F F F F F F F F F F F F F F F F F F F F F F F F F F F F F F F F F F F F F F F F F F F F F F F F F F F F F F F F F F F F F F F F F F F F F F F F F F F F F F F F F F F F F F F F F F F F F F F F F F F F F F F F F F F F F F F F F F F F F F F F F F F F F F F F F F F F F F F F F F F F F F F F F F F F F F F F F F F F F F F F F F F F F F F F F F F F F F F F F F F F F F F F F F F F F F F F F F F F F F F F F F F F F F F F F F F F F F F F F F F F F F F F F F F F F F F F F F F F F F F F F F F F F F F F F F F F F F F F F F F F F F F F F F F F F F F F F F F F F F F F F F F F F F F F F F F F F F F F F F F F F F F F F F F F F F F F F F F F F F F F F F F F F F F F F F F F F F F F F F F F F F F F F F F F F F F F F F F F F F F F F F F F F F F F F F F F F F F F F F F F F F F F F F F F F F F F F F F F F F F F F F F F F F F F F F F F
  <DiscreteSampler_grid>
  grouped_processes
  1 # 1 for a reference and 2 for a running grid.
  10 # Attribute 'min_bin_probing_points' of the grid.
  1 # Attribute 'grid_mode' of the grid. 1=='default',2=='initialization'
  0.0000000000000000 # Attribute 'small_contrib_threshold' of the grid.
  0.5000000000000000 # Attribute 'damping_power' of the grid.
 # binID   n_entries weight   weight_sqr   abs_weight
    31   10   2.197029998183355E-005   4.550352613957977E-009   2.197029998183355E-005
    32   10   2.197029998183364E-005   4.550352613958014E-009   2.197029998183364E-005
    34   10   4.394059996366710E-005   1.820141045583191E-008   4.394059996366710E-005
    35   10   4.394059996366727E-005   1.820141045583205E-008   4.394059996366727E-005
    37   10   4.373571586801128E-005   1.799434735722436E-008   4.373571586801128E-005
    38   10   4.373571586801142E-005   1.799434735722448E-008   4.373571586801142E-005
    40   10   8.747143173602256E-005   7.197738942889743E-008   8.747143173602256E-005
    41   10   8.747143173602284E-005   7.197738942889790E-008   8.747143173602284E-005
    43   10   5.703449512375249E-005   3.152755239871122E-008   5.703449512375249E-005
    44   10   5.703449512375258E-005   3.152755239871132E-008   5.703449512375258E-005
    46   10   1.140689902475050E-004   1.261102095948449E-007   1.140689902475050E-004
    47   10   1.140689902475052E-004   1.261102095948453E-007   1.140689902475052E-004
    49   10   1.213286907934446E-004   1.427237475487715E-007   1.213286907934446E-004
    50   10   1.213286907934448E-004   1.427237475487720E-007   1.213286907934448E-004
    52   10   2.426573815868892E-004   5.708949901950861E-007   2.426573815868892E-004
    53   10   2.426573815868896E-004   5.708949901950881E-007   2.426573815868896E-004
    58   10   2.197029998183355E-005   4.550352613957976E-009   2.197029998183355E-005
    59   10   2.197029998183365E-005   4.550352613958017E-009   2.197029998183365E-005
    61   10   4.394059996366710E-005   1.820141045583190E-008   4.394059996366710E-005
    62   10   4.394059996366731E-005   1.820141045583207E-008   4.394059996366731E-005
    64   10   4.373571586801129E-005   1.799434735722436E-008   4.373571586801129E-005
    65   10   4.373571586801142E-005   1.799434735722448E-008   4.373571586801142E-005
    67   10   8.747143173602257E-005   7.197738942889744E-008   8.747143173602257E-005
    68   10   8.747143173602284E-005   7.197738942889790E-008   8.747143173602284E-005
    70   10   5.703449512375250E-005   3.152755239871123E-008   5.703449512375250E-005
    71   10   5.703449512375258E-005   3.152755239871132E-008   5.703449512375258E-005
    73   10   1.140689902475050E-004   1.261102095948449E-007   1.140689902475050E-004
    74   10   1.140689902475052E-004   1.261102095948453E-007   1.140689902475052E-004
    76   10   1.213286907934446E-004   1.427237475487716E-007   1.213286907934446E-004
    77   10   1.213286907934448E-004   1.427237475487720E-007   1.213286907934448E-004
    79   10   2.426573815868893E-004   5.708949901950863E-007   2.426573815868893E-004
    80   10   2.426573815868896E-004   5.708949901950880E-007   2.426573815868896E-004
  </DiscreteSampler_grid>
