  0.00228980907162546  0.01648163490949296  0.03042372042840054  0.04328934337984832
  0.05526273947048411  0.06658994822148316  0.07779635026957250  0.08887617974636022
  0.10011253143022751  0.11115491977667538  0.12222086137153139  0.13318808818850750
  0.14404193827565714  0.15471098863812566  0.16527362061610579  0.17564815165164963
  0.18586941307447355  0.19614128745202863  0.20685375714796092  0.21798076035323466
  0.22921043781734732  0.24026730587001174  0.25124003616050272  0.26204631784758603
  0.27280690498336918  0.28346576705396864  0.29407216908338207  0.30461953742094705
  0.31533418654841777  0.32624671772406821  0.33701276993131896  0.34748839890763578
  0.35764421832439480  0.36782642624823231  0.37809069026778319  0.38866367304665395
  0.39949592409580620  0.41045393844597111  0.42142801497089272  0.43208691458347787
  0.44247317105755751  0.45268434870100949  0.46268320572120641  0.47238327792536383
  0.48230854618658242  0.49260748857394404  0.50327936496628156  0.51371927467731293
  0.52383100423662809  0.53378616073425811  0.54383960185602254  0.55414504852864988
  0.56462852524690121  0.57531508724644853  0.58602325127512467  0.59662627000146962
  0.60702044606676586  0.61742488886626290  0.62814079998925709  0.63877415091313061
  0.64912567191508630  0.65933703179221381  0.66959152543336187  0.67981545924098163
  0.68996411589442341  0.70001676237268173  0.71055801855984158  0.72158229208790980
  0.73303094853575845  0.74453429452945930  0.75574011958682419  0.76656225606735984
  0.77704703240886175  0.78720965191185088  0.79765593371194932  0.80843941698826161
  0.81928595922559722  0.82997726614590850  0.84050561148788472  0.85098753013479145
  0.86143135864367004  0.87175011150216886  0.88181413610865478  0.89162092971803342
  0.90109590598085743  0.91040392032742856  0.91994763044666583  0.92986328560556131
  0.93999511120521895  0.94983511893488459  0.95898140351346972  0.96753337864736522
  0.97569409093336157  0.98354173741637185  0.99179425406386235  1.00000000000000000
  0.00264204620063674  0.01443707402339003  0.02746914236358914  0.03933485344343852
  0.05084479096684816  0.06236104861200761  0.07357828646089508  0.08431354594541618
  0.09478433287292523  0.10543380287021165  0.11644942081106041  0.12721463422739926
  0.13779425252184149  0.14811413200682835  0.15886901269790801  0.16996659040812517
  0.18114362311322765  0.19226972710158122  0.20308010646999841  0.21378678359355557
  0.22392810406496322  0.23400119152800153  0.24409519372919514  0.25438444994938492
  0.26490068528219518  0.27511211388906764  0.28540535094899688  0.29602629137072056
  0.30694969232308911  0.31813623721015516  0.32946397034426078  0.34063649422529402
  0.35128656590319118  0.36175782181313065  0.37250016517770551  0.38350650964773292
  0.39495271872011306  0.40611071842136265  0.41694960997032915  0.42733333787784766
  0.43803454384782864  0.44882885818386148  0.45969985149614706  0.47029895353402673
  0.48101058951311204  0.49176884363721479  0.50265204701519861  0.51360287954430206
  0.52431280147240500  0.53476474573341970  0.54531163724313769  0.55600806312386208
  0.56673947745043407  0.57742871008496344  0.58819048821843645  0.59882554130077725
  0.60949548941303866  0.62007021479347868  0.63046373547116275  0.64050491494975825
  0.65086233478356759  0.66156306060819114  0.67206426444353495  0.68195112251415080
  0.69168626161057967  0.70177367734108054  0.71243929391989813  0.72325123184597129
  0.73407566285997683  0.74465790576149393  0.75497719499852556  0.76503962510918788
  0.77513532807460361  0.78535762112245888  0.79552143580711954  0.80556004441321249
  0.81557586387304659  0.82567799821318943  0.83576565148884374  0.84587855926188082
  0.85609030889796311  0.86635766623860377  0.87675921065768359  0.88725444136334675
  0.89783322522496922  0.90794605575533549  0.91770853947260023  0.92734629738368979
  0.93707964165023483  0.94687517010272149  0.95648421168002729  0.96610222772558152
  0.97524016911615652  0.98362025011706922  0.99188047731986484  1.00000000000000000
  0.00000384485416089  0.00000426084824552  0.00000453119688575  0.00000476462978614
  0.00000499902065879  0.00000524302087877  0.00000550364135848  0.00000579184896807
  0.00000612975541300  0.00000650537581003  0.00000689364241144  0.00000728985706437
  0.00000769571926346  0.00000812089140929  0.00000855588345379  0.00000898689402670
  0.00000944342606935  0.00000992795467354  0.00001043077968198  0.00001095897736432
  0.00001153499958130  0.00001215581279600  0.00001281931762945  0.00001352241984518
  0.00001422303931708  0.00001498281969378  0.00001578057736607  0.00001659926348447
  0.00001748079372979  0.00001838115959327  0.00001931665873635  0.00002029598358503
  0.00002132855200531  0.00002241394114930  0.00002354785876313  0.00002473132169016
  0.00002594208642905  0.00002722054118212  0.00002855535864323  0.00002993744956212
  0.00003138588094964  0.00003293024122343  0.00003456477609706  0.00003639257916366
  0.00003835755106909  0.00004035421243619  0.00004243139939504  0.00004464066569839
  0.00004703085534785  0.00004970533095361  0.00005262521634868  0.00005583777567224
  0.00005930541402325  0.00006305590338769  0.00006701527748627  0.00007151339234945
  0.00007643524171111  0.00008197862823295  0.00008811479806560  0.00009465004835199
  0.00010182752050633  0.00010960802633068  0.00011827085533480  0.00012791247367176
  0.00013872785743985  0.00015085013364602  0.00016434682500834  0.00017971166112717
  0.00019739237797202  0.00021764669008937  0.00024074806020864  0.00026738323533716
  0.00029932841239209  0.00033598516289996  0.00037869016712229  0.00042805529862338
  0.00048580533747872  0.00055274560166992  0.00063178659265700  0.00071987010773744
  0.00081666013147161  0.00092806498143566  0.00105644800785703  0.00120987415596721
  0.00140642274166892  0.00166400364528195  0.00198310399737090  0.00235294666773869
  0.00289266735279510  0.00369034961428338  0.00448421919513023  0.00509306593209554
  0.00813566530148410  0.01514457575945181  0.02248449066181358  1.00000000000000000
  0.00000376418138165  0.00000513380387013  0.00000634677566484  0.00000773227606222
  0.00000925746028493  0.00001102799365863  0.00001306024944354  0.00001525723021758
  0.00001757159617996  0.00002008144171409  0.00002288304510283  0.00002602009204706
  0.00002942551662874  0.00003336703323997  0.00003766479478426  0.00004254212037693
  0.00004811999147207  0.00005489927877046  0.00006261613022268  0.00007094400430626
  0.00007968826665829  0.00008897013288141  0.00009877970063969  0.00010935912174266
  0.00012049655494748  0.00013221035576709  0.00014489984959856  0.00015855438475140
  0.00017289849577044  0.00018774052950927  0.00020309085330918  0.00021934394622858
  0.00023688252108708  0.00025542120042590  0.00027434600096056  0.00029416144259641
  0.00031501666852977  0.00033699937304161  0.00036003786535443  0.00038435826265037
  0.00041001190821697  0.00043742762835263  0.00046702243087329  0.00049834566647507
  0.00053232402248326  0.00056815711749297  0.00060494620160502  0.00064429679286743
  0.00068394145322661  0.00072801569224160  0.00077448934265674  0.00082062883843058
  0.00086941423132441  0.00091914258630389  0.00097243112471150  0.00102979583999826
  0.00108830264289395  0.00115081743785750  0.00122097322693415  0.00129451266156597
  0.00137379358896879  0.00145941272764228  0.00155386989874382  0.00165814441119180
  0.00175687371786966  0.00184635780484628  0.00194012717051560  0.00204321107835619
  0.00215645714455293  0.00228806258491412  0.00241302641953903  0.00253279673787910
  0.00265053076813050  0.00276785239584900  0.00287765207939303  0.00298175766332971
  0.00307441073248887  0.00316852577370399  0.00329352608656010  0.00342564737126739
  0.00357151850856649  0.00370304666626442  0.00385985408450397  0.00404084502094137
  0.00431473584418898  0.00459593967709961  0.00489167849397607  0.00512136304128931
  0.00529542453441514  0.00549776891537965  0.00570402306025181  0.00589528686050553
  0.00608625382935570  0.00630835990602996  0.00652426863489034  1.00000000000000000
 -0.00281901070365347  0.01193112691447656  0.02448172161817046  0.03770587209435797
  0.05141445652079969  0.06516086984979003  0.07915879917171920  0.09259102165397959
  0.10541554665672795  0.11798316452742569  0.13049904297197035  0.14269085500068321
  0.15452450181154856  0.16605300449225202  0.17744491500893894  0.18885770319713008
  0.20041905700211179  0.21164741546585697  0.22257229989193408  0.23336966120187921
  0.24404127826933994  0.25437613441631729  0.26461740027805103  0.27498380251895888
  0.28563210572169023  0.29649524049374643  0.30744568876843847  0.31844484816415963
  0.32951076164557991  0.34063008392675359  0.35162330940331016  0.36241382101097874
  0.37315727601054482  0.38395230753851672  0.39470404245349233  0.40531928938945277
  0.41592620635879313  0.42658953433683999  0.43731012546494924  0.44811086010004308
  0.45891671544378970  0.46939160557446735  0.47959872873245080  0.48988471810618961
  0.50036874681641519  0.51096888898758286  0.52156783230968751  0.53201715223671042
  0.54243452975067341  0.55272463601103172  0.56288408058383588  0.57303245164068195
  0.58312994679372554  0.59320537904722626  0.60319320063499637  0.61298905841451989
  0.62267187420355619  0.63219811503307832  0.64161796924767633  0.65124970099552715
  0.66114023173740299  0.67111239645564313  0.68102150294124864  0.69086221180465102
  0.70091443779352269  0.71108669592615759  0.72104809483180954  0.73084271916617727
  0.74041320139261768  0.74963854420830256  0.75864240249322967  0.76774969415106453
  0.77725545361848680  0.78708267915405916  0.79690460118549467  0.80659858707955501
  0.81617063109801802  0.82583884015518327  0.83573737279659144  0.84552509100963158
  0.85486468639928626  0.86399617253297523  0.87331685940668924  0.88279474783926160
  0.89208957887443763  0.90137999743867536  0.91103239831237548  0.92074272796316692
  0.93059401821433407  0.94049597284767661  0.95037169936930610  0.96067638118438237
  0.97068260458621192  0.98066726501236334  0.99043656921925349  1.00000000000000000
 -0.00253709400357278  0.00964912281078791  0.02030133047340840  0.03092897647469312
  0.04121770039944046  0.05154671519356357  0.06219604225150285  0.07314189366387461
  0.08410490723392894  0.09503848552168528  0.10587461878214965  0.11678192242444932
  0.12739088999780601  0.13788086301127481  0.14824937267485760  0.15838113974764670
  0.16818549493960303  0.17811689753698395  0.18828045071492649  0.19855034330262961
  0.20878777303015475  0.21922251747646543  0.23028584376772776  0.24128066643329285
  0.25183394939175452  0.26201470577207159  0.27215355950346465  0.28253378168954929
  0.29320844658018425  0.30394913928372175  0.31464568010373323  0.32526636403562464
  0.33558092375826010  0.34563914706451293  0.35576375855194087  0.36681976073578065
  0.37808739483131393  0.38899814988511516  0.39924776548741941  0.40939289477522978
  0.41983401889301974  0.43012204080555955  0.44055194209640647  0.45109290143085945
  0.46187562590545334  0.47255240499416229  0.48313347792344530  0.49399235562209509
  0.50476766410885499  0.51552044694574939  0.52595955740775158  0.53626466988893062
  0.54629299155439159  0.55619178336152331  0.56614902356045138  0.57641108728884816
  0.58674992117543479  0.59714113051438422  0.60711711975981919  0.61718845660849708
  0.62733023391341747  0.63794741182018999  0.64878851324951825  0.66009125053089224
  0.67125679335718735  0.68240529294201857  0.69318386984407354  0.70387981516284948
  0.71441008589329114  0.72513796558520971  0.73548998003046862  0.74588532906876048
  0.75616253335893480  0.76699502713143553  0.77786466161691259  0.78859084830769721
  0.79896330436210738  0.80926093545152211  0.81970920017336435  0.83064256933114644
  0.84129976953207497  0.85152129148995270  0.86205399615501277  0.87219716461592989
  0.88241038968200780  0.89248536406979395  0.90312152825719660  0.91371513984111519
  0.92428174971297294  0.93472554039280920  0.94543877465829251  0.95600637873903371
  0.96667656162800875  0.97753098329084054  0.98877859744484931  1.00000000000000000
 -0.00303454901578839  0.01176918075851525  0.02397719249365365  0.03609378319649354
  0.04815293020158025  0.06053414918953429  0.07363788697197779  0.08708154263925688
  0.10028814971150207  0.11329430663605665  0.12613197843098090  0.13874660671762740
  0.15121828259535949  0.16292921509985533  0.17459111892635595  0.18606033415987733
  0.19748611873668945  0.20912874456567074  0.22110164354316364  0.23307175728245877
  0.24478507374572983  0.25591812451591422  0.26689929952799313  0.27786450008360436
  0.28900508059889912  0.30022679531820873  0.31133817517011853  0.32220142053609901
  0.33289853129582242  0.34360739345476160  0.35467259563590087  0.36599957477587813
  0.37734582685339713  0.38859567690916247  0.39977728899076181  0.41035777325974238
  0.42077116121175068  0.43088981897178458  0.44129629578091401  0.45151221954718584
  0.46186376897942610  0.47185409613075446  0.48202135927006984  0.49200532881505615
  0.50231532098197784  0.51255351461799692  0.52266971612256408  0.53265762251386917
  0.54251352874574821  0.55250082657720712  0.56245382729280236  0.57271606324263469
  0.58309561861644865  0.59376590932333762  0.60418258754442555  0.61430113673446218
  0.62399931183370927  0.63335931950084756  0.64260782600714350  0.65194563668486016
  0.66149884646665325  0.67092904405650811  0.68016346297876595  0.68918628292267547
  0.69844577998418200  0.70792003998179331  0.71765619734171471  0.72734359488551492
  0.73709451363288858  0.74694675597570526  0.75687484261624860  0.76670860099240912
  0.77641752240230555  0.78596287711687474  0.79550331750359859  0.80455793592786995
  0.81345445837384700  0.82262289792058618  0.83218818102420822  0.84222769195292924
  0.85230484337092893  0.86216215515509986  0.87196387594782288  0.88147475820137455
  0.89101716238836215  0.90083115244298329  0.91112498719094315  0.92164191839382015
  0.93174248858425890  0.94136181916692629  0.95062267358897246  0.96043148741051398
  0.97031819265284669  0.98037714924212160  0.99008690266302057  1.00000000000000000
 -0.00230372828680514  0.00945227879422679  0.02022744086428760  0.03183629657738905
  0.04284407671822443  0.05316641297416754  0.06340677438247530  0.07392418736313455
  0.08413372711772205  0.09419808780608467  0.10445342286547202  0.11500063469753810
  0.12616434939744459  0.13732915829942971  0.14833706234761851  0.15902051860701474
  0.16975848893848078  0.18062502152680621  0.19173389250802866  0.20283622141846294
  0.21373246615518929  0.22436674746294563  0.23522674599706586  0.24613982326870432
  0.25688207836930227  0.26664951506828238  0.27615213323744647  0.28567522666975265
  0.29571416204065021  0.30609420305087337  0.31646024473880496  0.32683166281533427
  0.33701697072520154  0.34684675920924313  0.35665356540084886  0.36654690530425355
  0.37699098399868636  0.38772032945747914  0.39843016565946732  0.40892794265163962
  0.41932362107595578  0.42988197549297164  0.44060391075757249  0.45111324139615994
  0.46169186004877649  0.47241433604077288  0.48355195171562876  0.49461106937116972
  0.50564628463968808  0.51657179430880740  0.52714023121326903  0.53766766256939513
  0.54791168311072791  0.55817970558142882  0.56812966480597971  0.57796888928058776
  0.58782564997244235  0.59794129578225852  0.60831646207200840  0.61891879833242824
  0.62955985507046552  0.64001977780050567  0.65066779523294449  0.66144316951493010
  0.67234220322609028  0.68290591660829059  0.69367690815003480  0.70453435580701151
  0.71527393251653792  0.72567844512540369  0.73591906144464958  0.74594462440388332
  0.75609969137461452  0.76651407535163751  0.77722172079012197  0.78761725427447082
  0.79755622205861654  0.80746981962218944  0.81797700788148986  0.82889058227252188
  0.83959773943247462  0.85012307629210226  0.86097899895404417  0.87185790186156842
  0.88233458777092155  0.89253303330516409  0.90306272002655330  0.91380297149379108
  0.92450712927966616  0.93509981010179499  0.94554855050655784  0.95625656377102775
  0.96701328081950322  0.97818533343695091  0.98916647742807307  1.00000000000000000
 -0.00245907943899215  0.00903840137519125  0.01908264584881966  0.02952525413659387
  0.04005738150814269  0.05033324993430917  0.06071788047243286  0.07093540397389161
  0.08136145265039028  0.09192272829745254  0.10264150407239864  0.11338491941094213
  0.12396405458288248  0.13464185878697854  0.14544693103833747  0.15635216972172331
  0.16721378653009381  0.17776643083225097  0.18826194366697380  0.19867156675557246
  0.20913652916317818  0.21955647102531733  0.23014803983237928  0.24078114644559870
  0.25154682914819587  0.26192430109873477  0.27210264009557200  0.28235854697913931
  0.29261412692437294  0.30313556416192000  0.31349953871227076  0.32391698499702548
  0.33461121282207751  0.34563477729399644  0.35691487414059531  0.36779159863795202
  0.37877222133008553  0.39009200606520261  0.40162618833448049  0.41298170217822788
  0.42407124347461145  0.43503831350206607  0.44591388744075094  0.45664710580961443
  0.46705354643734492  0.47710954385284093  0.48701925428049503  0.49745148199635447
  0.50826434170588841  0.51915754085128718  0.52952854238524938  0.53992063047278427
  0.55050780775499808  0.56128913412501291  0.57148540828560412  0.58146364418212992
  0.59146336762865359  0.60174775253577217  0.61220160400540069  0.62258479192643457
  0.63290354305425045  0.64322417922066122  0.65343021603334839  0.66350614786129469
  0.67337306934202201  0.68326549540510462  0.69350282722771639  0.70370600400660865
  0.71398722587697327  0.72439742096004456  0.73512172673409493  0.74592858818819541
  0.75670835398544878  0.76755216696392492  0.77841487371589602  0.78948836503715258
  0.80049287274770486  0.81164938443624368  0.82211634141900924  0.83251081422104667
  0.84268380179326430  0.85322414862854390  0.86365903349161777  0.87406891222422201
  0.88415906866171901  0.89447774220325760  0.90520630662913459  0.91602422133946437
  0.92647035790548016  0.93720612519026991  0.94781280899818454  0.95847744356688103
  0.96884543667232437  0.97928930701002914  0.98957954221219635  1.00000000000000000
  0.00008859430712183  0.00022381415229227  0.00035509312799882  0.00045327527637343
  0.00053327260457527  0.00061240487981284  0.00069500195500993  0.00077720661824680
  0.00085903370171349  0.00094016140848124  0.00102092158830770  0.00110543361301395
  0.00118921884354533  0.00127235761227307  0.00135222513357455  0.00143101766409973
  0.00150682666807545  0.00157976463530249  0.00165375736809263  0.00173009699868683
  0.00180560972997795  0.00188651912465990  0.00197232934767509  0.00206069685841709
  0.00214572696193658  0.00222598714985987  0.00230463454915065  0.00238649003494179
  0.00247246781125759  0.00255706566396130  0.00264153270507919  0.00272726720883003
  0.00281534119884955  0.00290010298076854  0.00297821136635342  0.00305762161507883
  0.00313196145123458  0.00320871295789565  0.00328555227530087  0.00336000283592496
  0.00343947676280162  0.00353412442582095  0.00363232993119605  0.00372367254301806
  0.00381221362096345  0.00388955060710051  0.00395806870376700  0.00402183564311261
  0.00408689299655975  0.00415903939571342  0.00425198994794088  0.00433998530905772
  0.00442189393950051  0.00450166852824895  0.00458518243559651  0.00469673073522419
  0.00480314918958273  0.00490368203117418  0.00501110426350293  0.00511843018076426
  0.00525576591072587  0.00539819883908348  0.00552756380369748  0.00565012596091106
  0.00576065992601414  0.00587459805727450  0.00599368919356592  0.00610359794001759
  0.00620284960382930  0.00630596339943009  0.00637748563159277  0.00644902431201637
  0.00652265288086154  0.00660119974058362  0.00668561764798842  0.00678719181984470
  0.00693286478185946  0.00708545011184023  0.00728207688025906  0.00745276044885956
  0.00765133455444304  0.00788957738434968  0.00817284546546952  0.00844723083646008
  0.00864351393151051  0.00900019704824865  0.00925457971830737  0.00948758011943148
  0.00977761509502842  0.01009190904570580  0.01045029167509244  0.01088240627636781
  0.01164583922275183  0.01252955109300307  0.02247201297524513  1.00000000000000000
 -0.00212520775446768  0.00808922840706516  0.01772703885605375  0.02781028430497923
  0.03786587993028272  0.04741559634857988  0.05676029251941275  0.06666936616311558
  0.07697360829923518  0.08740614861144919  0.09763784758296644  0.10798218442362562
  0.11860186281095988  0.12934990201277502  0.14015865567588906  0.15117683928145573
  0.16191556924085185  0.17238171787398959  0.18270258136632347  0.19305778160536702
  0.20350025223061327  0.21418153306456608  0.22483931848529290  0.23523890275711437
  0.24490217046856100  0.25473218207461273  0.26477956152837429  0.27571815699737895
  0.28667547477757227  0.29774393853717374  0.30905690257520430  0.32051821470193848
  0.33206053071110619  0.34330303165039128  0.35455144497235963  0.36583447140480962
  0.37714837298628967  0.38811460084539373  0.39869430348082446  0.40925321852118096
  0.41967034287770583  0.43013025139396943  0.44039470174693229  0.45083654607676099
  0.46129667286565851  0.47186265552378148  0.48218094294501079  0.49232542385083505
  0.50222593730867438  0.51217431756462228  0.52237185887081117  0.53240836237683864
  0.54228359727657105  0.55214678257683081  0.56248045258731838  0.57362957719641194
  0.58464876074359062  0.59523158331698034  0.60593407925668707  0.61678256915372154
  0.62759000343165383  0.63858948392281933  0.64985308484947724  0.66094419490260115
  0.67133686235746837  0.68144181453331221  0.69168651290820182  0.70252964765685455
  0.71372053722209783  0.72534983765396055  0.73685034743222355  0.74855301784076334
  0.76024409185943242  0.77157930433632527  0.78264827181471208  0.79362704719061505
  0.80515143672962719  0.81676742157216120  0.82829619131886212  0.83955687159412240
  0.85019237976712503  0.86058739274637597  0.87089890251600899  0.88103335484279055
  0.89104841038717086  0.90086201725156256  0.91057684556546947  0.92057715013994590
  0.93078521047979068  0.94073232862655320  0.95063511319001759  0.96018671988466786
  0.97016552712464466  0.98020671842744533  0.98999525979568093  1.00000000000000000
  0.43164065623651615  0.53518374244819411  0.58016135297415727  0.58886069074291914
  0.60012594596996660  0.61048836956598995  0.62003451173733359  0.62886439971085273
  0.63696440854700043  0.64460450186179563  0.65177244336780760  0.65863952984065222
  0.66517644663297604  0.67112187355485919  0.67676018068117150  0.68244257621576143
  0.68804405778173872  0.69339756446778689  0.69838396988583162  0.70312656519117867
  0.70764238066818763  0.71193716078097047  0.71611218198145576  0.72013186480037084
  0.72405183191820666  0.72790106338157867  0.73162971526521003  0.73526767256814918
  0.73881325752864646  0.74228822779039294  0.74574552610783185  0.74916444764121171
  0.75260498480786731  0.75616873854957101  0.75977813129697158  0.76340764188069454
  0.76717636066131278  0.77104588329947044  0.77485920763322425  0.77859480617374399
  0.78228665490155758  0.78586614109120978  0.78941430251834654  0.79288234599029783
  0.79637995328123745  0.79988812095938122  0.80341023910117981  0.80687768493708323
  0.81036297830743731  0.81391308738037471  0.81747894768112495  0.82112914669136372
  0.82477401872981038  0.82837334083581693  0.83188664873898621  0.83533726095314875
  0.83877175985326857  0.84230130453316121  0.84590322711587207  0.84952874928949329
  0.85322081592900068  0.85695968125750288  0.86071044521205453  0.86446795013183764
  0.86825363056766258  0.87197036419163565  0.87558932678798618  0.87918518111072463
  0.88272751203180755  0.88644607627904104  0.89019830308089565  0.89399872327650609
  0.89783424704249148  0.90168168380065949  0.90552359752922884  0.90938298220005798
  0.91313396982115880  0.91686955141339110  0.92058560692695457  0.92432651137046118
  0.92812070430358606  0.93196591377211435  0.93588635185982039  0.93987803624892918
  0.94387384513512895  0.94784076400304407  0.95184254137359359  0.95592720265970010
  0.96016005125697235  0.96461100079377760  0.96927484804919894  0.97413611729995964
  0.97937905806901271  0.98516516894987660  0.99205622833846208  1.00000000000000000
  0.05007279621528425  0.20110831435480031  0.22644360267464694  0.24731192732229215
  0.26402859805909379  0.27799664205330105  0.29058517916156179  0.30287736385593128
  0.31486728880259135  0.32613324506082331  0.33667408372777990  0.34699764250987503
  0.35682323361160828  0.36575474469166436  0.37441407307948521  0.38303439014469065
  0.39174569611175419  0.40013871845179338  0.40812516176896785  0.41576061276781051
  0.42314487926063699  0.43048581202302544  0.43796444846346000  0.44535951844020344
  0.45248244696619788  0.45934347613982957  0.46618039052973820  0.47311915856276504
  0.48008500660414716  0.48678508907216683  0.49322457661079078  0.49954510334744562
  0.50594755822224935  0.51238944858083990  0.51874563908430582  0.52485057195081219
  0.53064705030869586  0.53634228719223609  0.54204770019761339  0.54768173819424115
  0.55338697642281320  0.55903086181104600  0.56464073516232616  0.57026371975079237
  0.57583752850094527  0.58132986083376270  0.58668921138506580  0.59181063746123130
  0.59697327091659713  0.60221935794884529  0.60763708308218800  0.61310293604028887
  0.61839804113550056  0.62357136106643729  0.62857766306485297  0.63349269250825757
  0.63840404776357096  0.64338765890624117  0.64844498888963631  0.65350132351526435
  0.65859424320239057  0.66377119077620739  0.66896979276970214  0.67411047326775098
  0.67914356163146461  0.68412109510766084  0.68917039506455846  0.69429732668208377
  0.69945860594632470  0.70454591757451634  0.70947373639910105  0.71446142993811590
  0.71941488482321392  0.72452453059404520  0.72962068349948805  0.73482125218650696
  0.74015527359415811  0.74541954877170358  0.75047276031205790  0.75546261299092532
  0.76040139927209449  0.76523229076555088  0.77004960719516025  0.77494322825419604
  0.78017174017907331  0.78575415731888210  0.79205692356376278  0.79930158418914277
  0.80761327390711735  0.81840650495314959  0.83070376413205693  0.84505368851481866
  0.86171761303802963  0.87399994630609534  0.87806742809595806  1.00000000000000000
   5.7309884888997116E-009  -1.0000000000000000     
 F F F F F F F F F F F F F F F F F F F F F F F F F F F F F F F F F F F F F F F F F F F F F F F F F F F F F F F F F F F F F F F F F F F F F F F F F F F F F F F F F F F F F F F F F F F F F F F F F F F F F F F F F F F F F F F F F F F F F F F F F F F F F F F F F F F F F F F F F F F F F F F F F F F F F F F F F F F F F F F F F F F F F F F F F F F F F F F F F F F F F F F F F F F F F F F F F F F F F F F F F F F F F F F F F F F F F F F F F F F F F F F F F F F F F F F F F F F F F F F F F F F F F F F F F F F F F F F F
  <DiscreteSampler_grid>
  grouped_processes
  1 # 1 for a reference and 2 for a running grid.
  10 # Attribute 'min_bin_probing_points' of the grid.
  1 # Attribute 'grid_mode' of the grid. 1=='default',2=='initialization'
  0.0000000000000000 # Attribute 'small_contrib_threshold' of the grid.
  0.5000000000000000 # Attribute 'damping_power' of the grid.
 # binID   n_entries weight   weight_sqr   abs_weight
    19   10   2.006140695801630E-001   1.199062612862666E-001   2.006140695801630E-001
    20   10   2.006140695801631E-001   1.199062612862669E-001   2.006140695801631E-001
    22   10   4.012281391603261E-001   4.796250451450665E-001   4.012281391603261E-001
    23   10   4.012281391603262E-001   4.796250451450675E-001   4.012281391603262E-001
    25   10   4.191247425934432E-001   5.221252319983848E-001   4.191247425934432E-001
    26   10   4.191247425934432E-001   5.221252319983850E-001   4.191247425934432E-001
    28   10   8.382494851868865E-001   2.088500927993539E+000   8.382494851868865E-001
    29   10   8.382494851868865E-001   2.088500927993540E+000   8.382494851868865E-001
    34   10   2.006140695801630E-001   1.199062612862666E-001   2.006140695801630E-001
    35   10   2.006140695801631E-001   1.199062612862669E-001   2.006140695801631E-001
    37   10   4.012281391603261E-001   4.796250451450666E-001   4.012281391603261E-001
    38   10   4.012281391603262E-001   4.796250451450675E-001   4.012281391603262E-001
    40   10   4.191247425934432E-001   5.221252319983849E-001   4.191247425934432E-001
    41   10   4.191247425934432E-001   5.221252319983850E-001   4.191247425934432E-001
    43   10   8.382494851868865E-001   2.088500927993540E+000   8.382494851868865E-001
    44   10   8.382494851868865E-001   2.088500927993540E+000   8.382494851868865E-001
  </DiscreteSampler_grid>
