  0.00000219216197076  0.00000224859994835  0.00000230569482341  0.00000236361910736
  0.00000241175181268  0.00000245987750426  0.00000250906506731  0.00000256383836549
  0.00000263217249786  0.00000270755093868  0.00000277707084541  0.00000284012678174
  0.00000289960127388  0.00000296046448316  0.00000302672979291  0.00000310109352772
  0.00000317660671206  0.00000325617792902  0.00000333902814169  0.00000342116836499
  0.00000350185139276  0.00000358506451453  0.00000367429414318  0.00000375016313199
  0.00000386574786206  0.00000396962024114  0.00000407921068750  0.00000418582164838
  0.00000429608451131  0.00000444155783414  0.00000458659991357  0.00000472257795291
  0.00000485095699380  0.00000497197166295  0.00000511832274414  0.00000526834861426
  0.00000541276960771  0.00000555645234430  0.00000571329754837  0.00000588122748519
  0.00000604731149876  0.00000621044752403  0.00000639816207732  0.00000661027742842
  0.00000680262100787  0.00000698970097599  0.00000719377973112  0.00000737855954787
  0.00000757393719648  0.00000778709770481  0.00000807344754744  0.00000844877572052
  0.00000884067003375  0.00000921702066529  0.00000957991778690  0.00000993729613770
  0.00001028025838937  0.00001061256398311  0.00001100991513608  0.00001146029320657
  0.00001191728077256  0.00001242228700844  0.00001302215799549  0.00001369710936159
  0.00001439632471172  0.00001509462097783  0.00001577822769133  0.00001650100641223
  0.00001734170500289  0.00001847196779646  0.00001969809970407  0.00002102450025198
  0.00002246355798870  0.00002410301646973  0.00002596732682800  0.00002805767147250
  0.00003055403229454  0.00003350380449931  0.00003646227465693  0.00004020922646797
  0.00004512230104438  0.00005184231591084  0.00006079899607117  0.00007227075778345
  0.00008360674013902  0.00009434121386650  0.00010525978494227  0.00012260804840638
  0.00015465764882425  0.00020886272330161  0.00029804183310780  0.00043100954185084
  0.00075887973675058  0.00193513565190665  0.12223658814395463  1.00000000000000000
  0.00001188428808555  0.00001225774207810  0.00001315208573598  0.00001506187259396
  0.00001584530072016  0.00001644235464199  0.00001708534312129  0.00001796242896126
  0.00001897787697833  0.00001996194436211  0.00002102672576833  0.00002194779400432
  0.00002279645850694  0.00002360071461488  0.00002480801880920  0.00002616345688075
  0.00002769174072947  0.00002954453060399  0.00003159221150578  0.00003389981886924
  0.00003605191097353  0.00003816774794111  0.00004009954559054  0.00004196095764692
  0.00004398462603686  0.00004638678751207  0.00004914220914059  0.00005241947903482
  0.00005619542562546  0.00006051843425548  0.00006483106579950  0.00006913628830990
  0.00007338645564193  0.00007780468320323  0.00008241330449209  0.00008724957137785
  0.00009284952066037  0.00009897102053721  0.00010548951533663  0.00011183840137625
  0.00011893994088435  0.00012673392854257  0.00013557321698936  0.00014495378293355
  0.00015456416034863  0.00016595718988940  0.00017940584285333  0.00019540218051474
  0.00021165485941871  0.00022878000104105  0.00024769560871678  0.00026858053680791
  0.00029037614562382  0.00031319041258169  0.00033810169647548  0.00036679358013501
  0.00039725185511592  0.00043372871730783  0.00047308310848881  0.00051177061967420
  0.00054915097629904  0.00058533247134767  0.00062511735180261  0.00066300429978115
  0.00070400667730060  0.00075134427136132  0.00080851969774137  0.00086680030741979
  0.00092204871193392  0.00098222684372479  0.00105852871284372  0.00113115929282674
  0.00120971791455768  0.00129785330358880  0.00140190568476972  0.00155163712466361
  0.00177878609225557  0.00202960089406671  0.00232684079566985  0.00266601889815813
  0.00306362035631721  0.00356569567159488  0.00417368357695631  0.00476626903076807
  0.00535538267770752  0.00620310497795850  0.00702386901357447  0.00777457252150096
  0.00861933750895968  0.00945605398991253  0.01029098969622961  0.01466876151291647
  0.02325818434498317  0.10229651449292494  0.20608768999828278  1.00000000000000000
  0.00133848722096206  0.02463509453203435  0.04081105194998820  0.05352031178392729
  0.06471490539640457  0.07554372575891299  0.08667085969892628  0.09787332063101825
  0.10903068175003987  0.12034077125767667  0.13108763046668093  0.14321145060497203
  0.15584660911657533  0.16996960190523414  0.18248120886806177  0.19445898156460117
  0.20638411189729342  0.21795193482912470  0.22879434810732144  0.23845151903947523
  0.24776280482721225  0.25732667674433479  0.26701314160738998  0.27719213171416895
  0.28911678991573042  0.30086522811700978  0.31365921462194507  0.32628919410031887
  0.33734203535972501  0.34721241243133794  0.35885046442352453  0.37225762640155363
  0.38286415560651882  0.39259175424025483  0.40237518089448243  0.41124810472156220
  0.42004534581433411  0.42964703019164452  0.43922160475928795  0.45017814753142554
  0.46099018750870330  0.47192025847196223  0.48281162439370884  0.49302627820214723
  0.50214133974646191  0.51079206875457572  0.51990225621767472  0.52978488060603424
  0.53921185221329904  0.54757222903592750  0.55619589844175144  0.56543175795168443
  0.57735532320469518  0.58972277411213991  0.59935025532770059  0.60882657269207374
  0.61677395614398656  0.62596472546961690  0.63552131048355753  0.64520727546887302
  0.65392376307395017  0.66247444662250110  0.67267711850536716  0.68352357514775475
  0.69554774824995802  0.70593492599485541  0.71736494243137727  0.72857214669200743
  0.73965077857181560  0.75033246948630172  0.76077902613248216  0.77045889583084770
  0.78045651352205569  0.79025562244092395  0.80158640269953219  0.81401527783892269
  0.82474631734394777  0.83512721857959760  0.84345059727396832  0.85348152523299037
  0.86293536898262335  0.87160360227446720  0.88088894677061680  0.88963801745549453
  0.89806456086163500  0.90719571556463563  0.91586975512450353  0.92355515268785737
  0.93115577943813521  0.93908293970816892  0.94927136384285127  0.95957224968499766
  0.96905015668982930  0.97745698713043350  0.98498836336710194  1.00000000000000000
  0.00000561915314016  0.00000607155243284  0.00000643765493661  0.00000671840731174
  0.00000701029085344  0.00000729840846361  0.00000766667869395  0.00000816993736426
  0.00000922670340433  0.00001042604863864  0.00001158733881469  0.00001260975608392
  0.00001378288456051  0.00001496451758465  0.00001597043039842  0.00001682598685330
  0.00001757515928354  0.00001835361823699  0.00001928559197664  0.00002037652985826
  0.00002157632389364  0.00002281193462310  0.00002412159022079  0.00002595155987856
  0.00002857443063581  0.00003149288926131  0.00003439919210552  0.00003754017857817
  0.00004097073637425  0.00004444378292266  0.00004803071480336  0.00005163200045280
  0.00005612040422693  0.00006075970245409  0.00006593746239689  0.00007083869562474
  0.00007590955436909  0.00008139365536845  0.00008743471841024  0.00009376741430900
  0.00010043946917812  0.00010772747400650  0.00011571846502064  0.00012411835611220
  0.00013292637001187  0.00014296140947361  0.00015331741348466  0.00016430153005484
  0.00017570555006014  0.00018817107715827  0.00019996273978036  0.00021227346454137
  0.00022468918331892  0.00024107551255900  0.00025776897267735  0.00027478920484043
  0.00029382596119211  0.00031555219196643  0.00034012361959499  0.00036665161927122
  0.00039275744356460  0.00041903354241027  0.00044923124262944  0.00048657318594541
  0.00052899365604003  0.00057623078900240  0.00062625674696155  0.00066943544775133
  0.00070820633924523  0.00075237101589532  0.00080389479241641  0.00086588572389855
  0.00093751946863646  0.00100761072714419  0.00107147002354638  0.00113669207390260
  0.00121726641863395  0.00133330037467900  0.00145551375463371  0.00157861728787286
  0.00171314812059109  0.00185689133471418  0.00202873501564427  0.00223111397692972
  0.00252552875167091  0.00285759217374126  0.00309365282476921  0.00332971347579716
  0.00367199001983612  0.00410999578377338  0.00455549228160585  0.00519505370639895
  0.00583461513119206  0.00832809224664334  0.05164619783523654  1.00000000000000000
 -0.00179226707233833  0.00600376734455568  0.01348102401894063  0.02072573536160725
  0.02817611331235587  0.03602531078027833  0.04405343006501666  0.05248416923495475
  0.06134518558213720  0.07122400706986620  0.08073921417892806  0.08968285285355404
  0.09839001679097049  0.10647416323320744  0.11422339902619386  0.12260679871077480
  0.13102992452930579  0.13945759378251310  0.14896812833513787  0.16057947286476831
  0.17369180473362611  0.18591951829243333  0.19695151327196470  0.20777138710707119
  0.21796909203879816  0.22847754490503269  0.23804194397883213  0.24797691184997916
  0.25972431632406945  0.27115197653156192  0.28276388773085642  0.29452429975890737
  0.30864897701862953  0.32203894047096482  0.33544614946520523  0.34835135456235428
  0.35935531561794853  0.36865294523008851  0.37711399413018171  0.38568826491726349
  0.39597996843325745  0.40949311107144948  0.42124816597300779  0.43234106231789060
  0.44461830412062336  0.45971871861993169  0.47618011284879386  0.49104139212861903
  0.50408375820648144  0.51620477400966636  0.52904509420319323  0.54289801274765415
  0.55512585285099392  0.56571258551234149  0.57712151034919235  0.58747708686292210
  0.59988645537259533  0.61197480209051058  0.62425762081917691  0.63576937002118705
  0.64802914991430194  0.66053423733994088  0.67395085120876486  0.68831157577399071
  0.70332455181666143  0.71713866601042564  0.73018976569611627  0.74194581114326097
  0.75383337531898409  0.76599569239917709  0.77719749294571316  0.78631090903557144
  0.79598333765931362  0.80677740494762351  0.81658057516718141  0.82645385664481774
  0.83660328169959020  0.84764875980799181  0.85804089531764427  0.86738816721291401
  0.87653070746012351  0.88447242523087100  0.89178201219610331  0.89915406003504073
  0.90724180034385227  0.91581262869810454  0.92543287143249964  0.93328007126308110
  0.94096427125947713  0.94902740564256305  0.95771039638666866  0.96718719564956013
  0.97581034827094026  0.98382116297377320  0.99181585548912510  1.00000000000000000
 -0.00241244629844917  0.00871231223158163  0.01926013571871326  0.03147821674654353
  0.04449584967392441  0.05504571841462255  0.06479234520669616  0.07682951287162053
  0.08840547002040768  0.09829454860021078  0.10770335182488699  0.11837353237607624
  0.13142338857705788  0.14702192466493480  0.15715668786407280  0.16584045341025969
  0.17410357680007718  0.18317370881391937  0.19395155768690012  0.20646758651258987
  0.22027563782899956  0.23165446437958179  0.24268913814186110  0.25307865060008439
  0.26336115011686601  0.27507682082713764  0.28828728501698525  0.30120557970831086
  0.31323167611379865  0.32382419921787292  0.33535362828742166  0.34703553446313790
  0.35766008497875368  0.36717209485530716  0.37632950367281709  0.38650251016658521
  0.39681672806300267  0.40625270211329029  0.41459067098930708  0.42213680320530367
  0.43009299768343590  0.43913599094872163  0.45054764218407417  0.46187994020528056
  0.47194653643400153  0.48181408164805595  0.49209516172074641  0.50293518795102732
  0.51373935028268702  0.52488538013406849  0.53651924618474434  0.54881819277655219
  0.55973880503040074  0.56956432882208685  0.57868018975720581  0.58729227129556361
  0.59607169457717102  0.60504550675757685  0.61595770916965198  0.62609737326612913
  0.63526333752927666  0.64295490868145222  0.65172454965211202  0.66115273290192189
  0.67172768732976551  0.68294024220094718  0.69280529448071049  0.70253947233781344
  0.71282117189441763  0.72306080141273721  0.73346568665718614  0.74489062033182007
  0.75682640267258650  0.76877644031031567  0.78055900185418559  0.79248105275256331
  0.80573183607791454  0.82072775415946753  0.83603420053448163  0.84761811670984244
  0.85638784834775994  0.86484041350923757  0.87394964734362146  0.88401127670755753
  0.89506376496337969  0.90684304063532273  0.91859233187669398  0.92858445778048260
  0.93723488001877320  0.94488246668506815  0.95231410635213909  0.96000636964107045
  0.96850932377491394  0.97774817569310968  0.98863301749397881  1.00000000000000000
  0.00016274169938469  0.00851393995707170  0.01635752018150215  0.02568881453789736
  0.03602765755242271  0.04690717980114881  0.05676198811482711  0.06639631381309091
  0.07589547417767047  0.08527600712682014  0.09595855888124231  0.10629770061233107
  0.11652729131076431  0.12612173047419517  0.13525940690166677  0.14343527551748483
  0.15141483720747254  0.15824867367715958  0.16567599078683234  0.17305237928432071
  0.18098899993993628  0.19002421568132097  0.19881288848989434  0.20869985835560709
  0.21712545174765627  0.22498124842519532  0.23266249555276786  0.24115292971850213
  0.24916824930488479  0.25849140549120375  0.26858899746239878  0.27858652164704506
  0.28786194113064972  0.29617621238314062  0.30457137631584918  0.31218930704912284
  0.31952635565418508  0.32740994962599484  0.33645604815082264  0.34671322707069868
  0.35710166079888855  0.36593834779401418  0.37398361402414371  0.38152933359604480
  0.38912988705627122  0.39707089967709847  0.40537163660372194  0.41446910487899369
  0.42359000454360923  0.43304222325693092  0.44178046297595369  0.45035198466700133
  0.46001026474525952  0.46978164055175403  0.47957975800888542  0.49165829813895934
  0.50293247172619593  0.51434448297005952  0.52512514314769698  0.53602490215709553
  0.54646762279604932  0.55696458285680983  0.57008237640973181  0.58397664343212452
  0.59757870500772559  0.61083059508281257  0.62357251359733057  0.63445998429596273
  0.64384442972412004  0.65328167188241082  0.66230517022961521  0.67228569512673819
  0.68357573964675256  0.69403151678626418  0.70489273375438133  0.71590763607999008
  0.72718932727059693  0.73987891806992379  0.75468926442698192  0.76941265597726338
  0.78462865717433583  0.79788094349973826  0.81057068406423161  0.82435713595086968
  0.83742184566084799  0.84986522811985288  0.86217591049728193  0.87462095339448087
  0.88900871667268744  0.90635631025074481  0.92288457939813717  0.93694548422664015
  0.95118831917000557  0.96671510349791623  0.98248886069228547  1.00000000000000000
 -0.00201646993207993  0.00959723235371029  0.02013313227866669  0.03149754116583052
  0.04514754407586871  0.06016295256757409  0.07384905919138764  0.08504818731679797
  0.09515920227387699  0.10511816230228047  0.11415613408095651  0.12345933970928281
  0.13259723495015696  0.14341571545322618  0.15334006404552783  0.16191963385973890
  0.17022568346187106  0.17811336896993890  0.18660624114152485  0.19441798051081033
  0.20475022923197417  0.21723371945820982  0.22627554674819697  0.23442492330046649
  0.24324481808247164  0.25457949517938255  0.26629456499481285  0.27662245338135466
  0.28543998993327246  0.29584606631859872  0.30797449445074204  0.32020608551364538
  0.33143022046473919  0.34093477813180428  0.34989437465292311  0.35884381602284232
  0.37055082171341902  0.38280600666519243  0.39504486529308697  0.40648456393132298
  0.41761281182107057  0.42903914479549315  0.44016605749126719  0.45015734547598685
  0.45989359202277585  0.47028213750983167  0.48149165060821902  0.49309637079941948
  0.50591698587716427  0.51872837513742998  0.53108225236993400  0.54199867004314450
  0.55329168554498331  0.56262539886516449  0.57034330411150658  0.57845819704800305
  0.58663917580270153  0.59576738272525642  0.60560864139758075  0.61503440658193020
  0.62508666142126235  0.63535331487276414  0.64547180009441352  0.65513274379749342
  0.66470341212124562  0.67467856408895399  0.68374559235557508  0.69186111309944920
  0.69941768580038155  0.70835625770734467  0.72070958946614350  0.73392251079006066
  0.74602341316226017  0.75793012340488619  0.76895227853445003  0.77951259280254603
  0.79018751344211402  0.80167511113430157  0.81290104314069456  0.82431154987170019
  0.83434842183564051  0.84471856138149459  0.85476895188464475  0.86629112036800393
  0.87838927306377257  0.89114462096798053  0.90311683644513518  0.91311082685344436
  0.92334064866661647  0.93341587696470707  0.94291066858478711  0.95566795878541710
  0.96827813828761444  0.97965114173013157  0.98977161200060493  1.00000000000000000
 -0.00180000891850853  0.00753592613467949  0.01541680281557548  0.02423719472428452
  0.03270043319945807  0.04160820175122706  0.05031435231394092  0.05846757442259599
  0.06651577233626463  0.07586793570858553  0.08616202566834703  0.09672271144054259
  0.10612351685365495  0.11730616618309839  0.12856743581892324  0.14101113973865553
  0.15263704507259560  0.16491959446441878  0.17760090944944179  0.19201596399924561
  0.20627905271760574  0.21900957947599387  0.23161859355308020  0.24565309866938445
  0.25959591598422427  0.27318161941371621  0.28699427699691682  0.30191808349382382
  0.31584071632248056  0.33025058895220083  0.34466988828332723  0.35976867189582595
  0.37413910934592742  0.38666720578979330  0.39896320979722727  0.41155612693271115
  0.42441082709222883  0.43668491711166579  0.44756539940848328  0.45639389357754057
  0.46567910295914483  0.47518703049544853  0.48556024697991951  0.49685345890696636
  0.50747499299588450  0.51790452809373899  0.52976230578948713  0.54381495813407721
  0.55763988702480449  0.57055596075629522  0.58170953862976360  0.59264245003783822
  0.60204342574688641  0.61218036817689703  0.62351013992417703  0.63596818523389587
  0.64617794412200324  0.65479194978847255  0.66368419160451642  0.67299553933100309
  0.68200844489884749  0.69028027712105477  0.69832575718554457  0.70674702658897126
  0.71627823223152876  0.72692668896551038  0.73836368684398501  0.74999503107881260
  0.76086506455469516  0.77165571554523471  0.78175863821393388  0.79155182073121633
  0.80012689184109564  0.80896339792026195  0.81830525839909152  0.82782730869231735
  0.83786358576234188  0.84748644506484816  0.85561700015859421  0.86272874691561185
  0.86984063511040510  0.87766449264463453  0.88613608822986589  0.89433440612720250
  0.89976865899931424  0.90494333139859617  0.91098204647738890  0.91903977373252088
  0.92637127502335392  0.93353370027709337  0.94144751127689463  0.95181742232614919
  0.96409867163819396  0.97847332580602731  0.98929138184575260  1.00000000000000000
 -0.00225941592222779  0.01260133507852455  0.02395764200739657  0.03193194279560107
  0.04033266386364103  0.04856204540733606  0.05671854968589175  0.06478389482122401
  0.07155344237841124  0.07931633776303938  0.08811369805580792  0.09946802720919146
  0.10893925825354717  0.11861422174945745  0.12865094094747964  0.14125702690640138
  0.15347064141970862  0.16549012361163537  0.17679376696510568  0.18893340495192334
  0.20187901680847475  0.21406397031363458  0.22446240946670870  0.23384759624649479
  0.24339971591442539  0.25424438852511766  0.26675368521831211  0.27624723362234627
  0.28604610082438864  0.29473443351324252  0.30494867015032434  0.31292812791407570
  0.32062162510464803  0.32856199249432105  0.33727322823406397  0.34753507256780658
  0.35840132304533462  0.37002748607518166  0.38162059980423479  0.39330738913029739
  0.40371317584591854  0.41411747046107633  0.42393641685006223  0.43449050011413681
  0.44524104327801067  0.45608733298067466  0.46685520089114207  0.47571129546144425
  0.48595855138851951  0.49617944354176563  0.50743490682236292  0.52147144394962797
  0.53134592143975368  0.54118110612794068  0.55016359345085009  0.56115909255094998
  0.57389959020509229  0.58444451314589430  0.59317458328000505  0.60112103175049725
  0.60946643169184767  0.61768786346451854  0.62716036471787795  0.63732260459633328
  0.64840102349693618  0.66191999898505138  0.67428391370500351  0.68486839421191859
  0.69555115226341035  0.70473790308565798  0.71459064099455261  0.72301268525700235
  0.73390380232937469  0.74640394449240699  0.76008596043908616  0.77387598277873448
  0.78741936246340960  0.80218006418470145  0.81873943971342511  0.83487465445768938
  0.84792634710869974  0.85797525638968786  0.86797314205004239  0.87688653909195491
  0.88529504082543642  0.89399596116540014  0.90510036212171074  0.91799509900841370
  0.92961206204406588  0.94050928793043653  0.95100499503477731  0.96224551162520067
  0.97208472290364734  0.98198595957071289  0.99102139884987850  1.00000000000000000
 -0.00182392228454970  0.00957996531662941  0.02026141552680738  0.03191181819458327
  0.04228283166381291  0.05172850005480609  0.06134804853669432  0.07223367786053829
  0.08295871483917962  0.09414573185818963  0.10545011559046295  0.11890346612026216
  0.13114615027467297  0.14175766502212342  0.15181981255431071  0.16179486584056960
  0.17045668273833761  0.17889315432214165  0.18803249712541190  0.19794309822760153
  0.20945932711319917  0.22075020176335497  0.23344707619380950  0.24584491382564114
  0.25745520520244969  0.26894914594313357  0.27918722131108725  0.28836182572724900
  0.29788962167465710  0.30759247745537993  0.31851412832787945  0.32971966128457841
  0.34132746601413622  0.35262855766074730  0.36289991663779092  0.37247087666003703
  0.38282590636634672  0.39294661906632633  0.40108619853670385  0.40911570553962989
  0.41744191838089600  0.42669464602672913  0.43640117281728263  0.44515598367413883
  0.45453915367761155  0.46416740980339161  0.47401332187659767  0.48343414154309378
  0.49270131226482461  0.50257269579092434  0.51259293981190213  0.52177907309973648
  0.52971407170876084  0.53849417045465753  0.54764447626071311  0.55755064242989982
  0.57193179899023494  0.58719236664658148  0.60104689241848142  0.61300576450310840
  0.62344385134758185  0.63370778264703476  0.64396460818866696  0.65586012587798770
  0.66690781823979806  0.67770678620551195  0.68728883778227101  0.69551014641878905
  0.70515918148709822  0.71569140918206242  0.72409544054831343  0.73325913267842113
  0.74307932360327145  0.75310004848817047  0.76318823323302287  0.77454075035468162
  0.78741602304074287  0.80084677724188336  0.81488786765026400  0.82752314354541168
  0.83788556607367659  0.84802431991460436  0.85881693003284876  0.87290846322534155
  0.88592263020051620  0.89776667254866616  0.90921187183549990  0.92031617072260652
  0.93164149535470298  0.94054428167360360  0.94889179428252979  0.95800622163015425
  0.96909001481279367  0.98026531687475316  0.99021009297871565  1.00000000000000000
  0.39989937155492961  0.51835714703772018  0.56010117876635213  0.58620567258935818
  0.60284365420464880  0.61822976574330835  0.63070693428785385  0.64004922386998897
  0.64818251284746298  0.65591810831760000  0.66369428779383599  0.67253978478464982
  0.68066952137685932  0.68746307929888306  0.69459677894194638  0.70170601853091374
  0.70833274235155652  0.71420509389939002  0.72063211865078936  0.72774895247381211
  0.73471004303756537  0.74201494867356488  0.74961360887802164  0.75742579518381481
  0.76416035453050690  0.77039694176481999  0.77533393604449041  0.78059048791436569
  0.78567967334707745  0.79006250778152076  0.79423287974849011  0.79832682961080925
  0.80224652590302659  0.80597931499153763  0.80954903212430795  0.81296029619100652
  0.81620831108392566  0.82019861287576712  0.82444402642899750  0.82896408685319167
  0.83338185852859248  0.83734290342310580  0.84070494593154055  0.84373383095555798
  0.84685738748087791  0.85058705623706410  0.85460546481148314  0.85822457877811442
  0.86158393243771436  0.86475135872282083  0.86810983204637904  0.87148611486963845
  0.87494833485862522  0.87857279921287901  0.88199614148989214  0.88516205587855945
  0.88812425484139235  0.89072688820393919  0.89315566726911833  0.89544270738085763
  0.89775923497742494  0.90022897867875651  0.90285561315729723  0.90565449024225819
  0.90865441059729612  0.91155508001145635  0.91422699056632317  0.91689187070201228
  0.91979060275074753  0.92293107451327094  0.92656905747638463  0.92985084332649237
  0.93269624523506056  0.93521294328747573  0.93770133318563254  0.94044165774466704
  0.94340593124642114  0.94642969461226922  0.94942476644028717  0.95208300955570624
  0.95456567972911777  0.95705019061574148  0.95964036563549893  0.96253166259637080
  0.96579933599248613  0.96885947696590857  0.97174527881775874  0.97456439738713663
  0.97725040105380867  0.98037861714682872  0.98381854502889254  0.98693278756777825
  0.98992931570925713  0.99295828067080660  0.99597829788925174  1.00000000000000000
  0.07874318112728496  0.12195960762945832  0.13865235774585041  0.14962452294915426
  0.16107664768662960  0.17240720220586001  0.18430501957535106  0.19312161801108796
  0.20080525511558381  0.20855172977830350  0.21651631993982220  0.22342748070614263
  0.23014766606384099  0.23620808399804338  0.24292374862249358  0.24956395051461402
  0.25637524735182582  0.26303823168585250  0.26940532122179361  0.27517758005414900
  0.27994152072097606  0.28432989522253155  0.28887253846457978  0.29322427016586400
  0.29774002115355136  0.30286268524819604  0.30747482548623134  0.31204862910904690
  0.31644130658218644  0.32104511046079126  0.32605256993938803  0.33150708509509397
  0.33727353014071193  0.34301215682649633  0.34854994437403369  0.35385235847117869
  0.35860329789685558  0.36373052856758048  0.36846400894646031  0.37350213872785654
  0.37827796179820117  0.38268007497022671  0.38700172582469033  0.39132051055491163
  0.39514636783148027  0.39965234153987050  0.40418451937622418  0.40951280012671248
  0.41571180947682662  0.42272147837558255  0.43019106449885214  0.43784089920892949
  0.44473181683222068  0.45091778773336066  0.45673167387059510  0.46291720240788503
  0.47035469216908871  0.47779793997862030  0.48422878702511063  0.48978815722653246
  0.49501081974191186  0.50003484950894472  0.50548080404237927  0.51177825768533591
  0.51871865193428013  0.52569175076710639  0.53240955802210432  0.53816144878167016
  0.54503692008460236  0.55206710772840528  0.55915268515489214  0.56636315875385468
  0.57311841009800779  0.58041346218435708  0.58743560414839102  0.59514715165197141
  0.60317433339959259  0.61056336029474778  0.61822965408718389  0.62596166645397855
  0.63493793378925234  0.64415775097283812  0.65450207257278659  0.66544262385953679
  0.67699168950595257  0.68957255659881789  0.70257411834856698  0.71547426271792758
  0.72969871978427836  0.74439568367761089  0.76092320899606036  0.77959071112369527
  0.80073105253682852  0.82180628501575670  0.85152582126177334  1.00000000000000000
   2.8895054242924372E-005  -1.0000000000000000     
 F F F F F F F F F F F F F F F F F F F F F F F F F F F F F F F F F F F F F F F F F F F F F F F F F F F F F F F F F F F F F F F F F F F F F F F F F F F F F F F F F F F F F F F F F F F F F F F F F F F F F F F F F F F F F F F F F F F F F F F F F F F F F F F F F F F F F F F F F F F F F F F F F F F F F F F F F F F F F F F F F F F F F F F F F F F F F F F F F F F F F F F F F F F F F F F F F F F F F F F F F F F F F F F F F F F F F F F F F F F F F F F F F F F F F F F F F F F F F F F F F F F F F F F F F F F F F F F F
  <DiscreteSampler_grid>
  grouped_processes
  1 # 1 for a reference and 2 for a running grid.
  10 # Attribute 'min_bin_probing_points' of the grid.
  1 # Attribute 'grid_mode' of the grid. 1=='default',2=='initialization'
  0.0000000000000000 # Attribute 'small_contrib_threshold' of the grid.
  0.5000000000000000 # Attribute 'damping_power' of the grid.
 # binID   n_entries weight   weight_sqr   abs_weight
    13   10   3.431700026079548E+000   6.519350286253007E+001   3.431700026079548E+000
    14   10   3.431700026079548E+000   6.519350286253005E+001   3.431700026079548E+000
    16   10   3.720012629081815E+001   1.328106921057846E+004   3.720012629081815E+001
    17   10   3.720012629081813E+001   1.328106921057844E+004   3.720012629081813E+001
  </DiscreteSampler_grid>
