  0.00337799867865741  0.01126328752802879  0.02116176058479109  0.03148998429492546
  0.04153320538947414  0.05150937521131399  0.06107494665283009  0.07098016635624101
  0.08090509042445221  0.09107095150017086  0.10115935924122260  0.11126646686835316
  0.12147050032091901  0.13205724586645290  0.14284250781251059  0.15323692025519553
  0.16343029437098922  0.17345156322034058  0.18351419920016712  0.19373462715136647
  0.20397461057936472  0.21402603867454875  0.22373457500997984  0.23342362655389173
  0.24337464839618123  0.25361573864724052  0.26382576632471222  0.27373003468774348
  0.28349554289625817  0.29326164901261559  0.30337354051424598  0.31385597025877893
  0.32470495537601463  0.33571587351065879  0.34681687286178298  0.35791768895931958
  0.36895280662486629  0.37967476877418427  0.39038384771077267  0.40158115997554916
  0.41274851165181548  0.42402345837591748  0.43504893296446601  0.44667868282289214
  0.45771052455561623  0.46857650888802138  0.47948882603058091  0.49081980296375421
  0.50218780721448775  0.51304559409102424  0.52367227171131869  0.53471106189543438
  0.54627798355357537  0.55725799907586626  0.56798822131097926  0.57851112435539687
  0.58964847456122516  0.60077191023200283  0.61147666739157447  0.62216052628018947
  0.63337869891866805  0.64456231707277345  0.65592167247055821  0.66700804451958295
  0.67818888010867184  0.68929713198740994  0.70001341998097544  0.71047178378064080
  0.72080052244284221  0.73134258977357969  0.74190438375755896  0.75179122101371232
  0.76165997560607679  0.77091440592415528  0.78082334388861407  0.79098564851987918
  0.80191486581127558  0.81331998234954372  0.82420189031910618  0.83514356133355949
  0.84521401832305754  0.85560007807018246  0.86547451538438103  0.87562859739725807
  0.88616643866237144  0.89722576148676914  0.90875783559241796  0.92011877682456844
  0.93138641589063753  0.94260619158594405  0.95416043397030503  0.96491738991651166
  0.97512011532238241  0.98414184870062382  0.99266598731377231  1.00000000000000000
  0.00003012747696214  0.00003548009933715  0.00003958778973340  0.00004366449706551
  0.00004768532273643  0.00005163934764120  0.00005523600742664  0.00005854605254028
  0.00006181880951622  0.00006513743391452  0.00006843114403748  0.00007162875868984
  0.00007476356708656  0.00007792167133686  0.00008125550306874  0.00008470070970757
  0.00008816233034885  0.00009163681541400  0.00009512703056700  0.00009864422291711
  0.00010223371487711  0.00010597478242977  0.00010974263517236  0.00011344740969476
  0.00011713587394271  0.00012113485366611  0.00012531222066840  0.00012956342568395
  0.00013395479177564  0.00013845340671820  0.00014306755822997  0.00014765365956569
  0.00015246553473193  0.00015760801996795  0.00016302739710743  0.00016860687137557
  0.00017431157077112  0.00018051535321530  0.00018658004717349  0.00019262243138206
  0.00019900382977021  0.00020601835986427  0.00021326430230645  0.00022066325101389
  0.00022845704529623  0.00023659649749651  0.00024481401817568  0.00025300374266323
  0.00026148307767732  0.00027048927218343  0.00027974688819255  0.00028939795092861
  0.00029960394694212  0.00031039560316536  0.00032169996741876  0.00033351109283521
  0.00034608736618679  0.00035919657902446  0.00037233285983642  0.00038607931142842
  0.00040134998082878  0.00041732701913208  0.00043415711551192  0.00045129584100071
  0.00046802171279462  0.00048508998266092  0.00050346531830791  0.00052331815439752
  0.00054350449717267  0.00056571753520506  0.00059103146770814  0.00061869807696844
  0.00064834628127615  0.00068005556797995  0.00071277175093449  0.00074944079394129
  0.00079116880273906  0.00084062570042099  0.00089550123004518  0.00094960187301863
  0.00100611395620233  0.00106816986372653  0.00114118830394175  0.00122913084178016
  0.00131578144709896  0.00142727110511687  0.00154162742511627  0.00171174679729753
  0.00191836997053708  0.00222076387530909  0.00259275727822015  0.00297473176234718
  0.00373193153094931  0.00570137333253035  0.40408009631886516  1.00000000000000000
 -0.00291445915728548  0.01229985717293140  0.02445851638024152  0.03655329783710547
  0.04752117251333313  0.05848233298185430  0.06958592334261463  0.08118162814789892
  0.09220777699589519  0.10313643097444110  0.11367737191979357  0.12412066424224072
  0.13468172205405846  0.14526872751138614  0.15626285316718511  0.16692472008274148
  0.17760078989478489  0.18744662963127379  0.19718946757224243  0.20694741569316283
  0.21666590366024099  0.22658078544590229  0.23602937472858598  0.24558488138215528
  0.25534870003453719  0.26576263428196106  0.27663849524078893  0.28729395567579419
  0.29774938648830812  0.30794357562984181  0.31768291634670082  0.32747139799079245
  0.33754831564487647  0.34822438714251519  0.35893331327643552  0.36925702338307115
  0.37944221172506570  0.38891771372090400  0.39825105510146308  0.40766247152103463
  0.41752020938084317  0.42759274709817580  0.43757338194340861  0.44740592125526402
  0.45715707083653045  0.46722677994375550  0.47780749101676662  0.48805152554102615
  0.49776142829871783  0.50734236301287727  0.51726619630059434  0.52729933689924224
  0.53752337125028948  0.54812375992245488  0.55873671752879139  0.56889578502677307
  0.57851558146558413  0.58814058718545903  0.59781510759118262  0.60763764954156474
  0.61760960168113899  0.62779216909468627  0.63797862469341038  0.64800380686828063
  0.65765593099462250  0.66727554450842785  0.67676647486445318  0.68649152228916366
  0.69652936190695414  0.70707210167424428  0.71782367712508555  0.72843645010603253
  0.73903421557698723  0.74958971804657559  0.76012278078114193  0.77066804067616057
  0.78133071962652967  0.79218947265755757  0.80304770985361884  0.81418783618099932
  0.82520068035907768  0.83566853647478923  0.84546949092433654  0.85552224607021465
  0.86594104136567884  0.87685101897086848  0.88777692778752115  0.89896843904835699
  0.91012881926009692  0.92150066039007050  0.93351812537182888  0.94607742545440110
  0.95885713075988066  0.97236700268996212  0.98604176162938173  1.00000000000000000
 -0.00240253891293197  0.00887147696241586  0.01851942652565395  0.02859483118343488
  0.03876939581164048  0.04845624374641594  0.05817619122770842  0.06794516261221392
  0.07839953661916643  0.08905045670019328  0.09958930261872172  0.10965492417638456
  0.11995454187598725  0.13051265770719775  0.14158928745820165  0.15172130718073754
  0.16175185029138456  0.17183188901546376  0.18213956018857314  0.19260582476791904
  0.20290478276366183  0.21359825316697736  0.22422415458348935  0.23517751604426759
  0.24606910403896945  0.25666002954422085  0.26704269662222890  0.27775055791358805
  0.28868389447416243  0.29941794865642873  0.31025749587316265  0.32157122242946207
  0.33309330051613040  0.34400784658726991  0.35486785241867180  0.36508283985145312
  0.37563298786898164  0.38604507797408927  0.39667076891587794  0.40729360014946470
  0.41770796626136619  0.42799620591107573  0.43826659006918622  0.44862396282168177
  0.45939971963271081  0.47028338740645725  0.48201202289391037  0.49313078736027521
  0.50396966922778896  0.51405161123763254  0.52450341924619326  0.53513404120363572
  0.54556273787777843  0.55594880846542416  0.56588347090261648  0.57601736300125495
  0.58630183894450394  0.59659494168668181  0.60701971056785353  0.61730588225009131
  0.62745612943510320  0.63767526458203216  0.64792983296612428  0.65845917739721138
  0.66918255253211223  0.68001277656848891  0.69076601025219109  0.70136432909718427
  0.71209849094009903  0.72273476322312324  0.73325325185321921  0.74402663663404423
  0.75453718342271292  0.76508966202870221  0.77580839207082553  0.78709089682322453
  0.79819580184344574  0.80906200212379398  0.82010632734890621  0.83168655287551196
  0.84288165727905240  0.85384749613899558  0.86394863325028703  0.87399213201834347
  0.88437207955867292  0.89498395889267190  0.90594413162445597  0.91655986218511420
  0.92751805447043711  0.93845791997981354  0.94929378505216766  0.95986875296979135
  0.96995262103807456  0.97985294389198063  0.98997553264952998  1.00000000000000000
 -0.00157012974939427  0.00830464181827787  0.01734256113807485  0.02644092533674184
  0.03580623571244548  0.04537823779520232  0.05501878847851865  0.06449097975873669
  0.07451071137653374  0.08497622712504654  0.09605522158201743  0.10638833485749434
  0.11633109426567258  0.12611480001452136  0.13637414686864713  0.14687146589205832
  0.15772124275893076  0.16876141767147609  0.17959173255740093  0.19033430947704108
  0.20194364202860063  0.21437351072914265  0.22694505937583986  0.23842799655470215
  0.24934539521215232  0.26000389370700061  0.27104340790943759  0.28188444957952558
  0.29223247736814495  0.30224473433681159  0.31220403514985628  0.32287095454263459
  0.33348968967632348  0.34431740156190105  0.35454756485774092  0.36499307066443765
  0.37519864039280948  0.38582192645586660  0.39658883832579650  0.40764886830021652
  0.41926116716286072  0.43020263079001880  0.44130002811009172  0.45228514170021428
  0.46358219292121461  0.47481389887825753  0.48576399953034349  0.49677410874655314
  0.50751381585231692  0.51837765415538972  0.52949809846772788  0.54112247124196255
  0.55308666844967658  0.56553912886675417  0.57803162368373384  0.59004530272209943
  0.60154651309889196  0.61276487450288575  0.62387926474277944  0.63498637039791306
  0.64609108774596657  0.65701703477284212  0.66787682248899194  0.67857986529059977
  0.68907249448399899  0.69937825135547849  0.70957458757624869  0.71963299996260333
  0.72962523488381947  0.73989663557259644  0.75063515749618170  0.76134776895247458
  0.77179589302035123  0.78226008730862873  0.79293148700825056  0.80361932485400367
  0.81382337685135098  0.82350451341549469  0.83299816661923431  0.84275605003516130
  0.85291057763424838  0.86325849981036207  0.87362402533468630  0.88384042764308757
  0.89390468585491578  0.90382252779211825  0.91388829156179563  0.92400615454473900
  0.93372901003792330  0.94312548877142210  0.95250426876520811  0.96188805187044868
  0.97103829343620296  0.98044605189063727  0.98973052688788998  1.00000000000000000
 -0.00242613198144516  0.00911872891725798  0.01928124302994485  0.02897371630929323
  0.03946230830858228  0.05005957997383283  0.06050073110920825  0.07026772373638747
  0.07973007146504509  0.08964822707475642  0.09987923585100540  0.11068088725151388
  0.12155581309097101  0.13248322667266479  0.14310507779956266  0.15337174143019186
  0.16392950663399511  0.17405819208279444  0.18429060168237801  0.19447861171866282
  0.20466456668763255  0.21543399890176790  0.22595071043121007  0.23692904524682454
  0.24791395110047659  0.25901877254364397  0.27026080100484695  0.28154140173749892
  0.29292441549813542  0.30402619001041981  0.31500359266774847  0.32561437556140910
  0.33627015893402429  0.34623784981927902  0.35588730910688654  0.36515578169057827
  0.37467455478786754  0.38488742349115856  0.39491870265974627  0.40502156647127913
  0.41503066127249577  0.42537226031249559  0.43623755707082590  0.44648294642506375
  0.45667934435091356  0.46630790603511685  0.47611926616175010  0.48625324576245887
  0.49681256889585063  0.50745632919373240  0.51816999626510452  0.52949837676960121
  0.54060709762018389  0.55114782993334965  0.56146588241449158  0.57225412857398483
  0.58308037718294370  0.59407588505981646  0.60489571773454121  0.61580168227165433
  0.62692726462012771  0.63761319174300934  0.64861469265336369  0.65983090739245853
  0.67148522394276644  0.68276307104604905  0.69292486238164774  0.70273498456897265
  0.71289748251081397  0.72322799148697392  0.73384031375096492  0.74445588258610518
  0.75490611613358671  0.76536814193102964  0.77553952722088837  0.78568599197228361
  0.79574309538261445  0.80582507744209331  0.81573722117264691  0.82576438641686434
  0.83621385881912935  0.84712430971242703  0.85843914719091052  0.86953717252388818
  0.88025253962674288  0.89063642432803580  0.90097817199141861  0.91151321296066179
  0.92222515775108693  0.93321511185777972  0.94441619055147785  0.95551676715579537
  0.96682940088660974  0.97808887988014248  0.98917179908586050  1.00000000000000000
  0.00457566540621511  0.01413994184676194  0.02560851292021522  0.03665194057370522
  0.04742049765656191  0.05779837073382554  0.06823429287241965  0.07900440632332757
  0.08966775744924071  0.09998857697281541  0.11020968208196251  0.12035993930314652
  0.13054751763319256  0.14038638329083139  0.15002589512106079  0.15965741245948875
  0.16947542027799667  0.17938643680601402  0.18921641737202222  0.19914326349331180
  0.20936455310945576  0.22003607725394372  0.23096887048079889  0.24190353838798906
  0.25251316925861633  0.26296607959214513  0.27331679050050695  0.28393323153446237
  0.29449788970076668  0.30513488081219026  0.31577100293348431  0.32655896875721452
  0.33708280425248310  0.34725692123882035  0.35739208950149531  0.36753789791012315
  0.37792015209485430  0.38851918246205513  0.39953389176472554  0.41084718322704844
  0.42229272285101871  0.43366565706909360  0.44534339890198860  0.45693949504735332
  0.46825558503531323  0.47921953162110847  0.48996937801915663  0.50089813817575501
  0.51189281792214381  0.52269905583862897  0.53331399175638261  0.54401748417224893
  0.55507808817404591  0.56617350262489208  0.57723844036041883  0.58866235323613236
  0.60032361832500047  0.61158632315319583  0.62226948734746812  0.63275341696618947
  0.64343089432986311  0.65457607268688445  0.66589621462910176  0.67721804755695036
  0.68841919569120702  0.69943395591313107  0.71006388697411971  0.72045038059525646
  0.73075877072493756  0.74117345655019751  0.75202433895633292  0.76275685572905927
  0.77327612265915968  0.78305364874347716  0.79291803624511226  0.80243447979752214
  0.81210891406205188  0.82196160966139631  0.83201930028220283  0.84215436603681493
  0.85198777004317683  0.86199514557782697  0.87221022569013962  0.88275922368303261
  0.89329854216316829  0.90365067497682627  0.91367386750764223  0.92336501822771533
  0.93307615913389808  0.94292639183695204  0.95272153808955584  0.96247943879522080
  0.97213385876377756  0.98148135799524994  0.99105479268374153  1.00000000000000000
 -0.00257630445951112  0.01034185687295145  0.02137717314075731  0.03200289484075709
  0.04265180793084457  0.05258486216736600  0.06282063784690287  0.07329365308163910
  0.08381682571350720  0.09439515352740124  0.10505724873122067  0.11620502031185115
  0.12749222602800753  0.13881724999838363  0.14987953745483176  0.16071699231587530
  0.17115945188454507  0.18137755129985778  0.19121852447012394  0.20124736453306991
  0.21101734894599261  0.22139070932159646  0.23168854844978190  0.24219785389571413
  0.25264256093197601  0.26300754438075030  0.27386247361603627  0.28513189263190603
  0.29661346576187680  0.30777124493185498  0.31907933169921116  0.32992250140982748
  0.33992267464199077  0.34954375638152002  0.35932571137456948  0.36935829968109624
  0.37946353118958531  0.38961280637185908  0.40013556509139009  0.41029170377920915
  0.42007808726313961  0.42979666464089561  0.43977901290883437  0.45039888096798281
  0.46138887466564121  0.47230696839460706  0.48289407641455290  0.49379979758153719
  0.50506293279213943  0.51667104325056867  0.52812749211013199  0.53941360031957208
  0.55078104253315230  0.56218049203185760  0.57354915188533473  0.58450913275386085
  0.59524564513432787  0.60581062232734562  0.61654395855365007  0.62750585346630350
  0.63848220467283956  0.64938204682616918  0.65960431822435350  0.66983025790519113
  0.68023965914997264  0.69056979880733382  0.70084094166632172  0.71118844452767271
  0.72210812468420560  0.73290999364642817  0.74305422330317761  0.75277773175385043
  0.76224260330961946  0.77200365347734401  0.78251005323688494  0.79313899635536256
  0.80385731627451251  0.81431526723490999  0.82515089050390444  0.83563669875185742
  0.84624678820080124  0.85696805703358891  0.86736592278900659  0.87744429802905288
  0.88753916473615668  0.89779458393947575  0.90813928850297099  0.91801660410148034
  0.92759429066137378  0.93737607779870824  0.94748435272907283  0.95832339442082914
  0.96918139415569304  0.97982355793067233  0.99004800490171929  1.00000000000000000
  0.46881660297876460  0.52045878086294761  0.52832536250497619  0.53549977231825630
  0.54245162145241932  0.54979303604127505  0.55741157387694518  0.56482855351624717
  0.57145261200668196  0.57810651137854152  0.58475855176105418  0.59102695990073773
  0.59763330427925376  0.60448835706360748  0.61105224315766182  0.61719045365339498
  0.62339422588248228  0.62955656821410688  0.63544783640227120  0.64117271648696106
  0.64686940041159924  0.65255096840956950  0.65833690337028872  0.66391495964119274
  0.66944445073843994  0.67488263349817146  0.68031665711912548  0.68541080881965721
  0.69036218163189966  0.69520188614852640  0.70000646654649867  0.70467126109377465
  0.70924682966340624  0.71387945328996794  0.71885488529487918  0.72366703592857218
  0.72850063946905708  0.73320190796001594  0.73805358943061328  0.74278017449014022
  0.74747274432024280  0.75208464126063623  0.75659594314386369  0.76107509992868616
  0.76552300788106942  0.77006403102786025  0.77470325456483846  0.77933267905020087
  0.78394375649135917  0.78845623592722203  0.79283906139506255  0.79712626687383537
  0.80142788602819592  0.80579329739147598  0.81005818603466695  0.81419015237677295
  0.81830976230551289  0.82244700823759509  0.82656989695432559  0.83056096728708040
  0.83453504986977300  0.83844950450461431  0.84242129187938419  0.84654481802527670
  0.85051509455095020  0.85460220067191661  0.85856947365215197  0.86273339638287883
  0.86692339475105817  0.87112694003699420  0.87520348211439947  0.87918925234113121
  0.88315374891984644  0.88723916326730845  0.89132490604654169  0.89530234952394383
  0.89923757790564740  0.90314341751460270  0.90713772409131910  0.91117242149914657
  0.91522398941000749  0.91930244337737665  0.92346257100998963  0.92759882969236429
  0.93171881018907277  0.93587697855457586  0.94025539253398072  0.94479297266108664
  0.94945563813653744  0.95425578462886551  0.95942169924909726  0.96520236401214254
  0.97146284803846417  0.97846138836205554  0.98762535481951930  1.00000000000000000
  0.01740706314443482  0.15865162868569241  0.17918619317684553  0.19461639335053352
  0.20881650541442370  0.22142719887631704  0.23199224254177758  0.24148748621387092
  0.25083126787047277  0.25991272069780008  0.26853916791920424  0.27677546418204046
  0.28490151541335612  0.29301477198917952  0.30083293180527670  0.30830531384861248
  0.31548730033969913  0.32206308593217670  0.32854274162522557  0.33489544311700309
  0.34129271831558100  0.34753104974169363  0.35374182969775181  0.35969930613022200
  0.36579236499354822  0.37178449953632442  0.37781685733429360  0.38381158310793911
  0.38983573315350556  0.39586924748108027  0.40191716921571197  0.40782903596419501
  0.41357733630881133  0.41924211846429538  0.42484754641947436  0.43048398923465331
  0.43610471300149994  0.44169142543114631  0.44724711688714214  0.45276406737252956
  0.45822027705858059  0.46361631935889991  0.46899307361236553  0.47439816808668073
  0.47977043461325003  0.48510641314148867  0.49050390874789734  0.49594911072738707
  0.50145469070208681  0.50690713091445139  0.51239286286518382  0.51783826564308855
  0.52313617748763974  0.52827385567166341  0.53334622839397416  0.53863391604864930
  0.54391573921073566  0.54941387318436952  0.55473104948456620  0.56006764431010925
  0.56551775831179740  0.57104121088383286  0.57650184469303156  0.58198070329947604
  0.58746471513516307  0.59302096841685403  0.59865733595485227  0.60418678420119609
  0.60978745817908986  0.61532720441786026  0.62076997134470735  0.62626749692598638
  0.63186463671031046  0.63757623649758666  0.64358566423491703  0.65006648314866933
  0.65683685237368961  0.66374583418025734  0.67073295243295328  0.67783813818149441
  0.68502840609747440  0.69222633527738731  0.69947092337788097  0.70678892039892172
  0.71445136612476756  0.72251385902300724  0.73089962867171920  0.73968569832903552
  0.74880904434160189  0.75854752243537893  0.76912167391369968  0.78068703552283769
  0.79279416595502583  0.80622311636615929  0.82081778256204452  1.00000000000000000
   7.8892596504351199E-006  -1.0000000000000000     
 F F F F F F F F F F F F F F F F F F F F F F F F F F F F F F F F F F F F F F F F F F F F F F F F F F F F F F F F F F F F F F F F F F F F F F F F F F F F F F F F F F F F F F F F F F F F F F F F F F F F F F F F F F F F F F F F F F F F F F F F F F F F F F F F
  <DiscreteSampler_grid>
  grouped_processes
  1 # 1 for a reference and 2 for a running grid.
  10 # Attribute 'min_bin_probing_points' of the grid.
  1 # Attribute 'grid_mode' of the grid. 1=='default',2=='initialization'
  0.0000000000000000 # Attribute 'small_contrib_threshold' of the grid.
  0.5000000000000000 # Attribute 'damping_power' of the grid.
 # binID   n_entries weight   weight_sqr   abs_weight
    10   10   4.915002870664986E+000   3.707044521421416E+001   4.915002870664986E+000
    16   10   6.637474896073178E+000   1.115112193825367E+002   6.637474896073178E+000
  </DiscreteSampler_grid>
