  0.00000211040199127  0.00000223151497631  0.00000234511809748  0.00000246003694006
  0.00000258196387298  0.00000271616737761  0.00000282418830529  0.00000292472270157
  0.00000303049379631  0.00000313900593893  0.00000324708033387  0.00000334554223902
  0.00000344060197193  0.00000353607567507  0.00000363543626488  0.00000374133820525
  0.00000384812077120  0.00000394836666514  0.00000404267493635  0.00000413769581312
  0.00000423965350987  0.00000435071690768  0.00000449385986706  0.00000463684147277
  0.00000477751601637  0.00000491763700040  0.00000504706527423  0.00000521252328275
  0.00000538876767517  0.00000557311269305  0.00000579578297958  0.00000606068724900
  0.00000633775295437  0.00000660625589698  0.00000687332556828  0.00000715517348425
  0.00000746553361365  0.00000781630775920  0.00000820652074908  0.00000864062446888
  0.00000907601258718  0.00000955849257860  0.00001004945908153  0.00001049639977117
  0.00001097247433692  0.00001150559484524  0.00001213715190187  0.00001282776406130
  0.00001352363783089  0.00001422411238443  0.00001497392896248  0.00001584244787978
  0.00001679202469978  0.00001792908723917  0.00001919944388867  0.00002066630060589
  0.00002231544508329  0.00002418634416734  0.00002628043704924  0.00002862086691034
  0.00003139531580904  0.00003443963624495  0.00003784421731346  0.00004110086190685
  0.00004469312294185  0.00004886839172252  0.00005438846674161  0.00006048307748529
  0.00006679615040892  0.00007440546808174  0.00008415495888196  0.00009688661568601
  0.00011291046382951  0.00012670247580724  0.00014001686292870  0.00015468038666937
  0.00017136358549647  0.00019832567877844  0.00023689312740781  0.00028745871983672
  0.00034947504428792  0.00042665297704524  0.00051722304305733  0.00061445357081217
  0.00077141199700299  0.00101619849691636  0.00130448706654586  0.00166049077698575
  0.00224822498245394  0.00312373222210780  0.00414068101926890  0.00584188526374725
  0.00939869218390644  0.03782860232132992  0.17374802250909616  1.00000000000000000
  0.00254804819916006  0.01686326809191680  0.02967218890023812  0.04133242568150104
  0.05138456846810058  0.06097560930443854  0.07091645320812932  0.07982943138282685
  0.08863180430381624  0.09699270695956477  0.10497251708428380  0.11358669837358415
  0.12351963766609993  0.13545412395785672  0.14799316356735037  0.15991178151124949
  0.17131805003186643  0.18293635138868666  0.19544919078647888  0.20786253644479796
  0.22024340687599386  0.23272381964531619  0.24477006746201979  0.25566107343510724
  0.26552403397366636  0.27467694723493957  0.28406031577096896  0.29422144021855823
  0.30514711207451595  0.31546682597862641  0.32535113600569365  0.33587834983046033
  0.34767321171316484  0.35966892780463056  0.37138346074453449  0.38397657011453140
  0.39794911505322889  0.41071244199849705  0.42303021499893673  0.43518928866565854
  0.44760553862895680  0.45968327382078422  0.47166491898287100  0.48356627517560336
  0.49568600337779939  0.50795924348184840  0.51975260372053578  0.53075676489112622
  0.54173021654042786  0.55306134320897493  0.56535229979564350  0.57806204809225015
  0.58967744032245795  0.60113512186188023  0.61345042587831422  0.62719773159987313
  0.63990309130102108  0.65218843392920178  0.66349414237196302  0.67217250276992291
  0.67998130963195846  0.68844268159662014  0.69814499912475358  0.70708792571402956
  0.71528274792999313  0.72370785474258748  0.73401433243701308  0.74460313897591002
  0.75469250027857049  0.76472677493630359  0.77477419911181544  0.78426849302035828
  0.79340727154207535  0.80345562111592428  0.81450293388330253  0.82538835802262744
  0.83438809639727418  0.84317347864004821  0.85204470618519368  0.86166264654516589
  0.87275263055852792  0.88453295623463224  0.89563725892840451  0.90426566862697444
  0.91181285930793965  0.91970020493559645  0.92829115706003940  0.93685855367840964
  0.94598952018003202  0.95559672956265296  0.96674072854116566  0.97540102480507129
  0.98178959988597381  0.98798800258253239  0.99399400129126625  1.00000000000000000
  0.00000136410186263  0.00000354938115638  0.00000382946649656  0.00000420124366048
  0.00000467004907806  0.00000507771738243  0.00000551992564656  0.00000591468020495
  0.00000621992357791  0.00000664401537623  0.00000707542537530  0.00000741288685765
  0.00000771452520768  0.00000803782621118  0.00000841216441444  0.00000885506739467
  0.00000931939812705  0.00000983378377966  0.00001049577129224  0.00001123684166169
  0.00001215805627130  0.00001308945185877  0.00001404848174747  0.00001510433085394
  0.00001631221613198  0.00001765319563768  0.00001909747917807  0.00002063741652535
  0.00002229612945019  0.00002401220365600  0.00002579728817391  0.00002778653231515
  0.00003000712853454  0.00003271266885771  0.00003584985006734  0.00003909124401060
  0.00004264556689711  0.00004655246121888  0.00005088755901574  0.00005576399864884
  0.00006145635655044  0.00006782172010278  0.00007508883151361  0.00008324819733456
  0.00009246204910944  0.00010226965212890  0.00011277469901197  0.00012408474154854
  0.00013594646153382  0.00014879778410451  0.00016307054330492  0.00017850082428559
  0.00019429993061419  0.00021253177739672  0.00023202987542104  0.00025174357144335
  0.00027006110948798  0.00028866914071685  0.00030758819412530  0.00032722077757937
  0.00034801925825671  0.00037310372031629  0.00040022096988916  0.00042669354173531
  0.00045745245363841  0.00048862953828650  0.00052591058404431  0.00057122637944231
  0.00062402894918748  0.00067622294194467  0.00072005351718338  0.00076455797119235
  0.00082086645174756  0.00087686811395264  0.00093389203467322  0.00100224987084860
  0.00109102119493568  0.00123154514609770  0.00130391756351907  0.00137568474179488
  0.00145958180740329  0.00156959943768925  0.00167961706797522  0.00182104717833090
  0.00197831897014138  0.00215305147498803  0.00286858104109451  0.00363951290015610
  0.00417317468028627  0.00511183426793726  0.00759236908889855  0.01129905572283647
  0.01442222669982190  0.01795707764765587  0.15684100877408766  1.00000000000000000
  0.00000465701443840  0.00000639613426678  0.00000725705637918  0.00000818386604888
  0.00000895845132772  0.00000975610475442  0.00001059097535215  0.00001156982843556
  0.00001282707130112  0.00001456677250025  0.00001633418169705  0.00001818673406424
  0.00001999574018380  0.00002184460831583  0.00002407066992141  0.00002708814086497
  0.00003031211805455  0.00003370424793507  0.00003761306039828  0.00004240589733666
  0.00004764077264178  0.00005339923629914  0.00006033664222542  0.00006774776600886
  0.00007571218042856  0.00008374898143779  0.00009244972446665  0.00010187780753574
  0.00011200683746238  0.00012277964855471  0.00013464805890330  0.00014808949020334
  0.00016271458982106  0.00017849886234068  0.00019627036090291  0.00021504015978291
  0.00023444747236948  0.00025378294175376  0.00027487096800999  0.00029911784069712
  0.00032769792034196  0.00035631593384021  0.00038247048710398  0.00040735442182288
  0.00043297774096772  0.00046265150253946  0.00049531269171865  0.00053222500937681
  0.00057637225558241  0.00062990168555121  0.00067855786172180  0.00071323983090499
  0.00075094795437598  0.00078766625374010  0.00081605300592878  0.00084112333517927
  0.00086795927277877  0.00090273789027812  0.00093885908935555  0.00098139950795856
  0.00102443610390629  0.00108145757906201  0.00112315392842815  0.00115653695290657
  0.00119010298372944  0.00122493848317410  0.00125820524849150  0.00130320150943254
  0.00138705106507598  0.00147675668358012  0.00160476843231447  0.00177062267632363
  0.00194156687114476  0.00209602077579046  0.00227618617701413  0.00248307921135887
  0.00278708390268809  0.00298761986743100  0.00311195460893558  0.00323628935044017
  0.00336062409194476  0.00348495883344934  0.00366395743097596  0.00395532353034561
  0.00424668962971526  0.00453805572908491  0.00482942182845457  0.00512078792782422
  0.00544851151109305  0.00577710701918150  0.00610570252726995  0.00643429803535839
  0.00676289354344684  0.00835097402973047  0.04403365675304631  1.00000000000000000
 -0.00391405716057280  0.01885484090408874  0.03511760451991248  0.04731876373295635
  0.05954850111468810  0.07070998873478544  0.08316805037681398  0.09526877359116269
  0.10707833791066601  0.11989417787074888  0.13123154902788703  0.14242349591478309
  0.15359425809505781  0.16523120143406450  0.17668120089795905  0.18865461196046715
  0.20061559605734142  0.21296552635529867  0.22484686097174428  0.23702054349610466
  0.24940811604379148  0.26181698911294315  0.27400325476373283  0.28599146231799033
  0.29764823959477438  0.30829495043572630  0.31783548776188414  0.32686805296103716
  0.33547533060455931  0.34450420352803451  0.35358437208959209  0.36469913436920770
  0.37571704795907518  0.38580743528399269  0.39581188811073031  0.40581041012279956
  0.41565268869088057  0.42554462454788033  0.43602557854192692  0.44629754706743319
  0.45348958657387556  0.45990173029641773  0.46657947629687929  0.47281381547811668
  0.47871953402064210  0.48721195942272272  0.49625059319088921  0.50520029725723969
  0.51601865987121764  0.52655164408744315  0.53446318225413025  0.54188977498510515
  0.54922009055122445  0.55657793383868992  0.56614681137265355  0.57634459361002344
  0.58656811749617033  0.59682127065973678  0.60717257300001337  0.61765616236085208
  0.62790581085419273  0.63789697226197906  0.64827054763858727  0.65858528172102904
  0.66845941753958682  0.67743195296525138  0.68647461233883877  0.69627925305416893
  0.70737394777826001  0.71982272610647113  0.73154358418577170  0.74151365975571015
  0.75188483425632568  0.76259851610458429  0.77286601764326968  0.78225596089179317
  0.79146009329548694  0.80176050009287425  0.81320018867904309  0.82212654808300101
  0.83146027007353562  0.84017988221119400  0.85009705208751996  0.86088742983873590
  0.87172948636723013  0.88257063190597485  0.89387654586000465  0.90758812160508262
  0.92166075660742075  0.93499256034447598  0.94807526322750635  0.95991753844679995
  0.97109743985902863  0.98095509266815151  0.99070582070554392  1.00000000000000000
 -0.00277066509738102  0.01274125161753116  0.02407660410029351  0.03441955360215871
  0.04482105068609864  0.05547303052504253  0.06597890349467568  0.07503674240939971
  0.08474355360764058  0.09477634697902623  0.10537966982694383  0.11586876618480001
  0.12621596194267665  0.13654984907866227  0.14637466997935764  0.15539947110664520
  0.16400734969872233  0.17268013556316339  0.18295356667522925  0.19575736573450178
  0.20859396516729944  0.21996351989015181  0.23056560498426190  0.24109492424674100
  0.25026981160247136  0.25859364147560904  0.26706635940091655  0.27622835486366842
  0.28837558037981614  0.30148820613863136  0.31173585641355200  0.31912520368995012
  0.32618682666839904  0.33295742016606805  0.34012675612834431  0.34787694895404875
  0.36002740977656827  0.37283820101973136  0.38523117310248012  0.39703003772402690
  0.40898350264635303  0.42146931545616700  0.43431172568856691  0.44684716592083973
  0.45917749720338052  0.47199640040246266  0.48451296508449421  0.49640755288986177
  0.50723466678617168  0.51825101475318969  0.52887277720855819  0.53927618501053753
  0.55018145644866379  0.56216769280564538  0.57438266599838073  0.58500680867561972
  0.59528232899874411  0.60592482656625446  0.61755363484884029  0.62810461302074383
  0.63757492034092667  0.64673517027404492  0.65594808693337769  0.66591686414243889
  0.67635124117701095  0.68671514716631388  0.69742034269196795  0.70774913813111850
  0.71752225032589212  0.72715924987383229  0.73719483693070387  0.74732938330420129
  0.75752878477738661  0.76755866788529414  0.77817995337320811  0.78995452766408847
  0.80135103018241605  0.81236534540239702  0.82251915537472087  0.83441088223012760
  0.84535041561999014  0.85557446474077004  0.86539099795087249  0.87574864990430790
  0.88734214221680829  0.90002386922726585  0.91302800851744026  0.92513342920868935
  0.93651372448545778  0.94777832512079341  0.95846112646447357  0.96748690659219672
  0.97520253806799007  0.98320377818040539  0.99174507882564389  1.00000000000000000
 -0.00125060897124868  0.00813321087622678  0.01671821199905870  0.02544991521003040
  0.03397941738103089  0.04234858928689878  0.05029539206865141  0.05840774592600460
  0.06719136472612086  0.07650147905724292  0.08552306944464907  0.09398011318838384
  0.10235151404274369  0.11131828133326546  0.12070030685851653  0.13021083623552196
  0.13910965220430457  0.14727570709941337  0.15528246846387941  0.16328909270422481
  0.17163900392805978  0.18071328879262821  0.19019909116280445  0.19945641063773023
  0.20930811747184774  0.22006792247435089  0.23121490982436971  0.24210810905505706
  0.25261823494466829  0.26216950796055455  0.27182330352259210  0.28075446196473952
  0.28991139601077837  0.29940303953452013  0.30915954498862036  0.31927852630240566
  0.32932713178209949  0.33974042279476324  0.34992451278854064  0.35972921356336429
  0.36943430571828623  0.37957789711790690  0.39007308736688850  0.40064353325695140
  0.41121292208166427  0.41701089238215810  0.42257107811451289  0.42784703286270170
  0.43326258672696405  0.43986450865421894  0.44992183207119663  0.46133951015263153
  0.47224645939268067  0.48192105564008808  0.49013785270034926  0.49809760166388228
  0.50583925744289382  0.51415166757383490  0.52438245728073107  0.53520014946455496
  0.54573333341655916  0.55594503851590926  0.56571517315914832  0.57500343781988050
  0.58453628188654549  0.59481977602071268  0.60596985288034699  0.61689667822351879
  0.62777364035550720  0.63897092698940461  0.64987133166545652  0.66090837144343362
  0.67219336581680722  0.68438630654870658  0.69628828459045911  0.70755877514065391
  0.71864972857215981  0.73050131417623099  0.74436293338179005  0.75847808247924164
  0.77282792454177618  0.78679196526188555  0.79792593690852320  0.80738522851756811
  0.81778196973633022  0.82870462459601424  0.84042556865939488  0.85001311155730153
  0.86175513366027578  0.87494407958072717  0.89006754238138319  0.90655754307210590
  0.92601586567107597  0.95028424248802479  0.97520676670479312  1.00000000000000000
 -0.00203569380555560  0.00804345756898684  0.01724989858982215  0.02744341741432698
  0.03831266126896014  0.04819172199349329  0.05805697384155895  0.06879933389713977
  0.08101278487526761  0.09382922272260978  0.10556086882740832  0.11639951829819414
  0.12731000949754728  0.13621812370220415  0.14296332519152732  0.15010483613588416
  0.15712124480130313  0.16386135523224246  0.17481094021248564  0.18651633649913499
  0.19893903908635993  0.21092132385735407  0.22379355881881000  0.23544829484325402
  0.24717546914227101  0.25960297544912747  0.27309903385815798  0.28703379130033652
  0.29954695671368159  0.31044110024491672  0.32143046138939302  0.33237732911367068
  0.34236391826321627  0.35193308357702330  0.35996202793733023  0.36833839654608841
  0.37628699762958034  0.38593837556043409  0.39587132989785379  0.40868177536832362
  0.42063609271967056  0.42962897460425326  0.43687436869239304  0.44423905867966296
  0.45224425238690236  0.46148377903954657  0.47224756364871573  0.48354200191963648
  0.49499956513103688  0.50716209547051216  0.51990960264395136  0.53265189664292278
  0.54515749747641862  0.55741387534850351  0.56923358751193720  0.58072298383488907
  0.59202721010763038  0.60331368384403083  0.61430468688044160  0.62468560037947118
  0.63480672685353445  0.64498245077181360  0.65623600694139561  0.66754787558340700
  0.67689751799515041  0.68544373559204497  0.69363073957687904  0.70260406376730811
  0.71329559714951385  0.72478826440120458  0.73481513003346199  0.74521382429313787
  0.75562881251759251  0.76636771501653589  0.77709627159035721  0.78740788563403785
  0.79748716865032243  0.80655346835710140  0.81573913041205304  0.82510341057924474
  0.83571740625643820  0.84837005529591780  0.86261685412772093  0.87536895184886276
  0.88718916997860620  0.89816194985482722  0.90825524261080492  0.91792119048550125
  0.92766242673396493  0.93900297230130436  0.95138048857770308  0.96234493324867421
  0.97184504933097693  0.98074922586613400  0.99037407915548281  1.00000000000000000
 -0.00198781071248139  0.00872447903348579  0.01784513756733637  0.02889858538413673
  0.03913981882657949  0.04792644790120237  0.05539714585699166  0.06309059452103540
  0.07289911215916424  0.08435729085458829  0.09760016150089892  0.11123897610186465
  0.12294026091843513  0.13417049027842412  0.14379506290448688  0.15387787150689489
  0.16515076345207655  0.17782952344470190  0.19134825265464811  0.19999279350823468
  0.20733816301445537  0.21464363896749941  0.22204374541383484  0.22954406098146260
  0.24084937816965701  0.25329796751385297  0.26601502660317777  0.27681972979167485
  0.28616940178973599  0.29519623066840694  0.30335523084318849  0.31249743683062819
  0.32249297142765754  0.33209613287071071  0.34069245804206871  0.34911351929659523
  0.35789566881784413  0.36759493858092968  0.37783963377450863  0.38834324184896901
  0.39897261884296897  0.40961901218874003  0.42069746280415782  0.43291467483051743
  0.44437725713446491  0.45467897659471446  0.46515983603651223  0.47634023779280699
  0.48885410870723633  0.50112375986080082  0.51263537128065750  0.52188428126190789
  0.53067129841606242  0.53951174458653706  0.54928482155773128  0.56011390725846222
  0.57033666722700083  0.58068256907485960  0.59165924183389262  0.60378696451545621
  0.61614162982576293  0.62888651870148793  0.64163746515181541  0.65431021141233348
  0.66653982737283679  0.67733440810348478  0.68642181878421316  0.69572887007017115
  0.70579020484454136  0.71742536847971761  0.72971246645385890  0.74223952321279685
  0.75501511017412370  0.76787480065047731  0.77988965882214412  0.79094370813453574
  0.80177756342388651  0.81339993709282399  0.82616305187067285  0.83905369168955812
  0.85095534182317145  0.86181557858109314  0.87135988133057063  0.88080069108447123
  0.88935862640325547  0.89815749694005520  0.90691328410813876  0.91718571430219753
  0.92812240113162492  0.94005364849204220  0.95051647048813048  0.95913080461589562
  0.96756857380954608  0.97607531838019512  0.98706087090778305  1.00000000000000000
 -0.00004230560336003  0.00008884321779674  0.00021999203895352  0.00038754106490092
  0.00056033249584076  0.00065129778758129  0.00072766338036165  0.00081016773673472
  0.00089381859272237  0.00098116644277980  0.00106722234978876  0.00115070369506946
  0.00123476224025836  0.00131944065350012  0.00140410317707879  0.00148875448349114
  0.00157799832276215  0.00166930944830765  0.00176921365230641  0.00186914164908432
  0.00196470324421466  0.00206109170101380  0.00216121456353610  0.00225499462178056
  0.00233580518503243  0.00241830779736832  0.00250469140725678  0.00256286524460224
  0.00258957029573030  0.00261627534685836  0.00264298039798643  0.00266968544911449
  0.00269639050024256  0.00272379673708647  0.00275177627198588  0.00277975580688530
  0.00280773534178472  0.00283571487668413  0.00286369441158355  0.00289333067316105
  0.00292343813703725  0.00295354560091345  0.00298365306478965  0.00301376052866585
  0.00304636553319575  0.00319396750042606  0.00333247521123790  0.00345911472022624
  0.00357680538378538  0.00368274049000460  0.00379168240281045  0.00390402760122554
  0.00407231513484262  0.00428161239137251  0.00453063059889960  0.00477426271780979
  0.00499536099963806  0.00523701678912683  0.00546805343821655  0.00570451010677888
  0.00598281520647652  0.00628010754366606  0.00672988042543234  0.00703939778372823
  0.00730591135408522  0.00757584341124527  0.00788267863044326  0.00821005763503740
  0.00852340398332857  0.00881015974873350  0.00904419593947622  0.00926970329425216
  0.00950149420037271  0.00976052785718860  0.01012839543200100  0.01046498581092167
  0.01084896147171057  0.01134587916025849  0.01189274300911742  0.01255312853247771
  0.01319132796142922  0.01371291529466951  0.01493426986798991  0.01524814368650493
  0.01548749036386273  0.01573738315205753  0.01598592223908951  0.01623770483983380
  0.01662821474497738  0.01938797510188932  0.02047394232043914  0.02344213096697374
  0.02465733850583472  0.02718005460119216  0.19664900033859586  1.00000000000000000
 -0.00238389256850209  0.01196684642351813  0.02429212626113402  0.03685408858567236
  0.04828891174669935  0.05907462290190880  0.06975308657067751  0.08079231036894331
  0.09041736962598071  0.09931935108311925  0.10821634643379546  0.11765567677117232
  0.12794038378279612  0.13772610133107036  0.14757617290569128  0.15777463514963452
  0.16949021893167174  0.18197721088226207  0.19439932535840612  0.20667033761087364
  0.21891646711463461  0.23085635178233582  0.24236410475744366  0.25437110340318769
  0.26660899062494908  0.27765411808943946  0.28844097820133335  0.29956141621841809
  0.31073024504759833  0.32118900047243493  0.33065353818235727  0.34068221633485013
  0.35085416671231257  0.36086009944440167  0.36773775885343418  0.37455135979401222
  0.38165096357588107  0.38908682736713340  0.39730999744033019  0.40888317242467287
  0.42234941950432930  0.43497078718710325  0.44750544724942665  0.45937155884224307
  0.46937919417096347  0.47839621044356101  0.48727250936714195  0.49627152267784780
  0.50532573231086819  0.51582970432955422  0.52599500390148768  0.53426467198845351
  0.54127809761910539  0.54737821549186938  0.55387405745151508  0.56102339503281407
  0.57074196239827879  0.58196687604239528  0.59265865816778807  0.60242937895791893
  0.61238577667151517  0.62137573958499648  0.63047622978127471  0.64019750763928673
  0.65030417511593830  0.66141512345643672  0.67275034462354100  0.68298670188387878
  0.69126902460512285  0.69894742907453689  0.70618588260992810  0.71603202222032025
  0.72931761096246039  0.74398101052017007  0.75915599318864369  0.77062962723277906
  0.78154708797041827  0.79174681292371174  0.80287245962206422  0.81433395491170679
  0.82553291423964326  0.83754607407866399  0.84957983225130651  0.86129020129106371
  0.87287636149453951  0.88466035474928162  0.89658555831537146  0.90823459518717631
  0.91934333349865349  0.93061963970713668  0.94246435177252041  0.95481912707415761
  0.96696345660300509  0.97850368729395598  0.98919983092242192  1.00000000000000000
  0.51241955149121421  0.52061289628957952  0.52843179571301091  0.53237813252690325
  0.53337034682422180  0.54718160169596020  0.55722955781625716  0.56518422235606536
  0.57252367030631324  0.57889678011694801  0.58553768110946480  0.59267672090776791
  0.60067168701162343  0.60850727065788390  0.61507963399066246  0.62083318219301153
  0.62591166409360388  0.63125553805470180  0.63699231339708606  0.64267103140865300
  0.64933354016132361  0.65518895888640460  0.66074786765435123  0.66606239246015664
  0.67166943424737746  0.67738881850543997  0.68292535805143695  0.68853585047035004
  0.69495235001308675  0.70106449993094799  0.70663993905811884  0.71209572751220418
  0.71745706673661469  0.72274586895237714  0.72787854278987441  0.73306319993783975
  0.73814729884775554  0.74302558695541376  0.74771247882514791  0.75245211163906489
  0.75730045241411592  0.76228823765849152  0.76727131760327072  0.77252131984294992
  0.77825261008653390  0.78422760826507010  0.79003727833431536  0.79568329446604291
  0.80116593021234228  0.80623597190066221  0.81119837408566653  0.81554805263995478
  0.81965123063611522  0.82346136822881177  0.82726130757966065  0.83121795267512366
  0.83537448102606360  0.83975947396212747  0.84412240630873769  0.84863127014624551
  0.85328266557617638  0.85780479615643435  0.86215867748102781  0.86650356603255307
  0.87076874506819824  0.87513713054085474  0.87954078823600290  0.88371401224716828
  0.88775410593114967  0.89175957805480000  0.89579357513513569  0.90002548185420805
  0.90429312388680938  0.90887905395092439  0.91329247855162343  0.91757550346049244
  0.92169367583283346  0.92576082927743630  0.92969056760309721  0.93352258886686357
  0.93733591707123243  0.94091762077495134  0.94451415985234477  0.94833154825043153
  0.95181456804354370  0.95538652551807124  0.95892005311488471  0.96262242981063939
  0.96659285356498126  0.97078945515869031  0.97534781936789550  0.98010338358677207
  0.98455046323592321  0.98951466407000033  0.99474141324954446  1.00000000000000000
 -0.01488273299587832  0.18211747399998787  0.20725915265216499  0.22791734100951547
  0.24838653759059701  0.26593066555796019  0.28094124626148564  0.29509005791603771
  0.30863972564035680  0.32146666763592202  0.33343352578990593  0.34460957900419559
  0.35196368400190881  0.35765917896595889  0.36333188514114861  0.36900426521165142
  0.37467610864801965  0.38291002925227596  0.39205164465976144  0.39972943090656976
  0.40704211939673496  0.41423587292993441  0.42138848874650514  0.42889788790278049
  0.43589214661363707  0.44228345786662232  0.44877446555751066  0.45526902995616497
  0.46164592302321289  0.46814457159078382  0.47432395451477644  0.47990924369155535
  0.48537053525895668  0.49074022623484637  0.49615954696250952  0.50153662046539571
  0.50751595941815797  0.51398255373369850  0.52027219704445993  0.52670382793099313
  0.53249347221543719  0.53830198564672571  0.54407470117351731  0.55014349379680416
  0.55633380811617827  0.56216380017110124  0.56802860278154876  0.57390625723684863
  0.57975692169163340  0.58533949971900823  0.59080709627865025  0.59625079223375110
  0.60189143176685400  0.60784058486475678  0.61374154352233312  0.61916974368052125
  0.62418975399273990  0.62916314605631074  0.63398753225667670  0.63920257553634108
  0.64433684790070778  0.64944430579039714  0.65452187745219481  0.66003605239694096
  0.66594150379054140  0.67164358863965923  0.67676808458520632  0.68124672655713236
  0.68579150275268363  0.69078858991707082  0.69630657003855878  0.70176619613977198
  0.70767483118946917  0.71365841723535928  0.71946855825675915  0.72539391514269858
  0.73132054065005503  0.73706704714900917  0.74226544195671718  0.74718901202848775
  0.75240672863311542  0.75822469337910869  0.76475945248622224  0.77199745151742871
  0.77832741383989024  0.78570444714644150  0.79309840604087811  0.79959639271171146
  0.80596692832847339  0.81273850928205382  0.82110773878359045  0.83133465721284316
  0.84102748776989866  0.85146168626968399  0.86639104527443511  1.00000000000000000
   8.2796904401824943E-007  -1.0000000000000000     
 F F F F F F F F F F F F F F F F F F F F F F F F F F F F F F F F F F F F F F F F F F F F F F F F F F F F F F F F F F F F F F F F F F F F F F F F F F F F F F F F F F F F F F F F F F F F F F F F F F F F F F F F F F F F F F F F F F F F F F F F F F F F F F F F F F F F F F F F F F F F F F F F F F F F F F F F F F F F F F F F F F F F F F F F F F F F F F F F F F F F F F F F F F F F F F F F F F F F F F F F F F F F F F F F F F F F F F F F F F F F F F F F F F F F F F F F F F F F F F F F F F F F F F F F F F F F F F F F
  <DiscreteSampler_grid>
  grouped_processes
  1 # 1 for a reference and 2 for a running grid.
  10 # Attribute 'min_bin_probing_points' of the grid.
  1 # Attribute 'grid_mode' of the grid. 1=='default',2=='initialization'
  0.0000000000000000 # Attribute 'small_contrib_threshold' of the grid.
  0.5000000000000000 # Attribute 'damping_power' of the grid.
 # binID   n_entries weight   weight_sqr   abs_weight
    76   10   2.659086828573314E+000   5.864596612175708E+001   2.659086828573314E+000
    77   10   2.659086828573317E+000   5.864596612175730E+001   2.659086828573317E+000
    79   10   2.596554076884108E+000   5.723871808659012E+001   2.596554076884108E+000
    80   10   2.596554076884112E+000   5.723871808659034E+001   2.596554076884112E+000
    82   11   3.166514474289869E+000   6.208943222920686E+001   3.166514474289869E+000
    83   11   3.166514474289854E+000   6.208943222920640E+001   3.166514474289854E+000
  </DiscreteSampler_grid>
